69.8747461505748
7.6434139818160345
197.22112543594594
83.82155885684526
35.339112443425385
16.97350838165931
45.37391161651742
35.61614623924009
255.8167721251643
65.43801066992013
16.230379306840526
45.695130472029184
10.29682456197239
64.53767939922967
10.632742515685743
20.557026320314616
28.22026985830088
57.030057560122174
72.08770803287564
29.841650870545784
255.94884625368977
90.5302058098418
147.29655623633496
16.541960675531513
29.13541498328017
21.25523106125328
46.27049922751481
23.910861259713382
17.625731515290934
29.956541847148834
23.796586305790598
7.751667471179438
18.94329284464724
44.82252804658397
38.15030767201128
52.44784036958899
16.773209686238676
44.81488602414416
18.06150856415287
76.9237975878984
76.31793147797563
113.72559231168263
35.696855247883406
307.4510451921762
35.013597078003464
17.64405845733417
53.461851960440164
25.44113539021531
34.79057786612703
30.50360745354168
11.952690615479973
21.174826426913604
115.92907668459792
43.28726046672585
35.895542416888986
103.44434200581556
8.117046190768715
17.73940383301671
12.290710180544759
76.71748148800029
58.19670734698391
249.46596152017247
167.06755853701767
49.91473644556674
49.390757606331285
25.57281115385397
73.41369585234081
38.33079290936594
34.11266192749469
19.20054099527564
30.21431425447307
16.51886261915936
34.11612988193376
3.1476899123616984
42.49049144003398
39.49344731508873
38.75546250278405
11.462927740108746
21.17908651263105
12.139175777264832
96.40396113142536
43.25643743277285
55.29892283005511
15.572910106781034
16.55130996764878
30.483107373806245
17.873286667678872
18.161634145339015
25.03533644727586
89.00535408784397
79.37410119981787
22.918582685389236
27.86139195729942
44.300478042654206
11.182962063691049
27.510809665524903
16.33024301362194
29.613962343407852
291.89036849830836
19.929215928023655
46.25082240677795
42.495750620886895
41.50931808482471
9.489302392603479
21.38995111402297
205.12898501699416
43.25864939843381
21.85438482467024
120.3943739081072
57.799680376065105
92.52655957170528
22.139378082133813
42.89962614003535
44.38075003151562
89.90920744380675
89.40676550358283
17.80521356638744
29.34471231426027
25.16541966031095
21.106230052817494
62.50484139968453
15.853880889772011
10.23020244639941
10.144406246163884
9.772855125419664
10.167010018137725
38.1384697462045
75.86707679534037
80.10819753560195
53.495930992529466
50.071217025162596
86.21828637020168
19.760761989873743
16.011703459433388
8.025141481244374
16.704498253639418
100.86815841871876
333.0290096563027
11.054256964924209
27.65550847781227
44.95332181923268
21.25781643902788
18.92574353307685
46.581692407132415
244.3437921778136
20.267260177618745
68.72150895725098
17.329357262235693
165.77426513547974
24.38133227704933
28.64108377353481
141.2451861891175
51.64304595863783
27.897526746965706
120.29605792970993
83.72935598689895
78.99101581060152
82.43499172360765
31.903687549863992
20.547097114923897
23.044536440375225
130.35163169596564
30.160078989046035
31.285485709370874
13.231694419612142
23.63497153378526
21.07684137544257
80.87370454718055
23.71965283823818
20.83203069791313
28.256503909443982
95.09812739164052
19.613141758672224
47.32623815893218
22.095300384900305
59.721893278052114
18.20974551087337
39.77565975456971
17.965998801418866
59.46985124784066
23.176565827377228
19.737783647128037
98.5314650398602
20.683839009467537
77.80573798924688
23.70618833951403
31.959640718034134
114.13529521547056
132.0130341901415
12.864511503339141
60.052957422531605
3.557471737507699
50.08721204733455
293.91484332427376
26.804026966354325
107.12893558610932
129.82999798139804
34.18850000310874
39.064405730183296
27.651898527603546
145.37503077694402
91.19009492658209
135.74166560759932
13.049663363912918
17.667680289679684
28.569053115477367
41.78486302467973
16.66494274679032
14.849060819603164
205.8044735909027
70.11759234391192
39.59872139158087
275.515276350936
17.56044811498056
14.15270575107394
11.097349656694965
57.98089141678262
2.4034157952536
34.19680303129906
104.58368374592033
48.9026927858446
122.34362193666846
27.54160162316097
56.379830153965166
25.344214209994515
107.09842852049553
44.65892781834588
23.093340680418354
62.7023900227813
36.00913110627555
35.26245449545353
205.6690815821421
149.49492721061748
146.8825345822391
9.005666615183046
35.89895371039901
6.040740442368117
148.3279155062513
22.943111307864797
12.352578279671832
20.609949546374736
18.727424450241934
267.05050106879196
101.38014252858527
64.11767850615612
79.40670032784111
50.392962495448785
16.916028264710345
7.703671507700249
280.8619398703659
34.2656673999633
22.478215877274295
145.52870332478497
283.86153549199884
29.93150434012322
16.627075173282407
20.37127364865392
86.21442662234001
104.13969503843047
86.37163037367709
19.484552152020125
9.089203691529356
17.706913406810404
22.067352668020334
57.05151963429546
77.70415183907822
29.266508573544407
18.261248492387814
20.5262550611176
32.07577372573473
12.557857825027842
25.221374762770928
35.65274074856671
54.80922928556657
238.52536308464167
17.937471563510638
116.52779253102443
42.85420752102655
136.28083158290943
71.3494558669532
36.42187737875973
139.9474349563151
13.456734259489082
79.88484698902515
24.861667374520426
58.471887939490124
115.12586948867484
71.77998849442042
26.35642356131199
56.73176756424524
47.262918905732036
63.02634507899727
50.74727513874842
18.971101921356844
74.86408592472671
16.83166527791417
20.382683004276807
52.74537910568453
5.1075580441216895
44.72317104046185
17.806691257648577
29.130964488339647
72.79432040502122
63.97356530325317
22.072321198931125
12.65704494280374
9.969542393593839
32.98749002033548
11.29820855991663
24.92907320437522
53.65557667422167
108.60374528811455
44.746706313784166
14.82766240584194
9.917688608410511
0.4100138542765739
20.51215309292645
12.687733425504836
78.07261962493399
29.74208926613218
84.91040873724425
82.18662738697823
29.073031642403013
22.410016045589003
64.31375327571631
142.96779084515103
16.954075567266703
32.01845112377935
15.408848149717333
25.24629365600572
22.16652770617776
57.23036377293628
10.807292741509537
150.6218698929111
96.02022161459824
84.87009689193046
46.2197659579709
17.8952457288869
15.591048746865189
31.397798213116747
15.975591055836592
29.196496715175062
126.59298462004914
111.16102204871959
125.35176844400641
24.893499408261675
11.248459691720212
18.83968276610135
12.882926742232208
13.93965985882655
36.62956122278435
31.62057232579884
32.483291207678796
27.24714042839289
56.34205415026608
76.47276169462748
84.50469545655322
27.754048585234184
36.10542224422762
31.593301449443228
24.979761957372364
34.68660543296255
12.262634331794782
100.38334107670764
28.726077727012402
49.406253712584146
41.92792903633186
16.44852434003228
114.04344897580631
66.61165347245992
36.03196878216014
80.41686799525445
11.598649690961018
65.25859556163776
21.379454525516767
35.0738847950087
22.19452583057469
324.705874091462
23.03677262049678
58.84964329066686
67.47897136301364
34.437958880117215
54.03556154871274
66.5640925323999
21.308097963140405
6.42942475650159
17.351154112561808
14.23378661142425
29.630342968029115
33.06800704573758
68.92767072874558
69.58228223239186
18.560714050903826
5.1474690039261475
26.673454659786973
22.555011515287852
20.69060508461404
71.48502381985392
19.210594663326493
44.7058827620816
55.80237309317947
26.478409801381574
19.393282313135373
38.04240118993893
82.771597057542
31.735421743093784
16.887062198701404
13.829809907346922
149.45311046954342
8.842988075947789
72.28194989546337
9.788644273346529
21.85733509853632
11.002108400701573
25.985005036954973
37.374488930718556
14.844484787826666
104.92626559070388
11.657953279226072
30.49464054231074
17.98895067309749
19.21034239668616
179.56486441893213
137.8503009578521
25.21120771395129
30.42288426955669
31.592278517258833
11.96182805030018
20.93686988636979
5.455710737877036
19.571340444615533
87.4412087689756
245.7352135316186
31.852891193709404
18.272109934106826
15.456317692993169
41.87040382189823
114.19149092656737
67.86390601091547
36.037589669357416
18.531014729970067
75.12056838593419
37.513828874406194
42.173056157435546
21.44552140957678
102.09297604916927
306.61948724062313
21.049662424833873
27.705177689550588
47.19668738105438
33.84915268868366
14.037805782341517
42.6692243180417
60.813897616284166
28.830034911226523
56.931114217201404
54.81573742965746
37.64320945401462
179.9600741215504
11.151865989275278
18.893524178602462
10.356811275919528
16.837758124136595
87.89034139594597
17.0206261688595
60.76358417831076
11.453493792578158
88.95268421398553
94.23253895971894
63.735776512933015
9.609616229150715
53.783641970225254
54.05619218647447
93.38922026638377
35.23534166922216
16.418043596164807
11.429723001329414
52.714804897857874
17.28061567216988
42.90187884266904
51.77449279972418
46.98517917300163
23.32175170758863
92.47573375642304
51.95461870928115
19.0639581625112
19.865624452892543
29.07907055585849
36.661329014835495
14.937578440675455
11.609136144402076
36.74268522016904
167.8091699221715
44.996749006060504
42.85326966386141
11.416704334832522
16.924650367775698
21.890802825063158
65.98744919763828
47.28311078055859
57.824626669318455
169.4940145414165
36.18638646359518
24.06578249790989
68.15350720113611
112.73722722588575
55.79332777751723
31.57789800910451
71.21309687656336
14.58695829149776
10.239800592351706
154.9672171785482
61.55358831313092
181.7239156433178
1.3177856908620376
16.929487427739815
32.20505966173786
325.53499250942036
90.12128971849701
57.10079526127444
30.52155950863839
55.99988923819657
51.728644691270745
14.999573644071395
50.55036792002767
124.42807549149481
65.7124295306624
68.00815217358078
27.93898626305014
45.111185149114895
25.199883007478448
37.87152688960763
66.14714549812149
28.39030386851528
37.94566224381878
91.16619924764832
22.41993794527567
52.72277909547264
34.8953860515386
54.08208245476301
18.250638829233235
119.09848988387292
106.72156080131862
117.99078579975969
22.638897154533424
38.633670283488875
25.757266309681214
71.6240319931156
59.03468515848631
40.52514393012041
31.16796114173535
46.12800400821182
282.5462549374823
39.44171953594577
213.80418872088214
38.3370034260918
34.245388043831305
15.902680560211016
108.87325816364255
39.142785824789044
16.53102243285491
28.483351624933967
9.688432066444642
227.70634138707553
12.318613482996978
13.978144818868202
9.64565825784196
177.79185893354023
14.972939513533825
20.532600844984376
81.90525385329205
14.49438131312411
47.03308634694893
88.79083813164532
37.045128218089005
48.75730087213554
37.10920690804566
25.912215771155847
12.634935727522283
40.470773703299216
24.022027760712245
31.86325330432452
108.7004321626914
44.00733074380761
12.622210384584376
67.75994554307125
18.055579009795768
17.864818132943512
84.05806937493607
20.15088429495808
23.306024569662117
236.5269887443584
32.0131167631391
48.89319847826352
46.45672311527368
28.082566609705125
48.327428612728596
87.98028730897285
144.6883157149147
87.23402314971456
46.08471062691189
128.8986121387281
69.6767150325039
33.081709847592556
10.76361136272352
53.15733947829926
31.497902170360103
74.54285837201517
42.078877899319835
69.7144187143975
198.19511164138567
16.36520418472657
50.1619340418805
214.7829672705017
17.250702802355267
40.822707490728874
8.001250587742161
76.59784935484292
8.079141532766988
108.7750389001928
18.42366238912933
124.97365434882727
65.69452524064445
11.189555174702196
61.07716201944501
11.405836475720056
66.03529655721485
13.9512758457413
15.950541719345253
103.7800157887611
41.599409534364455
28.21583851838769
35.72997203664444
13.413143551774898
32.169183966845225
15.352385882472724
24.749419121919438
181.96676728408806
76.96940487036477
17.039968282532264
37.22754979317576
91.58252192591912
30.582622237484166
91.11790076826588
96.86066718444309
78.05845888311019
87.8225469036343
35.864765486663266
46.87270625735149
0.592148993483542
25.88744273589116
62.41246976450661
15.473370784667713
14.153635224595668
33.14397977889459
29.447259132189313
5.0175335611034315
27.04471824870104
49.388796739144475
60.79239818434444
98.88965256689357
71.98916679313014
12.988013378241623
95.68985918246689
18.953312102672403
34.119691984882834
130.41299274325578
18.695151290717757
133.61629171140075
40.5124808217785
61.35866217260041
31.24285427162139
11.684300536877181
219.79338449592717
59.87102827011434
43.8390810285589
154.4826018273884
1.6009690734651154
13.76402953285425
9.845945104245097
44.42649648941854
626.8137530194454
21.32650213703541
32.66037031492012
39.04607691508341
13.361064467069317
17.58300448531193
117.62583728815568
12.009789298809437
37.46846932135002
65.20121038450529
0.8742215524075251
259.62862268532206
22.069271247444288
60.30397091031261
101.16180139505128
13.951579679610356
25.120775422668707
10.556435335749107
35.17659078015622
53.568892717573746
48.548872406340415
14.803941264265731
60.0084351381552
10.800164437836427
92.55357016478627
55.25720924939185
25.223125149979545
68.2105479683912
20.424024633082784
14.50467409044206
27.932785065217896
57.390307255912134
88.54680843995351
24.41173065338723
64.90590951704199
74.3928068753388
0.568842184195329
109.50019647687631
113.51826748171364
86.61923567244706
55.10290157587502
18.37595890146185
22.66533195606997
60.05572024901818
49.03969890464339
82.08251311055488
19.151101980214627
54.59242846884339
520.6608029625719
130.22351288098992
661.8238930113915
40.267439041787554
24.739515304133896
25.210676245304025
93.61961850479662
112.88799877918133
25.722086160486427
53.75828288454182
15.246902950947543
25.858006879802343
7.564428609487053
6.002539429534179
55.916338302243936
516.4229808398015
149.44301460664403
25.811637275443026
5.644140495511439
33.19856206498542
55.25643314244943
5.2386860100561075
20.743958833189478
45.11779938675044
8.104437857599521
13.647124915462376
33.28677915546617
27.530642052923213
197.95840834766622
30.175374597875763
8.293708243652619
14.27049329994308
68.34362931265082
75.30495897943777
115.50808045157711
110.60960806118084
29.529688769203805
52.047826020332934
16.15748161098049
48.74215947052463
101.12189932709839
13.996854219527949
14.168975417866505
130.2620575810829
180.63176645139208
58.721139801888555
17.396633401403463
283.8771139782546
24.96097346845405
34.98972775975082
521.7960588559922
129.61054084679998
117.66625340928913
49.957723439361175
4.874217907480004
78.166231847464
105.68627717676021
18.85098822085178
131.96841416963147
43.98484834231526
36.42672517149335
1.2936343905044125
37.52940075485899
76.77986628754228
83.11074199491881
17.4907847501271
102.22097434410414
35.2438131709149
15.823776190452408
15.203081640166328
18.461262945426114
2.888358574401182
29.800196318523394
35.48022166859796
27.97252310181406
21.061520350962258
6.272358853786365
258.72600430810724
70.04624973963745
23.159662496409997
48.82283061835691
27.689780207057076
5.319804396355803
134.25735718333408
168.09663977333776
145.23343437784138
119.95177780145254
11.879322577731074
30.264485628401115
53.74825529019263
21.876666265449384
55.82139675303367
85.55412281001465
8.722668145595469
102.63424587360512
9.90633320371805
24.347934360548738
31.191152917237325
40.26250083504655
56.06214497251895
26.411619023853568
11.118479019434178
40.92960574413862
30.01184763048606
21.865677531492437
32.6896228920657
97.90785681018694
44.84450133119017
95.1368244051622
27.293044976804207
37.94939479794161
327.6453410147161
31.372495930728384
100.85979625672253
7.424758285533152
88.09664480486015
51.488980139534895
150.5239449165305
59.658155199964995
4.389025544094253
15.412700778729297
19.02899464133147
39.10250889564791
98.1777622817358
44.849922601203644
42.12789381115357
131.04802979539113
14.334690822495721
31.819758721569862
60.36931928561468
21.68440233593703
35.85651931043543
19.523221804719583
9.610214487590731
32.818548862124295
16.63040536824928
32.04615818207875
30.383300720593105
29.948536609327874
88.32379852657887
76.96483837683448
52.88857523548023
39.90815963522444
46.76388321574475
6.525725362605307
282.0278665715469
38.372615845118375
296.9072356298566
11.40680973895437
52.410362620358676
32.14552092599233
64.800280511285
8.772898231152134
34.91088106650234
32.35937130791687
34.13115118259388
73.28279780956052
139.95529348964163
36.962046484000275
162.51057775205047
10.799526940289102
55.88779373107731
98.03094793808498
18.81530283095524
11.852091542751946
21.38652532571952
20.64335481710546
6.953652482953919
61.35472373742275
71.90690171708994
13.53164909195396
17.608487873881444
45.199510541425404
79.69692377959521
19.111250148322767
19.263937517191
97.44371510870289
383.1684515820975
218.59082280775905
58.9344933965761
16.861155447309944
30.05394313584225
26.26394718449902
80.3765401575729
115.25111521182413
88.61142616394056
181.14436729868143
67.79723961419305
16.951981220411714
6.020188526594798
11.63616640830556
22.78571137648894
122.10171609539051
35.61222982947242
57.571656036593104
31.02467711069199
109.1211992248561
52.24641150441933
29.16398354618575
44.50672236079638
79.10434481221152
15.106784606252006
151.03300297688517
16.13720571819109
117.26052705106231
17.231863702380235
229.56509691626835
71.27762988855521
49.223502751211925
65.63201113856816
37.81302073482448
52.3152901343332
28.248686058205625
71.51533846536637
108.2456266671091
198.25126680688982
39.37885463704197
56.68692969400206
19.589243717823766
110.33703609545779
28.85875743906281
16.128210511975503
58.39746934620015
65.10847251285065
13.742689864697669
94.82145487332545
14.147304763139692
41.4782221964939
43.369768350738106
49.45791820546798
23.496435519082493
21.333943081167913
84.07132337259507
18.0377384587829
32.11819516067496
71.27531713614194
19.76373238456877
261.46544761236214
11.629840378470904
23.392596363590993
15.141742414900852
24.3587008728749
4.16439235035356
50.04684105786805
56.60245555388842
20.971617021311147
1.5548725393596265
159.45586966151237
126.63658664641223
25.334734355875096
46.14083736595848
23.065305459797994
81.42185636604175
144.02428902064963
26.69010462371176
31.653034651903315
47.4228136197882
85.78872617164787
29.052963809645775
44.90073533188471
14.868990218199047
68.17191172952174
18.442724808834363
20.010667210868522
32.291090715652544
50.888871278437
