103
98
104
104
99
105
103
100
99
140
98
112
102
102
95
98
142
124
98
116
98
108
97
106
114
122
102
107
241
107
226
103
103
100
126
119
105
106
118
108
108
141
96
119
105
113
119
103
115
119
95
108
106
97
97
98
99
100
104
106
99
111
101
150
117
126
102
132
105
108
111
118
99
97
137
116
100
109
105
128
103
105
104
128
124
96
104
108
102
104
117
95
113
100
97
108
110
106
102
95
103
106
97
145
186
109
102
100
103
116
110
106
112
114
100
114
97
105
102
97
105
104
102
103
110
103
104
115
108
132
102
108
119
141
104
115
132
103
112
115
110
104
98
124
98
108
113
275
101
120
107
96
102
101
107
116
97
101
123
164
134
101
142
108
103
107
112
147
106
97
117
108
114
99
100
108
101
110
101
98
105
97
106
110
102
113
133
119
110
101
104
115
105
142
99
111
102
103
119
247
112
96
100
110
106
98
96
106
102
111
114
96
107
97
96
114
143
99
133
104
104
109
112
104
117
104
105
100
128
99
104
140
103
110
110
100
100
102
105
107
110
104
106
112
104
105
106
106
100
99
117
122
104
102
99
109
144
107
105
128
97
98
102
103
96
110
101
101
104
108
145
105
110
104
120
99
102
107
101
103
102
95
136
105
103
108
117
110
102
97
100
114
114
101
112
107
104
116
100
97
97
102
100
101
102
123
105
102
114
100
102
113
112
116
103
98
96
102
99
105
111
110
114
106
102
109
102
149
248
101
98
96
110
114
106
105
109
127
103
117
104
108
105
127
94
109
99
117
101
118
102
106
98
114
100
103
98
109
99
100
107
97
120
119
103
108
94
105
101
153
105
106
126
117
202
178
100
122
126
101
106
116
117
115
108
95
101
104
111
97
112
114
100
108
129
108
103
109
115
117
102
109
99
103
101
110
161
114
129
120
132
133
102
161
108
111
129
109
102
110
122
117
105
217
127
100
127
108
105
114
110
102
103
111
106
110
101
123
113
167
104
101
103
106
104
125
96
99
102
96
104
115
102
102
131
98
101
171
107
99
99
119
109
100
100
95
103
138
102
105
102
109
101
114
98
109
103
172
99
115
144
112
96
96
128
97
113
112
104
139
105
164
103
114
108
110
105
97
103
141
107
548
102
111
97
106
120
115
99
104
97
100
105
102
113
101
97
100
113
102
105
155
101
104
106
157
100
103
104
96
104
102
100
93
104
111
101
106
105
117
111
107
96
103
95
100
106
104
126
116
100
106
108
110
103
98
124
100
95
97
117
104
109
109
122
97
153
111
107
109
106
104
106
150
152
104
106
102
103
135
111
111
113
106
103
105
99
108
103
111
101
119
109
96
112
121
111
133
103
103
109
98
176
117
104
162
101
102
102
99
110
106
103
111
124
106
104
98
100
105
98
112
110
108
98
101
95
107
112
116
115
113
102
100
117
100
102
96
112
103
116
110
116
98
112
103
123
98
98
106
99
102
106
102
102
112
160
122
107
115
108
107
109
100
139
98
119
108
104
102
113
102
104
109
105
106
315
95
99
113
126
108
127
131
119
98
125
119
150
98
116
100
112
117
112
107
214
136
172
95
102
108
108
99
102
104
98
118
123
110
98
97
100
138
104
98
105
103
113
110
102
105
140
96
106
97
101
110
103
108
106
106
106
118
96
106
108
103
133
101
113
104
104
142
107
111
101
95
109
106
108
135
116
110
103
106
102
138
103
104
113
97
100
103
122
107
103
100
101
114
101
97
109
99
127
125
112
105
127
99
113
109
100
110
104
129
104
105
142
106
124
118
109
102
103
96
110
99
129
160
110
103
106
104
102
104
112
142
117
102
117
99
103
102
100
99
113
98
127
99
105
98
114
125
125
99
107
121
111
102
187
100
101
107
101
116
97
111
122
104
115
98
108
101
108
105
101
98
357
98
128
111
100
100
110
111
123
132
117
105
111
105
103
167
109
110
100
98
107
104
105
95
105
105
114
108
102
111
113
97
108
106
112
103
109
106
127
111
101
103
102
110
107
98
103
116
102
117
93
111
100
99
102
121
104
184
111
97
94
116
113
103
115
118
104
119
107
110
156
108
166
99
114
108
107
119
102
95
107
107
101
132
98
95
99
103
101
112
102
105
103
103
116
109
98
124
108
109
105
107
120
103
109
104
119
97
105
110
102
108
109
105
122
114
104
108
98
101
96
109
101
103
101
104
146
106
138
100
105
98
101
129
113
117
103
103
109
103
115
108
103
108
126
103
105
96
124
97
104
118
