299.0623066071042
651.8477190387835
532.3411421823829
508.4873632169622
386.25948976121333
308.3665648897436
316.4601221645507
334.4890346434923
444.4452065149024
358.6604739860412
446.43159034560915
453.8336459863158
391.1026699089146
339.9044420067064
544.3796282237521
659.7179663771597
344.8129536340689
485.98012558910995
142.8159541602472
127.53980819725656
341.10089721956507
577.3648440239135
479.5526330256153
363.9577241912932
530.1180136746187
450.93257097707504
583.8134905810183
232.30311572805283
399.2683501846581
118.17503261012253
727.6203200225366
206.4277702704104
392.8163585384574
287.4187550013264
429.87404514384684
386.14797783491304
327.5320739595113
367.14186278513154
429.68670880181924
366.5519222130521
381.91349843224526
487.77504057064334
371.729668258758
522.5525824553093
473.07838887549406
464.4037456101933
241.71353808770942
304.22995076530395
494.1138907000033
380.2447813893234
471.69588521197886
339.615873704669
379.8376106742019
259.7030339911066
456.1063466601098
405.95880439738903
446.64901505425155
311.70983694911797
599.5289308629788
622.4271646286669
644.3000986116357
480.2218292393683
385.91960468035836
452.77083628666924
435.17820432746055
291.24573539410284
327.5577573448289
329.1582970686712
389.6481071930258
437.9321176232721
507.068891209507
466.31215896677986
612.4478096791624
387.78464846706817
461.78886090897043
524.5861916611071
475.3558727068993
403.43519359262115
412.6036032506583
460.6998996458038
455.09045234022614
503.41545811561633
389.82140012669163
513.5489387392016
493.5686499522812
342.3689912753157
496.93297522261156
448.3399866044353
332.0340393195843
358.11524569725725
523.531208692963
609.4641256169892
391.3421403668515
382.7494839670613
348.7008022979309
568.1250162609606
410.1503270037437
559.4689847786107
445.6775259074291
535.3352055705357
593.4552905221182
350.29709808024506
354.32205661822076
193.04336166529677
445.0024726904559
401.01407114131973
490.00631575735383
351.1942864658093
432.8164069058318
502.4398232090352
593.4414718906626
498.5099672416338
419.6076828649927
301.69188857065114
437.5608073285482
451.7699228434086
482.44699135622
388.8960657038056
493.03455893871376
404.4528167578807
457.05220557102894
265.7045335218364
634.4998815952227
462.454908457086
391.7260318865673
449.2253439250145
528.7550145401451
426.01923915370924
441.73622916997533
604.7949790241163
424.3502873987118
278.7511646327989
313.75639264014904
483.36046285051265
355.6487587942255
478.516998617977
483.7051843860792
660.0933833739947
514.3790795205598
367.2996170790829
386.5452943888037
315.1638541466917
248.63421711878036
416.12200068697604
481.3413057775608
384.29523915222285
476.8057022288076
341.3942999442735
406.0796377711241
275.2153796228275
486.19112440795874
153.42242297889536
521.1587994513396
460.5276714107308
150.5133203898051
438.81670238161473
525.4589012087208
458.1411781193336
155.56095707067223
203.37014315510046
361.46711632174004
344.12055005386503
581.0852412763363
473.71568943585487
584.0182196115411
567.7599055969105
172.95812135007955
259.4270240757538
576.6383727748049
350.19452322161106
526.8577103870895
290.71549709399227
610.6881798338902
327.907872048572
485.6130668366192
393.8672734720904
480.6035511751091
457.33427662677866
294.6396539957498
291.68525996185167
312.4664103633635
517.9374420753055
504.5452995332185
365.25107743334314
336.7547933271096
292.114217118505
387.9080046198995
371.94754106986954
369.26729407719654
392.6169482016181
338.6819708961809
434.5227254157543
507.90324437557877
250.45527903121945
404.6377239138035
378.23003758305373
260.84693916034774
570.6840269680885
269.1021653449877
146.53134552613875
237.52192732210312
331.03493899600926
492.5988453079109
455.7483037102911
772.3882628114538
577.9766220430449
652.0338142299098
309.290163029311
587.8949107271882
277.12161046713425
297.9160992176033
371.15396187268027
482.67728942227484
484.8904043982517
559.6536437986414
425.751176249327
589.1162747450229
491.66303179290196
516.8585161174062
122.04262132810055
703.8602904558818
344.18923331114115
490.6461879873784
484.39577398475456
343.759615723512
47.626519396364465
465.0718287244966
392.0031026065813
451.82899550438935
333.5360062888247
378.90381498958357
606.3534979975423
270.0963954064201
510.3896046151657
447.7862372195824
320.2388532873647
296.21418921018176
298.4539829695224
297.31007291618687
525.5505425851145
440.5979766201779
602.5372527581127
417.0527386140264
466.05996071752804
454.4338866394174
466.6782260681926
395.66520756297257
465.7512410492618
268.3306395726207
271.7642774295536
418.6893841543151
422.17767913332193
821.9524201803555
428.7985852427086
484.36744563008546
324.84563969132256
453.4182645922626
457.6615048393439
430.3045648887647
388.90866051310115
445.13629444753747
306.9686522330164
461.0339490439872
314.89351681901013
217.90906369491566
356.9545625039808
312.2792104495758
374.3649585329163
536.3156305890176
332.79132025906836
295.17220455447114
463.4780054036695
565.6310815301673
424.0848109272265
534.7408111135549
352.67970177860235
560.2441646845352
456.0144635203666
508.0776077220441
411.217553814396
327.93113109711044
98.1412763400141
425.64116243272287
602.7185936375595
348.67721436744154
550.8404312636548
259.4895983503235
376.04708204027673
439.75565721575015
707.379747347445
509.76218678957235
455.1610272987026
511.6215051355977
421.4330650661798
401.2671409980768
318.46779741521857
388.9534545615493
195.801112871752
77.59319716431403
363.21235444131156
233.66510047695166
370.54385064227006
209.4232629692555
548.1943754793383
498.04104706329855
481.2970290885663
118.0140811726899
246.50041918267289
591.1507649330241
415.3803697380279
294.1013454704089
540.0835181022828
378.7824893152766
185.29919630454737
493.1197310330414
326.94612898616435
309.9186941526859
372.9103638963762
548.1046457441875
151.90218778385392
266.518152748309
363.1926576486583
291.9773033635566
450.44833938585475
372.1099941232505
488.25960576489047
561.5888719412418
267.78807177047287
361.35701162478176
385.69430906064065
461.8170289552364
350.2933248512914
206.7498132033144
478.8309588102648
137.64732070732185
478.81139794322416
439.7410840612983
325.3150958269862
356.83575298546106
388.5885384812958
388.66445984202005
487.4906279777057
413.35022011929175
458.2980540665201
469.57033327460647
184.97119372881306
564.5342249399588
491.99562440106854
255.50054832229912
344.3097901424557
401.90236873530387
296.0837889795895
392.045284487133
574.9234872816141
373.188114732535
255.65326354637978
229.69095240784762
424.91490705366255
389.1414821393501
183.74808056634248
454.27524765796414
564.31772406184
549.3173023302357
365.7071673328234
349.6274055320537
283.50138938544774
326.53693946180965
376.668577503677
452.11335511126066
379.60241397574254
580.707431948578
742.2183422777874
452.017312642629
474.62684147181164
545.0166929457793
697.596458846762
396.14844274055565
393.87963379366784
387.37406681817606
396.64631454593206
473.1894118342883
480.9246852553296
314.6960648329491
484.02116939918415
518.5825621752601
505.8684743579951
361.6174881678006
171.05900151089438
345.4977768649741
405.6483472900421
261.8657651758698
294.598760357455
515.3924439782932
476.68447249985445
168.08522844228878
595.851710558736
285.48343746374854
318.8730848168451
372.56762758890864
544.5187017956671
608.0510892570177
487.27491378081993
329.9857074956499
662.242926965045
406.82921194876155
561.4780745232131
398.9217615476524
399.55962188011796
320.3664497895387
602.1571490430238
373.1339967452881
405.95097643095716
315.3930446544468
733.3180775909896
542.7712050355918
335.31477305143835
496.442300674318
385.16476655645965
369.6154345361747
38.48822197111242
389.14309043555016
588.5725086657264
34.36862025777332
283.94344179713994
414.9842318468313
401.7068576547006
257.30875635210975
364.29881118917723
315.2861370584313
392.45033565508635
579.462599635947
508.74874512653554
481.63151698833036
483.7397300446818
185.0890652868737
334.12987032429197
597.760286103179
493.346640270953
350.412682203954
240.4692619124131
476.85560126963895
387.14535686645377
490.6902804979437
412.7154801994756
478.65816045017584
584.23728910953
615.801419812648
438.1648236438131
580.4462074814526
453.45859091680614
400.33333107622707
435.10379494702346
297.1421769095058
424.1540071276502
247.73916912130633
367.5800743754794
456.4159581312555
434.1817477462563
344.99482439822543
439.9399403276592
240.63455328605562
397.04141070469683
510.93833741160955
326.04381576485974
443.3482496495717
569.3708941593244
604.3066345140038
401.21083207439887
522.4863952662687
519.5666943983537
343.7407922503125
383.2826053451249
313.7959091321165
566.4505773726179
341.25194695485357
529.8035566445415
367.9898041598132
353.557992616013
477.8360169218947
557.7385340115146
415.3641472421858
233.29069667548458
368.4951624347474
479.22018253688594
387.09252322333856
404.09176720049254
526.6193403632424
340.06310163062346
531.7597064643912
467.27453787917307
218.01736513602762
314.64302705600386
402.7687948883016
496.92993136363543
518.8700972372465
410.3766004149266
346.09407114763655
413.3632966557987
339.1859357278213
500.23389021333594
413.64650948982995
639.8729671427541
222.35438076046725
375.7140157610505
420.2841960665306
381.41101079141913
395.27317718679075
474.95494991213286
429.77120783963056
412.4458111149463
472.1264577738335
355.69961444529986
453.89537449255005
556.084276691786
375.932997373953
389.9997439320857
367.0189266733946
361.4199494503895
256.16268638179474
338.8242189606718
251.38473666349785
357.3332451874066
418.2795793899841
405.44715828024067
222.28207889963005
357.62378652815136
770.2549105081756
463.7420107497507
448.05651064052444
505.14628012181583
695.3115654895824
397.740290326749
327.3101089379496
651.0348701123929
468.8104055952424
427.079818247012
440.2363881551719
514.9177876938188
390.69251572421155
358.19203678997377
417.43504727439193
340.89698959942336
500.28276996750833
408.3970563195529
303.746859568944
552.7454775212469
522.8491780948632
347.172219819342
238.773920971333
337.82250174784326
579.85500380476
267.3301409527975
473.2390009637548
591.8921566368115
449.5638742748653
526.3282522741713
399.6136557553416
475.3040237620842
265.2875989293497
538.9106282421806
327.7528465568584
387.02345749319693
213.72146575086785
385.8581841473283
307.323446073134
530.018141535347
449.4169216391837
432.27393335869965
565.629199688623
372.2137268520455
804.852902525234
104.54603560025481
677.4849493705258
416.9071440425286
317.3669969410319
475.58005233220564
348.79830575929225
543.8275453986315
497.0318473920217
127.32961144301767
437.0470411625576
208.1162999163546
297.09432972180343
543.353859146801
543.5038380873784
431.78346548449315
393.36986825673733
262.31798593055134
233.8419856163531
338.93671055493627
410.0917902459232
481.4404175206536
378.57659454522314
549.7506468162882
417.9493687735248
328.5946380400751
357.47579834189753
439.7306027897615
452.2606818966056
363.85366168876965
413.5638180645699
471.51784326521897
552.6027379276657
391.77207827849634
652.0469438445037
222.1530687914264
363.7726846984086
419.63811038294676
460.31844980709235
488.98506960068414
527.9367755265358
326.6756550229188
286.9379189242889
604.9207428284383
532.586107774088
366.655548449713
101.78525940704269
497.1903092285526
483.5709105054974
365.79196885267976
303.1263890481276
447.3525503868347
259.1622635291853
401.6646864607351
573.1532229724131
405.7218972142992
356.05037131627995
483.40994634157107
463.968723228159
414.6637831388963
345.84521976325357
331.83518121189354
491.24661706930607
309.9145172198945
413.9072288931412
703.5168536023173
505.375074764389
534.7161513549909
506.77759132715414
455.7116323765195
323.93294318392725
31.062918758521608
512.9557144714285
482.62230172379253
491.87496004159163
402.1288348920222
507.4158584201109
317.7418717764233
367.1036446269283
184.49568949460576
663.1032990648923
595.5647844544692
486.1903263567887
342.67483548802375
379.769753071142
341.4799851553271
327.95718436277724
643.3571417627468
337.9689157710515
553.2236523298106
324.0608148328983
428.00159461428984
560.3484414290499
328.4960207922785
455.4299240223558
420.4705445013297
1000.3883712292321
443.7356326553917
508.82763877949026
448.78266629979436
413.30296508027806
313.0934426411626
378.12582279535025
607.0348933943527
343.6704067891726
310.2359347870812
322.18982567693894
450.50268005556046
237.07623515334595
170.73681558055281
234.4910505332787
229.90061788303555
412.38550220177547
306.6586014680166
605.5479600547544
246.23746413511546
292.85995901098966
337.67696663460293
379.94164720315086
268.2417429835233
213.48899145313095
495.6974099518176
365.87139651095475
576.2255307931636
539.2010273262014
476.81062805516945
430.9155561087159
375.4667588654533
365.074377471177
514.333995205637
371.1315756171053
592.4588878476119
365.2862268359957
580.6241399591011
649.9860998941178
340.02016169592406
508.16942431372433
598.3515330570419
526.4330272632161
486.5330233783186
346.1659353494089
420.49579629273506
467.88753308578157
565.6795478897229
571.122940698971
333.7723922026773
197.55830484319873
342.2840210164474
433.211013401338
553.4342029161969
311.90533011965084
661.4385359819089
473.02150321145524
296.5270201543926
535.7492368148752
446.96476963342036
360.07777465844896
508.756451201646
511.36183151332943
584.5571250073762
344.79766269984907
419.64724029926657
425.16105649992915
464.29410609920745
399.3869179688276
442.6253449275354
295.69203650775114
339.9670402555911
259.6953938002533
521.3973074769765
324.44662137335325
323.0994910829043
364.78717258933875
318.4591986364956
513.2291979734006
407.97438223035
429.7532634123544
388.6783973073411
443.75888005819394
568.940541957992
506.31668805260045
712.0320982735425
371.29094220808594
323.29064518039553
366.2754615314816
481.0691785257403
433.85196778064903
527.0544754245452
413.4992118533351
286.1511895366059
491.56552884081475
230.68425068084534
437.10200232666904
556.6543631820066
619.5900614571578
316.5545683522705
516.463790880883
447.6106318813884
518.7137247458119
523.7769154693417
354.0403192963896
425.5714722233244
708.7820226821123
626.4732373581625
554.6270174113647
371.79007715802106
426.85553849888095
339.75936226061816
571.8189451417103
511.0694969675918
382.05870182817677
532.7232642188229
462.5393843590715
479.3114935572701
425.4231044204275
363.53812017917863
387.1691246351833
576.7769585533463
620.0755162679862
187.32175545694815
621.3388137977479
488.0866983449745
347.1636927919071
360.8130386427879
263.6027953267429
390.99738229248135
369.44391948339097
367.016643543572
387.6561313701894
519.5932482422655
524.6765666805991
413.0338032242495
260.6696399273822
459.0760282670345
322.18169968119423
473.2625062327287
484.66142486945967
709.2046394400512
533.0396098019426
387.0138389581492
479.7687068385139
385.66379074343274
399.90901587350874
599.1271500802528
499.8877051012386
357.8393385518482
553.0745926646455
382.1309345716805
330.6050548860872
463.8788875276746
164.25636171933172
379.31466621811853
248.8567607085789
216.9556193055605
342.50466138311504
485.8260019634219
554.585999608483
474.8665978202253
508.166489771731
248.4226920515329
438.52974038713484
410.60324479745003
547.650788181504
449.618716484612
517.3081622805023
477.88757342706333
541.065690447435
398.4378260980272
537.6731050399195
546.5010381221515
494.1697835077158
463.9601715808913
369.37530080136605
444.91281428998104
267.3590126966659
585.0292617047558
391.99305959849363
418.6275638238207
389.8116752539501
665.499145023354
625.5528799770897
316.3324710390238
319.38889133090396
333.9141429228608
338.13677663400995
475.78016609356854
505.5623946282741
483.7169609320726
698.5449812010819
383.0645942150864
389.43503205535524
430.86518493741966
274.5502738758622
264.8974935540452
301.2211488468363
347.95533159918904
384.12636983961727
397.5617219463155
378.13542531187136
473.97466088953297
663.3471356242368
497.0662303387128
467.80141039104217
608.1943814283756
407.7042676135991
398.68790607288724
354.5435505898007
602.4279995710141
299.4433590848778
438.0423400638416
297.44451960605755
294.4081758164108
255.91173458149234
509.3723961499021
276.7072311974001
486.752279873935
476.71441763145805
618.7840189702491
428.16591745660725
516.4113493079742
531.3191141357241
369.52325508090684
377.02078628415643
328.34773893794085
619.2032593787535
393.21723099323816
501.6083282758181
316.6637952665712
494.97671853183107
446.6407538218579
347.26594360844945
72.79978583587695
187.46517339585196
463.1651715158547
581.9934536795946
398.8381129032874
570.2454735218593
520.0874045280677
203.4685774880605
332.8914333330465
341.57417613582254
402.74972817113934
504.93122887817606
426.09297271356303
449.9336725113825
330.8939546612291
383.18763524240734
164.74143920600702
202.04533076419935
539.5809905452721
469.65348043069383
485.81623530337504
416.06692184241535
730.8996677986996
346.8069644442923
322.1194589114361
499.05629519027787
296.69170712653784
346.4574723044283
360.8577790663696
363.5820998817312
476.28721909974627
367.173159580237
220.99577817632763
161.12226196855656
238.87083584201037
431.33663551237294
324.74946383262665
434.7520709499288
553.4521825792398
479.1888730870647
481.02732683973124
278.62074677445986
707.0728313377068
517.2778862711538
479.88544626025146
269.53021299001284
506.08051206238696
288.56556531967897
92.26139927282713
481.9707970367215
447.720586701801
387.56900416299504
550.7920868915568
653.3413188991428
580.3752763805469
46.055653052880494
467.6231619911159
310.0038339909737
459.8635162038632
393.62622618439053
389.96073960885803
370.64112602347797
217.67839924322516
352.2316947689786
488.8711476266622
531.5323347327331
484.1764297957665
434.82525254247565
489.63990180224187
263.3649264572261
451.2562869870342
547.8113247556141
368.8230334156713
304.10631978513794
495.93297605355684
455.4393452483631
117.67587043799955
556.8137971664289
332.68291232341966
410.9426572488582
422.2743316643216
442.3609312506429
517.7720673349382
343.7120344057284
318.3382279899066
271.9193494176038
353.29428070136515
238.80705739710908
398.6868781345945
435.1161181961821
461.245775325372
361.87225652671134
409.9015942024704
284.5231352892795
394.5322829821193
326.14752800746487
601.1347003598758
553.6532313539526
575.2588965587271
