0.260616823126422
0.25325806799099326
0.06279997779084874
0.07490162129115649
0.3042315653763612
0.12344352792619152
0.16477677295280255
0.16175400635530213
0.1431842481852401
0.16500125964000567
0.49486358284013077
0.4254792838441917
0.1721832005223212
0.09349420498410324
0.08012258674612087
0.08067026671242061
0.07940682508919382
0.07972205242320822
0.261035762644941
0.06136722748218136
0.1081925705317736
0.33606552232493103
0.09236783168596349
0.06529651368408831
0.80666610062448
0.42435880369538864
0.14292167100711756
0.1394518912332542
0.03623391271500061
0.0646425829308104
0.5486608263535386
0.4231009383574143
0.08406249636813089
0.4055127384986004
0.4798860674711005
0.14716382854269877
0.3525895962715986
0.0758248511639719
0.35309390992952244
0.4329477089917328
0.10350517160772262
0.10274699115385018
0.11703681116589991
0.32551870745100925
0.620694852625868
0.13602398525747159
0.07886705906000223
0.10158304754667184
0.16414982952010493
0.08297966122927372
0.5640136136112883
0.511489875304245
0.4585976347481987
0.07633883150915301
0.13233228023022822
0.43986287749290437
0.1237114186200124
0.3220303522401376
0.42343938661478103
0.42221283650925345
0.07647028427293802
0.11362760591601642
0.3062568413911182
0.44164704441419356
0.20156786782091426
0.10712711452218805
0.7060670774607578
0.37014416949450335
0.19819829161515212
0.1826697329217654
0.1630096162902468
0.5021690787732046
0.11702837063908172
0.7331850335206903
0.10728231395159221
0.7524190711228651
0.11377293531065936
0.46760541251765214
0.27297565345678654
0.18188947614583406
0.10715546587082239
0.11386896515412931
0.08190972783422834
0.07852298605498952
0.38383900899269446
0.29416854858488334
0.20050153626238904
0.3172421924452868
0.709163186251894
0.04623133734367388
0.5100358173487782
0.9151667594127202
0.5282081388850374
0.23612886830689303
0.09286593413954504
0.1436186151085094
0.46109032422657026
0.17730654172088814
0.11887523965326868
0.1555604457832374
0.3861664360540429
0.46101510512462235
0.45697632731689425
0.3914052922746844
0.11922062215521019
0.09055328287514715
0.06998821742245286
0.2648245763839058
0.371627233042576
0.33653703157803855
0.07293930794767314
0.09179573109072137
0.07821687157659152
0.3844687538213845
0.549999439266494
0.31438040077311763
0.6398688756167343
0.40253969813938284
0.13656660157597883
0.34533303524175124
0.4613907364265386
0.07084128324830191
0.11387675417710422
0.6303672666410638
0.06875386316860864
0.07208060869974171
0.12609432519745034
0.3576885960195504
0.08339205920170135
0.3796957379292508
0.1924685936707932
0.3693982167700815
0.1204521434850146
0.16259083739951574
0.4228233121589156
0.0893399933852307
0.12826075722257801
0.3232704820429913
0.2504261218041332
0.10705502200102897
0.2599198179807573
0.08139806832404373
0.45450581258590916
-1
0.31654486299665946
0.10904087422379807
0.19612247349931544
0.10385686185442958
0.18087965650823093
0.4129828166733924
0.607100246061843
0.10068776269870634
0.30212967390865075
0.48386530459891114
0.36528255123962433
0.295320947777139
0.3337352765790079
0.0726199729768325
0.5961385430663915
0.10153529309302949
0.2772485127630585
0.3182201137564691
0.4675471270645718
0.09649395378356163
0.16132514393709244
0.06876340210331153
0.07433747908446312
0.26122545925196655
0.12793826181896267
0.09957747210943758
0.5779922830649722
0.11812939203094988
0.14990374107400647
0.11210564241823992
0.1233389754445259
0.34940865538562843
0.07687577240684383
0.14139549325181297
0.6292034530769114
0.08025001678628749
0.18919801907604802
0.05233183287058812
0.08098762505070344
0.36001428947367947
0.3488495397197947
0.11388308618610497
0.408163848377637
0.32774173719726724
0.05650470432868398
0.05683827757194282
0.1182442358941595
0.2672906138743333
0.33080432496956724
0.237531304031638
0.07606918421104981
0.12349604933861
0.11406387845465794
0.3735726236879843
0.07472126459867386
0.3866549264567664
0.14801742363114556
0.2692351894729403
0.2369845569585029
0.4576698659127678
0.40928115539376186
0.13166190209868958
0.11032558786879117
0.4264200552885604
0.1639487147003302
0.07163749989793809
0.2699169000725628
0.4419742190068554
0.33340796777188536
0.08475107089357745
0.07295093688031043
0.3103753369296324
0.18622236090219657
0.059195100384298864
0.18927956008911553
0.7485071837290276
0.409754681417465
0.3109311137579321
0.2129327550753821
0.271648673514482
0.11955464335922708
0.39949969350727976
0.16855157281421698
0.11024585651395204
0.0781728785833462
0.44535919496954113
0.1914103628976443
0.22116348251778795
0.2528031306829427
0.38549509918226094
0.36864802547053643
0.2467430518628166
0.08175196205522335
0.09325295161798447
0.06530137235871517
0.26413363082804153
0.7978461238884306
0.1539337061787153
0.15094176509573365
0.08408939483602074
0.08095705773791198
0.13634292417837582
0.10926674307789688
0.15774843775598857
0.13807203078366137
0.1810024412284844
0.29776268501125375
0.08922787876420273
0.3678069805071944
0.3293288307252326
0.37136004854583243
0.10190985808093554
0.28267580153829697
0.08114564793374737
0.06950414689545452
0.42143740627999066
0.3001560810587873
0.4033355572589697
0.40252560850136776
0.08952924133988317
0.06548472769405347
0.3869552880087255
0.27811230414533655
0.07291223096212635
0.02514080642885322
0.10899946221380967
0.1705637022530222
0.0931954504832405
0.10672197839751682
0.08158673677133281
0.2909654552289161
0.152938165690643
0.1236994727901992
0.3080521927690551
0.3278157534680357
0.18144571936320253
0.1344976690848581
0.13267377164826136
0.08397151237849197
0.0584837784748695
0.15355656854843663
0.46118852223582535
0.15804984322754687
-1
0.30475574693555596
0.4597320427933151
0.08891468038668343
0.5018712066421873
0.2703208084286649
0.22804997898362792
0.06687010436315964
0.6189535038592594
0.2604850686559681
0.08719022805793401
0.07085895042692815
0.14093293422053374
-1
0.16004903748451918
0.2714473664048147
0.10942526429748058
0.34854972161965686
0.44486293752381006
0.39487780036309994
0.1296713868010975
0.07870414378842412
0.3578457264081584
0.34402532364649374
0.3553204110602284
0.054228063734113235
0.3056201720827641
0.06640266768948531
0.11110217437063612
0.23722236669575295
0.383287269943967
0.3439033258297307
0.4652518861769706
0.09183528854237134
0.3932944594297768
0.41901158562560553
0.0852295629895059
0.24913971400325796
-1
0.38749934461751556
0.6050873280445941
0.23927740983218423
0.46664398921864675
0.6956520591424252
0.4630805125379582
0.12433423103565418
0.13112450569933268
0.22917482471798564
0.28492490958545963
0.20102551969091786
0.2978453794898529
0.22021230163173064
0.07180388975866504
0.4958009721083442
-1
0.2953299852066568
0.09060787991979696
0.05623476967251931
0.09075780289323265
0.2532238097204623
0.362396328150386
0.28705318848816763
0.45056317090433734
0.34964999822008186
0.11610361931776322
0.5198358723425703
0.07179552856453233
0.12056790190192668
0.17939379599686534
0.06731320028670475
0.23024883643288832
0.12387340595003049
0.32017236382475167
0.13224331592540578
0.19034332929625183
0.19199535410417004
0.16555284908070922
0.47267997907521137
0.3568884161640952
0.3162941760041356
0.12082032745542833
0.062348081684113335
0.32648486937317533
0.07930881880430808
0.060295777603359454
0.5184366772584923
0.26969892047090066
0.3257427836901183
0.10549829170955052
0.3327158308528505
0.07367501456997096
0.6975442827150271
0.06732859883752795
0.15073306649759954
0.08880324355503197
0.45219053159915573
0.07029039563733412
0.24012886790836366
0.11837658780195612
0.1037676813928797
0.89004334944979
0.3272386610001413
0.11221729256532278
0.08115585804570372
0.1545100770515817
0.07810103702743643
0.12056656817272117
0.11381299620480372
0.1592764283424978
0.19267481056988983
0.1134503764683138
0.15210698559991925
0.30977844913460495
0.08610813162492194
0.07155206639779178
0.3968794440200135
0.49998619646016645
0.1055672568241638
0.2424125201443659
0.07700933632775522
0.09133675824200842
0.4250404387011174
0.12902958429895647
0.06824230202148344
0.3629205945679808
0.3836368610064823
0.12554914443794812
0.3254064034833083
0.3121635176998323
0.06983142717166113
0.08788663821796446
0.30122765391885864
0.3592010217971816
0.1466672632644369
0.1859685076631261
0.3447205602455555
0.11273506335325818
0.149460546957629
0.20311891539392712
0.3866711822572671
0.13019720835253287
0.34244101678724226
0.6860969643199105
0.4372994792184779
0.11899414180981219
0.2761580303633982
0.07193808619260272
0.9475995011881916
0.17442675260303017
0.4482620043776982
0.10276682039766676
0.14380649932971107
0.07029191630219644
0.09272053186524776
0.1326839915565534
0.1051160706800537
0.4431986397015142
0.32343216181334405
0.1385530819070493
0.13115330350898735
0.07667073189818548
0.3319323828502214
0.1514301684863784
0.10948882850395394
0.32170222804633064
0.08051540657300829
0.07240944212262329
0.14697446873696013
0.13274201446524675
0.08684669425640469
0.4889606589115452
0.2888660573161102
0.08532337765116395
0.12861578423575296
-1
0.3256637233729128
0.12278310540242122
0.5947289669173919
0.09843982982512638
0.2986546534543599
0.38823324791308633
0.45457056601823953
0.06738256598378944
0.06421529239835518
0.12890668655166626
0.07161571479991326
0.06909855099229233
0.5234759208196337
0.16745224238270312
0.0681958221571402
0.08859028121936678
0.37969790837224493
0.1220323034997811
0.4637757679834511
0.3200777294612762
0.6801476994249093
0.16233408216125622
0.18745032668493378
0.2627264723265186
0.1081758895540893
0.5319073453379173
0.335511578139259
0.12597572669620158
0.340108005835518
0.060974922210294304
0.43247423471885676
0.6767667927768644
0.11902392494271324
0.10076232583471145
0.26849345042863015
0.11685393138717173
0.8949090845791101
0.2747212309652978
0.3333760121638053
0.3757915314558629
0.23920192928040485
0.1601153699822984
0.17692326652974996
0.25192355450678966
0.11547743501546368
0.14286224350709747
0.1658164055008186
0.3832085517024091
0.24676649848021906
0.08931580831850564
0.07266134373929739
0.5079070047695845
0.6972893338314757
0.22323791453170883
0.08585891430031904
0.08863705976680519
0.37647588538550864
0.28672502386224313
0.36454841560226414
0.1314069467128586
0.07721570059945594
0.07397227515403372
0.20492362179469648
0.16994608645556356
0.13651085724820608
0.47512774681153924
0.12033281014666712
0.2913857172074461
0.2740553912115695
0.1616437159981475
0.19040038458665948
0.11794252687746905
0.10955354076184963
0.18259953242111385
0.1527595907527764
0.7295402855403695
0.8803624225061831
0.23541046868625415
0.12392553451187682
0.06544819791012013
0.09889981637932725
0.2246063930162203
0.14449270231002662
0.406325567097832
0.10850047645352227
0.1199585863599139
0.32373340312063087
0.5036343524413553
0.053376454124604594
0.11939783116244052
0.12985524066474297
0.431241487686558
-1
0.33413549439752904
0.06711361877644774
0.11187181157432818
0.10174703589344307
0.23246257402165274
0.24356790149052143
0.27877828523816117
0.1365874340783139
0.9003373798409094
0.12026265515813749
0.11555507086084554
0.25561812958234553
0.2654407409714097
0.20829231480804955
0.5250801666167989
0.09697684985237327
0.24579290165190723
0.08356148186564763
0.1757425445434151
0.11569018550173366
0.6583911203107801
0.7390262523869117
0.08949216454242308
0.11104388626172032
0.12898332847828717
0.14831925245002803
0.05537246959501254
0.16492541415639125
0.1207659550041725
0.2799663316864717
0.20421093445401284
0.6289376232935128
0.420576978498343
0.44250445677833466
0.13483615508792363
0.07261115173782652
0.25823791885300956
0.07387615341429156
0.08025450180579845
0.4322315753278775
0.31155628448773354
0.23635376016344192
0.30627284445007585
0.3442611912292501
0.6683022734159468
0.34938873446066043
0.085798964468377
0.13692840989944874
0.15862542763792056
0.16203823886135316
0.3625455450664665
0.3689556265917122
0.245789940616956
0.24143079780996993
0.3171346067768449
0.18393680323158565
0.11417519653847698
0.30427069744087903
0.6456507719206837
0.36470130631835623
0.425105776095414
0.30943514577557407
0.14814231327698957
0.2356918483165698
0.07869496331933966
0.10101100649701629
0.17143658369210651
0.08285066997634569
0.46484643454865754
0.0922446282951952
0.2538238863707098
0.18105643357607715
0.8266034470110227
0.06773653535176197
0.15914259940810802
0.32934214111680454
0.15789310478091045
0.32194602033577613
0.16251456162697886
0.18565684219067785
0.1475942564319185
0.2661922497167396
0.06299149564453098
0.066474981240992
0.07527302528836816
0.10840448737038748
0.12302533660051562
0.4262763899618132
0.4749904984181897
0.5235256800755632
0.42376577842638463
0.4208155993113803
0.3916266883268518
0.1150128470218224
0.0749207741596
0.12464453954838317
0.29931894653918706
0.24624225974730227
0.46167367480435706
0.29197850877902837
0.18108010979437103
0.289070552947786
0.2782029130167938
0.42597693621393523
0.13288270713111536
0.26779307160200844
0.06404298702638334
0.11307037552275727
0.1273929946330864
0.12397986693903416
0.48783300740196767
0.3317735437399005
0.14021900417328917
0.5385094889099645
0.7786294364770582
0.5645234272227129
0.07532207781552115
0.30143372160778187
0.3115614088848857
0.11070204262811888
0.09351347878294543
0.25202914148934935
0.07741539800365928
0.07153354445545505
0.07651850489340971
0.10352093853591596
0.12620551075540903
0.0642218211710859
0.21623587743857486
0.32171820146438473
0.4830814136258326
0.20211139751138374
0.24712390511355445
0.4611342897845384
0.06559448623356426
0.28502939285634443
0.8785243677999576
0.07867133321626896
0.3364194673251935
0.2885716648670237
0.22937569074424946
0.1261211376510106
0.41190131398636404
0.4037940787434204
0.05213569447184585
0.029239237246412454
0.1310523897032679
0.1786927289193779
0.10994730266679592
0.12581503252333567
0.09070724901050845
0.28304533004247434
0.4154865037509038
0.18913235022107305
0.12542083080354244
0.08607777358414988
0.363148781641542
0.08181998660326127
0.24583429970866505
0.34576605600955984
0.2568251676137093
0.36204720504017107
0.15220891968479106
0.07164821358484438
0.1369605066076723
0.24119648144666464
0.06001843943630296
0.1323454147431787
0.5967648690023747
0.1943216334118068
0.40036140351731525
0.27924111750536623
0.2744660464760439
0.39698704010243446
0.3865255476288694
0.14172707026622955
0.48656989182090715
0.50572311336783
0.4872014308837752
0.40065268781671465
0.15422464504058483
0.8470980694512634
0.42446325696837767
0.06704197852421015
0.40286286067003607
0.24260154733001982
0.49221674205714405
0.06979553933415847
0.11686694918058171
0.0671733012954139
0.11376767535185443
0.1291287848072156
0.14092796887127398
0.08541347562302024
0.3752535802246761
0.4298122116870542
0.25982762986578567
0.31591615012408003
0.16969725685795667
0.31583472786853545
0.07631721187094477
0.08331298663107543
0.3801446805812743
0.0742567505498738
0.18159363198723333
0.4130584850184482
0.3329153781414116
0.7570739365598155
0.31936454295213595
0.19933399041549135
0.2242492765102633
0.5213698508427794
0.33161076987449123
0.38601488101564896
0.28281424648884373
0.4924290769490864
0.11278413138707599
0.32191848064453277
0.11595695700886403
0.095738152587239
0.44845813168403537
0.4406458806299611
0.29552379936391665
-1
0.08698595911307702
0.11435109361715776
0.12342207641290544
0.15734753753602024
0.3797522325030589
0.35960741817986375
0.09761449917051125
0.28996695277844614
0.33969487429385964
0.098659925004328
0.4708129024300932
0.20043130565122877
0.1746709257674737
0.21528413475239286
0.0772057411534433
0.35294913029809755
0.42670215833195485
0.39115901933999114
0.2747323857571697
0.14720396139217812
0.07817342761353219
0.08733898415211508
0.5650096373052131
0.5699943076037013
0.16480040851212235
0.1288321681545918
0.12182334487974976
0.09427614183743871
0.06634833117535362
0.05342258746819884
0.1746030363239888
0.19536704171543565
0.09526629002824519
0.3039154872768564
0.39470658402482006
0.07830591804603165
0.45834486794853985
0.5393856004013908
0.1236632326881865
0.5429799973201417
0.823256122358369
0.0881567156545071
0.13904369897561214
0.06660855151898853
0.17505790055870152
0.06541284827866697
0.2223564342842151
0.2720453065964967
0.06132581485648384
0.11937115320928889
0.13820160441931903
0.4533275269043874
0.08593669551479428
0.26693131786498747
0.07712743262941332
0.3831008366643499
0.11690881772266205
0.07131092436838879
0.04021201792484988
0.20359696899403415
0.07765782780587129
0.9956478869070353
0.07084138494635117
0.10505585034155823
0.15068730678890563
0.643850595884513
0.10954904449559064
0.3615455662505003
0.11525837766819388
0.2290964540229009
0.20930888611540416
0.1460903571882131
0.1322559683421609
0.1257308558693282
0.40976161553596213
0.43182107679558474
0.08108749609509189
0.04246694257054899
0.044824406715325935
0.11896046713660076
0.1778207404789813
0.10703999179222144
0.2612262539101957
0.1175778333640134
0.09590654677112888
0.3214172098973427
0.10689140582873269
0.4142215277155154
0.30477920910432305
0.1441998654271642
0.13794026820373737
0.350843330637646
0.18404244737807177
0.3224417302031283
0.3015496617716819
0.10522423264385967
0.10394958812434922
0.26973296035986
0.07293550041901799
0.40984353258127243
0.1269297920677586
0.07802692291667025
0.11343850406964272
0.07826878532898188
0.38998835931111614
0.20886159919129857
0.06603153683656844
0.09178115780862278
0.07638218943169338
0.47079501625241665
0.08569869011039336
0.4579141307080233
0.1314754188396434
0.3943789905858821
0.06988743722655291
0.07630608093432843
0.4327255974761274
0.054662080391512304
0.1498322944265518
0.08460984561138232
0.12005150815675006
0.18515085745314452
0.13576086863551945
0.17091440605380942
0.3764486308136836
0.09281806688294982
0.49700145398747514
0.10407285912376359
0.16979794669067497
0.25804516183296083
0.6700885227930378
0.06950210523790634
0.2286644806947337
0.1586751889829587
0.3764078475239069
0.1297968201592645
0.06614355666897499
0.11198320932611192
0.07565239896175255
0.3480864865737074
0.14370753778444673
0.13329325088451494
0.18950793291184267
0.23711416940605115
0.13024548655548235
0.27804909484736673
0.09270714173727132
0.1757203088999107
0.18062189600366543
0.0809746113917176
0.26838694582043426
0.4502626631888123
0.35883777963894875
0.7208893807742296
0.06878673981201161
0.3261454740258253
0.17056152372425143
0.40716748525796786
0.1816236386861023
0.116654062619853
0.34019489519148643
0.05503193416444524
0.10018743196572953
0.3535664169250244
0.3956113482220792
0.14393553661757064
0.15829844046722796
0.2600460934073331
0.09631169086842124
0.39424547001843546
0.25328080323688407
0.2536494769779232
0.39368367397629184
0.10925054098103194
0.24927824622164105
0.7363896562364096
0.09268136009635235
0.0654878612994068
0.36373831597120965
0.35411002033486827
0.09238864320855458
0.3042180399566795
0.2317214188926621
0.34100744030405156
0.08588235761926015
0.08846596287849925
0.08119188286076916
0.3877082549013722
0.11623260983502726
0.1417119078929307
0.33903416942993614
0.3860012355197283
0.3260930199234459
0.3528956724662042
0.16686935587327728
0.3382207053520578
0.06802682879210382
0.1084262017320283
0.08255743024822769
0.2958632733676083
0.33548809989417505
0.1252607966881666
0.08319430123299618
0.07634914733289289
0.09547242047010739
0.458107170452341
0.05332406282273891
0.14165956859029888
0.12457146379605384
0.15163801815538935
0.34844448689791424
0.41647064649740057
0.45572491633157386
0.07035212388531988
0.29633690119377915
0.14756955227998117
0.08137254498704796
0.32083867440434666
0.05901983180631939
0.48242938385727907
0.44738076230763135
