11.056988716125488
8.327859878540039
9.771732330322266
9.058616638183594
8.485000610351562
10.429601669311523
3.2538976669311523
12.970988273620605
9.939910888671875
10.084097862243652
10.554187774658203
8.70702838897705
9.754876136779785
9.312013626098633
10.091126441955566
6.056488513946533
8.014856338500977
12.217411041259766
12.183999061584473
11.85865592956543
9.455774307250977
9.610634803771973
14.566564559936523
10.93826961517334
7.819612979888916
7.3900933265686035
9.993572235107422
10.469931602478027
35.85577392578125
6.867518424987793
7.427539348602295
7.876127243041992
8.18424129486084
7.790270805358887
9.823599815368652
10.764406204223633
11.294288635253906
10.333659172058105
13.504237174987793
1.2880146503448486
8.757966041564941
9.815305709838867
7.969379425048828
9.253044128417969
8.966480255126953
10.129352569580078
8.625862121582031
9.92017936706543
9.349063873291016
8.550479888916016
9.146663665771484
9.109413146972656
11.287786483764648
10.562488555908203
7.7936835289001465
14.493903160095215
7.228841781616211
9.99715805053711
8.331398963928223
9.86368465423584
10.145302772521973
8.459351539611816
11.716968536376953
7.8753156661987305
8.9110746383667
7.61083459854126
11.102289199829102
8.78774642944336
9.176227569580078
9.062329292297363
10.482226371765137
10.046125411987305
0.6950783729553223
8.705224990844727
8.161065101623535
9.027137756347656
8.730469703674316
10.91893196105957
9.46031379699707
8.868569374084473
12.878741264343262
14.608284950256348
9.429664611816406
11.613656044006348
10.773175239562988
12.106351852416992
9.023781776428223
10.907763481140137
10.150758743286133
9.755016326904297
13.399651527404785
5.22981595993042
10.006874084472656
10.787131309509277
8.821832656860352
7.687973499298096
12.34151554107666
8.911591529846191
10.019148826599121
8.57276725769043
14.479425430297852
9.261425971984863
12.188200950622559
23.963285446166992
9.201728820800781
6.908121109008789
11.417171478271484
11.414019584655762
6.850335597991943
2.944383382797241
7.629470348358154
10.314783096313477
8.726025581359863
9.373438835144043
9.88371753692627
8.251279830932617
8.050309181213379
12.117608070373535
12.692973136901855
8.094040870666504
7.952242851257324
13.191210746765137
9.74492359161377
9.19312858581543
11.81541633605957
7.111567974090576
8.430315017700195
9.72550106048584
1.5899455547332764
7.925891399383545
8.484103202819824
10.36800479888916
13.217103004455566
12.914569854736328
8.08972454071045
9.626546859741211
10.117579460144043
10.71178150177002
9.25200080871582
8.008014678955078
10.707440376281738
12.239242553710938
9.555015563964844
11.20556926727295
9.666213035583496
7.814107418060303
10.791510581970215
8.868437767028809
8.688759803771973
12.820882797241211
8.059510231018066
10.07815933227539
8.79988956451416
10.59291934967041
8.575088500976562
8.887703895568848
11.016868591308594
10.892394065856934
9.769168853759766
12.063441276550293
10.222785949707031
11.9883394241333
9.909794807434082
9.809687614440918
9.585526466369629
10.625574111938477
10.113665580749512
9.049811363220215
8.89220142364502
9.116512298583984
13.934774398803711
10.820734977722168
8.650931358337402
10.28178882598877
9.901224136352539
7.9631524085998535
8.544418334960938
8.889404296875
4.443441390991211
7.470344066619873
8.975273132324219
8.996026039123535
8.367820739746094
9.971556663513184
23.054973602294922
9.940608978271484
7.784657955169678
8.406048774719238
3.559443950653076
7.745145320892334
6.7856059074401855
12.783370018005371
9.484771728515625
8.09892749786377
11.664462089538574
11.220963478088379
10.993900299072266
5.3161540031433105
8.672815322875977
11.116543769836426
8.466630935668945
10.552152633666992
8.402083396911621
11.695343971252441
8.443498611450195
9.51693344116211
8.428287506103516
8.512635231018066
8.821305274963379
2.5918524265289307
8.653915405273438
10.205568313598633
10.888039588928223
11.296218872070312
10.665470123291016
7.1217427253723145
8.570956230163574
8.781333923339844
1.619232416152954
10.068381309509277
9.365998268127441
7.812719821929932
12.079089164733887
11.102071762084961
11.786952018737793
10.923096656799316
9.106237411499023
10.51877212524414
14.737593650817871
8.371355056762695
10.29831600189209
5.041358470916748
9.954384803771973
8.248944282531738
8.648432731628418
12.766008377075195
9.794306755065918
8.751712799072266
6.873836517333984
9.554038047790527
8.842742919921875
6.693897724151611
10.4192533493042
6.663774013519287
8.605554580688477
8.60396957397461
10.201911926269531
10.76157283782959
9.922745704650879
6.454082012176514
22.942317962646484
9.835206985473633
8.489237785339355
7.1251678466796875
8.299436569213867
5.401460647583008
22.33869171142578
10.127289772033691
12.403002738952637
10.10187816619873
10.1458158493042
8.113062858581543
12.686537742614746
12.677214622497559
8.339298248291016
6.4017534255981445
11.104079246520996
7.991398811340332
9.64987850189209
9.374162673950195
6.621589183807373
9.373003959655762
7.979973793029785
4.3057379722595215
11.44863510131836
10.862666130065918
10.742070198059082
8.33886432647705
7.472862243652344
10.20864200592041
8.65742301940918
8.711039543151855
11.719656944274902
10.753149032592773
7.220505237579346
9.573070526123047
8.689637184143066
7.236217021942139
12.807845115661621
6.880946159362793
13.200632095336914
10.2232027053833
9.7138032913208
8.74828815460205
7.141733646392822
12.548315048217773
14.109179496765137
7.161856651306152
9.90113639831543
12.66425609588623
10.232617378234863
8.457784652709961
8.709301948547363
9.846721649169922
8.930973052978516
7.474906921386719
11.494816780090332
5.029171466827393
10.818683624267578
9.12850570678711
10.721979141235352
9.947511672973633
14.042933464050293
6.939586162567139
9.007661819458008
23.763465881347656
8.155348777770996
7.883772373199463
6.899752140045166
9.69336986541748
9.47008991241455
8.212567329406738
9.877739906311035
8.057199478149414
11.205482482910156
8.572800636291504
12.353368759155273
10.173675537109375
10.434490203857422
9.928620338439941
11.390680313110352
8.730216979980469
7.7890143394470215
10.12604808807373
11.283001899719238
9.32602310180664
11.674220085144043
8.009268760681152
11.41479778289795
8.608765602111816
9.112639427185059
8.911853790283203
6.445816993713379
20.839815139770508
7.174975395202637
9.131451606750488
9.413476943969727
10.374212265014648
5.862630844116211
9.72469425201416
8.435588836669922
10.059189796447754
8.173286437988281
10.929462432861328
11.098255157470703
7.3293046951293945
11.655182838439941
6.841649532318115
9.634940147399902
8.921399116516113
8.347566604614258
7.727023601531982
8.376506805419922
10.032692909240723
14.196019172668457
2.6737475395202637
9.185458183288574
9.433581352233887
8.456209182739258
10.543938636779785
11.659311294555664
10.733898162841797
7.686166763305664
11.490915298461914
5.275627613067627
10.754717826843262
10.515119552612305
6.678499221801758
9.71034049987793
10.739008903503418
9.461206436157227
8.355081558227539
10.986621856689453
6.773950576782227
6.135316848754883
10.394635200500488
10.134129524230957
5.628941535949707
13.655611991882324
8.379046440124512
7.16318416595459
7.812355995178223
6.985658168792725
11.097813606262207
8.019697189331055
9.291606903076172
9.013049125671387
10.418968200683594
8.86596965789795
8.846529006958008
8.763486862182617
9.760456085205078
6.871018409729004
8.321486473083496
8.621623992919922
8.403092384338379
10.333329200744629
9.746015548706055
10.537078857421875
12.634313583374023
12.737470626831055
11.167201042175293
11.1497220993042
8.055532455444336
8.9484281539917
12.51176643371582
9.069186210632324
5.198742866516113
11.679436683654785
8.86327838897705
7.728968143463135
13.566337585449219
7.767183303833008
6.92717981338501
8.816314697265625
10.389915466308594
8.491113662719727
8.345194816589355
9.58385944366455
9.901506423950195
13.124833106994629
10.181960105895996
8.365962982177734
9.523228645324707
8.13608169555664
10.264748573303223
10.236509323120117
11.175466537475586
9.605352401733398
8.581018447875977
7.484901428222656
11.91369342803955
9.288233757019043
8.278653144836426
11.75893783569336
7.64479923248291
9.810571670532227
10.668267250061035
9.02389907836914
11.07547664642334
9.659295082092285
9.362127304077148
7.785621166229248
8.207867622375488
0.6833942532539368
5.3488616943359375
9.625747680664062
8.656116485595703
8.947493553161621
2.3381311893463135
11.227838516235352
8.034733772277832
8.629354476928711
7.401460647583008
10.928488731384277
11.003321647644043
13.703926086425781
6.825159072875977
7.727295875549316
9.809377670288086
8.093313217163086
9.500055313110352
7.617259979248047
7.675879955291748
10.586359977722168
11.844329833984375
9.364727020263672
7.839142799377441
11.021357536315918
10.08419132232666
10.425625801086426
7.96850061416626
8.775954246520996
11.463910102844238
11.171135902404785
16.21748924255371
10.76220703125
13.083856582641602
10.117351531982422
8.974191665649414
9.684721946716309
10.128700256347656
6.794009208679199
11.419342041015625
8.11479663848877
10.861539840698242
12.577199935913086
8.051129341125488
8.273176193237305
9.950961112976074
8.116216659545898
8.989913940429688
13.399574279785156
7.478916645050049
8.697056770324707
9.42027759552002
8.784217834472656
22.477649688720703
10.269613265991211
10.347987174987793
9.094038009643555
10.091206550598145
12.14300537109375
8.985973358154297
10.084447860717773
7.003283500671387
7.596656799316406
9.568140983581543
9.147315979003906
9.974708557128906
9.946695327758789
6.605436325073242
20.22209930419922
11.620010375976562
7.825280666351318
8.141667366027832
9.4273099899292
10.874670028686523
9.56460952758789
13.06011962890625
7.462836742401123
10.00063705444336
9.322677612304688
11.906749725341797
10.34619140625
11.819269180297852
10.27342414855957
6.610318183898926
8.3110990524292
9.528486251831055
4.788435935974121
35.91276550292969
11.784862518310547
10.899982452392578
8.3994722366333
9.889470100402832
8.256729125976562
10.749762535095215
8.32450008392334
9.47395133972168
7.834265232086182
7.402002811431885
11.822554588317871
12.886909484863281
10.09640121459961
6.527752876281738
8.739386558532715
8.907119750976562
8.840194702148438
10.310556411743164
11.133935928344727
9.791680335998535
12.036153793334961
7.648862838745117
7.207767486572266
8.872029304504395
14.735864639282227
6.176120758056641
10.344952583312988
8.66794204711914
9.41166877746582
7.633004665374756
8.130327224731445
8.075922966003418
9.175803184509277
10.344043731689453
10.104081153869629
7.7111663818359375
8.121687889099121
10.033321380615234
11.178887367248535
8.601238250732422
8.286473274230957
22.204727172851562
8.644011497497559
5.335600852966309
10.31619930267334
9.081618309020996
8.977554321289062
10.351691246032715
9.894859313964844
9.309261322021484
9.572244644165039
8.990918159484863
10.483595848083496
10.776203155517578
2.6480507850646973
2.3559303283691406
11.124780654907227
2.9698519706726074
9.534546852111816
9.560317993164062
9.736418724060059
8.732390403747559
10.013163566589355
9.159014701843262
9.888693809509277
8.639331817626953
9.25194263458252
10.499139785766602
8.835186004638672
10.575716018676758
9.38676929473877
10.25399112701416
10.617465019226074
7.962480545043945
9.363518714904785
6.7893476486206055
8.019392013549805
12.39139175415039
12.128304481506348
12.592546463012695
4.795189380645752
7.987626552581787
10.284358978271484
12.493406295776367
8.092934608459473
9.678881645202637
10.277429580688477
10.337775230407715
8.916813850402832
7.66200065612793
10.924663543701172
6.686827659606934
8.142036437988281
8.040363311767578
8.364798545837402
7.248784065246582
9.24666690826416
14.58454704284668
8.358819961547852
9.623507499694824
6.909562587738037
10.764995574951172
27.074260711669922
10.652121543884277
9.264809608459473
8.123638153076172
9.618210792541504
8.743707656860352
13.89188003540039
8.543704986572266
10.3971529006958
11.281997680664062
6.996146202087402
9.789660453796387
9.561827659606934
9.668336868286133
13.599564552307129
7.233380317687988
8.275609970092773
9.743215560913086
12.945086479187012
8.59123706817627
8.67273235321045
8.709868431091309
8.847002029418945
8.845345497131348
8.639347076416016
9.580263137817383
10.552652359008789
7.478657245635986
8.672537803649902
11.3588228225708
8.443232536315918
11.140783309936523
10.730449676513672
11.007054328918457
11.631491661071777
9.154182434082031
9.747480392456055
9.842813491821289
8.623790740966797
8.294168472290039
33.867244720458984
11.026904106140137
8.260740280151367
7.194704055786133
9.997021675109863
10.28010082244873
10.086779594421387
12.045783042907715
7.645183086395264
7.646243095397949
7.045755386352539
9.727005958557129
11.297319412231445
9.214092254638672
8.69495964050293
12.55790901184082
10.081753730773926
8.371981620788574
3.161925792694092
10.367499351501465
6.6480393409729
10.967199325561523
10.585123062133789
15.555936813354492
8.649285316467285
8.862629890441895
9.233166694641113
10.170624732971191
6.776381015777588
7.821854591369629
12.656661033630371
8.113482475280762
11.065401077270508
9.819527626037598
9.20223617553711
7.2530059814453125
9.670626640319824
10.631648063659668
10.071305274963379
7.427329063415527
10.933708190917969
8.170073509216309
8.797396659851074
11.6014404296875
10.39237117767334
9.923192977905273
8.571284294128418
7.56585168838501
10.504307746887207
8.866353034973145
7.981111526489258
8.941815376281738
20.85811424255371
4.540436267852783
6.5143022537231445
11.565618515014648
9.73816204071045
9.00667667388916
7.274978160858154
9.349128723144531
12.513737678527832
10.311798095703125
20.502948760986328
9.33118724822998
11.294829368591309
8.941588401794434
8.96328353881836
10.995248794555664
9.09218692779541
10.004867553710938
8.457060813903809
7.446807861328125
11.644207954406738
10.955052375793457
11.51559066772461
7.9187397956848145
9.26513385772705
9.824501037597656
8.648792266845703
9.577920913696289
9.845605850219727
8.715755462646484
8.953956604003906
8.39318561553955
8.65531063079834
9.715754508972168
10.90506649017334
8.99216079711914
12.017324447631836
8.559877395629883
11.429238319396973
9.587794303894043
7.734694004058838
12.045016288757324
7.820223808288574
6.455899715423584
9.0053071975708
6.468587398529053
6.784982681274414
11.281686782836914
8.901042938232422
10.37535285949707
9.879465103149414
9.394330024719238
8.982914924621582
20.992874145507812
9.398397445678711
6.968334197998047
9.836380004882812
11.132304191589355
1.566951036453247
12.004659652709961
9.27568531036377
6.898025035858154
12.669604301452637
11.235503196716309
7.981654644012451
7.5797858238220215
9.60347843170166
11.305023193359375
9.424124717712402
11.879426956176758
10.908990859985352
9.019594192504883
8.89151382446289
10.144431114196777
13.886167526245117
7.84084415435791
11.113089561462402
23.858501434326172
10.3089017868042
9.715266227722168
10.858890533447266
10.241308212280273
12.236538887023926
8.351109504699707
3.658723831176758
16.839111328125
9.23325252532959
10.116344451904297
6.883825302124023
10.650063514709473
9.663576126098633
11.627446174621582
7.4006171226501465
8.544270515441895
8.072793006896973
7.236233711242676
10.566510200500488
11.287789344787598
10.10444164276123
8.357816696166992
10.851576805114746
6.241097450256348
9.440320014953613
8.433908462524414
9.537611961364746
8.941559791564941
10.153637886047363
9.231301307678223
12.055462837219238
10.55630111694336
9.376303672790527
12.127189636230469
10.549712181091309
11.544763565063477
8.43179702758789
8.847233772277832
8.085151672363281
9.922236442565918
8.673398971557617
11.985677719116211
8.966050148010254
9.725200653076172
11.37275218963623
6.743282794952393
11.406271934509277
12.490352630615234
9.243366241455078
8.466148376464844
8.747431755065918
8.254619598388672
9.632927894592285
9.609797477722168
8.754072189331055
7.690017223358154
15.316378593444824
9.623297691345215
10.264354705810547
11.141963005065918
8.490787506103516
9.931143760681152
10.829121589660645
8.552510261535645
5.918386936187744
6.100020408630371
9.86759090423584
9.557337760925293
9.36630916595459
8.166840553283691
9.0322265625
10.132980346679688
9.849895477294922
7.048116683959961
8.949626922607422
8.988710403442383
12.174880027770996
12.559398651123047
9.783721923828125
9.350171089172363
9.7542724609375
9.04813003540039
11.076144218444824
12.627254486083984
11.017167091369629
9.968328475952148
8.876407623291016
10.394915580749512
11.353564262390137
10.033271789550781
8.64346694946289
7.702681064605713
9.96373176574707
10.611078262329102
8.965387344360352
10.099085807800293
9.806370735168457
12.591651916503906
9.392963409423828
14.977925300598145
9.629942893981934
9.293045043945312
7.628891944885254
16.39434814453125
7.479820728302002
9.509881019592285
5.162671089172363
8.764885902404785
10.546435356140137
10.579750061035156
7.762251853942871
13.086039543151855
6.351925849914551
13.623825073242188
8.847856521606445
8.043152809143066
9.22520923614502
8.271954536437988
7.281888484954834
9.400206565856934
10.496804237365723
7.679793834686279
9.719420433044434
9.048296928405762
7.907299995422363
7.71023416519165
8.893811225891113
7.836694717407227
10.722945213317871
8.688565254211426
9.817879676818848
8.4666166305542
9.33966064453125
6.594979763031006
9.29553508758545
7.938690185546875
10.510765075683594
10.392143249511719
8.146848678588867
8.48595142364502
8.130731582641602
9.589942932128906
10.38122844696045
10.370038986206055
9.490575790405273
7.53794527053833
11.331657409667969
9.935524940490723
10.03178596496582
8.830777168273926
9.613006591796875
7.702184677124023
10.771604537963867
8.575373649597168
2.776151180267334
11.025090217590332
9.61201000213623
10.094962120056152
9.510217666625977
10.844921112060547
14.169201850891113
11.43502426147461
8.485447883605957
9.766926765441895
12.818785667419434
9.317147254943848
10.885649681091309
9.264792442321777
11.116201400756836
10.929267883300781
13.431285858154297
10.142273902893066
10.454571723937988
10.642782211303711
9.973958015441895
11.092902183532715
12.360817909240723
9.085046768188477
9.29255199432373
9.787979125976562
9.45539379119873
10.09841537475586
8.189943313598633
7.559769630432129
11.282679557800293
8.311635971069336
