0.05837161890386224
0.04275666529451881
0.05478188806006249
0.0461594564316222
0.0259699560524429
0.039818625316399306
0.056010778591442996
0.04579784492454105
0.04604499183778355
0.08539471779802377
0.032277687763371164
0.03240089675778141
0.01911797382459251
0.017811534254832683
0.10176527325097885
0.046098485707001424
0.0222641501712706
0.03790207371861831
0.12279223647450756
0.014598538943574822
0.0313555036745061
0.08217533538823685
0.06098151354649155
0.02494721280617318
0.04214013515736702
0.01814493483299721
0.041190489334810135
0.02307641535283204
0.03872762538945851
0.030654775781603118
0.04264289625120326
0.03443909877183398
0.03922220466877592
0.05808558230549405
0.03329265257308635
0.027944042372576392
0.041909218673540326
0.025792040757599416
0.028381771337537078
0.02883688261003158
0.017735686917397464
0.05416674521152016
0.030993199322164235
0.039210618771335894
0.04437514736324828
0.0418856818835286
0.04431395685578567
0.0271358296853264
0.02170869255423274
0.01796287263255288
0.03524796742092638
0.022502968229061247
0.04189739068021529
0.02970273975887281
0.027672184310414016
0.029227843636046597
0.021682442019011587
0.05059742609090828
0.045801419997857515
0.033648273923087245
0.02704584088482932
0.05338195724823269
0.03032948280195792
0.03466833926180393
0.04166413112957163
0.047141366650175875
0.03774229750612764
0.03837553077069336
0.047127937321603613
0.03439393730150284
0.0346821426867875
0.028043598428697247
0.05294161345461872
0.02305512359635831
0.0445032825528712
0.05326419157692292
0.04750572883420441
0.05076848074102774
0.05457266694871387
0.04978651995460089
0.03499494549608651
0.023965607673359715
0.03456613474490581
0.06867515381154946
0.04003505135793751
0.05548601058108126
0.024212506588220304
0.05446558695367017
0.05137587223147257
0.03913637055254366
0.04471256560781087
0.03102198844996475
0.03510688993559285
0.04101590187418533
0.017533981817092547
0.051557601734899865
0.04892551342110194
0.05005869618990405
0.051353778649974015
0.019585737764090293
0.024196264967240654
0.02401494235834114
0.04505015620391148
0.04387380179238732
0.025311970048154546
0.03349927994884312
0.051976161441730694
0.06214670341247736
0.05214744124550426
0.028114753972406304
0.05064040267866142
0.051102123871067516
0.06026301221082407
0.01629466752203349
0.051413732037385945
0.04529380814304031
0.028963748504579955
0.023096510371720055
0.047046961425530734
0.02845722489543746
0.07080961566610035
0.06509656650295895
0.03168826310784791
0.02444234402415627
0.043875867848403534
0.023835497682947657
0.024590581811065357
0.06940502596816514
0.05325261051249043
0.026897054882425622
0.02973078797524881
0.020066365028923668
0.04394752547343024
0.046473522389758264
0.05026659836936177
0.03630678395664144
0.03668738278068735
0.036358291323652786
0.04811949335408774
0.04149412941720763
0.041586643673516624
0.04705971195252118
0.032585960121034735
0.05847779259094763
0.17503029091323838
0.05567448421114086
0.036219052390229226
0.07128563932939909
0.03403937684295277
0.06300020686427238
0.032202441905922884
0.05312785000678991
0.04820690534489785
0.029040324960842367
0.027468200612128207
0.05291248447836416
0.037303728048871776
0.05018593073713531
0.030397007056713887
0.049244821300806145
0.02843686593118978
0.03880732090593996
0.0186511748969104
0.04028754898604219
0.03798905517942416
0.04906657698189965
0.026777340631277697
0.039342923410047054
0.04894193136278169
0.04775479687351653
0.030202518914719416
0.044829600426776646
0.03709321852152616
0.03561557738798304
0.03472720441577993
0.12748669676797594
0.05264540610534679
0.05132668114719372
0.03032717740682037
0.03999315098217445
0.05031221239679711
0.0439693101398269
0.029847840487858296
0.03643973628582028
0.04606595285362248
0.04587759758048332
0.0466283236162921
0.04557925057202175
0.0241276681675916
0.027399817556075946
0.04408875416351694
0.037635971056056816
0.026830336288556883
0.0406820584170786
0.023731201186852104
0.0317825129784653
0.026850070947093796
0.03874480320980376
0.05013513049100257
0.0475292732973841
0.05140627119966981
0.03582830399124304
0.020151968864542003
0.06567979789399075
0.041857355360830496
0.05960177101071516
0.0715056791866631
0.040704267923178675
0.036258467234611964
0.043265910706411
0.04714554243258426
0.03280167830201825
0.019974347967601495
0.051750519735056774
0.03210217137704129
0.04827132350826398
0.048241303662399614
0.0369387310782648
0.02291431603804976
0.03214440078279238
0.02263726976069216
0.023218441590362113
0.030032244067770587
0.03107551197997053
0.03981968431383255
0.041212493767894376
0.013753026305853181
0.046688788319093004
0.054161684311561716
0.04031336247172817
0.051322570873834954
0.018785166164001058
0.034310880843009164
0.05349169210680721
0.04879277834969947
0.034436391235736635
0.018027485754947063
0.030873846075837055
0.03506400268377382
0.05669615554196126
0.06516609646923432
0.036747432969793624
0.04172507402481051
0.04910199269387995
0.049271718001867644
0.019149756418948234
0.02843006158442267
0.04421259666665889
0.03792514520606364
0.05105286791041885
0.0267021950801949
0.04579473373933953
0.026988099704106476
0.02815362447648304
0.027776582025178683
0.04819357222044105
0.02716435827163254
0.03317849554162929
0.04129575660198622
0.04507338971275952
0.05696909252575267
0.04310409793790422
0.04630516022102606
0.07049726879381538
0.027319640451830857
0.03594582284124964
0.020052344127336797
0.02456106716669312
0.04509654465365957
0.04615982722426285
0.02750170201372289
0.03534992995545745
0.050590178492300214
0.02329188166872585
0.03583785925945235
0.017653694793476043
0.03505694263691852
0.028063809013942308
0.051031483069874345
0.045599428410731564
0.026644797357423262
0.036225113916864046
0.12022681122198418
0.03961991518113959
0.033172347811465414
0.040899366804460845
0.045112757402279414
0.05905143005098066
0.06677638692898674
0.02626499595492033
0.044067758344263436
0.054707036867174784
0.04844791889940089
0.0307629281610709
0.06501755681065173
0.027499224727614405
0.04815249539997953
0.04911205421451742
0.053819900654902726
0.026472155101334306
0.02769224325372481
0.03624668616248966
0.04372303598793137
0.06608211105599435
0.04264412619571647
0.041414908960992355
0.0919934102309027
0.01532924101968905
0.03375202392062776
0.05215138921061088
0.04741614453205242
0.06789333072925506
0.04002320286281767
0.0347160066230739
0.02131389575927551
0.04025576142643685
0.022081352674596582
0.024794990125650725
0.02857717488599145
0.025246861330132157
0.04014799413829375
0.042259352451279666
0.03217938769274451
0.030574371149149734
0.03471218394814067
0.049269204036924884
0.03762764973439452
0.03487216394309156
0.052727762608631254
0.043557946843133424
0.03731091294688122
0.03274896567853876
0.03845014786004614
0.04107983830528963
0.02183353173328455
0.0206941922914525
0.03511481817929583
0.03705088506283044
0.07007301876335262
0.03655149135454889
0.07169350479125704
0.041283824361516265
0.04825905164469806
0.03785433088584063
0.08825475384018519
0.03355274512066822
0.03820847976993265
0.03874639030133604
0.017948099349959938
0.04299380945712648
0.049934489939207995
0.026061433687545033
0.026032237154846625
0.045473795878170915
0.054555717221102244
0.04345592008617662
0.04224564192592382
0.031960561210831386
0.018668091945333955
0.026402138841844357
0.016679720978058057
0.05731850742348181
0.06763184881331102
0.025449336014620422
0.03574743214049981
0.042648812586636636
0.0367236840032163
0.04393829383335576
0.04188818355154423
0.05321630600706709
0.03313689676940877
0.0389374420418497
0.022842629155789603
0.07068036369609072
0.035585466576270604
0.0378253256457751
0.04946662878256085
0.04069147721352734
0.039334675017154645
0.035727447537859246
0.049667948965877236
0.01708947323231195
0.07602961564125246
0.03334109607137758
0.02445360754781858
0.024260840768204332
0.03436031035848864
0.033951598165856904
0.027809786773693515
0.05616815263977244
0.01858909988292961
0.033710749169838364
0.03832504770185628
0.027432574791655423
0.020364969552669192
0.03787494451768974
0.04454788255955444
0.033095664181301665
0.025681751244904558
0.04196673466527489
0.0716392206164375
0.02012456491259708
0.04498845366525088
0.04621429616726431
0.032204485875702016
0.05289589444476912
0.04460077802647011
0.024429122873876486
0.04893204012388716
0.05001547926771364
0.03120707210402477
0.03494953573938521
0.028154053402089655
0.02075250311004159
0.015231911615271028
0.04950061277864148
0.04002327507046226
0.03512374418803102
0.0375122507744256
0.03557278486853777
0.041654057386880786
0.03498080833436015
0.05845800546497141
0.04042228904324834
0.029909154525333916
0.05157725514187417
0.04578967684218968
0.1189997828731186
0.03843427147211216
0.0342241160958372
0.17620685531664634
0.04134065514976098
0.06715987110010253
0.0382605338588234
0.01392913415576031
0.0346498893882033
0.049963398049817746
0.040376391676591156
0.10764675647962901
0.05151029620032591
0.03877099511224427
0.053211846509865664
0.03639672235667091
0.07009050288728633
0.039394156012048376
0.03419276865265464
0.025688075503368712
0.061808595063084434
0.04957810764053215
0.04476305914204873
0.032648714903687266
0.018924450157472912
0.04206120139731444
0.013801996103857935
0.048459746043896516
0.041391486075532155
0.04708418480166258
0.05121627380328156
0.014212233272730326
0.05266679900933878
0.028868514908553848
0.02139814104621268
0.017949868500468993
0.03625277978207148
0.021668660659796873
0.04328153925278634
0.02219969056784174
0.021767456942664045
0.039525574371337135
0.053679902242855744
0.03721197725708148
0.016124935072835245
0.027155784269166535
0.04943539983083288
0.06885011243983163
0.019613668968885715
0.02747496163913598
0.051376730837387745
0.019053204043851437
0.061288121099755025
0.027132612648940815
0.07269740323256244
0.040807629405650435
0.03153462702411165
0.03415287383203102
0.045835023813042254
0.04067908581972539
0.04546409362531654
0.05743236819121853
0.029623901379436143
0.0377842432397985
0.031008465169167714
0.02116434757113678
0.032727762895991976
0.08713685762917872
0.024460110720855868
0.03152719496868629
0.05034143128210561
0.02307245262496808
0.03735443216628535
0.0746791897794929
0.03803227366628709
0.03147213453082684
0.08711604786404392
0.032534483713455624
0.034156535419078655
0.038240218992076414
0.05481500739394062
0.02375288884185676
0.040855137235140435
0.04401228551423188
0.04363327711239709
0.050424389051633045
0.051534578655741875
0.03997120870957069
0.03971214611908458
0.03444387324144805
0.018743814910329476
0.10325964250462515
0.08471288132394107
0.04306705405582881
0.038908132776171174
0.027494077545052217
0.026238193731750563
0.040993758908012275
0.03769006787645806
0.03536002474700259
0.03540320541651584
0.08650331061097097
0.04376604203561382
0.02858081490455184
0.050347045980026796
0.05469260526161723
0.03177281501047105
0.045479165125505906
0.08603991960595474
0.020546385393517087
0.04243073308696099
0.04252816962717747
0.0440383016795538
0.03381897200030583
0.0533726149085528
0.055176042818715985
0.027330479481871586
0.03830923561742992
0.026034331618889597
0.04372554030912024
0.06884280162383867
0.036423348618073156
0.0595887631702083
0.030689989713371887
0.041928662424188995
0.03153928335448592
0.04477873335022233
0.03852430284555487
0.0339759834776919
0.0404093193241106
0.04679110454964134
0.020925657439420365
0.05339103238330427
0.05158699942310426
0.03722036213953997
0.05463602933522659
0.07987925664933533
0.06581042999470184
0.02796899746468588
0.027611485891700076
0.026720000292517917
0.05109341237652194
0.04185472645848515
0.04613432631302424
0.06013164464231558
0.03239394704820987
0.03817791767300643
0.054813128309978504
0.025968361725842243
0.04335895933004622
0.04022297781876705
0.01888888317969735
0.0260612662705696
0.04601941740111311
0.03090541858098506
0.017837075120498872
0.02460654919593563
0.06708211376442288
0.022927148052531238
0.11144455319870303
0.056285021535628636
0.044588998216064483
0.04570337145505319
0.050345653490899735
0.042677801954484784
0.042090962080832704
0.021816676892333426
0.06284440095275598
0.04250110055646369
0.024368368769199643
0.026137163640470893
0.03836421159005468
0.04877151789509135
0.04876928649498011
0.046320692603349485
0.054176342513203905
0.019306470262288624
0.017106938198598754
0.03752744889757629
0.05216520713842549
0.044896380565411044
0.021083973922431134
0.07504639901722836
0.021475122005422766
0.01806642636663244
0.02918978839228261
0.055862008150563094
0.05213825802759438
0.04112852306781486
0.032014877133581504
0.07183959642600332
0.040856493624379764
0.06652255303430739
0.048943216334821835
0.043083365229251026
0.02841997116890537
0.0383614550349098
0.02589748823946611
0.03316009244749243
0.033554243278911294
0.03660980769408784
0.04857085504499088
0.05370141915057916
0.030640156052148957
0.04842457801286932
0.03147759498260441
0.022339567596864375
0.04198353671667435
0.02561043157878336
0.04472783030852381
0.05491502573162635
0.0451305375513507
0.043682074697967054
0.038095444157934505
0.053664115023529954
0.03561527358415063
0.07044937544147525
0.03439851955577931
0.058278890171116
0.04407588794365667
0.04135789765618408
0.06507325556252844
0.06735698686757648
0.056229579573205755
0.0332337232127796
0.029948475269692368
0.02450237960629515
0.03171788599930158
0.021572875637452076
0.0258320857725189
0.03480566754731197
0.11165921764460539
0.06231820375610104
0.023683805777787864
0.2129068011714235
0.04549818029269591
0.06447223918697896
0.04285149634985804
0.05390842401122839
0.05072592440100287
0.046792244423579175
0.05782811007060454
0.048536658271323294
0.051085853467994526
0.021746138611422435
0.03537234646610064
0.047494406400624765
0.044988353256845776
0.0503251055734995
0.03447264653349877
0.04151496610986695
0.028100793599977966
0.03847322809860418
0.03514408943911046
0.026943099391108644
0.054589820125417285
0.024221258320097645
0.05775079481113868
0.05739859621554087
0.022502825910983185
0.03259502015494172
0.06673004340496493
0.026728711489780684
0.044209126954900806
0.03347005502883411
0.05530742606594416
0.046313928938684454
0.02790932683410081
0.03759442769935765
0.027130087110729676
0.04564833506961594
0.05108387453619055
0.03929774663651861
0.03340442814721796
0.05276225141502753
0.06060285279549111
0.045198162170299726
0.02027672043888126
0.02573604300133985
0.02971809474786216
0.024282971045276505
0.04202314537771299
0.03153398271570466
0.04265461521682181
0.03801901712372596
0.04296990064176073
0.06301274214510771
0.037799592393705915
0.038261023070521365
0.0283170370863977
0.05354472102756126
0.0344503286566768
0.06189278629191797
0.025277789697376138
0.02757056736999179
0.05222417289606605
0.02059648777022206
0.02569908920466966
0.05570943980864049
0.05261975334453574
0.07723630944952929
0.039100917260272615
0.04913445887546346
0.04003769021347528
0.032611170607564875
0.03820312083640441
0.058748583555463925
0.04684229550894859
0.0642050909843805
0.06596014926588806
0.03606862456796636
0.030228970792047123
0.04250189916175106
0.032608526806312946
0.04227977772099303
0.017247510310239696
0.03508431671960277
0.04044848081706818
0.027640407177496336
0.03406172021827617
0.03301098304313734
0.023136859859685926
0.023296677077431133
0.030178191519742506
0.03280188182024058
0.02933158262679459
0.017841646297273958
0.04444783613319981
0.03487411583194949
0.04206550990101711
0.047065313748321236
0.059383633943128886
0.06967287421079531
0.026137767881982278
0.04124502069182695
0.02241640678591669
0.04068272268654338
0.018696011041545505
0.03630378006831615
0.023663014775597367
0.05129388282291951
0.04720051994896032
0.029905102251339785
0.05208019554151858
0.04516294712479192
0.037961736409412125
0.02407713995616332
0.02909245750502037
0.02624337108988974
0.05367214928333919
0.05703820752647776
0.023924378479309914
0.021118438988601
0.03029007679377873
0.029757816918777418
0.0193809837382008
0.0341471895998227
0.041652115617586236
0.040210665796130876
0.03361289354078285
0.024059109867468478
0.036749627503939265
0.04030537847650308
0.048889409207919295
0.045554608710445935
0.027345684573105142
0.04514824543331632
0.038294983161679744
0.03312537974780892
0.024187343602325447
0.036228971544660746
0.018733592321211287
0.046854857173782224
0.026054348814687395
0.06175216592341208
0.030271837277293476
0.03669486453170763
0.02460972827780581
0.02485882450172191
0.03790932389541865
0.03574948937443007
0.05288709300930215
0.0369292421249007
0.020115623793713292
0.04447475791619058
0.026530733793314137
0.047840754599747216
0.03941636463866878
0.03770352202660334
0.05205862943365944
0.041043772490918506
0.035950542937425355
0.03406465549110906
0.049685602444718126
0.03446499402983344
0.042644298644278086
0.054948239351774786
0.028368476283609556
0.04919464396376237
0.03771306884710161
0.032850307292491956
0.04975708014126601
0.05963289023679054
0.060335154010985374
0.03126693223783052
0.04051092264521154
0.04483659066293743
0.03496323080785415
0.033694966261247954
0.05103413758819296
0.02345390407078383
0.058350023931915226
0.039513772359238586
0.03092915768625387
0.025707601682160196
0.04333105364531586
0.048807886406832535
0.043619370384256215
0.03275500204953806
0.048679179034392034
0.03758234129763503
0.012859026948288568
0.03450340162136528
0.04964233347958433
0.03920180019427613
0.04610486807833652
0.04865176174768362
0.038853393273140455
0.01366147403663801
0.0313302100879272
0.04309863937668151
0.04702536880087243
0.07138555859776088
0.07342749910574561
0.03405438984776441
0.026027475345772516
0.03876894706387636
0.03570863717086261
0.05274317061352606
0.035001897714778046
0.03279034069531345
0.04295454179987651
0.03646990389751701
0.04627788924911163
0.04810280460673696
0.026450227620834283
0.024977605830323536
0.03414505311005743
0.019872300709518474
0.016396106429972482
0.019757187546988717
0.030108721618448193
0.0246123455389158
0.041112763273233356
0.05563068696941877
0.029209392148768647
0.03992866669664305
0.04151837578716644
0.014498220302486669
0.04666467374254127
0.05575986792356266
0.040559932734796
0.03256426555555826
0.024969985817472663
0.03826043415750011
0.05911105693490094
0.30463989731663793
0.054764187471971565
0.032186043098811803
0.04410096751652445
0.04906564393785878
0.03885571440283915
0.016706167339433736
0.018909673201353974
0.04583508159736343
0.048233028432278696
0.03188413056331261
0.0500384586599546
0.03262239713769444
0.047047145435822224
0.06361738568316291
0.027265700734937264
0.06363887987317318
0.03658586288648462
0.0440915171473213
0.040437237619045024
0.12812501851808128
0.03773695486584978
0.03821846691304634
0.06447194646060889
0.03892651446815974
0.06546195407493573
0.042343740867899805
0.03980273953469844
0.04939502165481094
0.04553432385516256
0.03220609032723776
0.018613007296279887
0.02877824616678248
0.023953184673708758
0.044533225672940366
0.03237461409535973
0.03205099490746921
0.04141315745839368
0.016752638138281917
0.045583215337608694
0.050932169731223116
0.035029199462333044
0.046147779267346534
0.06222400275284786
0.040489345852887715
0.057829971241898315
0.2388182907660889
0.08787600758938614
0.06077326258084366
0.0246875958470599
0.03697569887401415
0.04023549419850993
0.05722326077538255
0.02727975750872703
0.03783690577990727
0.02812728210236499
0.10997132222013142
0.03534023938705397
0.035635956985219805
0.0416942627082133
0.06307487208203294
0.04212300981394126
0.03353802052242538
0.049283659775419625
0.04896714137497087
0.054932133461563296
0.0521107026869374
0.035074528580065385
0.10379706870972259
0.03562542199383066
0.021672374763454773
0.06398785054418243
0.048309926987561196
0.035991906976323755
0.046419835636683233
0.030287324425079094
0.03951487577436232
0.043593103889273024
0.012688479054439039
0.047066800578445436
0.020307355009242807
0.039290689321296875
0.052525664248735164
0.039024828603791424
0.028170592153206015
0.0407808248719669
0.03338741331689118
0.05572786073244807
0.07518467838332615
0.10183502282637538
0.056998895250362155
0.03934217214473828
0.056297873813201546
0.02670358630216147
0.0569429797626147
0.043491795005978946
0.05063860082269888
0.048410469816061785
0.018740236772987626
0.01931478952910282
0.026625663791264284
0.019564076541974982
0.030740636377310466
0.04260561034668059
0.04763943272035429
0.029673900612864162
0.048494544994201326
