12.094303131103516
10.34453296661377
9.874781608581543
6.810117721557617
7.068588733673096
7.335322856903076
12.14339828491211
11.286684036254883
8.91192626953125
8.528677940368652
9.270108222961426
7.803619861602783
7.104342460632324
7.977264881134033
8.471738815307617
8.525256156921387
11.41947078704834
11.358675003051758
8.759255409240723
10.507229804992676
13.092428207397461
9.631184577941895
10.083049774169922
10.634773254394531
6.687941551208496
11.314472198486328
8.530387878417969
8.892210006713867
9.294590950012207
12.259065628051758
13.646797180175781
8.839268684387207
8.486088752746582
11.093376159667969
10.6026611328125
12.61158275604248
7.101475238800049
12.344433784484863
8.45643424987793
9.531318664550781
8.601727485656738
3.4887948036193848
8.781221389770508
9.257468223571777
9.14747428894043
11.390512466430664
8.784126281738281
8.726517677307129
9.118967056274414
13.658099174499512
9.910737037658691
25.112926483154297
15.706734657287598
8.673995971679688
9.907086372375488
11.71310043334961
7.763684272766113
12.323761940002441
10.059578895568848
10.60012149810791
9.368204116821289
9.484694480895996
11.533077239990234
7.487686634063721
6.938583850860596
8.98354721069336
11.387763977050781
7.526762008666992
12.459627151489258
11.955358505249023
8.244175910949707
9.16041088104248
8.19161319732666
8.793387413024902
10.927064895629883
10.542876243591309
10.931836128234863
12.491643905639648
7.5532732009887695
11.109920501708984
6.841350555419922
8.922597885131836
9.027522087097168
9.620476722717285
8.571418762207031
9.501572608947754
9.228353500366211
8.316061019897461
8.710537910461426
1.1167737245559692
14.185724258422852
11.841781616210938
9.44440746307373
9.467035293579102
0.8522685766220093
9.332798957824707
9.990427017211914
12.012856483459473
5.9475789070129395
8.80086612701416
11.87300968170166
10.950210571289062
9.056488037109375
7.656857013702393
7.292899131774902
10.764954566955566
8.91923999786377
12.227848052978516
9.682668685913086
8.69352912902832
9.742927551269531
8.168511390686035
8.96065616607666
5.662004470825195
9.264798164367676
10.989648818969727
9.857860565185547
8.708209991455078
8.202685356140137
9.51107406616211
8.777623176574707
8.938100814819336
14.145074844360352
7.819289684295654
10.229456901550293
9.113236427307129
11.464953422546387
6.185398578643799
10.443109512329102
10.271833419799805
9.948759078979492
11.463595390319824
9.600321769714355
13.34550666809082
11.525358200073242
8.207253456115723
8.759830474853516
7.128050327301025
9.980015754699707
11.75123405456543
10.504748344421387
10.125558853149414
9.149773597717285
7.858376502990723
11.163857460021973
9.65982437133789
8.086152076721191
9.617208480834961
6.679328441619873
11.463550567626953
13.470290184020996
4.885707855224609
8.827008247375488
8.565423965454102
10.786052703857422
10.954771041870117
12.298182487487793
7.5963826179504395
9.74614143371582
13.841042518615723
11.027257919311523
7.472282886505127
9.81131362915039
11.7051420211792
8.149744033813477
10.654478073120117
10.05316162109375
11.525365829467773
8.891961097717285
14.019835472106934
12.08377456665039
8.494139671325684
15.597367286682129
10.190497398376465
7.235300064086914
9.889803886413574
11.632269859313965
9.147363662719727
10.6260404586792
9.963193893432617
9.29240894317627
11.350829124450684
15.41576099395752
11.65640640258789
8.580604553222656
10.217209815979004
9.608126640319824
8.058518409729004
9.716044425964355
10.678911209106445
8.78547477722168
7.959103107452393
7.558058261871338
11.506983757019043
12.083744049072266
8.320748329162598
11.722302436828613
7.88011360168457
9.87276554107666
9.273902893066406
7.996086597442627
9.595487594604492
13.290441513061523
7.050159931182861
12.718836784362793
11.748242378234863
13.704578399658203
7.464264869689941
8.889717102050781
10.383883476257324
9.668252944946289
10.052066802978516
9.182450294494629
11.878509521484375
10.890020370483398
11.435187339782715
9.541942596435547
9.804936408996582
9.037797927856445
8.55518627166748
9.211594581604004
10.606476783752441
12.314064979553223
7.418532848358154
9.391697883605957
9.870574951171875
8.784395217895508
10.831888198852539
3.7633771896362305
8.422301292419434
7.642177104949951
11.187530517578125
11.808097839355469
13.318857192993164
12.1819486618042
7.085308074951172
2.3768088817596436
7.065244674682617
6.650723457336426
13.449664115905762
8.883670806884766
12.105169296264648
11.031356811523438
7.943874359130859
11.66402816772461
9.342649459838867
10.24295425415039
12.207385063171387
9.5012788772583
10.148904800415039
10.312352180480957
12.276118278503418
9.925748825073242
9.125954627990723
9.206789016723633
13.273286819458008
9.540066719055176
11.597108840942383
9.000779151916504
8.965303421020508
9.137764930725098
7.676278591156006
8.917375564575195
9.129805564880371
0.3030101954936981
8.05632209777832
9.291194915771484
9.420171737670898
4.5088629722595215
8.541733741760254
10.710033416748047
7.445767879486084
10.709139823913574
9.836867332458496
9.246231079101562
8.6234712600708
6.085663318634033
9.699377059936523
7.980352878570557
11.501669883728027
8.988590240478516
8.422515869140625
10.787585258483887
12.059770584106445
7.455932140350342
10.21445083618164
12.933364868164062
9.625778198242188
12.615933418273926
7.599491596221924
9.74962043762207
10.470771789550781
9.224302291870117
8.89569091796875
11.091954231262207
9.43535041809082
7.770011901855469
10.765815734863281
8.427887916564941
12.00355339050293
0.4952448904514313
11.247937202453613
6.9733500480651855
8.954540252685547
11.062134742736816
11.577058792114258
8.123641967773438
13.376208305358887
8.057760238647461
5.162387847900391
11.746830940246582
9.832372665405273
11.684064865112305
9.033998489379883
9.641048431396484
10.288390159606934
9.715901374816895
8.577376365661621
8.350738525390625
9.811538696289062
7.561911106109619
10.419530868530273
11.036808967590332
10.103649139404297
8.626667976379395
8.763676643371582
10.14794635772705
11.09465217590332
8.964497566223145
10.615920066833496
12.016766548156738
9.36890697479248
10.276029586791992
11.450349807739258
8.324841499328613
6.9588942527771
9.200441360473633
9.205578804016113
10.108470916748047
8.72819709777832
9.266493797302246
10.536299705505371
8.505062103271484
10.983267784118652
10.902018547058105
6.706997394561768
32.128971099853516
10.26419734954834
8.124476432800293
10.6182279586792
10.702287673950195
22.540355682373047
8.996685028076172
10.493748664855957
10.08702278137207
10.676485061645508
8.695980072021484
8.388195037841797
13.702768325805664
9.082496643066406
15.772581100463867
9.698619842529297
8.541437149047852
25.50339126586914
12.39382553100586
9.065977096557617
6.994475364685059
10.357439994812012
10.608180046081543
21.761287689208984
10.24637508392334
8.196882247924805
10.03178882598877
8.720388412475586
4.799255847930908
13.98755931854248
9.564130783081055
7.7276811599731445
11.852265357971191
7.967478275299072
10.721016883850098
12.889758110046387
11.062478065490723
8.955912590026855
11.002984046936035
8.503334999084473
7.779214382171631
9.24659538269043
9.214922904968262
4.125587463378906
9.607918739318848
9.610218048095703
8.349283218383789
13.10267162322998
10.140973091125488
8.786521911621094
10.157986640930176
12.223204612731934
8.15948486328125
10.990882873535156
10.071704864501953
11.121515274047852
10.298989295959473
10.874903678894043
9.483205795288086
10.15787124633789
7.74437141418457
10.664810180664062
9.874115943908691
10.059989929199219
12.233585357666016
10.287348747253418
11.752985000610352
2.7729437351226807
11.98679256439209
8.16311264038086
13.868050575256348
4.995723724365234
10.711156845092773
8.980793952941895
7.924468994140625
10.95556354522705
7.732902526855469
4.570437431335449
10.787459373474121
5.6524271965026855
9.896605491638184
9.499205589294434
7.000385284423828
8.93798828125
9.810433387756348
9.892712593078613
8.421375274658203
10.263935089111328
13.146580696105957
7.9443511962890625
10.009086608886719
11.078842163085938
9.755088806152344
10.256869316101074
9.991530418395996
13.596271514892578
7.543079376220703
9.119935035705566
10.208861351013184
11.284826278686523
7.935189723968506
11.220447540283203
10.810830116271973
10.819683074951172
11.027655601501465
10.567105293273926
10.765473365783691
7.751368999481201
9.876015663146973
7.578547477722168
11.092754364013672
10.77331829071045
10.39069938659668
11.204038619995117
5.1777143478393555
10.530813217163086
9.543377876281738
9.882583618164062
1.2320328950881958
8.18879222869873
9.586504936218262
10.813647270202637
13.203993797302246
6.484055995941162
12.467548370361328
9.411211013793945
10.036532402038574
9.077460289001465
10.285075187683105
5.930545806884766
12.302191734313965
8.986632347106934
7.682188034057617
9.731675148010254
9.617276191711426
13.931260108947754
9.482781410217285
10.836647987365723
8.688724517822266
10.308267593383789
9.71032428741455
9.908671379089355
9.818670272827148
7.897570610046387
10.010659217834473
9.527210235595703
9.944045066833496
11.607889175415039
9.152899742126465
10.41605281829834
8.246719360351562
5.75894021987915
10.843477249145508
8.731332778930664
6.176419258117676
12.430133819580078
8.341341018676758
10.382444381713867
11.0112886428833
10.35010814666748
10.665714263916016
9.166382789611816
10.561705589294434
8.83037281036377
7.396596431732178
12.592791557312012
10.83464241027832
10.086791038513184
10.79281997680664
8.901643753051758
10.875565528869629
10.036396980285645
7.789863586425781
9.319845199584961
0.7162632346153259
11.631229400634766
12.965302467346191
9.189967155456543
8.732421875
9.006722450256348
10.804393768310547
9.387680053710938
10.207164764404297
11.592353820800781
6.83675479888916
8.022255897521973
9.971022605895996
10.186922073364258
12.22390365600586
10.675440788269043
9.127893447875977
12.583083152770996
9.995455741882324
13.41218376159668
15.347622871398926
7.267470836639404
10.699326515197754
7.2875261306762695
15.167198181152344
11.541991233825684
9.300684928894043
9.972854614257812
9.249890327453613
10.345316886901855
13.67662525177002
11.48042106628418
8.0903959274292
9.646366119384766
9.61124038696289
6.970183849334717
11.578438758850098
12.555290222167969
9.413416862487793
7.912603378295898
10.110974311828613
9.928886413574219
8.952378273010254
5.502430438995361
8.400871276855469
10.294221878051758
11.51755142211914
9.871639251708984
13.06588077545166
11.281339645385742
9.981512069702148
11.780231475830078
9.061355590820312
8.646814346313477
12.564188957214355
9.501264572143555
10.928505897521973
13.19191837310791
7.718085765838623
10.858442306518555
9.635510444641113
4.330217361450195
13.644341468811035
9.67495346069336
9.62160587310791
10.84598445892334
25.238903045654297
7.66500997543335
7.99660587310791
10.05246353149414
8.89908504486084
11.958053588867188
9.14338493347168
9.7801513671875
10.867779731750488
9.928400039672852
12.670685768127441
9.565814971923828
11.162193298339844
5.86495304107666
7.4779839515686035
18.326034545898438
10.479484558105469
9.386248588562012
7.49951696395874
11.557290077209473
10.331920623779297
10.104206085205078
12.033676147460938
11.244636535644531
10.245485305786133
7.560130596160889
11.515185356140137
9.618905067443848
8.612582206726074
12.852312088012695
11.553311347961426
7.507920742034912
8.933219909667969
11.498740196228027
7.487292289733887
13.14937973022461
10.496994972229004
9.020036697387695
9.206815719604492
10.344579696655273
11.315260887145996
8.998456001281738
6.96690034866333
11.335190773010254
8.831929206848145
8.668889045715332
10.61647891998291
10.66448974609375
12.654009819030762
10.237119674682617
9.236363410949707
9.065444946289062
10.724419593811035
10.165450096130371
7.3161468505859375
12.371045112609863
7.835338592529297
9.160048484802246
8.337150573730469
11.0819673538208
11.578523635864258
8.346970558166504
7.720832347869873
9.136861801147461
7.252151966094971
11.413646697998047
7.610162734985352
8.462851524353027
12.194253921508789
2.994377374649048
8.087848663330078
9.11304759979248
10.951335906982422
9.748929023742676
9.320351600646973
9.771109580993652
7.683321475982666
11.477649688720703
11.477767944335938
6.921327590942383
9.871844291687012
8.310776710510254
9.231283187866211
11.062210083007812
11.998514175415039
7.489634990692139
10.912353515625
8.786153793334961
8.29167366027832
10.839532852172852
10.988588333129883
10.636311531066895
6.394265174865723
8.217062950134277
9.50875473022461
8.745129585266113
10.023475646972656
8.880215644836426
13.780092239379883
4.995334148406982
8.097161293029785
10.533658027648926
7.9095282554626465
12.804762840270996
10.40145492553711
7.676969528198242
4.177754878997803
10.413082122802734
10.109518051147461
27.083635330200195
9.763806343078613
8.99830436706543
13.808809280395508
8.412643432617188
10.345545768737793
9.040632247924805
9.175622940063477
6.0323896408081055
10.726222038269043
9.850486755371094
10.15726375579834
9.822859764099121
13.399978637695312
13.178675651550293
12.714279174804688
4.211596488952637
1.2006596326828003
14.449288368225098
9.720197677612305
11.95230770111084
11.988363265991211
12.727150917053223
8.47614860534668
9.297677040100098
11.397110939025879
10.445411682128906
8.301362037658691
9.977527618408203
7.827988147735596
8.505358695983887
8.400775909423828
13.411192893981934
8.430533409118652
8.549478530883789
8.724913597106934
7.789032936096191
6.807916164398193
9.246382713317871
10.120957374572754
11.150419235229492
11.529179573059082
10.42815113067627
7.445946216583252
9.041278839111328
11.206270217895508
7.411343574523926
11.775136947631836
11.315278053283691
1.027289628982544
11.831153869628906
11.465718269348145
11.279768943786621
13.03568172454834
9.242974281311035
8.058113098144531
10.349554061889648
14.39476490020752
12.143613815307617
11.819958686828613
23.880273818969727
8.053498268127441
11.421747207641602
0.5928320288658142
12.77640151977539
8.487566947937012
8.894492149353027
10.575181007385254
13.984617233276367
9.359502792358398
7.606844902038574
10.236781120300293
8.534722328186035
10.539857864379883
12.043286323547363
15.941490173339844
11.434792518615723
11.273301124572754
9.481184959411621
4.452979564666748
1.1180007457733154
9.698992729187012
9.268078804016113
11.952446937561035
6.613475799560547
9.073102951049805
8.36788558959961
8.705821990966797
10.84936809539795
6.7777276039123535
11.888425827026367
11.017550468444824
8.760529518127441
10.755378723144531
8.900054931640625
9.919217109680176
8.845423698425293
8.825281143188477
10.368867874145508
8.799996376037598
7.695259094238281
12.715909957885742
11.767333030700684
11.056342124938965
8.96018123626709
10.160216331481934
0.6986045241355896
10.741303443908691
9.3916654586792
7.5697712898254395
7.476260662078857
8.444291114807129
2.525054693222046
5.753281116485596
10.265583992004395
5.604187488555908
10.031423568725586
11.343164443969727
11.028295516967773
9.845328330993652
11.2040376663208
11.959924697875977
7.86155891418457
8.497418403625488
9.315464973449707
8.473488807678223
9.161120414733887
13.039281845092773
9.565200805664062
9.905668258666992
5.833151817321777
8.046993255615234
11.58749771118164
13.020356178283691
9.456318855285645
9.959755897521973
9.029801368713379
9.421000480651855
10.215085983276367
11.772017478942871
8.533784866333008
2.7309489250183105
10.712709426879883
11.326010704040527
10.376363754272461
9.652414321899414
10.88494873046875
11.634187698364258
10.530852317810059
11.306402206420898
9.409847259521484
9.016487121582031
12.819570541381836
10.67569351196289
5.49399471282959
7.219250679016113
11.744105339050293
10.087727546691895
7.9542765617370605
10.381104469299316
9.740557670593262
9.097923278808594
9.829005241394043
28.428865432739258
11.132861137390137
8.430521965026855
8.008255004882812
11.342114448547363
9.823421478271484
5.6919355392456055
6.239032745361328
11.987303733825684
9.728854179382324
10.45354175567627
13.041417121887207
8.450285911560059
12.742173194885254
9.688237190246582
0.269875168800354
8.800253868103027
9.290278434753418
8.316515922546387
10.585442543029785
9.775723457336426
9.591194152832031
7.877507209777832
9.247544288635254
11.386092185974121
6.549892902374268
15.66933822631836
9.228431701660156
6.815969944000244
11.192105293273926
2.008453607559204
7.228115081787109
10.069337844848633
11.087265968322754
12.586318969726562
8.997294425964355
7.840615749359131
10.029870986938477
9.990948677062988
10.661334991455078
9.469396591186523
10.027992248535156
11.562935829162598
10.322805404663086
10.435741424560547
10.350828170776367
12.328279495239258
12.517838478088379
10.926604270935059
7.888185977935791
10.500407218933105
1.0261527299880981
9.913477897644043
9.567646026611328
7.920106887817383
7.411988735198975
9.347441673278809
8.952921867370605
10.509385108947754
10.008979797363281
11.87158489227295
12.502462387084961
9.504484176635742
10.064159393310547
8.7412691116333
10.37463092803955
2.6592166423797607
10.453778266906738
13.683853149414062
8.62515640258789
8.989928245544434
11.049036979675293
8.139166831970215
11.006208419799805
9.751421928405762
10.826211929321289
8.815711975097656
5.3519697189331055
9.19303035736084
9.467373847961426
7.302854061126709
8.044644355773926
9.597392082214355
10.518217086791992
9.220963478088379
9.783231735229492
4.9387311935424805
6.1334733963012695
5.394217491149902
10.32371711730957
7.041333198547363
8.2972412109375
10.88063907623291
8.093451499938965
14.517443656921387
10.746459007263184
11.092840194702148
10.364027976989746
8.405583381652832
8.909950256347656
9.816732406616211
8.036422729492188
8.576674461364746
11.818892478942871
5.3919782638549805
10.1952486038208
0.27837517857551575
9.41435718536377
10.066508293151855
8.038158416748047
9.338922500610352
7.507566928863525
10.066779136657715
8.603504180908203
7.70695161819458
9.291131019592285
10.991742134094238
20.96934700012207
7.815578937530518
9.522343635559082
10.126794815063477
11.602140426635742
16.392675399780273
12.186531066894531
8.981432914733887
10.229368209838867
11.991276741027832
8.297850608825684
10.928898811340332
