2455.956641501047
3027.0435224747753
3552.062921201173
2846.620149371303
2597.6774228355894
2736.4427321221865
4964.814880171303
2698.6055342035697
4585.516852772414
2949.07862698214
2454.665004744613
1886.2847460769763
2469.5379198752403
3758.7584828284635
4127.379694451016
3181.1034715974297
4097.067276310703
2022.1259485306261
3514.2363742213975
4925.370894873326
4396.834003994856
3259.6827534720724
2894.6118344247643
3092.8861718772314
4034.3158230872314
3894.9227554646677
3093.5098158996034
2991.164929867906
3348.0793568803433
2612.574712572214
2103.3561544409617
4318.22212538825
3520.4906616513886
4731.340441852983
1963.467463965901
2246.0741855314554
4227.645507892371
1250.8482915849206
4150.289570757821
2567.7476276706243
1764.602777669066
1333.9542226644855
3225.296303475884
3232.4695777278325
3158.0765964020256
3802.4138692957
1615.52332351626
2652.400724425331
4250.105912400715
3264.9378388876603
3777.9393685998652
2815.3856285407937
2513.29481550148
2833.822886141535
3339.2484872819614
4451.268522980323
3430.921071957601
4360.65463979009
2973.3828253809365
4484.462623036412
3775.241418124796
2493.364824747016
3433.8658240368795
3337.090880481849
2433.9867455391486
3680.925028181309
3251.040984457127
3376.132573544643
3480.2544671417527
3157.5702916398213
4484.907354892946
2355.8767159347735
2200.9210444888768
2431.0533497740407
3163.516758904313
2664.2462456560606
2382.0062718634485
2789.985445802242
3512.981333538597
4149.4965220927315
5804.644665794514
1982.4660256652232
3865.1261382001276
2998.4338078154256
2422.6865317228
3831.2448108509057
3264.820680425445
3441.346932609451
4685.852032119191
2914.2467634463815
3610.5162004539616
4269.5760991006
2394.177190235547
3850.3262587720287
3009.981009020864
3459.181525507136
1875.1949652743785
2544.166667133604
2514.0870675831056
2983.4412504922043
3673.4911000394864
4345.687124466047
3942.9809258092114
5103.822061942362
4570.725122288381
4039.408586461403
2541.2103599569023
3191.6563190573515
4510.976373773841
4133.561247659788
4688.540734721089
3442.7514345632635
2746.949092889602
2722.3680545978027
2693.9748618912095
3247.7917532768415
2531.6292991628293
2117.451240538466
3641.831281733731
3464.610190246803
4030.521840915001
3117.4704982109906
3682.887188272479
4493.9197149950305
2660.2611244945074
2506.779578743082
3134.310970104754
2910.020538319035
3072.297479804324
3527.2262798926217
4289.704085897434
3964.924490915787
3864.7885212016645
2717.9594817554403
3873.767808257039
3092.988446585462
2644.4266566235765
3294.5319731408085
2522.6380993419084
38.69986565779526
4701.431023496626
3283.107737051616
3441.731841863965
2623.9928092447526
4086.0288779204534
4348.825485877328
2884.5432485291403
2566.226894825128
3097.71544379666
2725.257405856272
4951.324404847531
4049.4133153523717
4102.512075820111
3274.7403533058896
2272.3083754607237
2337.264329038358
3569.883056301332
2124.619915011068
2261.1460642367742
3685.603962417151
1987.7746631900468
3857.0978733674606
5505.308659608646
3369.2980059005913
2845.8196452684087
3779.939759787597
3509.407081923634
3329.185017828163
4122.3466545193205
2956.271860782958
4025.5880103858267
2358.717399219018
3550.3440282753536
3398.7028331148445
1519.3681981185277
4716.703217978893
4425.885661063447
3033.9931943260885
4960.18896975386
2779.8419715973505
3483.1428293419403
4693.284726408376
3977.623528884528
3264.8258729060367
4502.94820598464
1324.0333966696087
3318.355150527634
2957.4848077295323
1939.2890039044644
3965.9093930624786
1726.9906444182254
3225.887309013089
4323.936225040254
4392.079298434876
2571.449312810588
2465.7054961764698
3212.488876973143
4122.953547092432
4080.8512660139017
4713.749113997722
5090.134847031796
3123.7646598560045
4483.32742687672
4424.875018207214
4681.915012457041
3177.550059690684
2590.9280928162516
2555.2334771991023
3977.376753970002
3918.078117809911
2456.4599367035808
3455.5612368117327
4706.881033376694
4114.166454040763
2429.715707833232
3164.038282694034
3685.64685368758
2854.730484709199
2764.882736874337
4012.521851924767
2607.734920484179
3833.7344841374393
3906.347629706652
3144.0121887676614
1877.2743965418033
3270.6701057023015
3953.203904821836
2562.8709495386283
4067.0644254511412
4376.967876141146
3845.0294472267974
3584.1844363220757
3554.46248693251
2165.298601378115
3063.158307408331
4252.426709349755
1999.4402528893293
2757.049820462523
3008.66298428814
2335.5907615345477
3063.9914312965147
2627.1479992066133
3298.251720375128
2554.1240564100112
3610.2447128316694
2873.926543848228
2638.085126231335
3499.659411197123
5278.074257691301
2809.2613388443283
3105.6805543512583
3411.6790422325644
2390.624125563805
3370.3914613984107
4350.616605963413
3838.467443982592
3923.9949516626953
3784.8472803070595
2380.2496189398853
3553.627990258477
2464.415628374763
2056.374691727547
3882.8122937235253
3212.289114846659
4250.602704924268
3046.2602923518584
3627.471741069785
3223.2613227610796
4505.536845823558
2965.7414246383387
2591.1978367741513
2396.129872238952
4204.803715021318
2772.1060682187544
2649.859739418806
3437.0636749608007
3208.6351284447046
4075.8908506393745
2805.019832025134
2998.6659510145855
3186.0883865999904
4748.793074862933
3580.100032878114
3197.256564219362
3801.9885019523676
3931.511025729119
2400.0296595185505
2777.580084480664
2872.4728298182495
903.2754419526188
2267.6384958988306
4518.1847731751595
2246.8755229269277
3929.8157321188314
2526.4532999126304
1590.7002360505717
2824.8958108212987
3891.2668940963117
3390.6904320134295
2173.7698634901385
4639.165478540017
3332.0713974501477
4589.906171885765
3387.1175847844906
3134.7650812029965
4040.3222818060617
3318.575563541987
3430.9777249641584
3912.1387879295216
3416.844188605712
3753.3190103988563
4239.237260474893
2614.7766351480564
4566.373704032486
1447.0925028414824
3360.8110174431185
2391.097260487786
4305.947122346036
4127.666447344829
2891.430746938494
666.7154952733941
3262.8469174677293
2347.000573989228
5087.352417845866
3559.7177588797363
4720.429066184473
3491.531116267632
2640.3533770221056
2834.6158029507487
4061.149295794598
3016.817299057149
4690.154407518405
1932.284644851194
3921.7101943391694
2987.8534081723424
4277.072742617246
4057.692430414455
3334.6431357346764
2143.0920276549678
3985.8704971550296
3387.124725359525
3829.993985355253
3929.890469514521
4150.498023553037
3769.3960381691886
2952.136458883835
4013.5602955381232
4696.386063910742
3202.4081471940917
2161.992305467217
2643.6472116560326
3306.5871049735406
2721.679803114603
4677.561232750647
1621.3156512624184
4245.70040499524
3903.9741606794855
2259.8496475884986
4174.271330012432
4401.0017910939705
3511.4714707007092
3905.353495395428
2330.106693083748
3778.2272067130634
2133.720639414866
3035.900096156482
4723.853155635244
2077.808478177366
3399.3548302973877
4026.6430753879226
3227.9932888314706
2925.407827269662
2764.5653095689963
3404.3266442125346
3890.171503680141
3825.4470145486102
3759.268905961441
2465.942371217215
2820.4204540428536
2577.9615868125443
2758.61666113282
3680.9266541993698
2803.4366065978356
2608.994126126663
3809.042013731107
3533.901039068761
4292.081881595909
2095.0992616458516
3067.4216393283464
1382.765167677047
4078.4925759238204
2621.671135103299
4809.061136966132
3775.064949803411
3178.911164607634
1829.523998403123
3443.25334796635
3845.6296708053014
2743.852466089481
2666.366886657715
2464.4884066301292
2997.443674990952
3670.895836204616
2126.703742602711
3801.6528152825686
3234.489954236492
3660.5433627628936
3006.512955642005
3353.9062412687576
2710.6105733177847
3710.201696790147
3239.461566799454
2996.8636792679144
2526.4083221820893
4609.518688754336
3801.8976712058325
4464.156496469429
3725.051207132831
4565.497471219971
1456.0985100387263
2939.4462068653643
3093.205349259828
1927.8594897361902
2646.022007774817
4297.99570985589
2370.1953773802416
2983.5137653189995
4376.869445184247
2657.493112678995
4675.136922146193
2521.100678914373
2341.4115996507107
2957.976054874141
4508.242980022418
3185.342389465574
1768.4461808603985
3289.905229564315
3457.8095360349585
2137.280281350364
2702.7093051999213
4045.9242528397176
2595.924320035591
3334.953816653833
3986.9699310757514
1901.7742142784791
3484.2668772830757
2895.6200957977976
3533.7854256662536
4117.768651258944
2126.7423917475085
2830.150478140148
3097.8052959641655
3679.1462883493396
3277.6073655322916
3377.614044095706
3949.8816448978864
2717.5427616816764
4174.429016428345
2316.072883097045
4602.650552303321
2634.6677670418644
3555.566860918903
2422.8017540584797
3994.52429267197
3258.1326155954207
3632.4024671232246
3495.5597456834475
2853.608675295868
2622.9739272483835
4780.0704649582285
4167.041975475195
3784.2479586344375
4131.679452451671
2918.512387273722
2513.581975225136
3269.9245363895748
2473.485853119175
3245.6591705878136
2914.4552436006493
2848.5671297196704
3675.2397715115767
3796.843471403337
2599.954051286953
1729.3475386677692
3623.7307686631816
3661.2080276905226
2673.713942090869
2301.996203834838
2888.9577746717887
1919.2747982887768
2973.4354260570103
3434.647958717665
2102.4169058619464
2586.4496666543328
3376.8485837418107
3021.407550468795
4255.310408929089
2962.2275754294956
1976.2857377796126
2673.0706303121033
1958.9038224252197
1868.6157417065178
2564.755620670923
3715.909316511338
2295.341426395217
2950.3417406410313
2368.68171929273
3180.6450550389327
3605.6621305357453
4167.457316941038
2708.2140773856545
2570.1119126843855
3051.9759266610845
3160.3518709734367
3140.4956915142266
2392.561754871233
6007.146434146762
3072.793202777465
3974.427222507529
1428.709811018149
3023.4251885683325
3718.7369312991977
4753.849113848533
2905.6862333646554
2973.1215346575646
2896.713908510245
2458.5825708345255
3055.029780768579
3628.641871536589
2193.4732476043555
3738.346360562282
5368.566331305873
2871.37116745984
3196.8622297221045
4544.326868933486
3381.0662405841167
4089.1068519948562
3336.809356916974
5574.835863661424
4482.117410217572
3219.263367476276
2386.298089455907
4145.422075368676
3423.2927329706945
3900.829191424022
4183.419827139868
4033.178522541548
3433.954862702845
3152.196205356495
2838.789520364145
2281.943411828397
4097.525259576132
3158.869327681416
2916.8392548824286
3789.5519232430725
3141.3002235161816
1826.119592602975
3372.840908494465
4694.6064256094
3608.5782003145823
1899.8914654133303
5305.966606472241
3604.8295148907027
3623.243193948475
4293.680557002007
2685.4237172322296
3572.8808344188024
3749.0806315776426
2992.005972741537
2987.7456777434095
2557.526659717141
3581.8514643488925
2480.073243705313
3541.1997982891785
2732.788109585333
2930.0553981855496
2647.7503385514833
4150.149867852235
4725.252905077309
4473.397200840669
1983.641163992741
3469.0391451676483
2316.580982435875
3066.3142316439535
4029.8053531517185
2714.8458992619776
2899.1840253475557
1619.1468602018713
2747.4175838544543
3751.172500368158
2897.3762929311924
4522.56247637863
4132.623024441054
2881.146365392943
3442.925269550224
4887.108780231055
4203.10320810208
3455.35295017596
3561.3085593309197
3829.3048081704123
4682.075616401059
3421.6583032860885
3528.103473014321
4472.525885729207
2069.6494873851557
3213.985166949928
3666.1812206223126
3187.1628312475136
4514.712796534888
4024.2357079561193
3301.074118869052
3959.468820783537
2539.5157017297197
3703.491011796512
4825.657750522059
3432.4550640679695
3526.247270370961
3331.6727370095145
3925.708542320987
3758.831559549681
4594.9635113800505
2500.78645202464
3395.6644341213355
2995.7225165463483
2391.7999793791864
3113.6074025806756
2156.6321203179837
2974.8951314818273
2353.4029340018938
3736.5026455706093
2485.4328622350704
2970.976373763165
4138.406757343256
2579.651573548637
2510.4734779906885
3531.7033232838485
2815.060342927078
4714.601943420555
2326.71063943757
3963.656292029772
3217.5405676503146
3084.5190124753863
3226.9716914173005
2895.0943979141866
2982.600302082626
3531.3534755985866
4586.990131409488
2190.6508139621656
4551.550254725658
4229.7338632788305
3007.723803089066
3973.0599929606806
3436.454818176788
2808.7236294628656
4677.486431376615
3922.693792447111
2187.8769293015484
2878.8247958383517
2486.803617563288
2500.9427464509354
2831.989937588501
2763.9814105594387
3366.7809920044324
2864.2097401911847
1959.2164344079551
2334.4564567261177
3781.816643075823
4905.971741439506
3661.122538956888
2986.14827090939
4375.783139624936
3565.9933851252435
3377.2569873748575
4107.613139429348
3760.6272881022896
2008.5834661157908
2808.0982462969864
2630.6044072930295
2732.8663548003833
3294.8712581191903
3906.767920402434
3856.225070890656
2850.246017291633
2329.068049219844
4247.664590308576
2507.5634773818256
3029.18592099578
1934.5218029796931
3279.9384746318215
2396.603035091793
3532.6866109638713
3685.476871419564
3488.005979118243
5426.182813694043
3882.6799148154964
3068.5061691141645
4153.6990813386
3759.9178935807518
2969.2445202067333
1524.1717776377066
4047.701829184124
3017.414765498739
2671.9711528027447
3323.0011610857714
4518.072407962701
3543.12919921247
3492.7170206068968
3895.5172664508273
2716.0934313739335
3512.3723904482135
3544.2140646603616
3180.4729827846973
3814.0450430114065
2358.91656119048
2376.3434945699773
2111.3307857469413
3088.7835744427575
1685.3058280177515
2118.001304734977
2799.8433391112226
4075.1720792071565
3914.01286517009
4081.405188243808
1650.9788613154624
3942.8332111157215
2400.0012190044563
1935.29456651326
2897.7607480965
2735.8627346826756
2319.0732206003313
2409.6922042123197
3687.6719919227294
3833.5083787340136
2544.0765977479605
3236.478725569522
4523.183139548857
2830.0753626121073
5987.198598115436
2836.894887136729
2493.587327092432
2788.7205731393738
3585.703614239708
2246.3841736402214
2581.731937779804
2723.583447326076
4953.251922051543
1419.9007245820212
2654.121074011736
4301.0266437764585
4655.597653789783
3026.809053404472
4367.813644714778
3876.945766447659
2097.349824456062
4420.72250503476
3578.1455698773766
2546.376922953292
2522.809684544524
1991.064933520521
3776.9119228585278
2815.2623257352443
3978.8447762005067
3337.5078580821746
2900.6751398670735
1924.9833054525777
3378.948453379033
3204.1013662435203
3591.957879099341
3803.8436785919107
2918.783027343153
5317.138250649368
1849.0344023681562
3346.1014941533795
3306.9573853163806
2565.253709175157
3183.1434273728173
3393.269593979129
2338.320114188238
2655.8448243927855
2931.0903208750665
4123.9063266424255
4059.0069071085586
3407.5528423691017
3868.961431658015
2741.103927374033
1548.3079141335213
3471.0326337709994
4197.542508866347
4076.8953250910554
2369.3305380359957
3508.0751616638095
4241.605295342607
2907.804300087392
5184.5223314027
5132.163494321706
3691.0133025747296
3729.5198053685854
2816.8893765959256
2102.6086331022075
2745.6104444523626
3018.232516866875
3516.8922455032566
3849.5848043924957
3010.9445026903654
4549.354487254996
3351.753458128385
2302.2567230703667
4095.166317960061
2756.4331515240406
4044.5963818423907
3620.90873980054
4332.0539763665065
4189.99844743117
3874.5987889311195
3386.752810457959
3900.4383861586575
4041.01399221977
4218.304758945047
2002.1040809700671
4094.349428082697
1735.8580454683286
3080.557004962107
4277.686214454191
5505.8167035246
2975.2645243861116
2437.4615864879247
2714.126385551722
1972.1995438713661
4388.084505869823
2513.9303186354127
3016.885979874012
4397.484458850332
2726.646572530685
2583.827103936807
2798.1620803611117
3940.1210800432286
3023.171390943033
3332.872971587411
3322.0700802680153
3924.3983524640644
4199.343783727164
3026.582810189977
3902.2130003571283
3459.0221031378765
3381.1975678778417
2517.757667749512
2685.8601677138877
2691.7063861406486
3181.6241657239484
3253.69187548429
3889.940569676408
2592.4291326919674
4480.173668051183
3114.1828817445526
2832.483655880354
2318.6557367385285
2822.1886511982543
3985.229859353473
4253.105097535899
4518.866694348535
3785.090639399158
2894.7477033586815
4064.6212535668833
3345.220177003021
3081.540418295673
3058.186534217557
3229.8320963270967
3164.3041427900816
2212.0791966806164
3196.040189177072
4188.104029716112
3158.1540232146804
2048.4909441928075
4307.527633749752
4575.775155333642
2525.3717103174895
3649.6284265302925
2208.31830956193
3886.584542403986
4087.0947283102723
3299.3617942726814
4482.191267699869
2145.8403564298596
3316.808039214847
3272.9954231268175
2826.3039921477703
3586.2971787299443
3916.5385342569675
2780.592772597603
2461.688157968686
3344.850428017189
3922.471338149881
3931.0853423636486
2231.7673113718542
2655.12120879221
3743.6080702601494
1730.41814075963
4386.020341774002
3390.949836565964
1540.3876802454133
3802.260172303588
2881.0007456768653
5036.284859974338
2732.0803891949586
4115.493795372675
4547.702257383635
2595.197102245667
3046.9719048132856
3347.0305668840037
3875.039804184122
3905.8943262667212
3269.8631725190203
3661.7937362971365
3386.14132283451
2939.158084936346
2513.7094554161295
4857.835331683717
2157.2359225479977
3821.7160965439807
3415.005057612495
3843.927610954864
3790.573566344677
5191.6611194887655
4338.5816056658705
3996.293199022807
4114.20521917762
3493.5754568496463
2744.6148170243387
4659.287530383466
3087.8391455929527
2910.1178605545156
3253.9247481400726
2722.539030049993
2869.224936244175
2887.1278756597085
3963.852797941449
3796.138949509618
3444.418604238084
2555.188245744658
4174.589108975435
2331.725546883188
4508.919738038307
4031.4892940875943
4108.5070542679505
3010.4326760916006
2791.3843849942496
3184.4398235315257
2947.4661127139234
4503.126018228572
3286.675307744296
3769.201356915501
3027.764533348159
3618.8803840403966
3232.5430267639526
2393.099476147742
3491.70121139888
3180.650973483433
2980.4813901699204
3110.3200139702512
4221.824299685966
3316.4474490975267
2494.7706893459313
2540.8416594385526
3986.78947856762
3211.3030556072963
4422.849404013952
3993.4480983956437
2713.9534571013305
3566.567776088837
5098.380595586735
3746.956797627567
2338.710722470214
4682.8609069065815
3154.622101903197
2863.7609984931405
3213.61976848102
4889.164283912477
2450.3251953131835
3252.7559144376523
3475.962548743541
3076.3514162270835
3110.6125533685517
2729.9482344201538
4385.347786022985
2415.840600790792
1467.9131905261986
3622.3253330103366
2549.589796446656
3918.846616199314
3445.7326160739126
4755.471494999099
3523.315129905811
4405.525785841203
3859.9927643150863
3631.603109970718
2413.3707619195598
3192.6738721525003
3465.838763377509
2816.6253020505783
3048.9432028937526
