3.434110403060913
2.49642014503479
3.0583560466766357
4.445350170135498
4.257094860076904
2.510145664215088
4.969261646270752
3.985065221786499
4.533267974853516
2.7606141567230225
3.506133556365967
6.113203525543213
3.588768482208252
4.326299667358398
3.5306670665740967
4.071934223175049
3.9945926666259766
5.725438117980957
6.699012279510498
4.5283122062683105
6.339903354644775
2.7804617881774902
3.6685471534729004
3.246406316757202
3.9447810649871826
4.533846855163574
3.3802671432495117
4.406764030456543
3.5077970027923584
4.382352828979492
5.457129955291748
2.4820642471313477
4.672518253326416
3.95918345451355
5.426064968109131
3.730952739715576
3.9530041217803955
6.092889785766602
7.520806789398193
4.93203592300415
3.494480609893799
4.812986373901367
10.667061805725098
4.204294681549072
3.645904064178467
3.3043389320373535
4.355940341949463
3.4886984825134277
3.341519832611084
4.426933288574219
3.305063009262085
3.7881219387054443
4.842635631561279
5.965911388397217
4.5114665031433105
3.3260107040405273
4.820529937744141
3.98287034034729
3.971139907836914
4.270676612854004
3.2304582595825195
4.5936737060546875
3.4360735416412354
4.883855819702148
3.3217341899871826
4.55369758605957
4.820126533508301
3.2952120304107666
3.445079803466797
4.315864086151123
4.3274245262146
3.615506649017334
3.995694398880005
5.480413436889648
4.156533718109131
4.45939826965332
4.311830520629883
2.08905029296875
4.014846324920654
5.325747966766357
2.828003168106079
2.4618642330169678
4.338334560394287
5.475917339324951
3.1062655448913574
5.249797821044922
2.6519813537597656
5.947228908538818
6.1102375984191895
2.491663694381714
4.77280855178833
4.835171222686768
5.598524570465088
5.307346343994141
3.982625722885132
2.803485870361328
4.259974479675293
4.369853973388672
2.966135263442993
2.5388247966766357
3.6040842533111572
6.086363792419434
4.037082195281982
3.370582103729248
4.38869571685791
4.475536346435547
6.096616744995117
3.8381905555725098
5.196142673492432
9.191147804260254
4.52587366104126
1.3627967834472656
5.026022434234619
3.002608060836792
4.582293510437012
3.673207998275757
4.729249954223633
4.047834396362305
4.57400369644165
5.469344139099121
3.6422650814056396
3.2489964962005615
3.302616834640503
4.810288429260254
4.373528957366943
4.368637561798096
4.933286666870117
4.618977069854736
0.8895846009254456
3.1193885803222656
4.44992208480835
5.434004783630371
4.060412883758545
3.219435691833496
4.729883670806885
4.883722305297852
3.777935028076172
4.707699775695801
4.070286273956299
5.980741500854492
4.864778995513916
3.731682300567627
4.440762996673584
7.039647102355957
1.3648216724395752
5.731838226318359
5.263575077056885
5.237575531005859
4.79217529296875
4.945669174194336
4.6601881980896
3.607360363006592
3.4958336353302
4.572431564331055
4.992166996002197
4.384799480438232
3.947003126144409
4.983981132507324
3.3557019233703613
4.078996181488037
6.493846893310547
4.053945064544678
3.3726282119750977
4.87500524520874
4.935500621795654
3.2891476154327393
4.516633033752441
9.859058380126953
3.9368574619293213
4.020349502563477
4.281401634216309
5.182504653930664
3.68833589553833
4.842498779296875
4.978638172149658
5.991021633148193
5.074433326721191
4.692027568817139
3.927030563354492
4.512885093688965
3.8540091514587402
5.973609924316406
3.868260383605957
7.5688934326171875
4.271265029907227
5.268941879272461
3.389545202255249
3.762343645095825
1.1866732835769653
4.299655914306641
4.503242015838623
5.317150115966797
6.5768141746521
2.9617760181427
3.3243184089660645
9.347469329833984
4.896122932434082
4.0486555099487305
3.235677480697632
3.6630070209503174
2.9192285537719727
4.057535171508789
3.618034839630127
3.78230881690979
4.872299671173096
4.734310150146484
4.586555004119873
4.44847297668457
6.311589241027832
4.016449928283691
7.811523914337158
4.443947792053223
2.626037836074829
4.698390483856201
2.41252064704895
3.291134834289551
4.55674409866333
5.419053554534912
4.0439958572387695
6.976716041564941
3.5701987743377686
4.817078113555908
6.629775524139404
4.0236053466796875
5.1124677658081055
5.5899810791015625
3.9224255084991455
4.251039981842041
3.908602714538574
3.878788709640503
3.8584353923797607
5.641352653503418
3.7092254161834717
4.482471942901611
4.6060075759887695
4.282097339630127
3.3815670013427734
4.358975887298584
4.350301265716553
4.730385780334473
4.9922661781311035
4.712365627288818
3.3634023666381836
5.423274040222168
3.3350377082824707
3.8353376388549805
5.813168048858643
2.9221701622009277
4.541260719299316
0.9708230495452881
3.8423233032226562
4.690692901611328
3.29468035697937
6.177613258361816
10.82543659210205
4.224651336669922
5.107725620269775
4.888631820678711
5.961761951446533
5.296454429626465
4.224325180053711
5.773694038391113
5.042356967926025
5.682835578918457
5.385407447814941
4.04504919052124
5.061346530914307
5.037274360656738
3.3990886211395264
4.84342098236084
5.685568809509277
4.916906833648682
5.072408676147461
5.033247470855713
5.249578475952148
5.864866733551025
4.459658145904541
5.084238529205322
4.382711887359619
7.144265651702881
5.568462371826172
3.2596282958984375
4.308924198150635
7.011656761169434
4.01791524887085
5.746886253356934
2.8338327407836914
3.872352361679077
5.295250415802002
4.236271381378174
2.9341890811920166
3.4302518367767334
4.372546672821045
2.263645887374878
3.2715888023376465
4.689206600189209
4.168802261352539
3.8037571907043457
5.076670169830322
6.0854034423828125
2.9585087299346924
3.987117052078247
3.1890108585357666
3.8992819786071777
4.223283767700195
3.4291932582855225
2.993849992752075
32.46457290649414
2.2506959438323975
5.868835926055908
3.441239356994629
6.63498592376709
6.418534278869629
2.8361923694610596
6.507102966308594
2.7290141582489014
6.327921390533447
5.634180068969727
4.429642677307129
5.1533732414245605
3.659686803817749
4.10787296295166
5.062627792358398
3.866647958755493
3.6863369941711426
4.378807067871094
5.26977014541626
4.369475841522217
4.934474945068359
5.225944995880127
3.9354312419891357
3.848461627960205
4.812549114227295
4.986157417297363
5.193212032318115
4.8641037940979
6.207054138183594
4.868464946746826
1.1217222213745117
3.178036689758301
5.956671237945557
3.1175484657287598
5.62893533706665
4.621278762817383
5.222991466522217
5.460042953491211
3.4457321166992188
4.191565990447998
4.423295974731445
5.086875915527344
0.732620894908905
3.8637990951538086
3.2797255516052246
4.5972394943237305
4.108299732208252
4.247467517852783
4.239245414733887
5.885966777801514
3.7490763664245605
2.7852895259857178
5.322439670562744
3.4731345176696777
5.517276287078857
6.379813194274902
6.439551830291748
4.276474475860596
4.394050598144531
4.23110818862915
4.849167346954346
3.664634943008423
5.156569480895996
4.454220294952393
0.6238217353820801
2.397239923477173
3.7139055728912354
3.520033836364746
4.144728183746338
4.756141185760498
6.901401996612549
3.7170121669769287
4.862117767333984
3.9052388668060303
4.5301923751831055
4.937933444976807
4.1297383308410645
3.8289968967437744
5.2886576652526855
4.298746109008789
4.224286079406738
4.964212894439697
4.672641754150391
4.908349514007568
20.148744583129883
5.215729236602783
5.610203742980957
5.28887414932251
4.100843906402588
4.228243827819824
7.361606597900391
5.284773349761963
3.8386428356170654
4.713529586791992
4.43785285949707
6.6029052734375
2.623248338699341
4.866591930389404
6.067734241485596
3.547231912612915
4.534680366516113
4.041257381439209
4.832716941833496
3.3460142612457275
3.771725654602051
4.853100299835205
4.493393898010254
5.32667875289917
6.994892120361328
4.713500499725342
4.137517929077148
5.261650562286377
3.626384735107422
3.5181965827941895
5.256938934326172
4.348231792449951
4.479660511016846
4.253091335296631
5.093428134918213
5.763948917388916
6.5703325271606445
5.685808181762695
2.5509586334228516
3.477349281311035
2.1426591873168945
3.7483832836151123
4.988184928894043
4.055887222290039
2.4437310695648193
20.545867919921875
5.334895610809326
4.9950056076049805
5.04020881652832
2.8418991565704346
4.843778610229492
3.740814208984375
3.01847243309021
4.579486846923828
5.56683349609375
3.8163046836853027
2.4046900272369385
1.823583722114563
3.6346075534820557
3.6813619136810303
4.688159942626953
5.5317816734313965
3.0667660236358643
3.667795181274414
4.555721282958984
5.55205774307251
4.018613815307617
2.8400301933288574
4.20350456237793
4.140073776245117
5.464125156402588
3.5409162044525146
4.5508036613464355
4.480809211730957
4.8087568283081055
5.410349369049072
3.920121669769287
3.813328742980957
3.6674914360046387
3.73711895942688
6.150752067565918
6.4560089111328125
5.378278732299805
4.865992069244385
4.707991123199463
5.550269603729248
7.12901496887207
3.7081706523895264
4.362979888916016
4.776183605194092
1.6392829418182373
4.802009582519531
3.970271110534668
4.889639854431152
4.845861911773682
3.7378056049346924
4.89920711517334
5.839280128479004
3.742838144302368
6.579405784606934
3.398977518081665
3.5709996223449707
3.6898560523986816
7.541468143463135
2.7279458045959473
4.346867084503174
3.1257848739624023
3.3227434158325195
4.036123275756836
2.412792921066284
4.604482173919678
4.867818355560303
3.447052240371704
1.9376693964004517
5.541503429412842
5.157868385314941
1.0341548919677734
5.56160831451416
5.287777423858643
3.8746378421783447
3.8928563594818115
5.401947975158691
3.0654916763305664
3.74914288520813
3.984365463256836
3.267552375793457
2.0075552463531494
5.081989765167236
4.656169414520264
5.185065746307373
4.016620635986328
19.182533264160156
5.230831146240234
4.1014180183410645
3.963574171066284
4.760680675506592
3.553896427154541
5.523780822753906
4.405755519866943
4.079442977905273
4.239410400390625
3.67948055267334
3.849160671234131
4.1488142013549805
2.8812129497528076
5.822474002838135
5.5657172203063965
4.389935493469238
5.688485622406006
3.154811143875122
3.9529731273651123
4.399019241333008
4.246079444885254
4.132873058319092
4.5630364418029785
3.3869540691375732
6.067951202392578
3.9550228118896484
4.523793697357178
5.271961212158203
4.846124649047852
4.956526756286621
4.58296012878418
2.2185020446777344
3.9195218086242676
4.547842979431152
3.8091704845428467
5.686529159545898
5.520769119262695
6.337453365325928
3.91719388961792
7.167284965515137
4.499483108520508
2.6215415000915527
5.306031703948975
3.2094154357910156
5.862730979919434
4.350893020629883
3.755399227142334
4.417236328125
4.309678077697754
5.603041648864746
2.6905510425567627
7.281491279602051
3.98295259475708
3.864633798599243
6.139594078063965
4.197993278503418
3.110349178314209
4.297051906585693
5.889659404754639
4.111526966094971
4.885857582092285
3.759679079055786
5.218440532684326
6.2708539962768555
6.079206466674805
4.761091232299805
6.1932525634765625
3.8652851581573486
4.945148944854736
3.879154682159424
2.964996337890625
3.992558479309082
2.795215129852295
4.496798992156982
4.993825435638428
7.1225504875183105
4.3154473304748535
4.281335353851318
3.725717067718506
3.6362199783325195
4.460080623626709
2.099918842315674
5.222042560577393
3.269930601119995
4.091590881347656
9.48061752319336
3.8444442749023438
5.288956165313721
4.004175186157227
6.292159080505371
6.320113182067871
2.645050048828125
3.777097225189209
5.746297836303711
4.266294479370117
4.25433874130249
5.640439987182617
3.6593005657196045
3.492217540740967
4.020684242248535
5.584939479827881
3.8964455127716064
5.09039306640625
3.70768666267395
3.9688608646392822
4.503289222717285
5.179547309875488
3.9635941982269287
5.10711669921875
3.5351152420043945
3.400365114212036
4.319088459014893
3.208789825439453
3.8225860595703125
5.352650165557861
3.766167402267456
5.119731903076172
3.184084415435791
4.8221116065979
3.973222494125366
5.817746639251709
4.3830180168151855
5.168181896209717
4.2221832275390625
5.613015651702881
2.7540509700775146
3.8983166217803955
2.2569897174835205
5.737836837768555
5.719871997833252
5.302034854888916
3.6231348514556885
1.768168330192566
4.75399923324585
3.5026512145996094
3.8056976795196533
4.347102165222168
3.3695666790008545
5.292428493499756
6.7791361808776855
5.145986557006836
6.628940582275391
4.69816780090332
4.854712009429932
5.065213203430176
4.887032985687256
3.9799294471740723
4.9896769523620605
3.496812343597412
4.8477911949157715
3.0597567558288574
3.4000449180603027
5.404391288757324
3.2456881999969482
4.082172393798828
3.936406373977661
5.852663040161133
3.1063199043273926
3.7476112842559814
2.9331166744232178
4.850795269012451
4.080718994140625
8.623080253601074
3.946882724761963
3.7320122718811035
7.405396938323975
6.732407569885254
4.927041053771973
3.833420991897583
3.4740548133850098
2.929978370666504
7.077783107757568
4.541689395904541
1.3356457948684692
4.878018379211426
2.704183578491211
4.893979072570801
4.592437744140625
5.562324523925781
3.725508451461792
4.991890907287598
4.578400135040283
3.7350711822509766
4.339112758636475
4.8482513427734375
9.487128257751465
5.34535551071167
4.619922161102295
4.577510356903076
5.010255336761475
5.153476238250732
2.779762029647827
4.733234405517578
3.4932408332824707
3.7624146938323975
2.863013505935669
2.9495644569396973
6.837523937225342
3.653204917907715
2.9601902961730957
7.756503582000732
5.609133720397949
5.511096954345703
2.7527337074279785
4.5833048820495605
2.977004289627075
5.30057430267334
3.1328258514404297
4.855348587036133
5.018010139465332
3.995532751083374
4.30443811416626
3.4235880374908447
3.8928885459899902
3.5873546600341797
5.05982780456543
4.506292819976807
3.57285737991333
5.5131707191467285
4.260527610778809
4.836133003234863
4.079316139221191
5.498231410980225
3.3099663257598877
3.0814366340637207
5.047146320343018
3.4920005798339844
4.760956764221191
5.633172035217285
4.365036964416504
3.1667439937591553
3.357309103012085
4.550464630126953
3.9212214946746826
2.80623459815979
5.011744022369385
5.814998626708984
4.7968926429748535
5.785597324371338
4.942277908325195
5.500044345855713
5.920979976654053
4.046870708465576
2.8200528621673584
2.037980794906616
4.984964370727539
3.9144608974456787
6.0113525390625
3.23655104637146
3.0913875102996826
5.197272777557373
3.532689094543457
4.779894828796387
5.5147223472595215
4.311849117279053
1.1166762113571167
0.7775552868843079
4.398307800292969
5.175541400909424
5.02086877822876
4.101686477661133
3.2290146350860596
1.4345088005065918
3.146240234375
4.934179782867432
3.7694573402404785
3.644496202468872
4.681535720825195
3.783973455429077
4.034149169921875
5.71340799331665
4.443674087524414
5.434866905212402
3.9354336261749268
4.1512885093688965
4.569244861602783
4.241792678833008
4.749859809875488
3.8557162284851074
4.597557067871094
2.9319889545440674
5.267183780670166
3.134524345397949
6.807765483856201
3.435899257659912
4.767440319061279
6.695836544036865
4.739376068115234
3.6977508068084717
5.4865031242370605
3.5953328609466553
3.4886603355407715
4.094337463378906
6.940018653869629
4.102259159088135
3.694186210632324
4.328336715698242
3.9693620204925537
4.170440673828125
4.273791790008545
3.8145289421081543
0.7366687059402466
3.252840995788574
3.688150405883789
4.331352710723877
4.8465986251831055
5.07401704788208
5.465427398681641
3.7080698013305664
4.524177074432373
6.16752815246582
4.623829364776611
6.695826053619385
5.07792854309082
4.573237419128418
3.771822452545166
6.810166835784912
3.2103047370910645
3.865963935852051
5.8216447830200195
4.639801979064941
4.256551265716553
4.025747776031494
3.6767187118530273
3.6312596797943115
5.941638946533203
4.233633518218994
2.8827552795410156
5.150008201599121
6.459230422973633
3.6026735305786133
4.083083629608154
5.386664867401123
5.076396942138672
3.6055312156677246
4.723220348358154
3.721470355987549
4.637089252471924
5.291772365570068
4.053137302398682
5.535017013549805
4.64753532409668
3.4829137325286865
5.298847675323486
2.3338398933410645
4.34739351272583
5.332331657409668
4.815712928771973
2.6674489974975586
4.704355239868164
5.724240779876709
8.559574127197266
3.2015998363494873
5.641692161560059
4.648065090179443
5.850447654724121
4.584485054016113
3.7480478286743164
6.282702445983887
3.8077964782714844
5.002949237823486
5.4921417236328125
3.931251287460327
5.4029130935668945
6.876618385314941
1.7261273860931396
4.70142126083374
3.008061647415161
4.465988636016846
3.123826503753662
5.208559036254883
4.675089359283447
1.3334472179412842
3.8473055362701416
5.190347194671631
5.69943904876709
3.88340163230896
4.023743152618408
3.660158634185791
4.257317066192627
5.020545959472656
4.340448379516602
3.7229721546173096
1.5074081420898438
4.132858753204346
4.392630100250244
3.5726780891418457
4.050329685211182
3.399583339691162
4.303836822509766
4.929610729217529
4.058813095092773
4.317737579345703
4.445831298828125
3.3618180751800537
3.2525362968444824
5.96044921875
4.112583637237549
1.679078221321106
4.83110237121582
7.686463356018066
5.979208946228027
6.673083305358887
5.5303730964660645
3.766498565673828
3.552334785461426
3.963489055633545
4.7542266845703125
4.300320148468018
3.743715763092041
3.5105741024017334
5.015882968902588
6.078984260559082
5.236353397369385
4.808436393737793
5.091610908508301
4.009582042694092
6.37480354309082
4.818211555480957
4.050148963928223
4.363466262817383
4.763818264007568
5.709880352020264
4.431523323059082
5.922606945037842
3.533092975616455
3.440980911254883
4.012398719787598
4.960801601409912
3.890881299972534
3.5882256031036377
2.692967653274536
4.354167938232422
5.635413646697998
3.9553401470184326
2.7453689575195312
3.8780295848846436
3.7722432613372803
4.529661655426025
1.7363392114639282
4.477268218994141
3.6487436294555664
2.7616615295410156
2.836155414581299
4.936099529266357
4.331164360046387
5.494823932647705
3.565432548522949
4.331782817840576
3.3677899837493896
4.976696491241455
5.369409084320068
4.353607654571533
5.507542610168457
3.322885751724243
4.378352642059326
3.4714443683624268
4.030560493469238
2.8002262115478516
2.1286165714263916
4.081789970397949
4.057795524597168
5.9471917152404785
2.4047415256500244
5.315564155578613
4.101612091064453
4.63349723815918
5.004390716552734
4.05429744720459
4.9113359451293945
6.175999641418457
3.2738089561462402
3.4639945030212402
4.635550498962402
4.110442161560059
3.755707025527954
