1.6210728883743286
0.7579951882362366
0.7283589243888855
0.7278720140457153
0.6592759490013123
0.9486291408538818
0.7595694661140442
1.2588512897491455
1.0700793266296387
3.6555280685424805
0.9609726667404175
1.9065700769424438
0.46640077233314514
0.7937213182449341
0.8431528210639954
0.9587581753730774
1.8218824863433838
1.0217221975326538
1.1235078573226929
0.8361455798149109
0.8225075006484985
0.5318433046340942
0.5829125642776489
1.310138463973999
0.49914759397506714
2.2665958404541016
1.6107994318008423
1.0277776718139648
1.4898371696472168
1.1211234331130981
1.1470329761505127
1.5927544832229614
0.9284361600875854
1.2792655229568481
0.8172619938850403
1.834956169128418
1.178037166595459
1.1964775323867798
1.6253315210342407
0.40305835008621216
0.6155466437339783
1.5308024883270264
1.8430525064468384
0.6653734445571899
0.5554589629173279
0.5790532827377319
1.7796289920806885
1.0925047397613525
2.730388641357422
1.7807987928390503
0.8939796686172485
1.72446870803833
1.5251213312149048
1.2963367700576782
0.9955112338066101
0.7817488312721252
0.9810141324996948
0.40865451097488403
1.5370346307754517
0.31789547204971313
1.1803879737854004
1.3157542943954468
1.771856427192688
0.6900741457939148
0.7095619440078735
0.9787670969963074
1.408632516860962
1.9765827655792236
1.0315574407577515
1.3582288026809692
0.6303467750549316
1.9827518463134766
1.3373992443084717
1.309836745262146
0.8740526437759399
1.295034408569336
0.8610618710517883
0.534624457359314
2.1428396701812744
0.9693816304206848
1.4117265939712524
2.076550006866455
1.1622928380966187
0.46744656562805176
0.5312466621398926
1.104383945465088
0.5159820914268494
1.8164037466049194
1.504945158958435
1.4764820337295532
1.3915659189224243
0.6516298055648804
0.8112920522689819
2.065962553024292
1.8688108921051025
1.8068203926086426
2.058333158493042
0.3476462662220001
0.8017950654029846
1.0938109159469604
1.065155267715454
0.5618559718132019
1.530051827430725
2.308539628982544
1.214725136756897
0.7488752603530884
0.31295061111450195
0.7196634411811829
0.7258511185646057
1.2355802059173584
1.5271823406219482
0.9319958090782166
0.94902104139328
0.5633988380432129
1.6897464990615845
1.7128111124038696
0.8788845539093018
0.8770454525947571
0.9337295889854431
1.0944790840148926
0.8441950082778931
0.4689875543117523
0.6813655495643616
1.0369030237197876
0.8028712868690491
0.73012775182724
0.7652946710586548
0.8542473912239075
0.19876985251903534
0.9152438640594482
0.4847995340824127
0.8332805037498474
1.6620768308639526
1.384748935699463
0.36611196398735046
1.0332977771759033
1.2633813619613647
0.6557412147521973
1.1517486572265625
1.49423086643219
0.7666225433349609
0.3303361237049103
1.3242894411087036
0.9586613178253174
1.1339534521102905
0.11310765147209167
1.976428508758545
0.7893815636634827
1.0775482654571533
1.2109735012054443
1.269144058227539
1.3382443189620972
0.8497171998023987
0.3817284107208252
1.1344795227050781
1.071893334388733
1.732104778289795
0.5252807140350342
1.620288610458374
1.0114911794662476
1.2302098274230957
0.7562896609306335
1.0834829807281494
1.6897598505020142
0.8833332061767578
1.3179620504379272
2.2961792945861816
0.9082722663879395
1.0341967344284058
0.9725950956344604
0.9440100193023682
1.408799648284912
0.7679216861724854
1.6072231531143188
1.2508752346038818
1.4537503719329834
1.9179580211639404
0.9232832193374634
0.8153848052024841
1.2635008096694946
1.7997627258300781
0.6243901252746582
1.0605303049087524
1.078870415687561
0.6230676770210266
0.9589771032333374
1.6989893913269043
0.32266688346862793
1.5225802659988403
0.8938843011856079
1.6073651313781738
0.5153427720069885
0.48403671383857727
1.5613468885421753
1.264955997467041
0.46896892786026
1.1736295223236084
0.9722065329551697
0.9256173372268677
1.426844835281372
0.3750351667404175
1.1822150945663452
2.185051441192627
0.5245785713195801
1.541926383972168
0.388046532869339
2.5401272773742676
0.3343644142150879
0.9835164546966553
1.159226655960083
2.035923480987549
0.9103642702102661
0.4670121669769287
0.59300297498703
1.4459242820739746
0.698279857635498
1.0324863195419312
0.6579422354698181
1.0784555673599243
1.1207195520401
0.5236083269119263
0.5075643062591553
0.4774579703807831
0.5486531257629395
0.8328667283058167
0.4537227153778076
1.4632349014282227
1.109175682067871
0.3386143147945404
0.657332718372345
0.9999536871910095
0.9047289490699768
1.1202514171600342
1.2770171165466309
1.49062180519104
1.1111364364624023
0.9138294458389282
1.4586637020111084
0.8623701333999634
0.9035878777503967
0.6254550218582153
0.9083112478256226
1.6387733221054077
1.3563745021820068
4.068844318389893
1.382400393486023
0.9630417227745056
2.124854803085327
0.3851803243160248
0.7100116610527039
1.3437215089797974
0.0659366175532341
2.4309771060943604
1.0600429773330688
0.26685798168182373
0.9548157453536987
2.245339870452881
0.5366330146789551
1.0055650472640991
0.5637066960334778
0.9787225723266602
1.3889656066894531
0.9066200256347656
0.7755482196807861
1.1415013074874878
0.2760014533996582
1.2933145761489868
0.7460066676139832
1.7305023670196533
1.4119154214859009
1.520216703414917
1.1141061782836914
1.046966791152954
0.5923145413398743
0.6400228142738342
1.672338604927063
2.694636583328247
0.7983077168464661
1.5928938388824463
1.637714147567749
1.4913610219955444
1.2390118837356567
1.2512222528457642
1.8242886066436768
1.6725225448608398
0.6520722508430481
0.20670285820960999
2.0478174686431885
0.7675904035568237
0.37101882696151733
0.8023996949195862
0.6037870645523071
1.3844621181488037
0.9662402868270874
1.3752964735031128
0.7430000901222229
1.3389406204223633
0.3858219385147095
0.7435030937194824
1.4098541736602783
1.004752516746521
0.6069559454917908
1.4739551544189453
0.7395426034927368
2.433293104171753
1.5640463829040527
0.7035156488418579
0.7509156465530396
1.376782774925232
1.6003838777542114
1.2347723245620728
0.7165986895561218
1.4114633798599243
1.5131990909576416
0.5288555026054382
1.8858332633972168
1.5951719284057617
4.5354084968566895
1.245184063911438
1.6011419296264648
0.5677611827850342
1.3116631507873535
0.7903045415878296
1.9690746068954468
0.9405250549316406
0.534406304359436
1.0758236646652222
0.9958202242851257
1.2615547180175781
1.4059470891952515
1.2358590364456177
0.6848563551902771
1.6704918146133423
1.5864495038986206
0.8447341322898865
0.9072777628898621
1.7015403509140015
0.7413081526756287
0.5079065561294556
2.0478463172912598
1.1092662811279297
0.7974510192871094
0.44374099373817444
1.2555674314498901
1.751975417137146
3.9189400672912598
0.5473987460136414
2.251523733139038
0.7055334448814392
1.0837311744689941
1.1498403549194336
0.4771730899810791
0.7184875011444092
2.474794387817383
0.6756482124328613
1.598854660987854
1.2558470964431763
0.9070402383804321
1.3907780647277832
1.2842342853546143
1.8413355350494385
0.693291962146759
1.2485562562942505
1.440136432647705
1.4635015726089478
2.6223368644714355
1.0613399744033813
0.9758856892585754
2.0543465614318848
0.5815978646278381
0.5186774134635925
0.7583528161048889
1.4925527572631836
1.5172206163406372
1.2652662992477417
0.9382766485214233
1.5890270471572876
1.3368926048278809
1.445992112159729
0.8126568794250488
0.7338491678237915
1.173869013786316
0.7664682865142822
1.0746607780456543
0.6180912256240845
0.849750280380249
0.5730623602867126
0.6286832094192505
1.4174151420593262
0.25188568234443665
0.5265220999717712
0.5749872326850891
0.5460188388824463
1.274935007095337
0.37518325448036194
0.7812018394470215
2.5178256034851074
0.6497946977615356
1.0854501724243164
0.8814616203308105
2.098964214324951
1.6142901182174683
1.1154228448867798
1.6968337297439575
1.1964091062545776
0.9592893123626709
0.6283614635467529
1.7878972291946411
0.9349501729011536
0.5630425214767456
1.1437162160873413
2.018202543258667
1.6706221103668213
1.209848165512085
1.6303256750106812
1.2054630517959595
1.4325717687606812
0.3216075897216797
1.1868512630462646
1.3312976360321045
1.018435001373291
0.5996119379997253
1.0027693510055542
1.2720688581466675
0.4080618917942047
1.079073429107666
0.9382016658782959
1.953966498374939
0.9539464712142944
0.7233495116233826
0.6841838359832764
1.2589612007141113
0.8578112125396729
1.197792887687683
1.848857045173645
0.2739662528038025
1.0654305219650269
0.6470525860786438
1.4802714586257935
1.9291328191757202
0.7362692952156067
0.8546881675720215
1.6196650266647339
1.4346048831939697
1.0470715761184692
0.7387096881866455
0.7152507305145264
1.2029740810394287
1.6309164762496948
1.8691160678863525
1.1522313356399536
0.9478927254676819
1.0475671291351318
0.9048470258712769
0.7422758340835571
0.301648885011673
0.5571771860122681
0.49197641015052795
1.2513996362686157
1.2173140048980713
1.0807803869247437
0.8636125922203064
1.2155481576919556
1.3080018758773804
0.7324419021606445
2.517169952392578
0.2711353898048401
0.5962256789207458
1.2558649778366089
1.210426688194275
0.5686879754066467
0.9949051737785339
1.1676809787750244
0.49573814868927
1.0637842416763306
0.9473103284835815
1.3208951950073242
1.1185578107833862
1.0477395057678223
0.7688223719596863
0.4429571032524109
1.3866007328033447
0.8049448132514954
0.7189027070999146
1.9708760976791382
1.5712131261825562
0.911990225315094
1.5351791381835938
0.9704654812812805
1.0536162853240967
0.24044761061668396
0.48741886019706726
0.9255977272987366
2.059882164001465
0.43391114473342896
0.6588263511657715
1.643460988998413
1.7636231184005737
2.1709072589874268
1.0675348043441772
0.9373485445976257
1.947200059890747
1.0492287874221802
1.4784317016601562
0.9781641364097595
0.6959328651428223
0.6363255381584167
0.8591169118881226
0.4165446162223816
0.9827638864517212
1.3594902753829956
0.7381784915924072
1.4462205171585083
1.3154927492141724
1.2155473232269287
1.3459147214889526
0.991957426071167
1.3117433786392212
1.0980074405670166
1.8827815055847168
1.3465701341629028
0.4227670133113861
0.7355298399925232
0.3566132187843323
1.5636128187179565
0.84771329164505
2.592893600463867
1.5129987001419067
0.6816924810409546
1.0574699640274048
0.8520930409431458
0.7728474140167236
1.3965834379196167
0.8225433826446533
1.2450259923934937
1.6198129653930664
0.7937692403793335
0.849696934223175
2.4185972213745117
0.861331045627594
1.2140707969665527
1.0552175045013428
2.02837872505188
2.4045841693878174
0.44394823908805847
0.9791856408119202
0.8655364513397217
0.810868501663208
1.2590607404708862
1.285738229751587
1.600569248199463
0.9630916714668274
1.3102409839630127
1.2545888423919678
1.6484586000442505
2.109483242034912
1.5891444683074951
0.7250469923019409
0.6655123829841614
0.9553713798522949
0.3922152519226074
0.6170147061347961
0.5460056066513062
1.8287386894226074
1.7351022958755493
1.6438554525375366
1.3612582683563232
1.2282562255859375
1.3418512344360352
1.1271820068359375
0.7549411058425903
0.3775891661643982
1.170373558998108
1.4333751201629639
1.1792134046554565
0.8601046204566956
0.9543547630310059
2.0907065868377686
1.5830026865005493
1.0019484758377075
1.0116573572158813
2.6324291229248047
1.4143098592758179
1.0682984590530396
1.0705554485321045
0.4173969626426697
1.991061806678772
0.6522859930992126
0.4802204370498657
0.6422151923179626
1.422115445137024
1.3835731744766235
1.013495922088623
0.6358464956283569
0.7821892499923706
1.9433406591415405
1.8074619770050049
1.8529130220413208
1.3975772857666016
3.452338695526123
1.005151629447937
0.3564252555370331
0.3195823132991791
1.0891786813735962
0.41154250502586365
1.0046734809875488
1.3374438285827637
2.193350315093994
1.4304782152175903
1.0032994747161865
0.917815625667572
0.5130276679992676
0.598028302192688
0.8049488067626953
0.648195207118988
0.507713794708252
0.9402651786804199
1.6214611530303955
1.8508520126342773
1.6910954713821411
0.6690930128097534
0.7493661642074585
1.5788708925247192
1.1993526220321655
1.6832268238067627
1.3595075607299805
1.5621628761291504
0.553219199180603
1.6919220685958862
0.7492842078208923
2.5541927814483643
1.7016208171844482
1.057763695716858
1.386963129043579
1.1184793710708618
0.942976713180542
1.3932478427886963
0.3324523866176605
1.0447216033935547
1.3604278564453125
0.8440642356872559
1.702854871749878
0.9821484684944153
1.5025702714920044
1.1209821701049805
0.969687283039093
1.3796838521957397
1.8594799041748047
0.9039841294288635
1.312923789024353
1.0866858959197998
0.9387221336364746
0.6224303841590881
0.7560542821884155
1.2225230932235718
0.14594539999961853
0.5321489572525024
1.065057396888733
1.959549069404602
0.8586347699165344
0.8996338844299316
1.6348803043365479
2.0412230491638184
0.8330700397491455
0.842206597328186
1.0380795001983643
1.3900582790374756
3.477393388748169
1.29212486743927
1.5083986520767212
1.833817481994629
0.6769399046897888
0.9874762296676636
1.5352568626403809
1.102536916732788
1.144472599029541
0.4456206262111664
1.797390103340149
0.8528526425361633
1.8528498411178589
0.5926729440689087
1.063901662826538
2.392176866531372
0.6194150447845459
0.4630422294139862
1.034680724143982
0.9023842215538025
1.5672086477279663
2.7802352905273438
1.5347959995269775
0.6524393558502197
0.6579853892326355
0.4816332161426544
1.573312759399414
0.7379624843597412
2.6976842880249023
1.2394660711288452
0.7987730503082275
2.4707489013671875
1.0282502174377441
0.8848316669464111
1.8243488073349
0.8184624910354614
0.5854851603507996
1.2386746406555176
1.2233766317367554
1.9079729318618774
0.837053656578064
1.7079724073410034
1.2062979936599731
0.8852894902229309
0.1744280308485031
0.34637191891670227
1.044297695159912
1.3786230087280273
0.9356287717819214
1.083314299583435
1.7891473770141602
0.6597222685813904
0.7781810164451599
2.673687219619751
1.3179248571395874
1.5582587718963623
0.6173744201660156
0.9231646060943604
1.3278858661651611
0.36499980092048645
0.6403557062149048
1.6008260250091553
2.015505790710449
0.6210319995880127
1.0316438674926758
1.0532454252243042
1.3276355266571045
0.5639669895172119
0.7878539562225342
1.4872478246688843
1.4260573387145996
0.29413649439811707
0.3996138870716095
1.8137791156768799
0.8217910528182983
1.3851836919784546
1.1196842193603516
1.166947603225708
5.519703388214111
1.5517330169677734
1.4610834121704102
1.2632883787155151
0.7204989790916443
0.34664326906204224
1.9376548528671265
1.540339469909668
0.623384952545166
1.1586782932281494
1.0685981512069702
1.1833711862564087
1.07502281665802
0.5936185121536255
0.3485107719898224
1.321917176246643
1.227576494216919
0.2790447771549225
1.2718899250030518
1.392982840538025
0.6478021144866943
0.47302868962287903
1.3093297481536865
0.8804922699928284
0.8252135515213013
0.3192411959171295
1.1219720840454102
1.1252704858779907
1.1031395196914673
1.3453307151794434
0.4668526351451874
0.8388272523880005
0.24601465463638306
0.6317278742790222
0.3250575363636017
0.940674364566803
1.1682482957839966
0.7296248078346252
0.9637467861175537
0.5714386701583862
1.1693507432937622
1.6187098026275635
0.3512226641178131
0.4044996500015259
1.6990468502044678
1.17729914188385
1.2575979232788086
1.1144832372665405
0.9520756006240845
0.9174091219902039
1.5656780004501343
0.5701590776443481
1.4918020963668823
1.7252658605575562
0.5877423286437988
0.9501785039901733
0.8770699501037598
1.565069556236267
1.3420355319976807
1.2844988107681274
1.732062816619873
6.079070091247559
0.7798856496810913
0.9754618406295776
0.9610443115234375
0.7372592687606812
2.0456643104553223
1.084061622619629
1.0994230508804321
1.0039985179901123
1.3988674879074097
1.196092963218689
1.712429165840149
1.0071487426757812
1.069469690322876
1.3459669351577759
1.020023226737976
0.8329721689224243
1.375707983970642
3.418287992477417
0.6418142318725586
0.6527560353279114
2.1915149688720703
0.6079924702644348
0.8510565757751465
0.835808515548706
0.1762857288122177
0.5422370433807373
1.000969409942627
1.465225100517273
1.9206655025482178
1.364701509475708
1.5279009342193604
1.501693606376648
0.4554659128189087
1.0422046184539795
0.9432616233825684
1.244117021560669
0.7684682011604309
2.137972593307495
1.6167309284210205
1.2311079502105713
0.6988371014595032
1.0229763984680176
0.9676529765129089
0.8580828905105591
1.1978576183319092
1.0808720588684082
0.4481089413166046
1.059637427330017
0.8635482788085938
1.1205132007598877
1.8613224029541016
1.2376376390457153
2.0699236392974854
1.0589380264282227
1.4140746593475342
0.594147264957428
0.9864264726638794
1.3749380111694336
1.2154154777526855
1.8787604570388794
2.052603006362915
