0.6026995778083801
35.233154296875
0.6229710578918457
34.076637268066406
33.72663116455078
34.43694305419922
35.650115966796875
34.65904998779297
0.6178312301635742
36.64889144897461
35.732948303222656
33.91689682006836
34.841270446777344
0.6248936653137207
0.6258561015129089
0.6135872602462769
0.5990209579467773
33.9017333984375
34.78034210205078
35.02037811279297
33.812171936035156
30.2252140045166
0.606938898563385
0.6381682753562927
0.6331809759140015
0.6535484790802002
0.6257303357124329
39.78456115722656
0.6372503042221069
0.6222959756851196
35.60418701171875
0.6341732740402222
0.6060927510261536
0.6117931604385376
35.825279235839844
35.35807800292969
0.638392448425293
34.025779724121094
0.5981419086456299
35.151554107666016
0.61088627576828
34.80003356933594
0.5888729691505432
33.86517333984375
0.5962720513343811
0.6124028563499451
33.943973541259766
32.19114303588867
33.667640686035156
0.6173539161682129
0.6251268982887268
29.2225284576416
33.74394226074219
34.65632247924805
33.5210075378418
0.593367874622345
33.697425842285156
0.5990237593650818
0.6212764382362366
0.6048638820648193
36.99659729003906
0.58467698097229
0.6100320816040039
0.603060245513916
0.6312233209609985
33.58989334106445
35.28477478027344
0.6194984316825867
0.5990139842033386
32.82658386230469
0.6058908104896545
0.5926967263221741
0.5905451774597168
0.6302788257598877
0.6463457942008972
0.622132420539856
35.66057586669922
0.5937941670417786
0.6346167325973511
33.817378997802734
0.6136701703071594
0.5939805507659912
0.574256420135498
0.6175316572189331
32.56507873535156
0.6263573169708252
0.6020591259002686
0.6259725093841553
34.596832275390625
0.6262415647506714
35.79035568237305
0.5897805094718933
0.5942626595497131
0.6340436339378357
34.048851013183594
35.73612976074219
35.61891555786133
0.6179643869400024
33.990135192871094
0.628476083278656
35.515220642089844
0.6299706101417542
0.6335605978965759
0.5868568420410156
0.6332991719245911
33.712440490722656
37.37483215332031
0.5932126641273499
33.0396614074707
0.6177239418029785
0.6605513095855713
0.6336748600006104
36.67104721069336
33.79254913330078
40.918853759765625
34.14317321777344
0.6101973056793213
0.6032450795173645
0.6017719507217407
0.619692325592041
0.6452764272689819
0.59820157289505
0.6212103962898254
0.596255362033844
0.6240683197975159
0.6094062328338623
0.6113209128379822
33.67705535888672
34.25892639160156
0.6349388957023621
34.67668914794922
38.76138687133789
0.6256652474403381
0.5872941613197327
0.678477942943573
0.6288672685623169
0.5864980220794678
36.49957275390625
0.611772894859314
0.5910793542861938
0.613092303276062
35.93573760986328
31.249927520751953
33.641822814941406
0.6312839984893799
0.6116247177124023
47.43216323852539
0.5961878895759583
33.919776916503906
33.8300895690918
33.347694396972656
0.6416108012199402
0.6207212805747986
33.80768585205078
34.024940490722656
33.86805725097656
0.6212267875671387
34.76234817504883
31.85346794128418
0.6170716881752014
0.6046978831291199
0.5875266194343567
0.5966681241989136
0.6413177847862244
0.6210370063781738
36.37213897705078
0.6488773226737976
0.6300239562988281
0.5972259044647217
35.738525390625
0.603882908821106
33.99845886230469
0.6185722947120667
0.6396306753158569
0.6187591552734375
0.615182101726532
0.6331408619880676
0.6275901198387146
0.6500345468521118
0.6139355301856995
0.604120135307312
33.50019073486328
0.6417977213859558
0.6013956665992737
0.6189412474632263
30.374786376953125
0.5980178713798523
0.6054108142852783
0.6028496623039246
36.571739196777344
0.6249904632568359
0.6399074196815491
0.6395927667617798
0.5885409712791443
0.6212577223777771
0.5980974435806274
33.94940948486328
0.5971862077713013
0.609921395778656
34.39759063720703
34.57793426513672
0.5966324210166931
0.6212942600250244
0.6289383172988892
33.75653839111328
0.5865890383720398
0.6046040654182434
0.5936627388000488
0.6304482221603394
0.6066855192184448
0.5997552275657654
0.6427796483039856
0.597686767578125
28.849672317504883
0.6148754954338074
0.6134833693504333
0.5988844633102417
34.033756256103516
0.6092250347137451
33.74324035644531
0.596153736114502
0.6151335835456848
0.6393763422966003
0.6086907386779785
33.519691467285156
34.589759826660156
0.6478940844535828
0.6245614886283875
0.6469253301620483
0.6356768608093262
0.6268929839134216
0.6046047210693359
0.6151899099349976
0.6282737851142883
0.6072118878364563
35.852516174316406
35.90181350708008
0.6181736588478088
0.624441921710968
0.6188749074935913
0.6174070835113525
0.6084873676300049
0.6046679019927979
37.66730499267578
0.6207394003868103
0.597023069858551
33.93255615234375
28.58965492248535
0.6213682293891907
0.6249450445175171
0.6140246987342834
0.5955392122268677
0.6064786911010742
0.6375764012336731
0.605385422706604
0.5807918310165405
0.6025533676147461
35.820892333984375
0.6225337386131287
0.6348731517791748
0.5962322950363159
0.6283270120620728
34.62232971191406
35.84400939941406
0.6188651919364929
0.6109558343887329
0.6452699303627014
34.87386703491211
0.6022537350654602
0.5978178381919861
0.5936293005943298
0.6300877332687378
33.51067352294922
0.6283931136131287
0.6287333965301514
0.5908069610595703
34.06930160522461
0.6372084021568298
0.6401932835578918
0.618941605091095
36.98985290527344
0.5940815210342407
0.5957428812980652
0.6125649809837341
0.6184524297714233
32.18110656738281
35.745540618896484
0.6000761389732361
0.6174314022064209
0.5959106683731079
0.6023878455162048
0.6264538168907166
33.77952575683594
0.6474709510803223
34.70775604248047
34.942604064941406
36.95860290527344
0.6120108366012573
0.6179570555686951
0.626460611820221
34.779048919677734
0.632131040096283
0.638877809047699
0.5966996550559998
0.6039289236068726
34.85158920288086
0.6057634949684143
0.6161370873451233
34.699947357177734
33.55724334716797
36.04466247558594
34.19892120361328
0.5916597843170166
0.6026498675346375
0.6099857687950134
0.6377367377281189
0.6184847950935364
33.76154327392578
35.01634979248047
0.6117244362831116
0.5905212759971619
33.83058547973633
0.6188374161720276
0.6128302812576294
0.6100071668624878
0.6169255375862122
35.00758743286133
0.621199369430542
0.6524292826652527
0.615253210067749
35.165130615234375
0.5944334864616394
0.6124989986419678
33.62260437011719
0.6420619487762451
0.6054487228393555
0.6177120208740234
0.6278984546661377
0.6095806360244751
0.5944019556045532
0.6207529902458191
0.623599648475647
0.6332148313522339
0.6029349565505981
0.6162149906158447
36.008968353271484
33.59844970703125
34.72145080566406
31.996267318725586
0.5961734652519226
0.5978894233703613
0.6393693089485168
0.6573743224143982
35.30817413330078
33.936954498291016
0.6022247672080994
0.6092027425765991
0.6036186218261719
0.6220701932907104
0.6032647490501404
30.78396987915039
35.72631072998047
0.5996870398521423
0.6476035118103027
0.6103049516677856
33.8870849609375
0.60127854347229
0.6318427920341492
33.731117248535156
30.689743041992188
32.14906311035156
0.5830906629562378
0.6010936498641968
33.76301193237305
35.53199768066406
37.894935607910156
0.6117303967475891
0.6375972628593445
0.5896116495132446
0.5974900126457214
33.81786346435547
0.6183003187179565
33.67497253417969
0.6476784944534302
0.6256229877471924
0.6197120547294617
0.5931606888771057
0.6188552379608154
0.6389663219451904
0.6191306710243225
0.6189176440238953
0.5959054827690125
0.6144514679908752
0.6328527331352234
0.612764298915863
0.6409263014793396
38.52357482910156
0.6260632276535034
0.6415793299674988
0.6200188398361206
0.6241344809532166
0.6195052862167358
32.286338806152344
34.604393005371094
36.03091812133789
0.5929579138755798
0.6276592016220093
0.5950482487678528
34.71577453613281
0.6298208236694336
31.172117233276367
0.6111529469490051
0.5958368182182312
33.96369171142578
35.6561279296875
0.5816183686256409
0.5850197672843933
0.6414957046508789
28.392911911010742
0.5892137885093689
0.5965221524238586
0.6210357546806335
0.6277015805244446
0.6294665932655334
0.5869053602218628
0.6493021845817566
0.6182281970977783
0.5971632599830627
0.6378341913223267
32.855857849121094
33.68486022949219
33.859779357910156
0.6268971562385559
0.627639651298523
0.6282379627227783
34.618011474609375
0.5998625159263611
0.6144934892654419
33.80183029174805
0.588128387928009
33.89195251464844
0.5977264046669006
33.03464889526367
0.6157856583595276
0.6161248683929443
33.66017150878906
0.5908357501029968
0.6295506358146667
33.754295349121094
0.6303201913833618
35.823577880859375
0.6380784511566162
0.6132257580757141
0.6496983170509338
34.01971435546875
0.6023842096328735
37.630821228027344
31.723190307617188
0.6048361659049988
0.6441659927368164
0.5929665565490723
0.6164274215698242
0.6199803352355957
0.6340888738632202
0.5988329648971558
0.5881528854370117
34.831871032714844
0.6300460696220398
32.36334228515625
36.74272537231445
0.6351590156555176
0.6191478967666626
0.6234848499298096
0.6299407482147217
5.628110408782959
33.11061096191406
0.6146886944770813
0.6380467414855957
33.252830505371094
0.6201854944229126
33.860755920410156
0.625664234161377
33.92079544067383
0.6181276440620422
0.6096727252006531
28.739709854125977
0.5881973505020142
0.5963312983512878
0.6175864934921265
0.605050265789032
34.941558837890625
33.493255615234375
0.6116753816604614
0.6124908924102783
0.5829102993011475
0.6046239137649536
31.762882232666016
0.6103876829147339
31.82842254638672
0.6165425181388855
34.56818389892578
37.36897277832031
35.12165069580078
0.6267181038856506
0.6112638115882874
0.6142259240150452
0.6454765796661377
36.541107177734375
0.5854282379150391
0.6034899950027466
33.74397277832031
0.6364553570747375
0.6144545078277588
33.73686981201172
0.5850962996482849
0.6048458218574524
32.116455078125
35.6619873046875
0.6468830704689026
0.6276279091835022
0.6322879791259766
34.1004638671875
0.6051657795906067
0.6479912400245667
35.00516891479492
0.5881325602531433
0.642174482345581
0.6141652464866638
33.96928405761719
0.6181280612945557
0.617888867855072
0.6437118649482727
0.6112072467803955
0.597286581993103
33.74895095825195
0.656438410282135
0.6150898933410645
0.6140040755271912
0.6088260412216187
34.741065979003906
0.6146544218063354
34.66838455200195
33.43696594238281
34.64306640625
0.5808514356613159
0.6225191950798035
0.6082436442375183
0.5848548412322998
34.7917366027832
0.6240194439888
33.57263946533203
0.5916534066200256
0.618440568447113
0.6022173762321472
0.6368706226348877
35.89165115356445
0.6174970865249634
0.639182448387146
37.470428466796875
34.788795471191406
0.6145440936088562
36.87092590332031
33.8336067199707
33.786705017089844
0.6145669221878052
0.5952908396720886
0.6735958456993103
0.6068591475486755
0.6187376976013184
0.6299992799758911
0.6650735139846802
0.620838463306427
33.45655059814453
0.5967316627502441
0.6248627305030823
0.6209536194801331
0.6331664323806763
0.6032177805900574
0.6152945160865784
0.7023117542266846
35.9160270690918
0.6112925410270691
0.6164478659629822
34.29510498046875
0.6262387633323669
34.536705017089844
0.5943259000778198
0.6074747443199158
33.646644592285156
0.6183018684387207
33.547786712646484
0.7335729002952576
0.6043485999107361
36.02070617675781
0.6186615228652954
0.5951398611068726
0.5870670676231384
0.63006192445755
31.30594253540039
0.6030731797218323
0.6043131947517395
35.625205993652344
0.6293401122093201
0.6412079930305481
34.891082763671875
0.5972850322723389
0.667905330657959
33.86117172241211
0.6349720358848572
0.5951942205429077
0.6141555905342102
36.661659240722656
0.5910689234733582
38.44889831542969
36.0155029296875
33.56430435180664
34.793678283691406
0.6375217437744141
0.6192208528518677
0.626221776008606
34.66785430908203
0.6354342103004456
33.77984619140625
0.6069012880325317
0.5989401936531067
0.6058894395828247
0.601885974407196
0.5874919891357422
0.6100606322288513
0.6170132756233215
34.774288177490234
0.6167639493942261
0.6356213092803955
33.73322296142578
0.6286092400550842
0.6476523280143738
0.6265251636505127
0.5830252766609192
34.905113220214844
35.70948791503906
0.6298767924308777
0.6176786422729492
0.6254795789718628
0.5829675793647766
31.722980499267578
33.66856384277344
0.6375299096107483
0.6060623526573181
0.6386314034461975
33.489112854003906
34.83542251586914
0.6270238757133484
0.6165246367454529
33.73097610473633
0.6279804110527039
0.6454893946647644
0.6392650604248047
0.6250420212745667
0.6119901537895203
0.6343728303909302
36.14447784423828
0.6299505829811096
0.6346198320388794
35.328346252441406
0.5890766382217407
34.80680847167969
0.6221853494644165
0.6197719573974609
0.6390123963356018
0.6113295555114746
0.6054337620735168
33.87908935546875
0.6108944416046143
0.590801477432251
0.6108989715576172
0.6336853504180908
0.6159265637397766
36.954795837402344
0.5823620557785034
0.5821066498756409
0.6284051537513733
0.6042107939720154
33.667137145996094
37.66096115112305
0.6176353693008423
0.6260054707527161
36.12263488769531
0.6054689288139343
0.616908609867096
34.82904052734375
0.5974233746528625
0.6114501357078552
35.79197311401367
0.6102114319801331
0.597232460975647
33.723567962646484
0.6129179000854492
36.114959716796875
0.6098241806030273
36.005584716796875
0.6027411222457886
0.6174702644348145
36.956565856933594
1.6162563562393188
0.5838751196861267
0.6535950899124146
0.6200314164161682
0.6390871405601501
34.5159797668457
0.6321820616722107
0.6109565496444702
0.6041403412818909
0.6461104154586792
0.6379363536834717
34.86653137207031
0.6309646368026733
33.582035064697266
0.6737080216407776
34.759498596191406
39.37175750732422
34.89561462402344
0.6418362855911255
0.6229458451271057
36.47080993652344
37.41812515258789
0.5909664630889893
0.6337900161743164
35.119972229003906
33.169212341308594
0.5933753848075867
0.6233828067779541
0.6228218674659729
34.325294494628906
0.5967891216278076
0.6164615750312805
0.6342504024505615
0.6077910661697388
0.6091837882995605
0.6244045495986938
0.585773229598999
35.79468536376953
34.17432403564453
0.6204372644424438
0.5951279401779175
0.595949649810791
0.6425240635871887
0.6003155708312988
0.5992237329483032
0.6107760071754456
0.6205872893333435
0.6064640283584595
34.79649353027344
0.6286737322807312
0.6300411224365234
0.6284798383712769
0.618478000164032
34.07416534423828
36.94728088378906
30.080821990966797
0.6047898530960083
0.5939034223556519
34.02397918701172
0.6024303436279297
34.857078552246094
0.6303070783615112
0.6152285933494568
0.6162976026535034
0.586240291595459
0.6020208597183228
0.6355132460594177
33.864349365234375
0.6186988353729248
0.6209578514099121
0.6457175612449646
30.393312454223633
0.6014120578765869
0.6214008331298828
34.763404846191406
34.75132751464844
33.79621887207031
0.5816336274147034
32.960670471191406
0.6046978235244751
35.007781982421875
33.978973388671875
30.977691650390625
0.6404372453689575
0.5986459255218506
0.6287778615951538
0.6189167499542236
34.75934982299805
0.6061438322067261
0.5879873037338257
0.6039098501205444
0.5933506488800049
0.6197990775108337
0.6130290031433105
0.5989999771118164
0.63311767578125
0.6168375015258789
0.617551863193512
32.27998352050781
0.613249659538269
0.6371273398399353
0.6209297180175781
33.967201232910156
0.5962483882904053
31.899520874023438
32.2001953125
0.6394705772399902
33.70277786254883
35.92308044433594
34.84529113769531
34.68412399291992
0.609033465385437
0.6029418706893921
0.6099231839179993
0.6327660083770752
0.6255087852478027
0.629145085811615
0.6423431038856506
0.6339543461799622
33.497623443603516
0.6122596859931946
34.11077117919922
0.6336219906806946
0.6146948337554932
33.73883819580078
0.6379702091217041
39.86833190917969
0.6200634241104126
0.6133660674095154
33.985198974609375
0.6594200730323792
0.6195755004882812
0.61812424659729
0.5837950110435486
0.6281265020370483
35.64516830444336
33.86985778808594
0.5979904532432556
0.6288973093032837
33.91857147216797
33.188438415527344
0.6311233639717102
0.6370912194252014
0.6413062214851379
32.21097946166992
35.04840850830078
0.6005118489265442
0.6463502645492554
0.6184235215187073
34.756771087646484
0.5820387601852417
0.6115074157714844
36.54414367675781
0.5946195721626282
0.6032479405403137
35.673362731933594
0.6460924744606018
0.648646354675293
37.813411712646484
0.6012932062149048
35.91199493408203
35.356651306152344
0.6167511940002441
0.6151025891304016
0.6241856217384338
0.5887011885643005
0.6162446737289429
0.5954938530921936
35.69166946411133
0.6058242321014404
0.652064859867096
0.611778974533081
37.31344985961914
0.5944682359695435
0.6170766949653625
0.6256909966468811
0.634543776512146
33.7945556640625
0.6015450358390808
0.6247345209121704
0.6049767136573792
35.73273468017578
0.6330057382583618
0.6399236917495728
0.6330888271331787
0.5957050919532776
0.6180498003959656
36.68419647216797
0.6274871230125427
0.6059423685073853
34.14482116699219
0.6039937734603882
0.5978574752807617
0.6347207427024841
0.6195090413093567
32.46883010864258
0.6216554045677185
0.6250547766685486
33.827980041503906
36.732425689697266
34.07544708251953
0.6260779500007629
0.652862012386322
0.6242839694023132
0.6334278583526611
0.6262677311897278
0.6246362328529358
0.6126355528831482
0.6249465942382812
0.6040317416191101
35.759681701660156
0.6267420649528503
34.25276184082031
33.92549133300781
25.602663040161133
0.5880672931671143
0.6097385287284851
0.5907464027404785
35.80827331542969
0.6158280372619629
0.5958089828491211
35.06419372558594
35.82878112792969
0.5999920964241028
0.6101003289222717
33.83699417114258
34.01189422607422
0.610599935054779
35.79899597167969
0.5994784832000732
0.593794584274292
0.6017330884933472
0.6205537915229797
34.800140380859375
0.597976565361023
0.6262961626052856
40.73906707763672
0.6225605607032776
35.49835205078125
38.00800323486328
35.72675704956055
33.88501739501953
0.6179718375205994
0.5947105884552002
0.60650235414505
33.88167190551758
0.6253364086151123
34.869239807128906
0.5691380500793457
32.04801940917969
0.6038839221000671
0.5923544764518738
35.641021728515625
0.5920178890228271
37.04871368408203
0.6257233619689941
0.5653870701789856
0.6239490509033203
0.6026142239570618
0.6285310387611389
35.87116622924805
33.83661651611328
0.6050083041191101
34.66865539550781
0.5978978276252747
0.5921279191970825
0.589903712272644
0.6268025040626526
27.91461753845215
0.6443389058113098
34.76447677612305
32.941184997558594
36.623538970947266
36.341514587402344
0.5987462401390076
35.42366027832031
33.515785217285156
34.75224304199219
32.84967041015625
0.6200772523880005
33.977779388427734
0.6121660470962524
0.6245036721229553
0.5902193784713745
0.5853152871131897
33.106109619140625
0.632064700126648
37.01544952392578
34.68126678466797
0.5893386602401733
0.6275169849395752
0.6253228783607483
0.6121034622192383
0.5975326299667358
0.6392783522605896
38.71574401855469
34.079341888427734
