0.5504320040347193
0.4848276211032137
0.6176046929537957
0.5515903188843865
0.659354795137916
0.5308131792296054
0.6166753577476763
0.5299857842926782
0.6737795132694935
0.5625450004004168
0.5535793278026868
0.5434889295473359
0.5289137517579079
0.5415886313464809
0.5159415139597375
0.5569005186497522
0.5462155409070832
0.599236789166085
0.5311614519533677
0.6072527116656657
0.5822358130357085
0.5975642578661841
0.5778329265531199
0.6307183185128533
0.5476318159921805
0.6007610233445617
0.6571374062301258
0.5258221351535669
0.5319072904215961
0.5261317188006776
0.63121779543673
0.5273376106510821
0.5799985843577597
0.5100945391469868
0.5391485059365622
0.6038799985671514
0.6320885393867064
0.5232962763888922
0.6844170429792037
0.6924165281522914
0.4731837037437533
0.5462725264562911
0.49722235812524096
0.6103145142246986
0.4914007960677663
0.5854126527196168
0.5697167051813392
0.5731714625942828
0.5887100514061663
0.5306226868421441
0.5853364134530687
0.5613650654287917
0.5348021438789173
0.5096602507563537
0.5649972989704708
0.5824460306286223
0.6248030750023178
0.5742944161235943
0.4882855085232088
0.5634007916938509
0.5259174166652418
0.5880464502854479
0.5449751510113642
0.6496344774143706
0.5519004217542767
0.6255718074222314
0.5091392200168345
0.58145736201218
0.5478587448865461
0.5866974703568122
0.5233730937704814
0.5478342720776109
0.5579768271636076
0.577837920655681
0.5576765546478901
0.6354481889924206
0.48221260185731185
0.5387269436537485
0.5815917851991109
0.6250736249101498
0.48543577110367575
0.517184786699862
0.6063571031128069
0.572825074034839
0.529863146426178
0.5364783020424779
0.6787218637562176
0.5819522664243109
0.5661207341466064
0.4884777091675964
0.565649292366676
0.5102417519865801
0.5217993193480857
0.5458654001205505
0.5121773608332795
0.5410886296315445
0.5519645286001489
0.5209102122122252
0.628806924112608
0.5337330743177339
0.46438859605658056
0.6511821599022161
0.583821517086038
0.556238387436807
0.5767488142582451
0.4936976565651935
0.5119986494304833
0.5599192325562317
0.5680991517650854
0.6111263569337261
0.5418697707329405
0.585321672299492
0.5117146354285402
0.6010446911279934
0.5387329528529874
0.5320825152362196
0.5390758204908188
0.573068077304199
0.5261558272602601
0.47675126942382917
0.5946536338275695
0.5428026609915299
0.6006798861171595
0.6091259307801002
0.5347058229628152
0.5408332869653649
0.5858381913839137
0.5243776240346971
0.5802310218600584
0.5743485571880089
0.5516710991863127
0.5781085433987728
0.571972660176944
0.5730938217320694
0.5512883727041342
0.5846574304306078
0.5420861608794596
0.5514360340059922
0.5931075376979305
0.602731027658621
0.5752164713280119
0.5254584236574787
0.6614135118848227
0.40732817142009947
0.551203827789784
0.5701684177484287
0.559020142614608
0.5533140047531819
0.588437494213583
0.5600153663800831
0.5609408172975255
0.45783400848513706
0.5838991065895658
0.551181826171099
0.5521915827740195
0.5272919297432412
0.549440092224342
0.5700035707373833
0.6021919640554143
0.5202469890374993
0.5649741305369848
0.5564732124040863
0.5867359701093533
0.49940663675658337
0.5414356276221717
0.4821985778372967
0.49443490701658754
0.5767698114984656
0.6092120055040491
0.45139274950190283
0.5754079859311441
0.523188673971474
0.6019822626915632
0.506641974088085
0.6190947940704503
0.576276390774882
0.595735466929334
0.5352569255189775
0.6094964995970175
0.5556139868225755
0.6200956844778298
0.5855188306090701
0.5583958019223313
0.6158874600858413
0.52133905210081
0.6416917273500695
0.5717005970230021
0.5162854515441719
0.6157891956314449
0.588379127394838
0.5893524309427417
0.5622979699616306
0.5722420907349982
0.5393519706766816
0.522204078848942
0.48326570773821453
0.4596893417768464
0.4760682270641974
0.5492035213623381
0.5403924909653236
0.6018936804080194
0.5303838828013543
0.5736268540875568
0.6122144472639343
0.5840552493454658
0.5395452605884845
0.5246951950011576
0.5454790747413435
0.5843916717518469
0.6118545026870558
0.5450481279198065
0.596132235780755
0.6253762748560352
0.609557050599344
0.6213393738315524
0.576772481187655
0.4566843308625045
0.6059280642482591
0.5748764027097664
0.5624784335318816
0.5738209430099666
0.5945296710516299
0.6341725398390002
0.44339062487215397
0.6282636053000495
0.5623066346894289
0.6509856884334158
0.5781326362338133
0.561237213900722
0.5279241344836804
0.5325800924212829
0.5197004271364254
0.5728935244078361
0.5430825140109475
0.5926471963978681
0.593179869214441
0.5936952825246374
0.4925754891234747
0.604855359674382
0.486659570821537
0.595782504651668
0.5509108804976752
0.5569761908103693
0.5710433430014075
0.6014094084617609
0.6109855748140378
0.5508607785367339
0.5144005482808932
0.5408928573818761
0.5752690919479201
0.548821444487639
0.514908573749332
0.5395667893657214
0.5777149128356582
0.5489462318000029
0.532090793340476
0.594240267981758
0.5197108078846463
0.5978669563668488
0.5352794166584809
0.5455357637862045
0.5719038701248432
0.5477759498304627
0.5848938454235665
0.5819378114152001
0.5792264116567833
0.612314053688819
0.592330600005254
0.6702390510867458
0.5545010921865833
0.49576730720875317
0.5319138181183518
0.6118217103627697
0.476932410985175
0.6565870121370545
0.6178758065348297
0.6080118392125347
0.5026988853109471
0.4509852707612165
0.4803100833427013
0.5966550436757885
0.6070358977514213
0.6250467475697774
0.5542908055898055
0.5897819975030647
0.5917112378726758
0.4933423042418388
0.47931657628996205
0.5405415569553348
0.5547611649334034
0.5561962693819595
0.5145342277129772
0.6100094321292918
0.6136297352798397
0.5739249646449595
0.5330391603320406
0.6165920784648131
0.6059462220004628
0.6028529124312011
0.5441951116564008
0.5991285169790286
0.54669500342946
0.6950858995151961
0.553258835391191
0.5307127673624579
0.48469194877510025
0.5447131102893835
0.5358443347652675
0.562075815876226
0.575586775084895
0.5458816640212573
0.5956620508536847
0.5053237256777074
0.6248833668039052
0.6568538310515873
0.5621838887869248
0.6332565272656828
0.541949777782206
0.5707667517735504
0.4807076353040668
0.6165477760878025
0.5878932399824277
0.5080962366788396
0.6203668816594905
0.646227588751729
0.5186524208595182
0.4932063416062368
0.6126346153115212
0.5789431291400213
0.5881962908743976
0.5144906895276692
0.5666371646884762
0.5448525020216631
0.6454039275612405
0.5555237376017901
0.5060206685318102
0.5772315400334109
0.6588536471134205
0.628200404100403
0.5428215424030315
0.5246987780500209
0.5720661970969985
0.5607705706201334
0.582099195321651
0.6134753024507574
0.5340345590552652
0.627640892759399
0.6054433389118815
0.5328780654070177
0.5410581718842881
0.5442236139014593
0.6027656611114092
0.5152374965565867
0.5381866782357743
0.5580808540913568
0.6091214950432224
0.48730164543977916
0.5928518113285576
0.6210869815206725
0.5356970100365743
0.6553193855221436
0.4912543438652652
0.5184923680707618
0.5022637678467305
0.5788206062240732
0.548081034007917
0.6221791355725538
0.48745644103416785
0.5491920536284308
0.5102584099510138
0.5489185370044382
0.6341119092667734
0.5043207153646242
0.5263593476002517
0.3936115760413431
0.5334586654551958
0.5352865699631455
0.5800856848513262
0.5929104063156064
0.5496950269510006
0.5587532121454121
0.5861870380967943
0.5115861814553185
0.641764572065697
0.6102460880626084
0.6260078931313955
0.5608983225596091
0.5982301905673529
0.5746520329030133
0.6301105087682664
0.6215627722069308
0.5361096893092122
0.5889630851909811
0.5855305452866759
0.46552338749166555
0.5035742183587963
0.5812134827904003
0.6227484508242699
0.5829311770581493
0.5375447206019619
0.618670294248081
0.6515320928557236
0.5977712113997848
0.5719154699043254
0.6382619393888957
0.5747621704979995
0.6200949254084271
0.5509715645813756
0.601893291374188
0.4925562609453409
0.5964917074692342
0.5934912714584031
0.5471281108469858
0.5262086218438936
0.5600621988937385
0.5436178505480405
0.5093133112118639
0.6238986373350531
0.5478845970281665
0.5964509236166639
0.5391754860211375
0.5514837929237193
0.5963745381160235
0.4402033648653443
0.48799515622976164
0.5711236480732391
0.5785942200918621
0.5202356856578674
0.6726237621219557
0.597041243150952
0.6083002220306742
0.49684317818869916
0.613429846976896
0.5904280565032274
0.5326672769182462
0.532362672969005
0.6102956358514927
0.5259251750305279
0.6064845410323959
0.4521257970487793
0.506830338047316
0.5688746134392747
0.5729224455378387
0.5756374697358727
0.5144468293555178
0.5621730616347729
0.5420016984469656
0.5605084971506151
0.6010868938066585
0.5571962228140778
0.38831999643688153
0.617038931972086
0.5542881894823144
0.5928984096480937
0.6505716502886826
0.5258117473850373
0.5840216307859135
0.5930971649810656
0.5136484902943601
0.4880708872694654
0.6487627670348046
0.5729401221171903
0.5942239813476807
0.4974850215512564
0.4545126482277439
0.5036355274860019
0.4917536234362029
0.6022859382307683
0.5022378273867841
0.5029580896422585
0.5482708383301071
0.5476663092708252
0.5644239879758549
0.5292367307856417
0.5556389469495947
0.5276926633174398
0.5727916074554958
0.5872367002024986
0.6444908206088855
0.5325905843794576
0.5424536235818259
0.5763929827352713
0.5672299326265713
0.5950503810513041
0.5148161406253966
0.5526338250505248
0.5754893429080052
0.6160651623141116
0.5015386320471391
0.5806311570081689
0.5628500123318538
0.522433621157763
0.6007006791706136
0.673830708085536
0.592203702411841
0.5779968248560121
0.5569616906794288
0.5013986140002294
0.5161940808589557
0.6547013069193198
0.5220011596627122
0.5808069809056157
0.6133476530214677
0.6273529200739864
0.5434031240514426
0.5375042274671761
0.582048101412252
0.6405850570338166
0.5170879596059729
0.5876899450567448
0.5983183020267416
0.5715771927981907
0.5865586523928257
0.6529591140607955
0.5944623345690949
0.6551214775525562
0.5212922187839467
0.616397854143085
0.5753509933183467
0.4333902605750031
0.6415514133868174
0.5402608608853423
0.5057161567249873
0.639756732272547
0.5213951696696573
0.6051449461016787
0.6616721716147961
0.5070434742731053
0.6760206710859263
0.6247651349942749
0.5423672919935557
0.5787859289758295
0.5674249958539087
0.544655805538951
0.5815778378339165
0.5895280566892562
0.5351935048464376
0.5768012588785616
0.5920359146547765
0.5588648049821987
0.6233452741303999
0.5472734646746517
0.6209666749363505
0.5231617335338816
0.5918643113266358
0.46994073886232635
0.4985277412462511
0.652771244722204
0.5134544138403171
0.6046136267795125
0.5606222035421209
0.5555857183630752
0.5667181245045069
0.5341170992656017
0.4975310291775148
0.5761251712306146
0.5805107356449378
0.5450790751511111
0.43214545840913554
0.5716321292528903
0.5044871595186651
0.5657180459350954
0.603005393943071
0.6338880795647197
0.5659815702488594
0.47638177252973013
0.5779786433245843
0.5547736499278757
0.5098561511454482
0.534283021692495
0.5505414777455679
0.5612540329405171
0.5550003588366271
0.5229226739099555
0.5765193974030154
0.5832463235926115
0.5529135708776812
0.5236620578559665
0.5463743099287272
0.6582416026639547
0.5026838511501547
0.5531289494898483
0.6085126722554108
0.5840387851550448
0.5455386626370627
0.547613691876872
0.5919537211001227
0.6330221632237997
0.5921206704988251
0.6366012100800841
0.688187460890512
0.5755049899223038
0.5785071756347707
0.5755733347060235
0.5735546894332413
0.5423091971338565
0.6081191971552439
0.5053396942398124
0.5703779949303494
0.5611409251568364
0.5240669334047735
0.589720923407528
0.5027047317778333
0.5302467162929567
0.5448063563507688
0.5526391921902106
0.580056551928501
0.5845618295468527
0.5479763230398615
0.5006789534286286
0.6217710807680461
0.5218231329244548
0.6559615755967025
0.48932443635521883
0.587113296675202
0.5158664621733583
0.5358032776537877
0.5594668229479529
0.5730081479742496
0.5639166101838479
0.5440959778836306
0.532138244859725
0.5663641642428341
0.49213071427636057
0.5789251820222956
0.6109580269095565
0.7053974213186183
0.5224812825415869
0.5538633947282972
0.5241902002926695
0.5249425580404222
0.6152368186298482
0.5236161419968559
0.5711295581331328
0.5394406336704352
0.6064710564121198
0.5627825700221909
0.5910247332283806
0.608816933774309
0.5294008308281981
0.6164715315275782
0.534173211417729
0.559153548000388
0.6252335968576246
0.6751021891046447
0.5541076538928845
0.4008379042274929
0.5500321665519815
0.4640683045216025
0.6237447098242285
0.6099182994016432
0.5404789909611016
0.5084420899278115
0.5701353440825251
0.5874077737294638
0.4776151413983658
0.5727281787203111
0.6220889183897782
0.5762250803782544
0.5364719339194406
0.5492878928886334
0.6040572029720739
0.550012826781082
0.6096065092916617
0.4896738774656374
0.5278269266648347
0.585606513371255
0.6566665745091472
0.5249291024451657
0.4712898394586853
0.5901391127411857
0.5692199874807127
0.5751473180119112
0.5725356678593554
0.6068104476282672
0.43828733017867005
0.530113954020399
0.520695378687642
0.5247501820659579
0.6278133249363216
0.5519550709054633
0.5734859701908605
0.6496593003868313
0.577762193319088
0.424566291759328
0.6792910026893161
0.540553540510841
0.6360015613060546
0.533121983141651
0.5613082637216131
0.5458794672629865
0.5196151435033297
0.6139782154433799
0.5432369026329067
0.5590998071025686
0.5953665549456332
0.5418167723576539
0.4582613933031797
0.5857467812733503
0.5072346514048965
0.4515186701746764
0.5612153290569833
0.4728341455350425
0.5543126346533614
0.4809013022079999
0.6023830609129138
0.6250411676930222
0.6403951028980123
0.5403378571373194
0.4756029939560302
0.4767470703557441
0.5030038481684436
0.6078936058598813
0.5561213376120079
0.5852801240627197
0.5858313022761737
0.5991528064941776
0.5613005442022754
0.5187365217068566
0.630891773579163
0.5306124202695102
0.6255279936755238
0.5458904473029422
0.5308065314275725
0.5845306064750864
0.5323630190959443
0.5947210833123182
0.5233871177037008
0.5729224428328333
0.6362699889578987
0.5732769749019686
0.6277268088601872
0.5421179072712989
0.6057195358691686
0.5994535326401853
0.5813359138665924
0.49876394753461795
0.6220868325359082
0.5536853620044278
0.6279833791846118
0.5461094784379774
0.5076161114595698
0.6057913160596006
0.5591634748627122
0.5693737014661857
0.5357333747416824
0.6768825761409257
0.6026069669364371
0.5912568091380201
0.4716244976871906
0.49541591157203785
0.5289897912039421
0.5841742222073141
0.5689340566199487
0.5493912255810585
0.6158480468678503
0.5139490700357737
0.6521891708230376
0.4251601702760537
0.5654244050316554
0.5539578950599184
0.6001045736311218
0.5954974341118975
0.5012546066111092
0.5594986238109728
0.6096903072247865
0.5720107916045071
0.5238010095016369
0.4781823526756581
0.5434411020798054
0.5812137793627217
0.5924176169981987
0.4946593199012569
0.5111716215903233
0.5544719016806602
0.5099764771401388
0.5769245392127995
0.6085960288320504
0.598055462852321
0.5754352287571132
0.5434750943820391
0.4967427425418403
0.5933180379778069
0.6330981826340564
0.5211844959401535
0.578672234952542
0.5072358794132341
0.6047139526652677
0.635694647268016
0.5717124906515031
0.5753775938867577
0.5293949238596843
0.4046335792980861
0.5314699479026939
0.5168942497848896
0.6001239330387395
0.5818415014663122
0.5875290017553261
0.5605832846628747
0.6334756186550412
0.62794791449571
0.5170494046162601
0.5468781226309366
0.628146781793979
0.7012180142073711
0.5152455952806321
0.5628419289758371
0.5186445567339077
0.5089873912277525
0.4835530001781897
0.5968189603836872
0.5613249398142373
0.6059429170126219
0.6008783053023331
0.5377407175241714
0.561610806703045
0.5521063411106771
0.6192616654960869
0.5771373623032277
0.6388342067471622
0.57713225482554
0.5286992702432638
0.5701265376703561
0.6077411654125167
0.5045531140149542
0.5786842807002777
0.5413063582644752
0.4991462765475103
0.6232205954382735
0.6035607883383366
0.6169234110074931
0.6000492885970272
0.5860629542124692
0.6111873793310099
0.5884351277117175
0.5264434564787548
0.46284417859241117
0.5343712719392768
0.5828033807227043
0.5546511668942335
0.5579165739291179
0.5798363276898091
0.5611733598937414
0.5507505928658136
0.6152333181234858
0.6133630786202429
0.4895051564243893
0.6338297091429628
0.602415208147762
0.6173034132436683
0.5285550189891527
0.5511759482884401
0.5781938314201281
0.5559176593323822
0.592531031651793
0.5477650424541906
0.5226817558293126
0.520311347313145
0.6120821795654376
0.5649296335030353
0.5455702121565282
0.5435338100818772
0.5367665286651953
0.4263483532998776
0.6234740507763206
0.48255255355743215
0.4295180208366254
0.6208448703741626
0.5301723712570976
0.5687437460135054
0.5826837468275874
0.6494391169905914
0.562169448634634
0.624556348566659
0.6320360168410588
0.6450921013405815
0.5383633812921468
0.5312011387028623
0.520785147004376
0.6542930900630062
0.6376938767678308
0.5960449678707618
0.588651961932054
0.5712626798610858
0.5339889635307342
0.519862658930859
0.5875635291708249
0.5825877469267786
0.6316365728638361
0.5992886238223345
0.6362788909157764
0.6064800573036085
0.5759176022466692
0.554448033957354
0.5762340866326667
0.6171723119320619
0.6066801286921989
0.5852068228161401
0.5393556499000142
0.5573513474915341
0.5597314514443241
0.5703697701799951
0.5450288709283331
0.5679121059947455
0.539233718555634
0.6201162703237605
0.6636342984975715
0.4836672720602164
0.5645010873007016
0.5395384597547779
0.5056034286657793
0.5157067202584885
0.4762718145737224
0.5630309585024366
0.5030113358261805
0.6033980427963487
0.5792181304493342
0.6027871925802446
0.5815107046213277
0.543900122554999
0.6335473259122636
0.470049637089333
0.5865774701684604
0.5165587656352363
0.6082722175735058
0.5149838082473834
0.561954826383896
0.5809312854158595
0.5499697735545659
0.5782120276416574
0.5329412519417318
0.5458312826911442
0.5807187813567151
0.594531987078968
0.5642551501942175
0.5725370740307396
0.5508288130577426
0.5251805460258157
0.5881211793845874
0.5216319333082258
0.5687865121758483
0.5760152125269214
0.5534135967493946
0.5612455907751198
0.6273511630793932
0.558704022289215
0.5247456581696962
0.5960809154928975
0.5527657146399033
0.5723450413132379
0.5543110144823206
0.6450915262923995
0.5605222233760004
0.6400761850345016
0.5190037130494992
0.6570338667457006
0.5976493502359403
0.5590642697584345
0.5564974340130939
0.5032861005474143
0.5148682247426728
0.6344949553213068
0.57859817658709
0.5343835838216893
0.52254181783952
0.5546717897578071
0.5571661400478154
0.5838775354296063
0.5721835859207277
0.5224688902659865
0.5653017837348988
0.5859203424449395
0.5669897321813178
0.6384635849740306
0.6600995431214858
0.5775186837572468
0.6173327656455638
0.5778091795679019
0.5376689804623065
0.5507808855194264
0.49372040156377306
0.5523889875230086
0.6114710457947282
0.5936169449556524
0.5787946097926335
0.5507662015025034
0.6091943914324756
0.54581780116591
0.57890791970202
0.5001570675791194
0.5891699201057179
0.644264236384779
0.5018649417304465
0.5989321858231544
0.5560851234219091
0.5734044099076789
0.5331877858521814
0.5460851765875773
0.5717060712029728
0.5650961672664998
