0.06150994925859817
0.02768067099178148
0.03419308901061136
0.03888681405973846
0.057571794428349136
0.07286000078773804
0.02607266508380239
0.07166976998528171
0.04024898742766139
0.08125372933386944
0.04417557204993722
0.05388591605505274
0.06252934101698325
0.04709578508402552
0.0864947549872635
0.04606973983684485
0.07244351912060074
0.06275795993189585
0.06449756491767117
0.04492450578226169
0.03569621235956356
0.0577193045404239
0.04628195137328715
0.0357397522679231
0.05230578362934249
0.06927209457201623
0.05767139935486107
0.08094604851378043
0.05346583015556705
0.04428040017042059
0.06799354601922875
0.03801739540027774
0.05562654541517294
0.06062880228338546
0.0619845280582496
0.04550836658784978
0.20697339033807718
0.05675773105978352
0.06608190340786298
0.04842233843293252
0.07279656785008375
0.03632635196913149
0.06491927303438934
0.05034048259493138
0.06142840147496427
0.08587144453796292
0.021365681066753666
0.08166047159845156
0.03780712961427051
0.05472479589083281
0.057920899819410746
0.07663107988018492
0.03836818533478501
0.09153703934374717
0.07362824797120458
0.07244665294190168
0.05406368420529516
0.028423943624450814
0.05716168347850533
0.07779473477052593
0.04886514016154116
0.04490745716015263
0.04539757179237297
0.07894126343242502
0.054061997622453804
0.03746469841664732
0.08468139014038732
0.05333241087723364
0.07016786348200338
0.06969073485563569
0.04885948086459635
0.05235692306196671
0.0370202473863218
0.05957453325897431
0.04171167127563604
0.05177010476157624
0.041011685377596446
0.03316392185763016
0.05133109426271473
0.06000263631654329
0.11697734156276543
0.049089570094712966
0.08334388439820435
0.07085027854857726
0.04886703036395745
0.04550651428110376
0.05407156003402262
0.020097676840485697
0.010852081392641277
0.06998584014841115
0.04083190178432349
0.05160894901453717
0.05617582550884074
0.03463715142538008
0.049255002259149666
0.02415883071242543
0.0671119024720312
0.056304786859977154
0.019173322053752884
0.054674475017226665
0.06318784072937499
0.05352905011562058
0.04367167954582601
0.05480705849343776
0.03395442238697811
0.026273866659645186
0.02544815525675829
0.046147142032539425
0.04437509907510113
0.05269043394466409
0.05298579385704391
0.05990662063870639
0.07120924319282246
0.038187682462641766
0.03413528437887031
0.03272168115783849
0.05957896384033235
0.0493449328587078
0.06743972716575684
0.024743004577133798
0.05080781122681416
0.07527466078013953
0.03647769222971696
0.04326074176735746
0.0620611332880752
0.04425826016712805
0.04714232461936414
0.0364563730280151
0.07623998872156594
0.04272304227672216
0.04307460058455088
0.06329703323844449
0.06412414716261358
0.06490844910207547
0.03489174981359162
0.07212231711138832
0.07789887771439831
0.08175524722717631
0.04181000980922093
0.034941443196882985
0.06525105548896483
0.09588498934266136
0.06669354770271647
0.027249756612837503
0.045895885430116704
0.057355820803976186
0.05340503498835952
0.06715367089611352
0.07349324954349362
0.0366065576985117
0.057069579336038755
0.0700158473933858
0.06736559923180338
0.05040219798001872
0.05593000570193829
0.08990048592062495
0.04179369752883001
0.0756852634298791
0.039418929603663604
0.041693969511149544
0.04556337823170678
0.05673338892817056
0.039033558417484585
0.07497266851532192
0.06329820151121031
0.02926702560220794
0.06660227199464508
0.06147169096608098
0.057238470833847206
0.0797500569309517
0.08169207878714962
0.051879098492931715
0.03374927722493368
0.040539504967091085
0.06828444275165382
0.07978665277708065
0.045316173848432846
0.056589715028607636
0.029767573537894314
0.04887833136932698
0.04838496481956699
0.0499913660950938
0.06646583608351388
0.05092379489009977
0.07658825004334126
0.0293116203926464
0.0424759487046751
0.05677300550882648
0.056196848858230425
0.037479265534982376
0.029765878279759496
0.028001835088241767
0.05750807680924078
0.054416347566376394
0.06658289864629062
0.07785293965227247
0.06935901354588729
0.03791007204182878
0.1247125837678608
0.011725451211183634
0.07338976149658495
0.10016578852852463
0.03856652387135762
0.06711268814827814
0.04882932555143945
0.05864273949988203
0.06319428900530562
0.08589710361950736
0.0628313314010195
0.03739786321722574
0.021299472371818524
0.03293323646482302
0.05645130134763673
0.06339083163596729
0.07638848380231296
0.039699273327982565
0.07625947411402466
0.0297222789357784
0.055175820799551994
0.06415393695386733
0.040844235625427994
0.07960146853970916
0.08854200840555207
0.05495888235607848
0.06029508802641869
0.0766104628167579
0.06216528654296788
0.0746536273167374
0.045365607695505364
0.06393430705427945
0.014142020248297568
0.08104399206551853
0.04527393346462554
0.08276636770725161
0.07612346239277112
0.06250998860265526
0.09433543631405027
0.06240967664381614
0.04478408998482234
0.03772587615798914
0.04161023132305892
0.03808994478120416
0.04698530360046477
0.04007590312693648
0.07696263750609891
0.037802007134310915
0.03936966570184732
0.06995183232482768
0.03476628218118916
0.05190262027619732
0.027651673334187252
0.06869312972415427
0.041978602634130065
0.03770316644885231
0.038561211367469705
0.07468219393706825
0.06464824243477414
0.06575658828377677
0.06024414122775156
0.05268425023867392
0.073925496810217
0.08194949731769054
0.07814286120388558
0.054284793429897664
0.03715944034273416
0.025439063699335643
0.0402703697049568
0.04630579317335766
0.07253796099050835
0.04529748822176724
0.09980183331310302
0.06412503948952128
0.08173321868386926
0.07209899797913255
0.05699954605072707
0.04696380428779729
0.029400142339381888
0.06213692600057706
0.05025121587665695
0.03275939314840454
0.05711743087405467
0.07369040426384749
0.09260604125685168
0.05302761380921105
0.07602005308215384
0.07939408201251975
0.07285607257513228
0.05013594969967375
0.035932446892870215
0.05161158576660247
0.0451896169070324
0.026747663842127848
0.058668591978444984
0.051062713463046375
0.05136496333413006
0.05942225975388366
0.04066331741124754
0.06313957747449966
0.03451443119815865
0.07429238948661289
0.05722293241152154
0.04186528626264874
0.07177205707309807
0.0685410184154224
0.060571316202783845
0.03503351184361776
0.03887793561949765
0.02402105394573058
0.0466183730309999
0.046691471449845326
0.04522657680286513
0.032080469059913234
0.07752963329075208
0.05492418598377801
0.05362140079733005
0.06023183816790325
0.07229679464781438
0.057759577576127465
0.02817398914505021
0.03131826914651726
0.0322876733164489
0.06746205086047806
0.028716627820978727
0.0681541234567708
0.022850048014430326
0.055168472639721806
0.03272824500149035
0.05401423805444374
0.26344209206018165
0.060697575133521454
0.05838650519586795
0.05208617615696714
0.065461218208881
0.06083741931845398
0.06696030495328148
0.04617539786354795
0.015891344786291964
0.058713103277168596
0.07270967072240306
0.030216081383184445
0.032206979802316904
0.04824990038303374
0.05847073791720496
0.03986181055886974
0.037590032949845684
0.05368621023131537
0.06616456487515765
0.0564135073173346
0.05672049276967486
0.02323668803300603
0.07377695182389278
0.06403527241528126
0.07371739421471048
0.06685960183933794
0.05094796775337439
0.05271864574623971
0.023664380040884
0.09294058175074145
0.07029712230197076
0.07395396712637314
0.12869820160727877
0.04957674850445365
0.04312430257948429
0.027274703047701288
0.0633842129095443
0.06976624442095627
0.0272404747079561
0.049068023739005776
0.05199824264214451
0.0708158914264972
0.05380529091431104
0.08212779560427244
0.05926313839440983
0.10671095682071746
0.04993785304323215
0.03925908824751087
0.03998659740735439
0.04631454283627214
0.046911035023223406
0.03884142098127931
0.04585671635598374
0.04150027205666089
0.033864574291572615
0.030562893839051912
0.06993399622477023
0.04384944648079382
0.05442050444344468
0.07238783642308463
0.08654445228350116
0.07953176602026081
0.0650537552081457
0.0868484372839682
0.06355176414314975
0.10449282355290021
0.06191807407873153
0.06487594554511754
0.05105892595191938
0.08742348968172903
0.045809336800836556
0.03683960130835686
0.046355627572665724
0.04301024529054091
0.07399783985251994
0.06528074060750194
0.11566085229026384
0.05090714263933358
0.058569423130101335
0.052640448164429844
0.08767677613351431
0.03527043158149723
0.027634914430026542
0.061273466032163534
0.04309183402132972
0.04883873537118548
0.029582055652791556
0.06434829770823444
0.060794822303156096
0.0326016376165271
0.06180064181419279
0.039654527864783434
0.057786484403505
0.05408173150813327
0.08076543321330472
0.07558989045803072
0.06207445059920912
0.03331630649624297
0.03178272763523208
0.046062622866428
0.050368952876945754
0.0320653767953934
0.040000889686226185
0.048478668545632306
0.06525887259960601
0.12441519513136015
0.06151886000268938
0.054265682613785414
0.09191066661249638
0.06386277956610542
0.033501011082735684
0.032225717341712104
0.06067798211583683
0.052459371887982956
0.06570799883302265
0.018786886197408745
0.07124893438117055
0.05764310512497008
0.047133819654105534
0.03725785314561768
0.05123825768543174
0.03834977895133519
0.05383278730198302
0.01918279845832122
0.043391564062679217
0.032945430625195705
0.08786267356859707
0.05736139931539643
0.08565761442795117
0.040530490114669734
0.07255107076873463
0.027719431869381233
0.10234607257383463
0.06953942825551487
0.04719743983933422
0.046954144432671936
0.03269186225183136
0.059723766199639754
0.04336414078346823
0.0635271286200536
0.06024240408167815
0.03445525642155173
0.057599332283550214
0.01981557354159064
0.04075087897093269
0.06448663060793848
0.10272875715360724
0.07842361971552042
0.04802589030248324
0.03140444599304352
0.05260736844278492
0.06510671633393912
0.03751368812672512
0.049227490433961685
0.039245942814673314
0.06343677184363156
0.04762031692373288
0.07379432165539666
0.021757303022654738
0.0701715996015954
0.044457676256656815
0.025224447420184662
0.027426687511156164
0.027022218493648328
0.09148654474666425
0.04747773464782318
0.07684148241640752
0.05077484179225537
0.04135189694397749
0.05175868970322063
0.028098062315935625
0.04510507301422418
0.0438248402829362
0.04238782170388181
0.03535217200468874
0.03292218081810461
0.04552799971527671
0.05475096834586212
0.04776110710416141
0.055771215463407214
0.06348036104813032
0.06609175520725881
0.07889302481802875
0.06671124482518784
0.07313281823978131
0.05627200513070787
0.06845140602551225
0.09463916569553697
0.3985712353616059
0.04325982825831421
0.025185074045681523
0.03979403076894642
0.07306316606115902
0.09597275914000446
0.044979998111034585
0.04527357422686501
0.0517558809967114
0.01484182090753345
0.10892923451080154
0.12546507500134946
0.06561825426510771
0.04066267592629474
0.06862030134876008
0.039308591171554726
0.06784900362438717
0.028553127159658576
0.07651499066909707
0.04104740607453679
0.05340652338784142
0.03209142327044115
0.03985235760432709
0.08373928567355775
0.06326564164927147
0.043400437280351346
0.031019313590738645
0.05206460340589578
0.07898293481647012
0.05747246218221238
0.029646585786734254
0.051759728320648145
0.05175710277612553
0.04472164631299931
0.05991979432308748
0.053230243754671294
0.0547453781828773
0.054198648046424554
0.05610540983552151
0.034124041804065516
0.039887875673892695
0.12229211116254136
0.06498640175690432
0.04773895949506743
0.06806552945049586
0.07872974331668271
0.0667019495800769
0.045058486681490845
0.05357394007170012
0.03629593922590935
0.0434908546784414
0.04874230534648036
0.04967396173379699
0.060715302843405095
0.08054441707888854
0.046127911229327724
0.05200746310858986
0.061295964770697514
0.04138050786788986
0.04844091855799727
0.0461122061935758
0.08003146452271731
0.027167280984072374
0.07165327690862568
0.036327830251130976
0.06704418703593182
0.042706826006791467
0.05929818616509139
0.03687058358801322
0.04271677867857696
0.05016817260072419
0.05577136836884865
0.035165397206874796
0.047122315019239275
0.05339141950241163
0.0568877353800874
0.039839317162349064
0.06692724458142163
0.07349779247174786
0.06344696641166771
0.06335356478058538
0.044487443718732735
0.07026262299585016
0.05212392453137619
0.08610839497883854
0.05858266565689924
0.053353444101796973
0.02939667389345013
0.058707084796439525
0.04179162022387522
0.07961902980285185
0.04723724052960147
0.07072396701814077
0.038030061641934385
0.06373639590029757
0.07285188726746837
0.03670524520323489
0.03168723973101298
0.03466535594692357
0.060730812113477216
0.059731954484150064
0.04627634404368545
0.07506081735106353
0.029696335579963398
0.07311551128156421
0.06039757985262371
0.03881461407511713
0.032341696816689275
0.039165411922234855
0.040641510261667714
0.06058176445720215
0.09180467139847813
0.049162073703146084
0.02135893943196846
0.030359542850530916
0.04061850583565478
0.039975679598917506
0.06707277743107834
0.0607900310042973
0.029940130062697388
0.05866769339403041
0.030002456651246623
0.03256851346038094
0.06664714174020461
0.06663522975467408
0.07022581102528713
0.04813161678266368
0.03771786295686765
0.07154578358339579
0.053212004195464395
0.10708620005119628
0.07962361846501921
0.06048782514796572
0.0545290672939205
0.04343584568590841
0.022058748032078367
0.0307727688765381
0.07376687673967397
0.07250180463604249
0.06272712822190661
0.038831522286380676
0.039771306165302084
0.04087252883022232
0.06273051710578811
0.09171575587464804
0.05151305927114189
0.0785258795723334
0.054851371157140914
0.07446867102120094
0.02709162422512812
0.06772301805464559
0.05613088970284301
0.05844016695691969
0.07500304876239652
0.0392229452853613
0.07266443839646651
0.0727397997680959
0.05451483117410705
0.10530232126597674
0.07200790185697191
0.06645533006393559
0.03305577992628447
0.06477693020783128
0.03568761998250475
0.056213198143840015
0.06228606294229744
0.07734174792835649
0.050197328974828356
0.07631362905061381
0.1576712258482341
0.02052030702363196
0.04517796212406826
0.020976330454416877
0.03730078115776789
0.044373495051139876
0.05051733121925371
0.0682781220386889
0.06251751472413651
0.043584960307468584
0.04336349296838076
0.07117507517242987
0.02434186804588278
0.05088912690572573
0.04311812452134293
0.06525981257579562
0.03654685522697057
0.08798364190905249
0.04953084693298995
0.13383636616307149
0.028557715060207954
0.034496366580225334
0.027964031634086405
0.04151879067903642
0.06014018758967871
0.06643102916455612
0.06187989478444202
0.04640703248446251
0.05728579178578788
0.0273533100553535
0.05907368428134644
0.04481568061266647
0.033222110839556916
0.02766118690115433
0.06333546753748419
0.08839294375123215
0.06402133363654024
0.05829782316353252
0.03039738435969804
0.08294967010694042
0.041796578794240195
0.03413515053868466
0.0762974466483881
0.06890355141369049
0.04051964029410552
0.08663641370200219
0.03313536234738881
0.07343147702633751
0.0565385456022636
0.09665355117115267
0.054547555819716015
0.07372725293403598
0.05061658702809688
0.0683574612041625
0.02907833616824969
0.058100501096470095
0.028434114453791473
0.06599164075465028
0.028837468206214585
0.055779723596713605
0.053616741526770165
0.04327106369043042
0.06650609907332738
0.0252876232902764
0.03235141135540731
0.030404494146154315
0.09910587709822419
0.05430748141279846
0.06828722114043533
0.050718614978833974
0.05589666171736027
0.06985146205585462
0.12059457438166393
0.08445200710216463
0.05166898203267027
0.03625621193119338
0.07227164270668042
0.05899233798075885
0.057852766138504035
0.05209112477928506
0.05100578593141712
0.032736798269272525
0.04970414083443223
0.07657526884418939
0.04814231491365214
0.06199902138688543
0.061112217207002974
0.04501846220851094
0.04343715333713411
0.06144321152420299
0.055793460331576346
0.060926014659531916
0.11432085128550461
0.04796629455124829
0.07567402848600564
0.04569553504503488
0.028795079861827097
0.06847585076885501
0.05413433277714932
0.07770480747018874
0.04617010345935417
0.06495986927659485
0.0245404014660904
0.061515515425735336
0.08844189326415712
0.02643377486612672
0.049282119740492195
0.0487517720818437
0.05326935011345876
0.05020228495283713
0.034076789074076234
0.056024028396554536
0.06166368598368488
0.03152346539513092
0.038406989487029725
0.043146394910657006
0.11109525502328778
0.03340018351138156
0.02580324938853066
0.05297931880708277
0.06199543646856997
0.09689496159416133
0.06942932303525995
0.056948443551424234
0.037845332268169274
0.07642752438953626
0.03661992975474377
0.06147379014132163
0.04504515183593015
0.06463170777062799
0.06190568469082465
0.05113812745643361
0.08582794752057449
0.046582473944617016
0.06611314684148734
0.01849679568715583
0.07770918914754994
0.05750611134544458
0.13045649960376496
0.06243574458321952
0.03684374820465595
0.0387897686733277
0.044095637649088845
0.03534294502847495
0.0664979502800181
0.07679561951813607
0.05225088476686162
0.04932837580981201
0.10663782724779783
0.0650945933909258
0.06366347034188263
0.03997254404960017
0.04515487946696727
0.022106336103421487
0.06267689639504667
0.04459983388595599
0.015145859403240283
0.08758617589687168
0.049445798006947
0.05282530374157834
0.07494434604839388
0.04463610807806812
0.04830627910122792
0.03440085422247872
0.016864757836502906
0.03713326222369228
0.045031291620584495
0.06832934598586189
0.052156733952060594
0.07327000660336867
0.06640349744326306
0.10350269921445011
0.02700272075047651
0.0593012643458115
0.052748714821359115
0.4241082642025821
0.03905453867779985
0.06059305285997418
0.05672512496243154
0.02276753784329052
0.06754620363863217
0.029069437173473187
0.03187485491992526
0.03068145877840179
0.060071669863680316
0.04662361330802997
0.05675299649932489
0.06519510965640647
0.028626127523725942
0.1227964059679151
0.061291042400144435
0.053465092424671574
0.0684924518029627
0.04264735132944337
0.05395253069012558
0.05902754793239566
0.032076776752208686
0.022622103425505094
0.04953674841371785
0.04246312495910852
0.06836288620362356
0.04172474367694059
0.038126329672441145
0.02917718219416718
0.0421446954684424
0.04240116548131845
0.048973982505670886
0.02147102532451836
0.0553786076060595
0.05535311046757188
0.06929634294971974
0.04806955804047426
0.04003279240400801
0.03638989564116907
0.05651180695226627
0.050175902078908194
0.03427414182601384
0.02834617607772491
0.07134049603377479
0.04619791549672949
0.05570439742883213
0.05709911778401327
0.06578150284869602
0.04742063948952687
0.07093118694000744
0.044248265433471726
0.056837441146038774
0.06719475858416664
0.06886112084296284
0.05672343330152708
0.049752416961086926
0.038759650249501905
0.05712869107401006
0.08334840135095639
0.07286987723389458
0.03133951696331183
0.0455353611146754
0.044965971745179155
0.044096132799983215
0.043107135541518654
0.02035807711197823
0.05757494233135105
0.05814377243580068
0.07585867198911732
0.06841524457192398
0.033033008747523185
0.035799008646704995
0.044420012685904744
0.05701707331665071
0.04371739561667199
0.07438894393220313
0.06111245609343746
0.06836156384823057
0.05420799550196135
0.051537674584637816
0.0398454141822266
0.047103123885489824
0.027813279994058998
0.05895548904617956
0.08016357998680845
0.03380021315664929
0.05815547046123176
0.04948090063014393
0.03572316959873696
0.053666378627858426
0.08843504988771615
0.05778871696484903
0.041699154337021975
0.07095423280916884
0.02531469219153176
0.06392068975669128
0.06046086537812783
0.05538424131190641
0.04021381850244317
0.013564476158936092
0.048126375258807676
0.06257009441310613
0.0747241907313758
0.0411042511060521
0.05888282831498221
0.024044884234127404
0.05960742519013867
0.03180436828404081
0.04912956874469151
0.06302915746511081
0.029797768915347717
0.044568539514339665
0.05751518908799713
0.04167087802155864
0.06480653740701801
0.06974939048950385
0.08960190621682759
0.03777656163449776
0.06603415635176767
0.06122688057985444
0.11112501620086883
0.06413846759994069
0.05978726407791242
0.0755685730382357
0.07384391139407676
0.04572960706953826
0.05855859430717584
0.04152634795916899
0.046754728166784394
0.03227063810489013
0.025257359854022696
0.051470750317319465
0.05844955621316636
0.07574654968896097
0.06044397973806833
0.057236157421192806
0.060742267660061744
0.04699097988742359
0.07116174237461324
0.05413103102088563
