0.18599540026042521
0.17618746707329122
0.18020512506723385
0.1863508165525754
0.1825546941332547
0.1655993307135386
0.1695693299998742
0.17368046408827872
0.15793794833562214
0.1645677954350194
0.16891987385453333
0.1633457984314142
0.1454554039332716
0.16267307932459643
0.17597897746966845
0.16904547732654795
0.16891966417275348
0.176751338012972
0.17306312990602238
0.18019911581075423
0.16626270059770493
0.17460307244226778
0.1433078114795393
0.16885044748708405
0.16773619788701993
0.16684735457296856
0.1633491269590545
0.17718174702584466
0.18907331898827962
0.17466882800958822
0.1610132853887423
0.16722137450988625
0.17273336454732405
0.181590192762484
0.16402561241293404
0.14508644227190698
0.16346353413097106
0.1751693084299153
0.14797060973485002
0.14472083581826709
0.16825557788574702
0.17116731412747932
0.1787191972182584
0.1679256885292364
0.16953185357311196
0.18012527158384725
0.18454184477890576
0.1810129296196016
0.16081500483334923
0.16435774582259852
0.17051669442215234
0.1639565466009363
0.19241724370965296
0.15628821870765672
0.17223881832485594
0.16515375993681014
0.17763387570070505
0.17990470079005544
0.16245066271599667
0.17378600002266717
0.18279952570112246
0.177206198191661
0.16155844780445527
0.1794916889872664
0.17019841616616993
0.16640817741977224
0.1840360921728765
0.17071932972926357
0.16540234693615932
0.17136051892873544
0.1808501080896775
0.17044760910954926
0.1871151275076906
0.16261620823249365
0.16898178743699843
0.17178170354939026
0.16173015717550715
0.17309276612912122
0.16003326482783953
0.17163759586808686
0.17103997233115117
0.16233451056076037
0.1789393606586582
0.1612215471725309
0.1762342525622988
0.17970199930708103
0.16432527500697416
0.1598315777156385
0.15530396628246984
0.185332133712062
0.168974264326744
0.19114765423674668
0.17977369235358612
0.1437069366050606
0.1729497153026978
0.15428631509926924
0.1737422839074871
0.17109328901604914
0.1758284398360566
0.1869240890052424
0.16237147653731698
0.17825374014265827
0.18006988730430706
0.1705456606903669
0.1619487801817075
0.18323023417603596
0.1598247685000904
0.16188881187632034
0.16025453971325312
0.1602947942631336
0.1509117406092292
0.1763239618944294
0.18099609543169684
0.14862119668480844
0.1754236185376082
0.16561849588688082
0.1620456957965487
0.17693688006109176
0.18613382058653918
0.1682756393832727
0.18087610603203289
0.17214430243465928
0.16147841569803806
0.17747121210805228
0.176153228867158
0.18867997015755456
0.15012481255339583
0.17561344013316738
0.18547899478075344
0.17776027002799993
0.15827112927875814
0.1615658737396768
0.1539283926822534
0.18206647866952594
0.16465150835367592
0.18148314411219024
0.16852097635688312
0.16289884967597948
0.16753177077232398
0.16462080274996327
0.1810541866643801
0.15169904024802366
0.17959742544013363
0.16335583421489625
0.17694951560384728
0.17498522485445236
0.1672206021058946
0.16168795870885766
0.1875111825917738
0.17058392646865017
0.16158079730959865
0.15398083706783666
0.18287859372815568
0.1802376844290719
0.1674293614889802
0.16610518310670838
0.14353425901543743
0.17333433273486953
0.16548325165900266
0.16030948677588375
0.20138311673890236
0.16224546246699084
0.1520566388663465
0.14778566523299524
0.16050485266553596
0.18460940918336
0.16749056004851637
0.1765153175302413
0.1695430579478793
0.17175144654288133
0.17036054107257542
0.14874915506144287
0.17484764356788635
0.18087294327085918
0.15929520595916385
0.19626076315654517
0.18110494641973424
0.17123243565382074
0.19370913329015393
0.16708957326060114
0.18180394011749001
0.18316408810668658
0.1455964147672615
0.15448129569044547
0.1549888421145339
0.1717027728487716
0.18578315760097996
0.17170071580549626
0.164608474367688
0.18106808901185176
0.14540586989210574
0.1764795242324132
0.1738693585853786
0.17977668582576303
0.14955552100207153
0.1908722399767178
0.15734519423053717
0.16313112174520605
0.16604091751929156
0.16016690706831319
0.17061861526530564
0.16237640334284992
0.17495299561695807
0.17691552724908488
0.15733825053328138
0.17639890339463815
0.1841505837250469
0.15907909871710946
0.18329864079379565
0.16378922476220414
0.1785112561269799
0.1730728087774525
0.17251773288275885
0.18543619928626387
0.15241664967103918
0.14872303810816967
0.18418587185158233
0.1623451252322637
0.17261468820688386
0.1657431374209822
0.18234727274191292
0.18232673746281547
0.1595913516678049
0.16846714972136387
0.1746004406192217
0.16792696156885895
0.17924450148320614
0.1586702690407994
0.1540097372103788
0.16313728739004524
0.15995924249070526
0.15642836894290454
0.14633968292765034
0.1761792901216881
0.16678399992089243
0.18085093749210046
0.16342575937513448
0.148436657813247
0.17483149941521148
0.16283892742829065
0.17613517796898856
0.1735957522364175
0.18836223398984184
0.16553784136109578
0.18325046017240898
0.16260989183336888
0.17217699426256652
0.16903189069823202
0.1799906864446977
0.1607817773540267
0.17318001412146355
0.17229915339701876
0.17705597567455011
0.1665736358432249
0.1604003115046745
0.1483845408468997
0.1883847422283282
0.17591662186453214
0.16558864809262228
0.16773933773411692
0.17083976552129035
0.18073368199847037
0.16762309042879056
0.18292025542640264
0.17553025496569263
0.18123687767612218
0.15731606510584345
0.15334674042487537
0.15942236163488888
0.15649104108199802
0.16692989799236876
0.1823579287815077
0.17175327164701942
0.14366319178410866
0.1758848677830921
0.16745378308111597
0.17653716594828908
0.17759063169940686
0.16599714704063168
0.1791004412159406
0.1581320336123729
0.1784658654696082
0.19158869677068963
0.17875606403541716
0.16802713889650767
0.15001901361427838
0.16302662195823964
0.16161432980039234
0.16607017020902576
0.1538051513325103
0.1687724680164679
0.15961431195185402
0.17371818583606605
0.1862635818800947
0.14808967091348949
0.1643152809863538
0.17342174957313855
0.16142849388112024
0.17090654546326509
0.17710412627673083
0.18491176986115837
0.17683123416905605
0.15608657531814835
0.1586567084112815
0.15924094587442494
0.15841774269164965
0.17052494564619639
0.17655230655506393
0.16504286355781048
0.1639371785557045
0.1748873395954857
0.1771052469347857
0.16454179928875093
0.17616085761028505
0.18499594744672787
0.1737895194792337
0.1729520360414729
0.1683336841309087
0.16932738352096027
0.15587687825478977
0.1520335590244808
0.1831569238789952
0.18061050267602535
0.18206862917455155
0.17638556905908268
0.1583112634197375
0.16367425968846033
0.18892173473764576
0.16751783382880647
0.18063967666651778
0.18293678952975376
0.17383964911941058
0.17679028389900844
0.1740918433871404
0.1808195164866532
0.16260549456907852
0.17473678875162743
0.17090538611907702
0.16380500778782447
0.17459487689208747
0.17228334162054654
0.1359433176418275
0.15092267080356153
0.17201610177885
0.17405660715790566
0.16366429745836383
0.16461534066949407
0.18074838636553994
0.16785809210696928
0.17690217510827871
0.16876906921605808
0.17323063902069957
0.15729494834908603
0.17218389590566863
0.1676461569685228
0.16818370948288808
0.17521966821676818
0.14328711920420834
0.16778085208933585
0.17774218235779515
0.1763354327556558
0.17001506824933257
0.1611421785226389
0.1561022586151117
0.17801590160854114
0.17230204225837137
0.1855338588855446
0.19307300520127813
0.18039593456353054
0.18079929683409138
0.18359603114660175
0.15125855961075343
0.16123375681030172
0.17292542503014682
0.17311904193243133
0.15523656120566398
0.16418134681920038
0.16894775037688722
0.1818979991478712
0.18165172213304576
0.1822286705074598
0.169714165612644
0.1512077435993175
0.17009519110823407
0.17171527107708948
0.16910601501279315
0.16331840877715725
0.1519703436412431
0.186287590647194
0.1670952162851957
0.1684001409365589
0.1670560587753095
0.19937570833053267
0.17746633313880197
0.18236822965219784
0.15870391792901858
0.17171849330140787
0.15188515663683905
0.18698925729268862
0.16791924362421543
0.1743671396203575
0.1696268639232663
0.19196403291850306
0.1666864909558593
0.17713172181024722
0.18306246629884884
0.1588066889798631
0.170803163260078
0.16694967550350623
0.18900839539083386
0.1693356046835615
0.17444269908558377
0.16675636590273185
0.16393761314160132
0.15120593471400318
0.16967316401118376
0.16445374274757704
0.17151354740171154
0.18517087797287118
0.14791674384734713
0.14992774572541748
0.18264338897730137
0.17386286184136085
0.16400793536803399
0.15918481397291276
0.15993535398412634
0.17218376731025736
0.18340401953574478
0.16553086440827283
0.15815969296738053
0.16442757557934573
0.16525916711050004
0.19072025166219297
0.1752834261195395
0.16311501804325385
0.17045948428225047
0.16497869597303122
0.14599980365035753
0.18552258221360568
0.1530707044369683
0.14855875887498854
0.14642079938106656
0.16611643916357954
0.17719796327962112
0.18279590847785826
0.16853041447455042
0.16182896428262739
0.17346893170591304
0.1562075316382726
0.1815155051885535
0.1904291546036645
0.1751452559407483
0.1872641193531664
0.17191039731089028
0.17129986580493875
0.17808897241469646
0.17028863469147396
0.1679622953532205
0.1644095428200701
0.16015886760392442
0.1893346751255317
0.17765656687972978
0.17143749353414078
0.16411479644767396
0.16857488351416375
0.1729285691134521
0.14714379128902141
0.17895460821616735
0.18441309747932227
0.17489745776469104
0.16201023494155678
0.17248632038336684
0.16905798140532086
0.15328064607648914
0.16622047785594915
0.1689531693698365
0.18283007292508577
0.17072363772629853
0.16922089972307727
0.1613797136104962
0.1790095420549652
0.18144226184595647
0.16895297680460747
0.15829298890712223
0.18440003948607728
0.16280714994803774
0.15229335170760117
0.16813388085975517
0.16235740282972466
0.1681138785846235
0.17213619552217044
0.16382668012727997
0.14890956474681386
0.17197737588814305
0.17940856268280914
0.1622693792336367
0.1796846264750502
0.18491986520254192
0.16155076185377668
0.1670522553757562
0.16731498972108785
0.1474609278510727
0.17587389261555575
0.16729270190154494
0.15391658464346283
0.15966004174446563
0.1671378655708151
0.18509693914316014
0.1673587848328949
0.16198692115553992
0.1720241973983341
0.18379175310202442
0.1636458827061149
0.17465646880456315
0.16059971839358747
0.16868389034496656
0.18123834801784344
0.17353157413733653
0.17819979240805314
0.1682025595531313
0.18729666186717908
0.15793181271514145
0.16022425095846166
0.16160895358801355
0.13656977349553368
0.1533382635176552
0.17127015727147918
0.179029828025846
0.1714477929198525
0.14422593381381218
0.17758682272210036
0.1737738024196267
0.14946376928644586
0.1484889602892039
0.16748345365691436
0.162934253968533
0.17325990576180877
0.16830013874640953
0.17802321660562612
0.14882360165086467
0.18118259209866414
0.1639750236893408
0.16731833839630086
0.15881852341270666
0.17659645598404308
0.16808071452810583
0.17498051400737769
0.18850862983204142
0.15292435987116254
0.17478506008994502
0.17821259889367447
0.15241534478799926
0.1620769144710997
0.1602588188611163
0.17321367027298787
0.1519596027754085
0.17505074466693926
0.16485403079778121
0.15179542017288822
0.1781092610979789
0.17900051609207948
0.14537443478326192
0.15961653004901213
0.17225143484082742
0.1660162846714476
0.16797250703358055
0.16083086933027815
0.16557151332549142
0.17613625645236353
0.14593904940297847
0.15716029729792266
0.1479143201971498
0.1888237578609389
0.14924600378691621
0.17792673570037842
0.14669793584569496
0.16128009596172452
0.1698889858392065
0.1682922094327394
0.16044621617074034
0.17654137820735272
0.15732127821173114
0.17883922985947331
0.16908024982389047
0.159125731051731
0.1792959500634792
0.15987834906743312
0.16559665495859524
0.1739099170639372
0.14906735023265294
0.1559306942491664
0.15687799966840232
0.15483914913435132
0.1712323124067261
0.19053110632072312
0.1666799638930812
0.16569352126278558
0.1887571238676649
0.1541560026957455
0.18010976793821207
0.16429346077666704
0.1745436998030303
0.18249387311427034
0.18036229698684975
0.16742624869380296
0.17109424157731767
0.17322943160912502
0.16445125703154834
0.18048082840483043
0.17681443368997812
0.1591724094499974
0.16700107463915947
0.15058750114690933
0.16677339767810903
0.1765846292505922
0.1716038103143782
0.15610683524143965
0.17641428298293338
0.17295705949904253
0.1640061457481149
0.17872530984860746
0.15325205465086683
0.16702607007355383
0.1896889728323072
0.16288870712841524
0.16917652622001367
0.16092167868929713
0.18744363371282718
0.16699407250843054
0.1656192812335542
0.1501478676650343
0.1737063995821662
0.1880449390963352
0.16147392370648975
0.17938957939956188
0.16915208427303421
0.1796531228316579
0.1846505764989823
0.17532135121825437
0.16894096169738895
0.14454406215892876
0.14343026364932812
0.1778493504511656
0.16137461934332764
0.16289212607115408
0.16712306042829586
0.18481239461098983
0.19285343417799064
0.16920417005317834
0.19027844954909195
0.17114490307178326
0.17312888263330184
0.17760725560631824
0.16195513592740846
0.1934063293386694
0.16840573860044056
0.1759235091700747
0.17640832278047677
0.18617558386678687
0.16423234633775108
0.17356466621135042
0.17663489815862596
0.17469539141079127
0.17591795725833587
0.17744277675945763
0.18208154334333146
0.16364127385820418
0.17028786327165885
0.16609660446073593
0.18160570139432525
0.1751104101762596
0.16062509539688483
0.1821187266283035
0.1754322051481552
0.1751032305726736
0.18126942211058206
0.17837724039354996
0.14393178995213216
0.17593685895259362
0.1769450787458136
0.1883940429648347
0.15838806267141128
0.16902935016710177
0.16226021328772994
0.17114590586581302
0.1489277510382272
0.16217490187808098
0.18023835936200544
0.14905955037724075
0.16451516370317076
0.1776649566161264
0.15769510310918267
0.1737389667808412
0.17669773473519174
0.1692522634167195
0.16670326574189923
0.14762598705061042
0.17754239828516033
0.1795472999843456
0.16925308313560405
0.14932966615557353
0.15797711917110752
0.17580639479513538
0.1479518874917997
0.16142366430510996
0.18356988176019892
0.17376079707664682
0.166161386789921
0.16493125399933883
0.1616869579778002
0.17138848214491048
0.17540160522889292
0.15987481594695868
0.17267145634956185
0.16802148898061414
0.1802569200074748
0.19108218775146038
0.17502980888550454
0.15348844696049796
0.16234294189080437
0.1490413761769392
0.1694467581473529
0.16149303884479152
0.17144354336418816
0.17434055688928116
0.16651344750775346
0.17976403633770133
0.17213364448158167
0.17259520812550366
0.1709703469985181
0.17607520503902913
0.16798841721981822
0.1779611426664477
0.17438284021615114
0.16973451410439522
0.1737714215435047
0.16562949425496945
0.1713669787694618
0.15815724048919205
0.16579483269216838
0.14101303147191832
0.16161762165022958
0.17707044207195874
0.18501610662275814
0.16013211861879414
0.17543508676530123
0.17996674751647
0.1585663337626394
0.1751941716180982
0.16057461971200152
0.17654874476736757
0.1649042464802292
0.18118346151147174
0.16847651007710224
0.16829794272619603
0.17669709340315384
0.17726468803067535
0.16687767257842145
0.1524625782792989
0.16842504494691724
0.18240275973232598
0.16572644325916522
0.17171883115643638
0.18228678589512404
0.1741757897790162
0.17584501797169425
0.1731733533241097
0.16383381094982408
0.1912320088938535
0.17724902022977318
0.17878863310136217
0.17145198812112072
0.1598996238087437
0.18842942120951747
0.16931635076322818
0.18176747743404786
0.1880303603454652
0.16184256418069448
0.1765051424353756
0.16424587906951377
0.1844474472107813
0.14238696663537637
0.14736152502300676
0.17551263640003895
0.14958561288687372
0.16216971426006474
0.15775211694535285
0.15636415410288773
0.1667816848155164
0.1586272436177822
0.15821586808000576
0.16779029573947887
0.17743167118915992
0.162770967400587
0.14649057249520295
0.15936303737554053
0.1646792545200152
0.1566152992059917
0.18518872168434825
0.18137542379777533
0.17040084444241413
0.1488454177915704
0.17982429732733124
0.18775034076133407
0.17910345111495382
0.1690574150113894
0.16487645706530793
0.1616204315753699
0.18447826188300176
0.18148539238112602
0.18911942141211577
0.161240727014653
0.1789908411096997
0.16211069251293983
0.16584362043889592
0.18670235205223903
0.18543384234143706
0.17916824085284616
0.1785943518577911
0.1632355643199253
0.1495024456924382
0.1794188405544494
0.17585178271185065
0.17726212308171754
0.16392003545893424
0.16553130325150778
0.1614500896035454
0.16124268156873325
0.17054819297089088
0.16185061934540385
0.1832462128043481
0.15225520125459596
0.17078461041480486
0.17660197934659722
0.17536475199587462
0.18345546095457083
0.168723423082632
0.18230534535424198
0.17483033869786138
0.18092873638894275
0.1660945883024304
0.16554590827955568
0.18163737083666032
0.15379028320355959
0.16413688168519294
0.1691127828834291
0.1709517712043233
0.14125390932870718
0.1721923113487947
0.1722563791486667
0.16087737905543642
0.14665727541737986
0.14798941222247997
0.18184310352717656
0.164798800740983
0.18328617587286025
0.1627670782246546
0.17864803935430904
0.16122727587141275
0.16048243565706222
0.17867305337388756
0.16485527981333015
0.16858429006629333
0.16977933220467226
0.16283479556766953
0.19164976120006677
0.17292979267176367
0.17299249743408573
0.1636135364143535
0.16202517887445736
0.15924701441398212
0.15638737197322264
0.16983817239663174
0.17851961070246783
0.1888657483263689
0.16910675161179095
0.17224469964156652
0.17413638695824482
0.18048840198766097
0.16571517608244818
0.16962263098394587
0.1754353466967112
0.17478372205071052
0.1786463536030143
0.16076875031664686
0.16293445017992134
0.17340851083449582
0.1814487171563302
0.164897925857228
0.16080319232895865
0.1697917897861411
0.17983874736107758
0.1556389600876956
0.16210208850677518
0.16316281279819458
0.17971552748782993
0.16618206460230595
0.15889053984746995
0.16119854328106642
0.16016588413985539
0.16780631733108853
0.15924196016921183
0.17284169641789784
0.16952472769872676
0.18915149187108907
0.16556250794278765
0.1786331500622157
0.18624949443348654
0.16286102043911427
0.14865482318554002
0.1867204076438083
0.16206980075435387
0.17963612345044783
0.17413517297526818
0.151135299931683
0.18420852102383534
0.16980145693470927
0.17781666845874414
0.174465155401473
0.17316342167078005
0.16255404569560306
0.19258597576633413
0.18067387057841072
0.17392058910602462
0.16796630514989236
0.15841999037098844
0.16926301427482318
0.16817837345489142
0.16838930588755177
0.14737173097026718
0.1709178369322703
0.16195942357188003
0.14911769360966876
0.1825241097574396
0.17581189907304215
0.15258960996199672
0.18140907245472102
0.16662609059497774
0.16135478413143076
0.1829881368271722
0.1824902461518386
0.17289214563182262
0.16014714892637866
0.1672388720082521
0.163636323818879
0.15004036105982835
0.16120321236198917
0.18045078844097207
0.16796814251036574
0.16267980841536522
0.15211433729075696
0.17053228886470534
0.17501135065052373
0.1656831810011293
0.17127814665159113
0.17890359988732263
0.1590590996327167
0.15653613267854655
0.1597477666993599
0.18760240257766064
0.1620346904580369
0.19632123686043612
0.17635185997895542
0.1681917555671378
0.17077840078619325
0.16164636053273784
0.1746050946509199
0.165705432550404
0.15318475050679553
0.17276796341342826
0.15314657459452308
0.1752865257005226
0.17165201208788342
0.15604429779593115
0.1699240474777684
0.1628883054591503
0.1481177051606204
0.14952914472947892
0.16200250618519912
0.16685033457428303
0.17594331735894445
0.18703297822103115
0.1790595997936517
0.17638356645767292
0.15264875763227675
0.1774880784120016
0.16629729522519388
0.16574929792950968
0.19692093680382022
0.1673158311054133
0.1681697550257596
0.15733389080472182
0.14995575325861638
0.16607300337645642
0.16928030710940156
0.17375839847173832
0.15566341363594294
0.15719160809437566
0.17158593630115807
0.17879735631337
