0.5922488304735163
0.5015552259749319
0.43764611069994913
0.3581171240892089
2.2612792450696424
1.2239869942667652
2.535080171364866
0.4813286108482382
0.6703900299939639
1.49560030640578
24.764378318953938
0.7707576256480176
16.202909878098637
1.0615608822831955
0.7309936131108971
1.6134415428344706
1.087343312756148
0.5655804508274124
0.37829583146227547
1.2482397710485715
0.7560074949066808
2.088779898509428
1.6100445095714377
1.4967909719318155
0.5321922279562981
3.944601447213827
1.8217352818247337
1.0266619459351438
1.0540599734491725
0.41127819255118675
0.8624021205965374
0.8347694349589201
0.9977834856617165
1.4766761945134816
1.8647205311774862
6.15763708843461
1.5098044342858534
0.683361560529539
0.4513074465326884
0.7893772282386993
0.4915390749565746
0.3791895757484065
0.8569659104199169
0.40748934815364396
1.1292334965147033
0.5628268664978886
0.35153732313618935
2.0428872322441056
1.4220147567775827
0.5947873289247826
0.36356620845285065
0.6659929875655867
1.909454037261188
2.358039992315805
0.8779245856548428
0.6083495488485378
1.3091465750561315
0.6023705057608391
9.532830315739787
0.5265333417751124
0.4336590508783112
0.5367978549715159
0.6737663241738108
0.2841271483139213
1.1546581136769893
1.2414532525709692
0.5141713645209949
0.39833972149120556
0.4983112109973983
0.8598840977820433
6.57143832073788
4.047457033669278
0.787176684593897
0.6614450190626943
0.5063410089530356
23.652272104630303
2.914680559828506
1.2187206557558872
4.169338570066446
1.2064013709872519
0.4327384106412748
0.7306255432652712
1.2849672752123849
4.037434068950428
0.47197761512472025
0.7358303380197498
2.3544757659592204
1.4756892748028296
6.819303910894825
0.4181794822646813
0.6667221764265923
1.1460671209978137
3.131043030483244
0.8859796343911246
1.3966864703352848
3.8656038747083232
0.5523475499865754
1.1368411328590726
0.3181856845254648
0.5466724613547961
2.0733159726011046
2.6499746851516726
0.9074837677389772
0.5123286914735545
0.5068728737641256
1.99842163435432
0.4003201990508989
2.2757833142043022
0.5923898024320068
0.19776153661659596
0.9151336311877439
0.9995937611777613
0.35309988336837067
0.9031532594588422
1.7590032281416041
0.38821083997933337
0.38807855413425085
1.391327004484149
1.0168073517038283
5.115460710568511
2.2437351639687795
1.1666374412867029
1.3777560278250087
0.5064555855072654
2.2430955105164627
0.6739937725419258
6.010644598997417
0.7871795063390307
4.543708114180858
4.02066065399337
0.8428810370971141
7.196995005062738
1.6025205945101073
1.4235939952714063
0.36889426395174235
0.9047099114453042
1.4421495934746051
0.5702928226004532
0.389767660139996
0.32459215699100463
13.32993731964644
0.6478860445214634
6.035718402729564
3.971035997696497
0.5957968708036508
0.2695871540599459
1.4291149058767336
0.6499256694109067
0.4228353606607149
0.783464725802949
0.6279194721336778
0.5250579986411025
1.7407696035908986
1.774549154663571
2.9760351184361937
0.7944884875987843
1.712689915551172
3.6942911083694576
0.6359500872951382
1.5551349090354412
1.0176947400021914
0.5171041498064133
0.45961598519312974
0.5821620119684605
0.5484845918815342
3.376108643821003
0.922991351947945
0.7788398852634293
1.1082979391840102
0.4414067643765541
1.061653936026874
0.3042478867639917
0.6241278923081055
1.9299346668626622
0.26287513654991884
0.6009895483973263
0.8719614196759713
0.7232604423107524
0.6027914481002647
0.9857899374439553
0.5882670355587072
0.6766751890565345
0.6584320023556572
1.153279048735812
0.3800156909942159
0.5538477140164804
1.2460935248802418
9.056625169189713
0.3382842780698265
0.7310507509568531
1.6826259392839362
0.9713896971795265
2.752963065813106
0.452193941353044
9.216522352324192
0.7929011874779419
0.6121334956928128
1.5565127758212742
1.0652425546824902
0.8665677260409482
0.703699867962382
2.143643706809578
0.6615236971273267
1.2207497625627297
2.938125765686695
0.9631276010814921
0.44560141443179724
0.8542334640413008
1.9981684489201625
1.083568741875186
0.6359745601062287
0.30254456032639543
0.6382152673856243
0.8960616551321253
9.46534557434365
14.227112541220599
0.7140653037685348
1.6916208039479268
1.0976240794783654
0.6819649411390818
0.2226728656045827
1.885416360007253
1.471590251577432
2.135874263816049
1.6823293070685335
0.9204151756981498
0.9471682041514317
0.34850490706443815
0.8788061941984179
1.3814732300940515
0.6350747094039257
0.6932346277477901
0.3676493113417286
0.9801146880703361
0.7022831506755091
3.1253748427632004
0.25970560500596435
1.0364059960006284
0.19265209292760174
0.5364394830000699
1.6788375403203448
1.2086820652255441
0.21680118813012028
1.8253579907219057
1.0022195936598284
1.2380422823408195
0.3133078950057659
3.293657483812996
0.25306258708122154
0.6381037208941152
1.2449808162316913
2.040611948320962
5.21186340174166
0.5067551072084996
0.6707705389045916
0.7533273619562915
0.760717417578449
0.8253738850561254
0.6214822760396937
0.4639652694612795
131.99861945375045
1.2133097276640503
1.1022896647298115
0.9945916698122812
0.8429596396316851
2.331131575416875
1.658394680124809
0.8890003215725881
1.1052478958782948
0.5173541995534676
0.6704512106669054
0.9715141157313696
1.1768176350233963
0.6096583986929344
0.38580756352565604
5.5743308651511665
0.5100554205284705
1.0136648724213
0.605059716950151
0.40392091111323186
0.36818974157791556
3.812616518038014
2.6146579240515258
1.7844204676263906
0.8061759600016266
1.1504676134017482
0.8102784292957205
0.8033981497195894
0.17879978441637034
0.9553187631585928
3.452975757534193
1.1015533441583334
0.31780478011123314
0.5154366938728038
1.6244932534277547
0.8156425950996303
8.613012065033198
0.9614220782471117
8.935750523702515
0.5789727715214329
0.3159093129451161
2.719803356038844
0.27203846795276854
1.7579926758880333
0.7726010718490078
3.632692857824739
0.8744740842998295
2.1733383672992463
0.8393867379359227
2.9998715639486084
1.7858615894261873
8.953256658289504
0.26583371257458743
0.8761045378862169
1.4226512159795655
7.812975190418593
0.6505975421918055
3.2623777494730817
0.5091028166987739
0.49912878247819115
1.254643991358504
340652.3965349689
5.508734348764551
1.0550613648623788
0.7930893590571808
1.0366945203758902
0.8848272672761542
0.8905739880870676
0.9192599548816
0.34414503274088076
0.575051686378791
0.742639955454523
0.30172433897759654
1.0358720844474618
1.0441894309663105
0.8648144764123945
5.395383817554013
0.1397033576241223
0.5141608086980932
2.0984922845736924
0.33473183921619903
0.3578867132297819
1.2585952422547781
16.94037269717619
0.4190687020500574
0.012185076515051848
2.5975017627373638
0.5706135502903043
2.4419963171417547
1.022859506993473
1.400070035790798
1.4801700110973375
1.1835072220205562
11.291020958416688
0.43094349157826656
1.1604786991193274
0.5712334954058188
0.16288531908889822
1.634512035432083
0.03171723634088242
0.26809142641449896
0.18846798650889757
4.47996217583719
1.748911058508044
0.01765816197624584
0.7175542758515745
5.1427859961016225
10.082227210735887
0.7557316603249985
0.26843352883650934
2.044823550507763
0.9789784244464391
0.8826212606711535
0.31637049105663007
0.7317844469031118
0.7407972230714527
1.7584269365631437
0.2578343391946949
0.7857586283601522
0.6309921558236113
0.5168094318434653
1.0115550346742193
1.3429386669002745
2.8551010301715225
1.7537115989623986
2.3919605182701065
0.6932381100453212
1.1041200033857517
0.24079493949694114
0.9697942485625195
1.12718065356154
2.4992016336856313
0.2135654410788772
0.91923884133659
0.4973319883603241
1.7009403444662488
0.545848681363317
2.133215188486211
2.3129969834811046
1.1880680767771468
8.280894217219334
0.4237493661454127
1.1874221731282844
7.156332949621885
0.42383758271891
0.5077710317534715
0.2642009726114453
0.9059719368723151
7.923196334662293
1.3076415797453367
1.1038801559786335
0.4900304503882709
0.7999458439063318
3.27648710986767
0.9553321611679393
0.7524103438274777
1.2758818402815848
1.049054222293788
2.2892634159424072
1.7861528025709426
2.6690098506142372
2.9283249652054093
1.9823598635822952
0.775365494649516
3.602529790984428
2.545508101119596
6.660724389176968
1.7576487088083785
0.60491804922732
4.602530966884997
1.07297610306232
1.0003833647000677
5.329862937132407
0.7686196520755036
0.6506868824194744
1.3856988167025945
0.4690654992907686
1.8362007772127145
0.8481679240496116
0.32331096143399307
0.9200295121046601
6.390701554357832
3.586976325186025
1.1896757928776995
0.4040409061797601
2.569595352338632
1.4034780278241168
4.267764508337005
0.7179717136800843
1.0839840688634266
6.6490593070769854
1.6102171905859972
0.838777483729828
0.4431445785490377
0.3341476222507498
0.47375549208621237
0.4583016826265482
1.0016574049874833
0.3122209796572024
1.685646630808717
2.5506723753793725
0.5861054155369251
0.6679331107079136
1.7591620651340565
1.6988339947155784
2.099558116661541
0.5403575184430838
0.35699511248951127
0.6100394078787466
2.246236325548436
0.8499803530709251
4.271390265433976
0.6068066697159613
1.3503195929244867
0.8979986238186982
1.736977290096159
1.3152128839517672
0.3176549071989883
0.2856081428512504
0.5152088186113435
1.0012165237187824
2.7771650871330884
1.2128095696076537
0.31787539979888174
0.3648780108075607
1.0934115744909718
1.0689628839361422
0.2325699831191831
0.6612451786057405
0.8920943164508525
0.393618420305724
0.6934286117868335
0.6119194330232424
2.290281350057599
1.259878689323967
1.4834007964653986
0.33739718498756444
1.0376682999425972
0.6623207115460927
1.0364902345644094
13.408740932864525
2.658216397241485
0.4941217610517227
1.0829758663402944
9.143141491594552
2.768140294716015
11.241988545678947
3.3804538945853975
0.7630353539634613
0.27776170005786516
0.4089021735349607
0.5928653361074048
0.37826690282287073
0.8023460658240498
0.8963794576588432
0.4819290935993468
1.3230223617945682
0.17286455838587547
0.8752173880021096
0.39932150490116797
1.816595964026782
0.7415286483013247
0.4181925381068985
0.9845221572824848
0.31836020922338715
0.4027497020392559
4.487169575081721
0.74014264376405
0.6911211007263833
0.9413148170071469
1.053591468492793
3.0689240810080864
1.3155333021753093
0.6307933633965372
1.3349677770193422
0.6007266002482134
0.1973712558561886
1.2079588933961922
0.9344468873658204
1.44592080001468
1.224778341921353
0.4600213010246014
0.4821588277316164
2.161320602953361
0.5114008451704471
1.168336797414108
0.6285381142403185
0.3146497251955632
0.3677632628725861
2.6561772446329925
0.45522413832912284
0.508935389594212
4.105812733375705
7.430173164615446
0.8926230724987776
0.7837588136580371
1.4264814957610974
4.207466460125014
2.1268056279601333
1.7453021989206594
1.0482874960548174
0.5343182174676192
0.915387286605303
0.4914123283866209
2.0974972082323617
0.5943705239000794
0.3842569001435105
0.9607593057163598
0.10847290104780183
0.5437624001407628
0.5113709691167825
3.7326627054755686
0.8065947202203502
0.7720884490739341
2.823900556096685
2.3708204245889055
1.9161542737047998
0.8359610089909445
2.390810324049226
0.6066322297759924
13.258130749994368
3.361895833888482
1.4941800960959206
0.2313150647662813
0.9387676957628696
0.4060204042319405
1.657569672925862
0.9081101894238185
2.0819364426950795
1.3627903497641218
0.8303117511500236
0.2624950982926841
1.0362980573071678
0.32008751711115385
3.3437741575026956
1.2026487991167165
0.4281269531836239
0.9998387520363989
0.658042569434369
0.31191509476579665
4.580539340303627
1.2114188199840805
0.3420904494266469
0.3855951028618624
0.9701059315120232
2.4854875557194833
2.0898719797739784
0.6337795594430718
3.806894174858733
0.5024290873459317
0.4940068747552155
1.1608644308999345
1.939663550176202
0.6566406359761183
0.4387423537827503
0.4636774784303879
1.0721353170637147
1.469727547423684
0.326577336798888
2.741364434745608
0.8408396822767152
0.5401876548514116
0.7349766921206381
1.7044582540339972
1.4911184916712192
0.9172716191396953
1.4341447348746266
3.156452481798242
0.9304380396976234
10.215772291346765
0.3090813116495501
1.840645670738183
2.1086385127049248
0.7665413149122513
2.27275956371448
1.1514059398531156
1.5345523188635823
0.34908541018770456
1.639276121328062
0.8242233506109597
26.068923928952305
5.060770611027258
3.375688548404566
0.615301267355611
1.439332634199365
0.03125697040560227
0.6834435714010495
0.3952174151298874
55.9259454795075
0.6353014203199833
0.5034696575051899
2.4247455037402554
0.7349325120600356
2.656968709060609
1.4341422877080492
0.7048897898259449
1.5722022270421028
1.0598672507966926
0.3376949896840688
0.5814594544956841
5.469979609942704
1.2272367542104219
0.917690643794422
0.42562975552359356
0.8265238619065126
0.3629746625405181
2.8328342430602693
4.838780612617649
0.2831763819185553
5.866704681253169
0.5367953620310708
5.863751412352472
0.41050117073607184
1.6140105724772547
0.7052783806422921
1.3933893990721482
1.406905086457077
2.9488138373112003
1.9793772157242964
0.4906621613281581
4.323627541159465
0.5672562933340934
0.45525455463587045
0.285542106925073
1.4492419535259613
2.293627554784327
0.8150572310366768
14.548298451054333
0.8298613398876685
0.7515402286504077
0.5469797879454311
0.4703209998910856
0.0738466673593898
1.1237321418470232
0.7170816488031372
4.315214687917467
0.8777374633146519
1.0939508637493678
3.0069713216085705
0.7122933704454839
2.0971624720952584
0.7978871281218896
0.5159931025897977
0.9998335462091139
0.4704153481625963
0.47536056799765386
0.8830952317582128
0.8834940543356942
0.799011137227428
0.013593104115710618
0.3856540450912601
1.0672464158443868
0.3929559860838686
0.34494003651689126
1.0111132071526567
1.5195609792847546
0.5963392851894049
1.5126452462842062
0.7643200331209449
0.49948536944747235
0.4824387274702215
0.4905356825151643
1.004298122749817
0.4190067932818821
1.314672449278119
0.6152713605582353
2.012954149024981
0.6336944548747634
0.7489017242558151
0.5838145117717434
1.0244893549212675
1.5537922764637222
0.35287890015262346
0.3612504902381105
2.259033872407495
0.5257377861767569
7.009751271290136
0.6011790616468727
1.3084493163637074
1.8443494262648448
1.9440902225277628
1.3602930429123545
0.7363600329331419
0.560804799894395
0.5948063018394533
1.679202867353255
1.1074250599575102
1.2543395098217773
1.5560461218989001
0.5084937059355108
1.258418552942065
0.3692901733202696
0.5147797606623852
0.6919782166468542
1.3589100310252076
14.577555281539102
0.9889395235345302
0.9425641718992904
0.4645966360247204
1.7150241777257431
6.45289725502156
0.5017540949007673
1.1451939716666582
0.05258181528123745
3.4416118065278027
0.7919379397814174
0.8442413531039835
0.9234941035518216
1.575463459861488
0.6776117989877557
1.3189021491556903
0.02896147266895874
1.3070124400325298
1.918873618407264
1.3429303378863608
0.3578158976585304
0.9550145612245222
5.481244203265246
0.23736718225637776
0.7383862324088482
3.253827182954036
0.45032079858410645
0.7610319783576575
0.5727667076036587
0.43926965623823283
0.28819992731271993
0.36262395847301043
1.6818889375024009
0.9558460889046957
0.6225872209787205
1.1240834232459065
1.961243454875623
6.209855977060157
0.12088931511301544
2.8504759599355736
0.6635648241365407
2.359397037722844
1.3650548108718252
30.419703989269674
3.0301890073988775
0.9468159241255003
0.43500582529277965
0.6930359796771647
1.2148887765823817
1.2544158990484806
1.0001564654079194
1.0682369201307194
1.4484630450916898
1.777403442702342
0.694898380477791
0.7602383700183818
0.6997925864041584
1.0431261911676757
1.7070198674183699
0.6908245405318263
0.8959844872472383
0.6537198982716906
0.32646125991393476
0.6684753761553754
0.35414281975063505
0.23876074670234357
1.211043667739768
0.7295569140309304
0.47641313667648394
0.7618857865804312
0.33311137770841726
0.30657772587168247
0.9687029167707137
2.0480589990519653
1.0480561784063633
1.8203731774556717
0.8475110673476969
1.5583583216082129
0.2389291655204126
2.257533443195312
6.3807749289577895
1.4429001338094711
0.6965540089133836
3.2803137868602024
1.7745314362900206
0.849203081308901
0.9854466199003611
0.5704134179467144
0.8732433055818352
0.4661426362808356
0.9536376034874946
5.5780190535339775
24.543013488569155
0.6977102339314198
0.21728536718384184
0.5769945777306391
0.7088652797401216
0.4116583395203544
0.33898041294582115
0.24058111287765377
10.900018675995481
0.5393357522527293
0.5070177790936604
1.9844174038336204
1.315164887084481
1.7086578667878676
0.43809000746078325
1.2056502779195954
0.8551489491839602
0.9293545980749559
0.6490832631197321
0.4607079744103499
1.4121701779786298
0.6640360572048845
0.450628620625336
1.1917084045468507
0.7541918550217064
0.5358083588564635
1.1536451537148942
1.0107711086447322
0.9812119384040858
0.6218173441598407
0.40592479610570376
1.0495024708823353
0.33521069680538196
0.6178912091888878
0.7139317024970102
0.6459433678322681
1.6018914751054432
1.376945542723052
1.4563480502340589
0.060111114960843336
1.6395134917898992
2.0190448116197333
0.5660564510137759
0.5830514370266776
3.0471918821205075
6.124963386224838
0.3968443947245423
1.6543843160481755
2.076696329487403
0.9981457961227451
1.506545121251504
1.7909045356204907
5.133278687890077
4.856340344738847
2.4494118282354758
0.28924016373512634
0.474315369220761
4.743010653660014
13.033185152150635
1.0243374903429947
1.2396505684796826
1.3483514085340746
0.434499748959006
0.2530258903704341
0.35309713835742623
1.2724823967290653
0.46283521984240894
0.14779183185072517
0.6502941756720773
0.20565458963592648
3.3644353618534386
0.495508175170798
0.49869475443876643
1.2309851121065594
1.0308822822194852
0.9912898408159462
1.5858313153476844
30.9847043211146
1.0749709986749516
0.24003109220260488
1.3417275045853518
1.0842144599941599
1.5585365658529002
5.998309326578512
1.05545671111397
0.48650749911610636
3.878104732310975
1.6718512561075025
0.5923582641624233
2.16590427846364
0.31810588605403145
0.36755599969028874
2.6536958972705227
0.6895091553307165
2.078479878263064
0.2597246756689854
0.16894970725222078
0.8893372557390572
0.8291761341259923
0.7770803946136641
1.2567283123283155
2.1968057167556942
0.7417643123766108
0.2818563349237674
0.5637372175779343
0.4517080890705506
1.6514173152439235
0.6033694773876591
0.40930593109008706
0.7517859255968192
0.8369554044871639
0.9193224772311633
1.2807963242598843
0.13242847019197376
0.3507529574970163
0.30468102069358577
0.3617462180347192
0.747285132213928
0.14943758322008446
0.31193496964418593
6.616998521281352
1.238013258221716
1.3929104120023517
1.7711268699466038
0.8054742926119621
1.3389879386095835
0.2415329590749139
0.7102221377435382
0.20832514762770782
0.926730038922989
0.448643568975915
1.488143120619705
0.4822678495207651
16.287193734046692
1.981203985590089
0.4116974944374244
1.1353545746565807
0.07892969111608529
0.8822175763549251
1.0616783364775448
0.915831650299099
0.8639048362104481
0.5569464751868785
0.3517163382477807
0.2417130419415478
1.4460765146713375
0.662116898990741
0.7070714331993934
1.8447443134958543
0.27042702265590574
1.1751904709430057
