0.660755201485373
0.5791543823313345
0.5561376614978547
0.5677070253610673
0.5962572127796786
0.6391780357457053
0.6767383422422225
0.6232402396900563
0.5332899611089216
0.6201047127044064
0.6807172574755436
0.6802788580345343
0.5545365427462334
0.6324349687494393
0.6445185782916929
0.32179839174189995
0.5467795578770317
0.6112165853429917
0.5897450935173285
0.6159307836978961
0.6936568158973554
0.5716528806126389
0.590662488246571
0.5898413862849183
0.5549905765700316
0.6402500466054598
0.6176948542844561
0.5830434947514703
0.5595832959962348
0.5778063083720126
0.5119224162972025
0.6062862522111822
0.5292131594929139
0.7185035978962928
0.6093241133922971
0.6936754937721651
0.7280486559990034
0.6607674203671161
0.6437602818729367
0.6104228198341833
0.6285770686568206
0.598382424914383
0.549647439828352
0.608988808985892
0.5264715146044063
0.5524658784531207
0.5165054275273597
0.6460549221144757
0.6999086539496859
0.557725399898713
0.45944649149236794
0.5134273482357413
0.525236796864609
0.5941581094998439
0.513384972518932
0.5699992477938235
0.5159875197014205
0.6975594612133875
0.5076502426923607
0.48849633961205363
0.5307419469896475
0.42467959461069493
0.5640558438281317
0.6078631843517612
0.6562332969988366
0.5954626445890293
0.5896059823392993
0.6323861058480246
0.5161606775486112
0.6728429120830719
0.5184231820082521
0.6532334874972411
0.6392630342515162
0.5613119125874955
0.5353133265016042
0.6405612430404949
0.6947339669673818
0.577791821684595
0.5412538002555385
0.6340576900583393
0.5839623335358168
0.4553136519752864
0.5111343366590295
0.6260161949535067
0.6613827034045745
0.5106008983175649
0.6695799877295913
0.6936740867401794
0.5623035357118722
0.517559923525495
0.4815832161821995
0.6831882459894743
0.6219211656228203
0.5802130308323111
0.546322862315981
0.5433417675131051
0.6122790583595407
0.5942018505805052
0.6426333469346699
0.5855667154045209
0.5465824494237177
0.6471534079367722
0.5396977813456314
0.5593021460800539
0.5254270296881338
0.5816585703217756
0.5392729989560293
0.5529880146323842
0.5770395008725673
0.5734838057247371
0.5161835066897851
0.5711661486026609
0.5406245161251169
0.5769059067960274
0.5931795068081508
0.6389056257690658
0.6653890178288079
0.6185223847493045
0.6415391939745793
0.5751329921482561
0.5631366682400193
0.5607925635848793
0.5820473065421077
0.6173052343681737
0.5896804523539738
0.6273614548857911
0.5549424981551554
0.3846186261031426
0.5190455371934779
0.5307582291766847
0.6113208857729627
0.5255033176685341
0.6698299893163852
0.5470270217106816
0.6875877569268265
0.5938128601812424
0.5200422130770141
0.6436808303116909
0.5899001375833205
0.5580494622593507
0.631020125560992
0.6282071594848083
0.5693129253992499
0.49866590384925935
0.5864229883094897
0.6571687350270285
0.606796682473432
0.7593993436971532
0.5935265234115463
0.5865681671765939
0.58853011807533
0.5554551597079359
0.6198399140310559
0.5651031317881005
0.5627999624820548
0.5879475963472349
0.5994998485910563
0.632701663523578
0.57387115603148
0.5066384895950101
0.5558895563995282
0.5897754726034427
0.5967052065537561
0.5520702135510513
0.5707323291228282
0.614845711798448
0.6088635216896607
0.5264118024462374
0.5622771459584819
0.6332109170631629
0.6535479044458028
0.6375640091884223
0.618576915434291
0.5216988337606983
0.6232566840309183
0.6409174851150483
0.6030250322507652
0.5396721177046777
0.5633890645203373
0.6213226285960348
0.5260981429518116
0.5597879612784661
0.6174174117858908
0.5806192480238782
0.6059669768678853
0.5890767886640098
0.5758038069409981
0.5638342605556969
0.5619152768069335
0.5447977535520259
0.7474166223495726
0.6401421940020746
0.6097674192583799
0.4900273110535575
0.5643796636420566
0.605855242092295
0.5672410340716159
0.5694697660350407
0.5730546183457826
0.6129864164320987
0.6408037874505701
0.5561301039535183
0.6533739971731103
0.5813872493230824
0.6146814449001384
0.6159547542849391
0.5853655034895054
0.5800791304731476
0.5763675360390609
0.5894148247031586
0.4437762717766767
0.670402013254277
0.6033402981866803
0.6122905815165851
0.5388942905232522
0.5629286381438414
0.6816381183949904
0.6238454755056502
0.599632496531958
0.5571497058352342
0.6542097441911693
0.5897332805429367
0.5702892527069294
0.6020238315063196
0.5804655764085273
0.6379023879382697
0.5126765897715873
0.6320764705510304
0.48348744080888906
0.5750683043574777
0.6703112429596825
0.6389861361600493
0.5398185875586905
0.5570693010034583
0.5685247301332401
0.634083382868757
0.7217566526190324
0.6583318414399499
0.5801318900618484
0.6069833456448128
0.5527490317919703
0.6701701643292656
0.6171356765873749
0.5431390402945389
0.6784618634625283
0.5967485503859835
0.5319751364166436
0.41418178728034977
0.6324471268276195
0.5336734315553107
0.5624826098896415
0.7006425851309378
0.5055285755706971
0.6124352712206502
0.5934902708633357
0.6234420184172837
0.6484399632205788
0.7367643730304192
0.5832407583608437
0.5260966989683705
0.5571461107443363
0.6665236176881113
0.5762820939373554
0.6261773137303444
0.5309469374611069
0.5857756827793731
0.6541585549767658
0.5052037149625971
0.6711324618802872
0.6014953711538316
0.6420017043268402
0.7058101705467672
0.5965522495010576
0.47439884413828515
0.6126129669706262
0.7407481549486439
0.6315307044335682
0.5508436163619393
0.5741909100987272
0.591124418517973
0.5500419095959685
0.6485275569582347
0.6049829864437387
0.5821064114997607
0.5826162539485855
0.6077047716555551
0.6034447313063821
0.5474987783176879
0.5667075556703581
0.6297882801662023
0.5916120458828882
0.5132703440102635
0.5894261104701135
0.5932881602091886
0.502322189448356
0.6970192923179119
0.5545191848989935
0.5889569887672689
0.603632376252939
0.6708708632434628
0.7643480933277736
0.711179986644756
0.642923270193563
0.5746939456735983
0.6531217053423339
0.5649160354942284
0.6034829390513015
0.6221317764984674
0.6038119381072433
0.6908556748525809
0.58506501433914
0.5544428067378269
0.5806370748556419
0.6650907816629987
0.5696703940650301
0.62123291164661
0.3146561113846871
0.5832678089572119
0.5476303002996081
0.5609362952755457
0.6415354549811345
0.5429639795044219
0.5754855857391855
0.6474777705692359
0.6650545258309021
0.5758281840737461
0.5489382578703602
0.5948913451575286
0.6023679214571893
0.585749530924732
0.6534259234476054
0.49150541677002185
0.5180555587077509
0.517286441603009
0.6765137268834365
0.660131745297108
0.5520150006110557
0.5462177329695271
0.627391189938112
0.6073445051954521
0.6200836821127815
0.5501236651776079
0.5377988299560256
0.5719428433771432
0.6644257534818242
0.618199810223177
0.5924137957195114
0.6428655827514501
0.5767235029122352
0.6292447909500966
0.5649056342432476
0.5708395119976916
0.49650924602486435
0.5438177088964582
0.4661811019184532
0.6427731401690635
0.4748381746773697
0.6771846077127148
0.5881502568968144
0.5920837648246509
0.5327776028857303
0.602251629873887
0.5610297899861646
0.6240090820533718
0.6373777712501851
0.5874676668376335
0.5774405140687026
0.6585227195847554
0.5427097143334474
0.6009414782319451
0.5969338459577395
0.5778990923591274
0.6127855438345102
0.5981922743724999
0.5422158424221252
0.610902655178529
0.6309703904271949
0.6363136149523941
0.5190961595140986
0.5744426303841066
0.5755286676077296
0.5421888594036877
0.5240872949819002
0.5775965549954595
0.6060220561754905
0.6346393150648653
0.5687103485755663
0.5392911903251041
0.5503112302047328
0.6950963079980345
0.6117804582555558
0.5573222656193636
0.7186648368284364
0.5454627218075523
0.6527211242065805
0.7106478245078787
0.6590810147029292
0.549928646464275
0.5138633263966343
0.6500275483870972
0.6115355834338938
0.5819869683350537
0.6440408877676871
0.5920177793524042
0.6278558479086344
0.573806371869849
0.6399960164235063
0.6041347825676959
0.5839339519273415
0.618956241018418
0.5355652382534875
0.6034552935904895
0.49793626942615743
0.6536233176962126
0.6633669276224163
0.5570875350419651
0.6893358725652121
0.3264564268152197
0.5268664697858589
0.6341278392685343
0.492848083029073
0.5412934647364777
0.5217174662376268
0.6208987016600803
0.5871685867478429
0.5572730932650999
0.6085608518421309
0.5144600325800115
0.5788788878551557
0.6300198153478129
0.5301212558005235
0.6308706115477793
0.590107464880071
0.5186892921528546
0.6810684717087683
0.6182948518979674
0.5069560431803232
0.5148664242282015
0.5796084164740604
0.5224277731519841
0.5785264114062078
0.5397025897578851
0.5597913654108144
0.6432844315146313
0.6766755022270998
0.5927544107294491
0.547048937264931
0.5681629633811806
0.5629720152405385
0.6452417405798693
0.5358050816479822
0.6620681660601672
0.5898149900156173
0.6098383542210857
0.6915415645889307
0.5659040125172156
0.539589436384601
0.5631574894469253
0.6123751964261634
0.541915362422863
0.6228242465400646
0.6080773112170559
0.5284868513500348
0.582835977508873
0.6189931638738184
0.5052729382309296
0.54967124055937
0.5707949664512713
0.6107606597196252
0.6610210322217471
0.6621817588587987
0.6906127504138309
0.6187825053937255
0.6312522012274687
0.4307167283144594
0.5878401235583375
0.6414573472913183
0.5583583903167849
0.5646420565617936
0.5482980083477171
0.5447577556595274
0.5414487043007877
0.5989769638546656
0.5439380989219218
0.5599431556072165
0.5844248475486418
0.5455165690154792
0.5582799399633658
0.5801666807792502
0.584590101232905
0.5281612209568636
0.6743886452631527
0.5630422597470829
0.6096493169136428
0.5454049944007249
0.5719487907004677
0.7086954512695953
0.5522570299883325
0.5753914765988489
0.6651119778198916
0.6602575718406486
0.5997699546614101
0.6232412109613301
0.6013512466362908
0.5613669337226032
0.5961052352459651
0.594656211739585
0.4969695016636486
0.5188503006805958
0.5988097029219749
0.6148150945848025
0.6958902868967239
0.5256588461388236
0.5679064588455941
0.5795565265349866
0.6473211700798807
0.6513427491299136
0.5414161503314303
0.5755798854314413
0.598604607531985
0.5269269792285031
0.6046486214067717
0.5696594384449919
0.6544067054987718
0.5655055301511953
0.5839808880092076
0.5706214298318248
0.6220858395951213
0.6190372590324655
0.5474182525155201
0.610082968780052
0.5490874818975399
0.5420040265513315
0.5184451059380727
0.5911519829828055
0.5767128786939152
0.5990134995789104
0.6112778065772907
0.5926924539287433
0.5408587128640805
0.628817731888372
0.5899574858634233
0.6721002250506635
0.7040342475272023
0.6369267331417644
0.5796762957800385
0.5883183555223364
0.5032011030547722
0.7534394615805082
0.5527723483433626
0.49846781349399444
0.5468332412476262
0.5598047166601798
0.6935026481328578
0.6233131342896276
0.5759688703102648
0.597895890699074
0.5867424095444245
0.556997372546484
0.6998575712488353
0.4973048537103193
0.6600608175020815
0.5826547195551602
0.5549338227514935
0.587517050126025
0.5112886651780459
0.4998858158735373
0.5708006625402563
0.6386211388829818
0.548456295444083
0.5741967906858729
0.5561841095168856
0.6306885764867143
0.5897136617030961
0.6541869871328017
0.5514181112389516
0.5481387430436047
0.575279987248341
0.6153253481845152
0.6021657495385198
0.5633920983755072
0.589575685486442
0.6426850743628341
0.6272787667003257
0.5579025732667332
0.5286722024994654
0.5882075316691271
0.6974051838321567
0.6176915806771577
0.5755960513923006
0.5495821259119686
0.5894670042980743
0.6526970412370618
0.5419913952748998
0.5948882849949528
0.525327699073936
0.5589703183715518
0.6827146522155689
0.6335915690012556
0.5346525430603035
0.6161063655776345
0.5457915174365936
0.6220377893825813
0.537257117135894
0.6101402441317622
0.47511304221132433
0.6077570916772939
0.6151352207537535
0.5667215109698096
0.6332105693954143
0.6574850605995252
0.6107267553781076
0.6193288097637156
0.5761261391099034
0.5852486497630753
0.5591879977731293
0.6098091509234531
0.635796863259291
0.380749322999369
0.5612056929131133
0.5332302827805467
0.4950976552978595
0.5255031529710973
0.5384212410094836
0.5775892547917802
0.6172379569926767
0.6397502008061781
0.6928030439908689
0.541602923721944
0.6120235891671493
0.6638663822405595
0.5315306414858463
0.6357149383971131
0.5760654555302133
0.5972434304941233
0.6766407136285082
0.6867775621606731
0.56453116705748
0.6090862726547126
0.518911666700224
0.48817231385022875
0.5639039647377049
0.5541779521859482
0.516163048616113
0.5802573230345368
0.5970017977104378
0.5428974331866404
0.5459426426681162
0.6346435048256336
0.5241209402878921
0.6178762889862118
0.6310578900149129
0.5006676254337825
0.5744125901202675
0.5996445907976287
0.6106218836424294
0.6583388399633847
0.692409022142372
0.5262185494036227
0.5683245203196291
0.5216708294878396
0.704737783061983
0.6153994237432069
0.6373594585560164
0.592794742616009
0.6090971339770814
0.6354147516864743
0.5721906347968808
0.624528655136077
0.5898393294671682
0.6193198916059494
0.5197117774200348
0.6549663073882197
0.5984119513590912
0.6003818600329383
0.66040851305317
0.7241029652884265
0.5807105314504479
0.6932506419439746
0.5825354319677174
0.5694913836701171
0.6045267110624111
0.6262957984138235
0.5597731077515478
0.5727809152746923
0.5457115240264253
0.684977392023814
0.5223101063274371
0.6484797627580638
0.5320481143404727
0.5840946915868089
0.7820260487819855
0.635030376250734
0.48665462027920603
0.5723208777146984
0.6678334385148111
0.4077475034275957
0.6196283416561723
0.5855450879806163
0.6201620101617229
0.5620556980790077
0.6280327297181946
0.5986344948061494
0.3086121409136155
0.5326208949136311
0.5621894150404293
0.5422720894579303
0.7134836939013458
0.6495169832941685
0.6062535294800312
0.49801641345811926
0.6194398241789324
0.5640104986466314
0.6249234696582404
0.5309578099609982
0.5394198193811837
0.642481092012902
0.541965346853964
0.560980709699634
0.2989033136300822
0.508466638357236
0.6707557014808694
0.5058796008816634
0.4151058921278254
0.6307452641908009
0.6431886559782466
0.5876505876874949
0.6717540103995742
0.6407122027005452
0.5763115932539322
0.5493803802546953
0.5855858997165543
0.6149495186868128
0.5524809110794956
0.6453750663350143
0.5430386944300183
0.5065211874121615
0.5194257104683986
0.5843463981141765
0.5404995440794802
0.5270216205790699
0.7260667348009284
0.5460272895257278
0.5571014659549851
0.5693098476219249
0.6459010316264633
0.4671237287192721
0.5339249190767122
0.6507889382411356
0.6984791183429843
0.5379315087364762
0.6581962144894551
0.6944640660527912
0.6421810720531265
0.5534439163324462
0.6887043260236718
0.5396745575197845
0.35964518126286105
0.4618019966108023
0.5000947022294222
0.6066243747601284
0.500652580093693
0.667122797234724
0.5994274335315535
0.5373488623077827
0.5121548121047224
0.6585861255705447
0.5807575716004292
0.7014145313057846
0.6074298669669637
0.5750598606917626
0.5803882081424431
0.4798229706553704
0.5719680708810976
0.6326532197980429
0.5313311483636473
0.6735560086387271
0.5812288725128356
0.569454684523976
0.6510103194742769
0.5403474854509724
0.645116929346198
0.6551300803019905
0.6084046044673885
0.6662098858073813
0.6481380950322078
0.5404632729674269
0.5816260491405529
0.5522239081886081
0.5569909457841036
0.5634709333977288
0.5678430260137859
0.5336258374483263
0.6886063385604121
0.5191469362142769
0.5881341262422948
0.5303807043938908
0.5489369708751324
0.5523780190941525
0.6622723027439752
0.6331757149264543
0.6397523587642646
0.61888350028163
0.496345274910314
0.5948951480846352
0.5364660034293723
0.5396783513894486
0.6297811400920629
0.5732413781172747
0.568071435634318
0.5294299536635471
0.6658663182684892
0.5678977861025296
0.5161523623531619
0.31940934945007177
0.6341920726715009
0.6082468888403834
0.6093554067959677
0.5383430121301754
0.35709099716588255
0.5602597579641725
0.5460707005787757
0.6450314015664049
0.5384094246700242
0.6037668824414506
0.6244290074260952
0.5086181085887624
0.5885772632963395
0.5598771383235127
0.5916867406815819
0.5763298227830242
0.6233395973538733
0.6251741456460613
0.5256624615642406
0.5449621431416916
0.6015987071760696
0.6306160547393675
0.6851279494161228
0.6951471117614005
0.5958222495448824
0.6084006261752383
0.5665969580867402
0.5591693508694633
0.5134911829902048
0.5680837575057346
0.617151370449005
0.6431717243042067
0.6124161651272966
0.5442531853404183
0.5285004510780064
0.5554799960697905
0.6276544736803139
0.5799729692513902
0.6976103014354587
0.622815869185562
0.5237241302316337
0.5976570336790932
0.6089138755455761
0.6026866670141178
0.7031944859408683
0.590909495160369
0.6152377925328549
0.6037960333362085
0.5488454438141244
0.6465827174354188
0.6167805991509383
0.6093194200548102
0.596720601607136
0.634512182696449
0.5956927118124264
0.5576959991637337
0.5553648007395547
0.6981808901217358
0.5628939314592127
0.5629379315493236
0.5978116529007311
0.6519991724537466
0.6532258948986716
0.5576520356425781
0.5490185985451246
0.6657467114049237
0.5412101703592658
0.5762271105550953
0.5730129509897078
0.5777390599184098
0.5052559628825488
0.6304510377260168
0.5417697125247599
0.60060669509072
0.5166854837530731
0.5710343919749392
0.5042355423172802
0.5079094577500319
0.6743933507952248
0.5404928403665971
0.5500066978383257
0.6496860331729667
0.5804845320436257
0.6161369480385458
0.5397881235745237
0.5385522682471974
0.6145989500501847
0.650467898161435
0.5745110963688468
0.6152616569041126
0.5897971875155943
0.56008049943279
0.5817975803580017
0.5322174151265109
0.607710506574657
0.5574424692890882
0.7061475530361405
0.5859923416602694
0.5274437421934491
0.6700472110305526
0.5705351151291873
0.7554102786072054
0.5596554639602211
0.5582217199454178
0.6039704985882781
0.573164450532121
0.5536398759195453
0.6925309452043631
0.6212501717469947
0.5154828458880377
0.588953789045696
0.5698778040676982
0.5355861347328887
0.5296916602028144
0.5781002966345423
0.6661238048741727
0.6742005671491007
0.6377096682370804
0.41010888274202356
0.5622245998870512
0.583956236924515
0.5257485431480277
0.5945113246224498
0.5089740861188737
0.48608790448331873
0.5463405636686888
0.6219310529742297
0.605648840095934
0.4680826240519015
0.5402494177970599
0.5354532579587484
0.6243163806758005
0.5942983602735036
0.6174132984568392
0.567823047670784
0.5737907952746244
0.6453652905179275
0.5574512343813424
0.5488937674574763
0.5793788355809243
0.5917138730666669
0.5294684158191597
0.48011941849984974
0.6708980723429935
0.6153755040897928
0.5074275307137257
0.6100015105732185
0.6055133795812325
0.6384665737869694
0.5523812722666037
0.5448380706893713
0.6094244361879828
0.5329122335620109
0.5445974724131564
0.5788793703740216
0.5839611627980084
0.6113180267148722
0.6087307041606977
0.7013204308689513
0.6986160198517026
0.5922874223447021
0.6333915117642331
0.5649581276489081
0.5880962422277222
0.5169412028764331
0.5658889389615673
0.6735340473253926
0.5794380808870767
0.4603026530925491
0.6370382865639067
0.530324249365971
0.5952620890609193
0.5511436739270802
0.616362702105412
0.5410137946093408
0.6309614128615953
0.5856584720774813
0.6575010633750644
0.6813343061270115
0.6230391735262817
0.5814203272999423
0.592051669471037
0.5069483272597433
0.5481257333712076
0.6097829535319637
