0.29778804820886456
0.26731641276441165
0.5030237635094078
0.28988909291076326
0.321663094181309
0.335032335619106
0.2917808161016416
0.3267074266107063
0.25743960810749683
0.29503928152081904
0.30476414101215615
0.6653330489702185
0.3328828110258184
0.4364458587023503
0.6839038864862297
0.4399804587402152
0.279899869021928
0.30192021394968105
0.3876798757536477
0.3682953531172486
0.2974095905402985
0.34520954759258604
0.31165736045193876
0.28597843348689794
0.4904534470777137
0.39625247642604744
0.3537215454246019
0.28810913786524456
0.33012658106652665
0.28288277546156315
0.3049498881936586
0.37068316988455363
0.3822022663175264
0.4171701312142924
0.36298181903341353
0.3310463243957277
0.3134464705835039
0.3787079359746378
0.3695835170906263
0.32846027426565116
0.37314867860018763
0.3183403402757039
0.42218711931449227
0.2654852756813759
0.35113806422565275
0.3526139198495198
0.3343819737191953
0.3169851934396678
0.3829420898075795
0.27188020952302994
0.3017033642327016
0.33364050755471797
0.650097828198608
0.46982385814198
0.3338007079491093
0.44817231169008265
0.30380442086147913
0.27695314590252307
0.42675692297102524
0.35170662685834175
0.3239277759659906
0.3148823502351855
0.1849777982301664
0.42834561581010916
0.40448057953280214
0.27277910404940486
0.6139586180223335
0.32063994085298225
0.32715835026665424
0.4254126229823713
0.446157331423208
0.3534651121745887
0.38597599532675986
0.40460344059561903
0.38917037582870606
0.270429962860318
0.23182908519705236
0.3707069045840468
0.2814489957779511
0.3332639397482441
0.370051432198664
0.2856707463151823
0.46950219045249153
0.3867476063715667
0.4263293780731612
0.516439416053548
0.42255945848221205
0.3784509049752349
0.33493077806136173
0.5222188769262576
0.32693703253717166
0.24243095351714095
0.5587545251790171
0.3479495432395052
0.4172885738902643
0.3613362146563307
0.3601586409322516
0.3991582436256446
0.3061289650246282
0.3496570088980806
0.3470844245053847
0.2999841861773491
0.32117858294304136
0.4713258121995616
0.43107758994715284
0.2802728647161364
0.5519101636385544
0.33316131260456316
0.5233083041128155
0.2903080868293779
0.3318193761227953
0.2720157580952332
0.2865163242269268
0.3765063922443605
0.5279509342617905
0.3535670647788185
0.3402810815592263
0.32227935506224725
0.36051406232450633
0.3144932542527409
0.357653603619869
0.2713693040134111
0.3745482356983471
0.3393281615400226
0.3811195731449417
0.5084891719724713
0.5443912437786549
0.35493977163369406
0.39498179753410473
0.25864394219861137
0.3574989093982276
0.41523414253495494
0.2448055425629667
0.3271453848265262
0.458325102520408
0.36923296725569144
0.34532409870772846
0.4447724957905428
0.4148732900281187
0.23182238044940245
0.37854646919719065
0.4149821426478328
0.4087375273055339
0.41164177705365324
0.3531264515367987
0.29482244335224406
0.33543470915335044
0.28027793572449095
0.35145961039263546
0.43018892518308655
0.7063077168483454
0.2955402454669548
0.31669697790562923
0.40422873005309357
0.47215324062761455
0.5001102343914464
0.4449476017985652
0.2882876630463848
0.5280755166867566
0.3818078469195245
0.43961574157124084
0.3547544339060899
0.752994219792783
0.32385332978730363
0.2931123840952688
0.3592130644879727
0.4995947699271696
0.2994627844975307
0.4651103981296959
0.40925430547176683
0.3425919967055316
0.38907781630930083
0.2697912806977987
0.24369428730322767
0.2964233760351448
0.2294077748538069
0.31340037694312933
0.3763367601587973
0.29960908993041013
0.26012221744609
0.3447063351102939
0.3110932270555311
0.24779084241733906
0.2769115288508093
0.3417294828511191
0.46754766406375203
0.42228850430871406
0.3935493152761762
0.38066728445502995
0.46187864966020664
0.30110519591353696
0.31611799738057234
0.3162722634902839
0.3472575954818028
0.25727540549645733
0.4412092344504592
0.29293730543787205
0.387102887255391
0.3315239648215349
0.4170574994298313
0.444341678643955
0.3858996844637878
0.7312786487800396
0.3241490372416813
0.32438451139019486
0.6514315902765272
0.26786102054193356
0.5674132484540685
0.3548549399561494
0.31822149614680606
0.3358068429101401
0.2806195777330637
0.32384580638465876
0.4329319290503637
0.4042311426765469
0.4513097504090779
0.4394370422015007
0.30327794371673433
0.37102004640184993
0.2660280388199563
0.3409717816869754
0.2813668725842292
0.3203387960998033
0.285288663413802
0.42753282292971717
0.3479399280395412
0.3733048765182784
0.45848530720225655
0.46804785596896853
0.4601182428351751
0.43312690869068915
0.44547000159707306
0.29253330212019546
0.4167897362663221
0.39634668380947524
0.3365194323615097
0.2910487895245459
0.6353813824279928
0.4658091902340826
0.3506195066221154
0.6457443492767434
0.5992110429108441
0.7223870178648365
0.20530020788116604
0.4408230578460003
0.3379115260779083
0.800224758499195
0.3388870907105417
0.419770251349835
0.2582265216269406
0.34424520634427985
0.33419600251316994
0.355849005451387
0.36181324291175776
0.29237044850325195
0.3230530345674364
0.2936787388041388
0.37887129309020373
0.42721437303159415
0.36719368447450634
0.3950483691582507
0.30109595131982275
0.4938587506934123
0.33199327920849564
0.2932143214674481
0.40327552996119614
0.28283223498942095
0.36630898661283995
0.3137119633010872
0.6713539641489276
0.5446203697407026
0.2727146902376423
0.24855820801504583
0.2898280154481351
0.5106377589876193
0.2747296851126182
0.44133416110551427
0.4744570297960947
0.3702871171010917
0.38707918370622496
0.278945474579183
0.3137502672956829
0.338175256863028
0.3655346246451016
0.2801610040559253
0.28288713095683005
0.4250320285595119
0.2607026111371689
0.4997993600532944
0.3089394096233132
0.5932272266726552
0.31115564669944396
0.5188135848313573
0.4226760188879867
0.45477486975223563
0.268048294269953
0.2709882434207481
0.3523770087317655
0.41138834229068055
0.2981334091094391
0.41800036883239233
0.4088367569159519
0.7631505810520651
0.33705763561062385
0.4566236815780098
0.28750336901647
0.3776173121964098
0.3865119508036071
0.3179203566349046
0.2811184824470384
0.28334764995028516
0.27178152463279015
0.29341002233294466
0.3431396425877654
0.478474342173973
0.5102892262507339
0.42805857600524244
0.3201508723024496
0.24135939332557033
0.27299482348095927
0.3020702263633328
0.34819113914111444
0.2992924924766854
0.39573640562120527
0.28193898616510493
0.33113689577871225
0.29103085429787645
0.47112271542513906
0.3219267401584774
0.2953543274535695
0.3480745032604906
0.5657787205800681
0.43795706923468736
0.26503371618301685
0.5025628022608057
0.24983752492708394
0.4355543341199233
0.3258554096496842
0.28680178545058993
0.2924646966508671
0.3952128098422657
0.38257069957164613
0.23085795763986736
0.29469473815450625
0.6303223369355928
0.3523332907270521
0.3180628922773223
0.13630331359502657
0.2601239980511621
0.35702817872794357
0.31727931850847557
0.5813204733586702
0.2966964370314862
0.4832425578067476
0.38028508275390016
0.30369783439897724
0.43339576359838927
0.3799548202076437
0.3005090796342313
0.38287944586698763
0.456530539720688
0.36188400472051024
0.3689546299092551
0.24317654405987665
0.45547447543304376
0.5225095227762682
0.3085161768648761
0.249802723802464
0.3750770441011966
0.26496248787768045
0.4785969284541389
0.4702805853360225
0.3491582475173557
0.29062357496430313
0.41914919459041633
0.4573040431651348
0.3074410148808605
0.40205912646182645
0.3184443034694808
0.383590316617321
0.36549640629093816
0.4384446848191217
0.24445206416887047
0.5118558393284244
0.31290151244295156
0.5300665145247111
0.33348457786088914
0.37607300800530463
0.3319916331247522
0.4585295430813814
0.4003953856623891
0.3518457599065015
0.38464179456688496
0.46420224603004967
0.5520146368388226
0.4742819442190502
0.4033581055177793
0.3228286052917433
0.2567264076290132
0.16558644657157734
0.3275615078886729
0.32278006557805694
0.3272776025991477
0.46284469958160257
0.3060614951914997
0.40003062168975595
0.38722479953171196
0.37945280865049946
0.27901636852163914
0.29911599072446365
0.33015515632440023
0.3505480218832794
0.38317484836167354
0.2858566224270991
0.44440695847973377
0.27965722740946153
0.30485637119007064
0.39272508490130237
0.41324923098408767
0.2998699285925446
0.5922756167084782
0.6877795802629605
0.2847664744331502
0.4074859310763187
0.256212153716448
0.35814389447143924
0.3292516128622947
0.3803667493106817
0.6783334810111006
0.376425175991689
0.2843612646434449
0.3698966848900334
0.35070538960332276
0.27066456131155703
0.27813101868306667
0.3519306414223268
0.4158422405272484
0.25342573019762427
0.28250429111714304
0.36324394801265486
0.37788606547532144
0.33429465537524816
0.3023662259399397
0.5629390024560199
0.39269718022792865
0.3860513908125084
0.34360224871024336
0.330411933171842
0.28515844388328776
0.4032034252456784
0.3635074259967833
0.2940506921708523
0.3920538180056346
0.26812485205320863
0.40604452510438593
0.4451814611428794
0.3575973829914826
0.3068230399337589
0.505869270450998
0.3153618926274996
0.34431459039630796
0.4140039091850305
0.28631443269128665
0.40417102471046085
0.34504818870232434
0.44936946522131976
0.3200837847520718
0.33586079374946654
0.3823190538518624
0.2930792184713998
0.46816407882891664
0.3223633864016495
0.46034065871548624
0.2764506973281436
0.2856681279920978
0.33180455098987016
0.27268527941271
0.39307509658456535
0.47176551802788447
0.3438767146202362
0.6503108129516714
0.32308317956630705
0.41615095904007127
0.7526208607153968
0.3552267417258798
0.8121066163206703
0.42260815704808075
0.3343298896799395
0.45929794025830395
0.467852606269331
0.3391646908872844
0.5548071040651172
0.2803580254856067
0.25748613273176935
0.46496753425664084
0.3650945461723137
0.4308160468545049
0.3242676607462611
0.41768659137941233
0.293904035442804
0.3809013996356766
0.33399938294412057
0.3024192336614071
0.46782933345574734
0.3897445367592781
0.4835069473313031
0.2824520013727558
0.2667913037120562
0.34307282246943405
0.34609941083628587
0.3033086945143575
0.32793371090152224
0.15354120930253196
0.43542109649089233
0.40377882197956466
0.31648089391785916
0.39640796393218386
0.3929239590337916
0.2854436559844216
0.3030623672727321
0.6170011731051384
0.48420057096938995
0.33257582799474583
0.30913430828720295
0.3617326216261846
0.33691720127005326
0.5440575357116271
0.4171531127763759
0.3153893647474608
0.5606634748736341
0.2688348395849489
0.6744079533001677
0.2832461301350424
0.401348008247904
0.5083507892718251
0.29144029702169744
0.7718586266719669
0.36436702624933687
0.3252903222101448
0.3645831024619578
0.2715036057936632
0.26979621779807633
0.3033402451466499
0.3090371585849928
0.2823012399596996
0.38577626098759177
0.4861299598437103
0.3354798424143446
0.3921867168838912
0.30792527667597824
0.3022640538573979
0.3368200916824864
0.5112753394208236
0.26646621956071354
0.7579469241641644
0.3090771953306416
0.6081767101718055
0.47658977872284736
0.3289798106148418
0.28556401709838436
0.3585358206478119
0.3491419194597205
0.2563278049944695
0.35558819630147964
0.32726662091346087
0.3397280794465566
0.2812657739006324
0.5633093968722231
0.23168594463994463
0.4823719888931217
0.33608702220036624
0.40002202507937606
0.254672625178191
0.36426336330901404
0.35010443907226024
0.36716135304789926
0.30285318993312516
0.5026695850623473
0.33616236626691853
0.5665981603723977
0.16622249875371017
0.5754828445741429
0.13635209037083523
0.4383141349011618
0.3182601199205859
0.6143432335395046
0.2608286500405623
0.3501814496504034
0.3056902448914034
0.3641308009636094
0.2895035989430917
0.33451954885493185
0.4871603073428119
0.4429845141703669
0.46440014515610906
0.3491799790954364
0.43185923017543093
0.19549153126137703
0.3364481869336628
0.2759911604957236
0.34928500748717284
0.2946836358090508
0.25918352608234463
0.472882342367251
0.22855747431302836
0.5977346906603116
0.4405373339859925
0.3166383904449875
0.3789869164866728
0.32094373802596077
0.3918278433755319
0.4631957559764795
0.6830066684908027
0.42134652373683673
0.33023030741013576
0.4056891749848067
0.3211930720697488
0.35313150353303197
0.27019774554561105
0.28613224240992063
0.4967781914459477
0.29618647758129996
0.30377334998060007
0.2941711777777274
0.46460313545356824
0.3144610064409137
0.3082268326257769
0.43172720541362714
0.2580368469453385
0.43927500556982146
0.3596623770022237
0.4786215686542581
0.4642321401765565
0.4545501681453667
0.6937471986439246
0.2922803438217338
0.320329179668087
0.33754739782254184
0.34000447325363986
0.36686329477674856
0.28113370560469225
0.27466204770958325
0.3097408106879025
0.2758159147740739
0.3861589496197489
0.2671407204867402
0.30698564076019674
0.5463474062983689
0.6468989809301542
0.2005878843836002
0.3413687118926521
0.30189717861784954
0.40871332182035425
0.3984164759555383
0.7444595983525699
0.3923896602245759
0.29392319607141965
0.29320129755911556
0.3163331642003948
0.3557621000050756
0.5456557458511627
0.49996235412206474
0.32392507419008637
0.5019263627026658
0.3148115395789095
0.31868130136642253
0.37274482605310844
0.4455382371656271
0.29453981728512413
0.26057799644030266
0.35008445599374205
0.3998926194941038
0.32274360210536834
0.3767795101489318
0.24035942197574356
0.2780844421143547
0.26669778139034317
0.3283387402260067
0.3271124234066226
0.7111954004947725
0.35078290293831466
0.3450433239012989
0.46273805873789886
0.6612397521460835
0.2767224152887936
0.29999388060453447
0.33484508801477086
0.3703571591499635
0.5263876185053895
0.3376200842344257
0.16175884563762943
0.25115956040557597
0.3528757034938502
0.6515295724357688
0.5612793033947681
0.31843536951326024
0.36722256543847637
0.5370563344515646
0.4205907570299158
0.30507096921532395
0.45950647990982163
0.37207393744389106
0.2827710941838041
0.32076300967370763
0.2946630520796868
0.31576166422592583
0.49340202452025383
0.4489707330681544
0.2939576466365617
0.5616450410514355
0.3259336885437433
0.4458149150508578
0.29539893967782394
0.2967834105698115
0.30055650662879174
0.3381409403878757
0.5550600580411312
0.28000705884421645
0.3152473216655116
0.3677859059077737
0.3242350900027414
0.3720187959756583
0.35320668444266123
0.3386600921416719
0.39747321930180013
0.3960006595000688
0.4702591581191461
0.32341116018404004
0.3678781916186709
0.25226333260257433
0.264952432963401
0.3477786351658005
0.19314197451076615
0.26668842732271125
0.2545508507478162
0.28910215948382245
0.30265961748971304
0.365534428121124
0.41511508771391026
0.3064129542949022
0.530703893495084
0.3045264903168789
0.3622803308862861
0.34556897119532837
0.5280480321456285
0.29730637270142035
0.3380658139070326
0.35105723192241345
0.6725786082365944
0.26277885206251056
0.3786676598288717
0.445380072663874
0.5454129640222593
0.4098765087594692
0.3322354426949855
0.32708389676498095
0.3600641679459057
0.3971171642592284
0.4040154991367883
0.31087741444899886
0.2488843074288936
0.28451424509599166
0.39992616412761217
0.3430311809455314
0.3367980178656185
0.336812993683119
0.5003385073347386
0.3834356623531225
0.3755604317750767
0.4184952743011383
0.44055366638424587
0.7741828058366791
0.4678310888296636
0.39674865542291493
0.3804030782594609
0.3238699446488569
0.36362683484157415
0.3441606710368963
0.7860558551388233
0.29704689397267975
0.37124445957575986
0.28103732552320004
0.48258451124037904
0.2720682029056738
0.31334100937619125
0.3213588375394654
0.2730663180006913
0.40395375031283887
0.5017093550331851
0.16178283596154952
0.23483006752114316
0.2866942864320339
0.18394615282326032
0.5559617500522576
0.3238038495483424
0.46019559676210997
0.3162465994387026
0.5346910330791066
0.36961948509433046
0.28826693502567746
0.2552684641687592
0.3286434889306031
0.2851769838886189
0.4463772797508603
0.30628615838102013
0.43415109538046426
0.33594206035804225
0.23611216161633772
0.3424538555733482
0.4589943432909904
0.32389814112216125
0.42908680444802644
0.38487221572273234
0.43557408857424174
0.3146409596681684
0.2759145866200446
0.3056791051419515
0.34497874795911837
0.3589154344081664
0.3018795144341903
0.4254878557368618
0.35284154525659017
0.3968877615524402
0.4757227643483401
0.312399436327666
0.26687589225872577
0.2839702891558584
0.27151426997420575
0.3111918553932497
0.25616715569017445
0.3336916460362422
0.29182071587180297
0.28545606202553986
0.22603445604679717
0.441739039710053
0.398327451863082
0.3753392537283766
0.3589708026099735
0.2786349763799071
0.34891715331431694
0.25020589044274455
0.33008478203859376
0.3170479082786506
0.42464716846107065
0.35082334936425186
0.17529852038024368
0.45522185729082554
0.33025805251049345
0.30680371747264745
0.38963479485925057
0.5911102259754087
0.5085599698952451
0.44683430354402026
0.3744775511837535
0.3193605033719611
0.35848635198983736
0.2797795170993678
0.2475919531088936
0.46699714004397097
0.4265271979661431
0.35008471194110424
0.3190527093490994
0.37985446864019345
0.5769590473666075
0.26784900171483217
0.3976960593184511
0.40622581867038976
0.2920071672495593
0.43799177108727533
0.31311049449459893
0.31773309338374645
0.5371964969612825
0.3679681347393677
0.46334141575867327
0.3949337799386482
0.2866559161710431
0.277079456948199
0.3499770783498044
0.7842714252302156
0.310644279711006
0.4783022657821473
0.3659561515278111
0.3241783482344362
0.46679756282092266
0.33865695270673035
0.4359934662318471
0.3403776426049525
0.36107337236893444
0.34382208124326136
0.38619470826019997
0.37336345929951087
0.5614577981588217
0.6645481398274433
0.31430489582685583
0.39733090262953136
0.4716567025210423
0.4164893083077029
0.4012804819173147
0.2699834464626527
0.3089821760100973
0.3777101621376687
0.37830327245471407
0.36610740527080676
0.3143049813520151
0.437691816503305
0.38127466926998443
0.4296486249296214
0.359495937254715
0.29997941751070584
0.1958129089287611
0.24962942304422037
0.25752059428262536
0.367487759656436
0.33318730895321524
0.27914979348231617
0.5026080387199201
0.3570846735526627
0.4252062584161446
0.5710016449551214
0.41582091192859144
0.29654081155543494
0.2737216751001075
0.3010042276226381
0.32380759644712703
0.19848020040890985
0.45395926757987004
0.646670299945078
0.4237185695813714
0.6001351238705164
0.3593743760352333
0.4531155322529776
0.4209814024592797
0.2916042484913829
0.5466332868064002
0.27895395385666155
0.5128070242975243
0.3303614995827809
0.34641388209053675
0.30226469746795537
0.5094682497867159
0.3479486905810763
0.5439755047227746
0.35788127217508714
0.5275381975540089
0.2791527830004903
0.6016923859127187
0.4135400382481578
0.43186186251154396
0.30027061954900724
0.3922884640028095
0.31366745789469885
0.36758545944404314
0.2651312087156312
0.43890830252075863
0.5140032016132232
0.37594432505836495
0.3203563720160973
0.34271580953406466
0.5636887535460083
0.2663901933815477
0.37570901876883755
0.332043035706631
0.33885779580882897
0.3287451332265218
0.4473698173201055
0.5649213961762407
0.3538507517268238
0.35377471115265935
0.311885011672621
0.3838376080101749
0.3593106670959778
0.32624164099308917
0.4417117279143069
0.38088906513355186
0.34169999356098724
0.3297553178818125
0.38934037943450267
0.5191522635587509
0.24261337309954872
0.5537931343856163
0.3946825202005929
0.36052435676182387
0.35878552629453836
0.7558005902613798
0.30193198220456446
0.6302616705330886
0.30922848082131654
0.5283176869267692
0.25698018305762466
0.3016432956665632
0.4517469910967685
0.32509860952224745
0.46746983401318715
0.37757745356681144
0.4542864492663576
0.5601066124559866
0.35730920472351374
0.2977587458673564
0.25844006978208817
0.23009372757099955
