0.19540541508301987
0.20477404840541438
0.19442599352560028
0.1861564144095971
0.18677200324706905
0.1858450535175603
0.1812261564312296
0.19070765568980336
0.19430697894435434
0.1973684892976567
0.19015118018674995
0.19504886582900188
0.1904323872378338
0.18582137660070253
0.19452551165854817
0.18569105666159477
0.1522547669303772
0.19507541232369646
0.18071712022805253
0.19091086688797002
0.18801023254882232
0.17765449154247667
0.18040463118360475
0.19406353867039144
0.16795497495323572
0.1860951250952631
0.189068010801686
0.19232816959513477
0.20824899216901133
0.18445257342932392
0.1939499281668206
0.1888260018904815
0.18671063649757066
0.19038028482216598
0.1872308708343574
0.19794411351285984
0.181064931352804
0.18497615735735792
0.19551302308124524
0.16771178996649083
0.1747280145113032
0.18867779614632046
0.19668816885832135
0.19985200109172221
0.2015975157766417
0.1908784344080035
0.19252166211895563
0.1986835451292925
0.17469384703105603
0.1887897694117347
0.19437170081130506
0.19416713551888798
0.19157527577152755
0.20338269731471886
0.19261191677186584
0.1830730358518232
0.2057931034143084
0.19430546861525494
0.20220381148085947
0.17925366389510083
0.1777996106401295
0.1940570110379587
0.19374039341109472
0.20644141763750506
0.19352257224518987
0.18269486920295286
0.20476336472677897
0.19828663380885952
0.17201619075174196
0.19418890871735034
0.17932407050244392
0.18762581340775322
0.20099072171548077
0.19236253680048646
0.18602267684295803
0.1714564952481039
0.18526101784013874
0.19292137561773717
0.18506151166263268
0.2054205484932789
0.18203521343885415
0.20516701234636353
0.19849254656322862
0.19778054289544192
0.19820773972792693
0.19493055564751194
0.19006060512707107
0.19313228030746027
0.18819945077324607
0.18317748338252143
0.17001958005172643
0.1804746619104531
0.1908471625421342
0.19810535940496293
0.18604363055954304
0.18450320689050487
0.17685145894120624
0.2039087516465897
0.1964552534751854
0.19742172855956686
0.20518158343321902
0.185558453651681
0.19650366254283977
0.19007491760180395
0.1735062077283721
0.19062261912656603
0.19151857300635783
0.1946573981105986
0.1898867771241214
0.19896825469980076
0.18721842900825295
0.19224574940858122
0.19613690899508712
0.1938952197092983
0.1980220751047987
0.18944207325042167
0.18658089483272472
0.19039218933684343
0.20150924920805982
0.1845842014307851
0.20033440289107976
0.1899381526680928
0.19886317080664206
0.20994141912052114
0.20330734109516307
0.19507106278836306
0.19051454846314012
0.1927047522520737
0.19156017923497143
0.1907810988244908
0.1854873008686623
0.19616789141231517
0.1809822537764026
0.2056278439194162
0.1883231637072478
0.207255570245361
0.1956560536666586
0.1840208346504362
0.18413853339438324
0.19692512124067296
0.20747105891387194
0.17743966862551808
0.1817608279312359
0.1794462544561104
0.18330292123451958
0.19029831360724464
0.19979107116569034
0.20779500591916422
0.18865383905376537
0.19635497290458323
0.19855670222241312
0.1835466976843249
0.1933621570616873
0.17523111935114044
0.19723961465739992
0.1845943215570022
0.19000420068761686
0.16855344370144837
0.19717162106511105
0.19009132146718458
0.18626416752971825
0.18758024565512318
0.18956998808090614
0.18496630963648206
0.1835961961516016
0.2004482127591643
0.16963602566868471
0.19265280550882224
0.19095430267466762
0.20107065547340292
0.17218608679569902
0.18758323696655171
0.19586141303998642
0.18259342617185523
0.18641741867799164
0.1809389783936999
0.18631576765662888
0.19365178948516865
0.1889461290891199
0.1952420649545386
0.18538749521788767
0.19391194803619047
0.18261426529029048
0.19230535589246833
0.1828350779264684
0.19474735289101927
0.20091994102930205
0.18003800566879163
0.17716225229553206
0.1913811207736742
0.18608435390895503
0.17825624733180542
0.19326455956351876
0.1897664147177221
0.20633729847611254
0.1808343580584556
0.19540574562309235
0.1913731240271852
0.18324577472010045
0.19802324021814618
0.1824749144486709
0.18982049629985198
0.19967825032467074
0.19654375576325192
0.1900311309680418
0.19599901495730876
0.18217816943697346
0.2029580084569524
0.1765284812859918
0.1757354120123783
0.19419895217724253
0.1980998929422365
0.18574556971590267
0.17943074200748035
0.18160279620162117
0.1939550150537037
0.18874515474308773
0.18318728307039348
0.19388635543519223
0.18986942399516504
0.18348673361597687
0.18886098867036355
0.18669079119455098
0.18911389917287755
0.17017509106552545
0.18002110948637579
0.17690656860628667
0.18642430284671502
0.19496320619084295
0.19426499673460856
0.1936038136940085
0.2092244751603064
0.18136961825973189
0.17926285040042325
0.17670470987026476
0.18113855667686693
0.19941452715844946
0.17950672150754854
0.19311903119610216
0.18059357996106967
0.18579229106555684
0.18258901913288456
0.17682487402047148
0.18962242017942138
0.1880398242847844
0.1882415257081338
0.17832309554394474
0.19237740004686354
0.18851543161803055
0.18107598384617654
0.1926024772579587
0.1688697200734921
0.1806267203481064
0.19131270828797492
0.2002751114310588
0.19036584311309734
0.18524607555933276
0.1882110245350495
0.1765182507876716
0.1836356715086527
0.1933110060589852
0.2059124433122902
0.18736929746114375
0.20147748550823869
0.1800118678210051
0.18687306175902324
0.1992954217893314
0.1899328780994124
0.20065864946889678
0.1926842633374553
0.1846776302630545
0.17716268505161686
0.20091963745556926
0.1882134102390897
0.20439387623759153
0.19905296669520373
0.190449833711907
0.19527496410140563
0.20392204440218026
0.20073760002621222
0.209506772622785
0.18805684387056962
0.18745304505360205
0.18824343147924005
0.18301112434145295
0.18752995927498878
0.19499514955439173
0.1902763941860901
0.19823596654440997
0.1854457256070883
0.17780048178002078
0.20204952937134435
0.1828187205972775
0.1859904796424585
0.19312455787735217
0.20770510597232564
0.19578324335425595
0.15218161349750584
0.18981739375466558
0.18613409814387621
0.1817605599166958
0.186841090609062
0.18880377822337874
0.1993617260284557
0.19049700827762783
0.18009283995524988
0.19920118492593697
0.2013367282016241
0.191999573400964
0.19419468717405647
0.19328531393322274
0.1921601844047148
0.18426907217000163
0.20279545275421607
0.19002991912318107
0.1998861780334329
0.18244653981692455
0.19002413150035885
0.20146442651010607
0.1858571367536945
0.19877253215226184
0.18547393596604875
0.19446962026946396
0.197326435480581
0.18248682823958084
0.2029145999648295
0.1772803287947112
0.17200152042782557
0.2042440627839984
0.190841361710819
0.1887095763874755
0.1820652439358008
0.1885085025360318
0.20972954158779564
0.19640376891674746
0.19410031811902081
0.1927394086715937
0.17732341053516495
0.19101413564659236
0.17335333163829042
0.19127065864507845
0.17857324374842373
0.19812687994238237
0.1950793353667255
0.1817445653218469
0.1792978231528991
0.19598608063644973
0.1820013887708589
0.19356425696880558
0.18926514765570282
0.1802247399830068
0.18740402317686666
0.18393185588631458
0.19877929173833173
0.20056346321400195
0.18257583336140298
0.18088416766503596
0.19471231606313139
0.18081764486888904
0.18942555706374933
0.18627202635947548
0.1823694638682053
0.18654408991322993
0.18314890458968952
0.18206748432266384
0.18051994111952158
0.18359762503643423
0.18326652610218971
0.20710656421603116
0.19238595016602722
0.19237012290785177
0.19190479258842136
0.19641712379026918
0.19937558617648143
0.23943052730863165
0.2017425542822062
0.19607107454874276
0.18829209962083376
0.1746961173211342
0.18942015231309306
0.1745728048373703
0.18310677843464257
0.18395403493856224
0.1781271012426466
0.2056858560392698
0.18370412380319873
0.19996394094502773
0.18676640416767348
0.19535059888228148
0.19867561447378204
0.18221389505127703
0.18162096879429576
0.19605594555937497
0.18825446823433406
0.18682139650251495
0.19555960312934367
0.18430192903613185
0.17035655037153918
0.16511308516015571
0.179006841116446
0.19036344661355856
0.2063118362850226
0.187639802629193
0.1771424717594579
0.19608878738038993
0.18920405192455098
0.18200696197460295
0.1862110353123183
0.1591537852721338
0.18427296612693617
0.19355626015566807
0.18268119896142998
0.18161147931515115
0.17827973764234556
0.16870750627601527
0.1952606384150576
0.20582356207231714
0.19680430360073592
0.18132315807923832
0.20459860542997507
0.19335761206500407
0.18497509796425457
0.1785926151410446
0.17097885491234127
0.17854209823181427
0.19588830402467516
0.19081266837785663
0.19828849522456582
0.2004254624306203
0.19278244115640025
0.21171974457170403
0.1881640479119993
0.18436872954511999
0.20056172363880315
0.1890199389821636
0.18349631700033575
0.19571843765583175
0.20165613951369862
0.18710337496703197
0.20362768592298325
0.1855025671977868
0.1787978114434472
0.16872042927346562
0.17984497433654972
0.18632220785684642
0.1552039750697794
0.18635550007674043
0.19295418513429477
0.1817694834682761
0.19117341577311192
0.19351029366810735
0.18917036089072714
0.19202965639774688
0.18721518321456707
0.19593207847113053
0.17458151653922746
0.20227956863953683
0.19967643558843004
0.18265399089283718
0.180316602306472
0.19695164784297528
0.18972757001279422
0.19486693322941495
0.18410447535215202
0.1895945142953439
0.19115954832470844
0.18523792964389682
0.19822242236234983
0.19067930504147568
0.20355881765431905
0.20573662709259843
0.19601493351787042
0.19438686323641208
0.19926128066112275
0.19887705362671615
0.1712224166273439
0.19748029940421263
0.19635259684590123
0.19561232990967897
0.18345562652219846
0.19878835656120963
0.19358676701016725
0.17868798956805243
0.18391170043425736
0.18877268657093563
0.19017377312378358
0.1978186137295389
0.20778144178689595
0.1978366148347521
0.2054303781152669
0.1807477578425265
0.1797199222252398
0.20443257086169925
0.17761369758200218
0.19811532877383975
0.1953069146386502
0.20256155289477792
0.1828789868465727
0.1842670457740619
0.16055330382365124
0.18814612953457904
0.1952926664119929
0.1915581164303914
0.19201840698850225
0.19915398029608536
0.20213063380483387
0.17198549844623423
0.17932821931174697
0.19003619048864684
0.2063175015049753
0.18261839963731427
0.1873515997321765
0.17715210003030182
0.18438875504108748
0.19121921755945032
0.19915062505586317
0.20308428618311083
0.197148208098689
0.1847139959836318
0.20550158371235755
0.2006298846831605
0.17940778301372695
0.18095499283231392
0.18022794014745855
0.1922322119812764
0.1752721633298887
0.19445963339928551
0.1853739271980664
0.1827271338417868
0.179427937180053
0.18562955299388068
0.19271092649568838
0.19229667547684465
0.18342441348767957
0.21106860780826622
0.1908054397664527
0.19392714456593374
0.19761009425198975
0.18803075289907106
0.1765064820428279
0.18988071502551931
0.20634784640411247
0.20260877309031156
0.18258593299044595
0.1807642171859555
0.18993401737367854
0.20179576209241745
0.18189476660762013
0.16766920734205454
0.1764283868087852
0.20522028520716135
0.1849335661907603
0.1892808109209011
0.1874763460365304
0.1862260739981151
0.1797985080730757
0.18820624772506672
0.1851781616673358
0.18145860636788996
0.186455134634804
0.18430771991010994
0.19397911179758748
0.1920519404394564
0.19283087058741705
0.17087815658901262
0.1836913258848341
0.19185806935123711
0.19809140391321267
0.17777888810224765
0.17077957072600494
0.1845408346702827
0.19603316097559798
0.17711346044841628
0.19410379674655365
0.2004518144405173
0.19088123282056305
0.19438721790029262
0.1775856784573183
0.18060252044317596
0.19554819204111312
0.18322351279584254
0.19466766030610738
0.1683038355392181
0.18623329957896087
0.20320299405162506
0.1835992859205191
0.18292857629295703
0.17601211027144273
0.18996630881346482
0.19926858176709533
0.2051122991855805
0.18512813330030203
0.19248861211898632
0.17607109013756864
0.18444540347019878
0.17775575793629098
0.19039900683656194
0.20639076729177475
0.20745720208485938
0.1893553527042927
0.19216936835046977
0.1937818160998711
0.1959388836383632
0.18910340967016714
0.18547346642261053
0.19472339857121435
0.1987796417314846
0.19634519801367473
0.18822301247535123
0.1888435739035566
0.17763603246506307
0.1875963195298685
0.17928426363359573
0.1750201089930159
0.18118741926293502
0.19510796741273884
0.1995281377523465
0.18571619276116097
0.20053859051817685
0.1841453460833885
0.17958722594165033
0.18123327514931983
0.20287711345244874
0.18194806469254204
0.20246774326233036
0.20569771385235575
0.18404735247719567
0.19461733183646468
0.17313521141785215
0.18631931859508158
0.1874807784314494
0.1909715963640343
0.19583216820481786
0.1960611108828625
0.20885489533469276
0.17437643646109863
0.19538580676281436
0.19479355636647472
0.19475506735359305
0.19222381714056214
0.19111395135341464
0.19612328666143827
0.19415032643747387
0.18266251428628177
0.19429917872466734
0.2074107609659194
0.19355384546445828
0.1905645124223584
0.20487059212234487
0.2018612605328275
0.20140385041843797
0.19299782789289938
0.18809011927544111
0.17997910708199086
0.21044193312735276
0.18244861524910017
0.1914027913879231
0.20206077808704317
0.1935170078266195
0.18569092333064002
0.19449840613897967
0.18900044352377543
0.1924358229547831
0.17793396267206296
0.2073426065843128
0.17948094483285523
0.18179698233950353
0.17487093711443363
0.20015834454801518
0.17951126111853732
0.19259064422539474
0.18850456463085768
0.18271285787179584
0.1712700141264743
0.18544626647590906
0.19767085670138296
0.21119580519237305
0.1973277227114791
0.18287980052723202
0.1771651168868315
0.1815589822310501
0.17622239812185653
0.18681883406313646
0.1712668725335948
0.20186511301151588
0.19197627330252626
0.18646178675156175
0.20683351029305658
0.1944775500131446
0.183001851324668
0.1910692794091276
0.19387320370335648
0.18331693183186448
0.2070003993392113
0.1906224758149621
0.18883036853975937
0.20448393008242416
0.18638283354256532
0.192280417481915
0.18400285909455738
0.2024330980664037
0.19368289491994517
0.19078069391298
0.1921763043428426
0.19163029524854291
0.19257619729768688
0.20309439658810655
0.18623936699509025
0.20868004054342348
0.17772691367273516
0.20480011280344973
0.1941558310998418
0.19282315599325028
0.19096155861260833
0.18094167951631385
0.1896811684350872
0.18617966182257356
0.17529156549439762
0.16671513272865135
0.19303917932806464
0.1921509123687125
0.19187984306981964
0.18954415714566658
0.20482838233701015
0.1982309125441179
0.19805242108154958
0.19937062667798908
0.20936373631122712
0.18519625010923313
0.1826153743834342
0.18986659046784238
0.18307481763858516
0.18784492778202638
0.1830309087315266
0.18011837313689916
0.18427873455292093
0.18172185170155022
0.18877168703345198
0.19535405982717607
0.19585466744012064
0.1917198942464345
0.18117960966723018
0.18760331781692752
0.19539135688712048
0.17545295057782787
0.18338940859030853
0.18268498437135516
0.18080145877943138
0.1948756593141298
0.1901116291808284
0.1947832379188244
0.19670080164926118
0.20628613319827338
0.1831588258586797
0.17924619256687058
0.18522413567803417
0.19051612124154493
0.1781058122611461
0.20309088119269242
0.18979250622121233
0.17731019926859737
0.18277934141880725
0.19002739792405396
0.20123624006534319
0.1784960006101754
0.182058520579722
0.1856323943890743
0.1916827557307938
0.18173875990579147
0.1929285585105707
0.19157514429271907
0.18273221248535337
0.17847794899464783
0.19807885242258655
0.19188027926658524
0.19591225455615713
0.1757346266528428
0.20870043597682741
0.14407053470885056
0.191099355358598
0.16641409790133044
0.19134937341527555
0.1790344477524088
0.17281411867521645
0.1973845453793383
0.17733187793864486
0.1905323535749303
0.19107148334479768
0.19273386867291586
0.17785635424524132
0.1843550608253186
0.16978433160004913
0.18261420149869179
0.2085040846093775
0.1934129582802121
0.1975933503898899
0.18406356699223528
0.18419421605328473
0.1612053382037686
0.19428762571590247
0.1954487720551042
0.18633790843730594
0.16848704295607378
0.20253945096989823
0.1844380740774421
0.1949746969396962
0.17615687534369984
0.1904318006990615
0.17751182754299222
0.18499338373806679
0.18206047707516412
0.20075028364837907
0.18491002096833709
0.1974089519996044
0.18213684679952785
0.19185056025917946
0.19639846952999562
0.1922778500113475
0.18989498954217748
0.1963110901196145
0.19373799709758732
0.1869408415719018
0.190305841809696
0.1911264462792513
0.192679981719381
0.18425162256174554
0.20006093638434863
0.1800625223802405
0.16664000644434407
0.1923589031999085
0.2055105282789162
0.19897150667234553
0.18626216242437926
0.19699061807750395
0.1874992764410123
0.20111819351601345
0.1818093553395926
0.15961342994948097
0.19951998646018265
0.2069979618099524
0.20708507794360176
0.1798026527683611
0.17548148427236257
0.179137043183225
0.18776765551516075
0.1969080689013473
0.18772631044805765
0.19733456414342337
0.23799340169386604
0.19439269144013055
0.18165680286494007
0.17864642675248973
0.18939385290702507
0.19007676965704803
0.18737241471497282
0.1826868308882174
0.1864726390986458
0.1998865264772804
0.19338768590010136
0.17909888222670128
0.18950550168014083
0.18838697429579965
0.17650825959394859
0.18118637636301632
0.17778499753743496
0.19547646720710032
0.18704371066418146
0.18450295719025345
0.18694448408243264
0.19952523339777217
0.1762404055625641
0.20505672099289957
0.19208319440138294
0.18998896911012159
0.17295867547743615
0.18672020078282175
0.197255427513441
0.19404621582367804
0.18456243263614494
0.19156724967572908
0.19535348155469956
0.2024465165597364
0.1769139356282487
0.1817569035704743
0.1804002172449372
0.18775879430278086
0.17434891118022014
0.181011397202931
0.20227602669853714
0.18284838691222452
0.1803226786157529
0.18391449627392054
0.1763469858106491
0.21540531839498456
0.1929947340736337
0.19045923148255361
0.18118738176838023
0.19065474688280498
0.18145597310049832
0.19365963108920323
0.1917700171361708
0.18033361348339105
0.19240454359611375
0.18969494143287507
0.18938742367852723
0.18825634432364247
0.1939566209214899
0.18303710448741659
0.18881885213927918
0.16221362245940305
0.18818925832270783
0.2018061286985648
0.18772182092956374
0.20457908378879064
0.18439852004487958
0.17586480975657515
0.17474168851109767
0.2004435081516303
0.1863251558612932
0.1900605579745933
0.19764642783819325
0.19331968505953412
0.1940260358290206
0.19627581957962148
0.1940608994171427
0.16776603703668883
0.19619421808536072
0.18743772884142107
0.18438515215703766
0.19847985981742633
0.18488353111723518
0.18044103319674248
0.1828582868084115
0.1870168009105136
0.1954175886333846
0.19904663634339956
0.19842376244968046
0.19101291011962704
0.1840015682667813
0.19718453441806483
0.19006793012643347
0.17777631505387734
0.2014606997394605
0.20751827442754278
0.19404297578993013
0.16601093219158494
0.18166120895735371
0.20390646803262258
0.1930583219300947
0.19548501248171485
0.20250017036723392
0.20486140484268672
0.18105490424740844
0.20161422398345352
0.16182934294763407
0.182025252122695
0.1861549423552159
0.19456665888589464
0.1856426496461584
0.2034898140864334
0.19573810786769086
0.1756462210081937
0.1877977824809272
0.1957052191675533
0.19022381369706465
0.1840964013336492
0.1966113467560115
0.20110814525442833
0.1954086328704995
0.19381280356949518
0.18225215056396393
0.1826782994105793
0.19244058148165383
0.19084833752588334
0.19953091171150444
0.21277862510460954
0.17344146567334942
0.2046606903910505
0.18311125168525572
0.18461263408852013
0.1924889166778002
0.19735016593933286
0.19367192788818366
0.20336744123388967
0.18478577417015593
0.18903226780380883
0.18894262431874853
0.18592282920539865
0.2006300076634729
0.19172079749392257
0.19095427289968991
0.2033808229633813
0.19083624303682123
0.1943186166027741
0.20053045257390223
0.18195928107637774
0.20074463760709993
0.18031308428618809
0.1961272669442513
0.1867787921973566
