5.018697261810303
5.197525978088379
5.536464214324951
4.780429363250732
4.834879398345947
3.2448320388793945
4.419487476348877
5.187461853027344
4.718994140625
5.003730297088623
4.9196977615356445
5.136168479919434
4.894814968109131
5.155631065368652
4.351773738861084
5.213391304016113
5.643916130065918
4.840819835662842
5.429566383361816
5.095466613769531
5.291589736938477
4.755039215087891
4.969000816345215
5.202347278594971
5.4324116706848145
5.506731986999512
4.992697238922119
5.346611976623535
4.879995346069336
5.050407886505127
4.91155481338501
5.252901077270508
5.489192962646484
5.406299591064453
4.969462871551514
5.115414619445801
5.758459091186523
4.863712787628174
5.560220718383789
5.794487953186035
5.513737201690674
5.556259632110596
4.964850425720215
4.810193061828613
4.757961273193359
4.472038269042969
4.703575611114502
4.817070007324219
4.760730743408203
4.828093528747559
5.224116325378418
4.921022415161133
5.310858249664307
4.907160758972168
4.483937740325928
4.988205909729004
5.2782816886901855
4.829064846038818
4.801733016967773
5.2154645919799805
5.2628326416015625
4.909073352813721
4.677048683166504
5.289214611053467
5.851660251617432
4.96587610244751
5.197237968444824
5.40899658203125
5.341595649719238
5.530185222625732
5.366656303405762
4.542177200317383
4.43294620513916
5.2563252449035645
3.1733314990997314
4.448142051696777
5.229592323303223
4.375533103942871
4.541935443878174
4.751547336578369
5.300827980041504
4.468298435211182
4.784067153930664
5.17949104309082
5.841232776641846
4.984607696533203
4.831557273864746
4.8538594245910645
5.424716472625732
4.9175124168396
5.389265060424805
5.503594875335693
5.0920281410217285
4.904802322387695
5.009751319885254
4.3921122550964355
5.029375076293945
4.438286304473877
5.655585765838623
5.068746089935303
5.147700309753418
5.436069488525391
4.79080867767334
4.133232116699219
5.291828155517578
4.697446346282959
5.194525718688965
4.832275390625
5.226762771606445
4.483226299285889
4.742739200592041
5.389558792114258
4.5627241134643555
5.048985958099365
5.1579909324646
4.922807216644287
5.277634143829346
4.989355564117432
5.013425350189209
5.568142414093018
5.2952985763549805
5.331802845001221
5.202497482299805
4.88555908203125
5.324710369110107
5.3818817138671875
4.997868061065674
4.910930633544922
4.61491060256958
4.561411380767822
5.120186805725098
4.126411437988281
4.90817403793335
5.306931495666504
6.141939163208008
5.639609336853027
5.180190563201904
5.053608417510986
4.984850883483887
4.587153911590576
5.703001022338867
4.788053512573242
4.919425010681152
4.667577266693115
4.989327430725098
5.31514310836792
5.241090774536133
4.605868816375732
4.415974140167236
5.726983547210693
4.694499969482422
4.644275665283203
2.7012064456939697
4.368649959564209
4.8839287757873535
4.874443531036377
5.427246570587158
6.027260780334473
4.778209209442139
5.507231712341309
4.736837863922119
4.525016784667969
5.2838053703308105
4.060516834259033
4.893056392669678
4.969862461090088
4.96151876449585
4.7070841789245605
5.308928489685059
5.027385711669922
4.214601993560791
5.213174819946289
4.906092166900635
4.600289821624756
5.3472700119018555
5.0812859535217285
5.375194072723389
4.516104221343994
5.035470962524414
4.656727313995361
4.973633289337158
4.721792697906494
4.968994140625
5.170892715454102
4.882598400115967
4.920803070068359
4.154462814331055
5.6414875984191895
4.775518894195557
4.838662624359131
5.391483783721924
5.431705951690674
4.785608291625977
5.203566551208496
5.295846462249756
5.524315357208252
4.544478416442871
5.379538059234619
4.881752967834473
4.867703437805176
5.319102764129639
4.367419719696045
4.748062610626221
5.091978549957275
5.121579170227051
4.094266891479492
4.648238658905029
4.860043048858643
5.123747825622559
5.554769039154053
4.612760066986084
5.547615051269531
4.052493572235107
4.861885070800781
4.396289825439453
4.771994590759277
5.070555210113525
5.541070461273193
4.284358024597168
5.330893039703369
4.335890769958496
6.193499565124512
3.9807510375976562
5.703674793243408
4.755948066711426
4.980112552642822
3.9250776767730713
4.470860958099365
4.520702838897705
5.463554382324219
4.906470775604248
5.091982364654541
4.923178195953369
5.004302978515625
5.211190223693848
5.282651424407959
4.803389072418213
5.100377559661865
4.801041126251221
4.89567756652832
6.109616279602051
4.626951694488525
5.136383056640625
4.893812656402588
4.511859893798828
4.55291748046875
5.618706226348877
4.670923709869385
5.259774208068848
4.020087718963623
6.201379776000977
5.418004989624023
4.933694362640381
4.824368000030518
4.781876564025879
4.677177429199219
5.6262054443359375
4.337401866912842
5.248859882354736
4.504652500152588
5.271903038024902
4.464594841003418
5.35288667678833
5.262441158294678
5.303349494934082
5.360621452331543
4.85211181640625
5.1594438552856445
4.349321365356445
4.946972370147705
4.981263160705566
5.835536003112793
5.005403518676758
4.738851547241211
4.789534091949463
4.664234638214111
5.896955490112305
4.669927597045898
5.714132785797119
5.091928958892822
5.055698871612549
4.706675052642822
4.354145526885986
5.181890964508057
5.584200382232666
4.942248821258545
4.777773857116699
5.081160068511963
5.585224628448486
4.493945121765137
5.110785007476807
4.939970016479492
4.858224391937256
4.961940765380859
5.202794075012207
4.834296226501465
4.682124137878418
5.080803394317627
4.945911884307861
5.571332931518555
5.185958385467529
4.172981262207031
4.590029716491699
5.117891788482666
4.837630271911621
5.049736022949219
4.911603927612305
5.654675483703613
5.079300880432129
4.5717620849609375
5.3830790519714355
4.870724678039551
4.990358352661133
5.489890098571777
5.330941200256348
4.915338039398193
5.444371700286865
5.1349358558654785
4.919339656829834
5.3298258781433105
4.787391662597656
4.631671905517578
4.12625789642334
5.239870071411133
5.526076793670654
5.23719596862793
5.632332801818848
4.80607271194458
5.534573078155518
5.164769649505615
5.2086310386657715
4.569251537322998
5.41615629196167
4.645357131958008
5.071486473083496
5.776627540588379
5.210595607757568
5.275349140167236
4.625428676605225
5.087405204772949
5.2266645431518555
4.638837814331055
4.341980934143066
4.646625518798828
4.90105676651001
5.426478862762451
5.125697612762451
2.852513551712036
5.323824405670166
4.791064262390137
4.465992450714111
5.143497943878174
5.482758522033691
4.540909290313721
5.617401123046875
4.592137336730957
5.1117377281188965
4.97075080871582
4.302866458892822
5.152154922485352
4.982393741607666
5.368012428283691
5.20113468170166
5.0038652420043945
5.551768779754639
6.1661057472229
5.2702460289001465
5.2286248207092285
5.091069221496582
4.977920055389404
5.437230587005615
5.193703651428223
4.405208587646484
4.979628086090088
4.706328868865967
4.756180763244629
4.913247585296631
4.860662937164307
4.428378582000732
5.2747802734375
4.665901184082031
5.649960517883301
4.4828314781188965
4.955224990844727
4.9777326583862305
4.931912899017334
6.204157829284668
3.9681711196899414
4.879152297973633
4.327239990234375
4.863370418548584
4.9057183265686035
5.341656684875488
4.9904398918151855
4.969261169433594
4.711594104766846
5.189088821411133
5.575369358062744
4.765984058380127
4.254588603973389
4.547060966491699
4.248608112335205
5.449155330657959
5.9225287437438965
5.276496410369873
4.7752366065979
5.286075115203857
5.13730001449585
4.475543022155762
5.109458923339844
5.481829643249512
4.507778644561768
5.570898532867432
5.737274169921875
5.320261478424072
5.162240505218506
5.083766460418701
4.659393787384033
4.633869171142578
5.043445110321045
4.848198413848877
4.74331521987915
5.117130279541016
5.202938556671143
5.04510498046875
4.964121341705322
5.772886753082275
4.417598247528076
5.892744541168213
5.386791706085205
4.456165313720703
5.365011692047119
5.060761451721191
4.598374366760254
5.060245990753174
4.941962718963623
5.185310363769531
5.248203754425049
5.016661643981934
5.270284652709961
5.1529765129089355
5.214991569519043
4.669044017791748
4.994483947753906
5.137521266937256
4.667445659637451
4.58218240737915
4.96002721786499
5.566777229309082
5.3409342765808105
4.468600273132324
4.705424785614014
4.982755184173584
4.677130222320557
4.907441139221191
4.7822465896606445
4.529819965362549
5.243154048919678
4.846369743347168
4.83172607421875
6.215206623077393
5.6310906410217285
4.9867048263549805
5.069878101348877
4.272645950317383
4.699769496917725
4.2065863609313965
4.7444748878479
3.4707236289978027
4.431841850280762
4.766537189483643
5.348384380340576
4.773138046264648
4.948079586029053
4.654454708099365
4.806657314300537
5.318064212799072
5.645039081573486
5.619314193725586
4.981197834014893
4.910548210144043
4.677179336547852
5.112074851989746
4.773807048797607
5.200690269470215
5.054120063781738
4.973662853240967
3.477226972579956
4.242563724517822
4.31358528137207
4.730285167694092
4.750619411468506
5.258060455322266
4.43919563293457
4.703988552093506
5.00738525390625
5.2635955810546875
4.6638898849487305
4.638543605804443
5.631364345550537
5.390028953552246
4.6273193359375
4.792128086090088
5.508812427520752
4.685863494873047
4.298844337463379
4.07946252822876
5.073232173919678
5.0969157218933105
5.175479888916016
4.674792289733887
5.460678577423096
4.92236852645874
5.618014335632324
4.0842108726501465
4.704047679901123
5.182655334472656
5.569177150726318
5.679421901702881
5.904848098754883
5.065394401550293
4.123847961425781
4.69392728805542
4.524362087249756
4.823339939117432
6.093872547149658
5.026780128479004
5.032160758972168
5.212935447692871
5.490442752838135
4.276244640350342
5.145421028137207
5.788671016693115
4.904839992523193
5.02224588394165
4.930353164672852
5.454346179962158
4.888436794281006
5.639764785766602
5.028650760650635
4.833471298217773
4.73162317276001
4.931097030639648
5.149799823760986
5.0654988288879395
4.625889301300049
4.436026573181152
5.00604248046875
5.062361240386963
5.104419231414795
4.367304801940918
4.695832252502441
5.590244293212891
4.6461639404296875
4.64178466796875
4.982892036437988
5.180598735809326
4.430028438568115
5.130768775939941
4.933725833892822
5.236157417297363
4.631585597991943
4.866784572601318
4.793029308319092
5.291933059692383
5.181949615478516
4.826818943023682
4.992214679718018
4.530651092529297
4.646317481994629
4.464310646057129
4.843478679656982
5.0578532218933105
4.9346160888671875
5.404730796813965
4.69913911819458
4.943549156188965
4.758105754852295
4.481113433837891
4.87349796295166
4.945188999176025
5.401729583740234
4.972259521484375
4.752532482147217
5.947638511657715
4.993582248687744
5.360718727111816
4.619410037994385
5.325338840484619
4.96699857711792
4.910260200500488
4.292781352996826
5.144385814666748
5.057689666748047
4.237135410308838
4.799737930297852
4.614569187164307
5.586382865905762
5.413944244384766
5.153843402862549
4.98975944519043
4.7373809814453125
4.715422630310059
4.266906261444092
4.77168083190918
5.861594200134277
4.85250997543335
5.006260395050049
4.224996566772461
5.133135795593262
5.028656482696533
5.153786659240723
5.098382472991943
5.173454761505127
5.061731815338135
4.80322790145874
4.700815200805664
5.022498607635498
4.788722038269043
4.538220405578613
5.075174808502197
5.580432891845703
5.374024868011475
5.012704849243164
2.848349094390869
5.053159713745117
5.001559257507324
4.442950248718262
4.983739376068115
4.871513366699219
4.8556928634643555
5.618093967437744
4.4058003425598145
5.005166530609131
4.9493560791015625
4.213110446929932
3.8929283618927
4.87759256362915
4.229429244995117
5.146346092224121
4.933806419372559
4.7194318771362305
4.330448150634766
4.888014316558838
4.849020004272461
4.019893646240234
4.431881904602051
4.605309963226318
4.725651264190674
4.707442283630371
5.196812629699707
4.690427303314209
5.229393005371094
5.143535137176514
5.298507213592529
4.88905668258667
4.476682186126709
4.9740729331970215
5.117626667022705
4.8398847579956055
4.750951766967773
4.804903030395508
5.166014194488525
5.403370380401611
5.570793628692627
4.825911045074463
4.72161865234375
4.663058280944824
4.786132335662842
4.738713264465332
5.10585880279541
5.1844258308410645
4.82927942276001
4.906368255615234
5.3637261390686035
5.09802770614624
4.972973823547363
5.095796585083008
4.469967365264893
4.789859294891357
4.57974100112915
4.582270622253418
5.201740741729736
4.750381946563721
5.2237629890441895
5.541646480560303
4.313027858734131
4.6896867752075195
4.72162389755249
5.2275214195251465
6.042983531951904
4.551342487335205
4.866258144378662
4.6379876136779785
4.80338191986084
4.823976993560791
4.731365203857422
4.5520405769348145
4.537250995635986
4.823479652404785
5.612816333770752
4.818576335906982
5.109128475189209
4.911856651306152
4.968482494354248
5.256145477294922
5.354949474334717
4.893287181854248
4.659367084503174
4.952691078186035
5.016831398010254
5.35438346862793
5.497250080108643
4.629304885864258
5.6235809326171875
5.115427494049072
4.820348739624023
4.767904758453369
4.323550224304199
4.5839762687683105
6.0782599449157715
4.808763027191162
5.327828884124756
4.612478256225586
4.647988319396973
4.5677971839904785
5.052914619445801
5.209558963775635
5.665595531463623
5.340735912322998
4.2078986167907715
5.3571085929870605
4.540585994720459
5.127017498016357
4.503760814666748
5.17610502243042
5.430424690246582
5.221449375152588
4.431758403778076
5.041706085205078
4.945356845855713
4.800919532775879
5.15323543548584
4.641551494598389
4.922851085662842
5.230105400085449
4.639157295227051
5.30039119720459
4.825835227966309
5.241971969604492
6.041191101074219
5.189180374145508
5.867753028869629
4.624460697174072
5.408311367034912
4.369072437286377
4.932450771331787
5.405601978302002
5.305878639221191
4.868319511413574
5.078240871429443
4.293174743652344
5.016922473907471
4.508120536804199
4.320524215698242
4.2844157218933105
4.940736293792725
4.784750938415527
4.913887977600098
4.653461456298828
5.43025016784668
4.794477462768555
5.036128520965576
4.658119201660156
5.275631427764893
5.15177059173584
5.235487937927246
5.050350189208984
5.004088878631592
4.560962677001953
5.724091529846191
5.098650932312012
4.328348159790039
4.6235857009887695
5.158011436462402
5.310939311981201
5.959758758544922
5.264414310455322
4.634010314941406
4.396226406097412
5.1364216804504395
5.530670166015625
5.044873237609863
5.259186267852783
5.112301349639893
4.823688507080078
5.63716459274292
5.128081798553467
4.510828495025635
4.882375240325928
4.856094837188721
5.296278476715088
4.286560535430908
4.968743801116943
4.408815860748291
5.289679527282715
5.224512100219727
3.0713443756103516
4.8853278160095215
4.634995937347412
4.884387493133545
5.040170669555664
5.0959391593933105
5.195752143859863
5.126867294311523
4.98606014251709
5.319523334503174
5.154783248901367
4.943310260772705
5.128389358520508
4.571518421173096
4.665334224700928
5.149669170379639
4.669743061065674
4.744485855102539
5.182488918304443
4.653393268585205
4.611932754516602
5.149113655090332
5.081347942352295
5.131725788116455
4.517165660858154
5.600004196166992
5.827410697937012
5.345895290374756
5.0949788093566895
4.656770706176758
5.553746223449707
4.374522686004639
5.339255332946777
4.977448463439941
4.796173095703125
6.146762371063232
4.320099830627441
5.5146307945251465
4.730911731719971
4.925685882568359
5.532622814178467
4.781617641448975
4.440200328826904
5.902737617492676
5.354578971862793
5.057207107543945
2.7014248371124268
4.864380359649658
4.526542663574219
5.79023551940918
5.645918369293213
5.016366004943848
5.167199611663818
4.761899948120117
4.668704986572266
4.120270729064941
4.400632858276367
5.3503522872924805
5.166967868804932
4.3338212966918945
4.586956977844238
5.051266193389893
5.575952529907227
4.6675825119018555
5.369041919708252
6.164015769958496
4.9113450050354
4.857347011566162
4.3924455642700195
4.489380359649658
5.155057907104492
4.63364839553833
5.758448123931885
5.270665168762207
5.222683906555176
4.230712890625
5.234191417694092
4.694517135620117
4.477838516235352
5.271446704864502
5.007735252380371
5.275761127471924
5.260526180267334
4.723177433013916
5.750023365020752
4.868008613586426
4.700993537902832
4.435541152954102
4.958498954772949
5.549979209899902
4.615273952484131
4.584840774536133
5.493391036987305
4.9742231369018555
3.960587978363037
4.946037769317627
5.219553470611572
4.35813045501709
5.078198432922363
5.35850715637207
4.901665210723877
3.498660087585449
5.442066192626953
5.445892810821533
5.105832576751709
4.931114196777344
5.451509475708008
5.636136054992676
4.873835563659668
5.156134605407715
5.422322750091553
5.223440647125244
5.320788383483887
4.671182155609131
4.99901008605957
5.067459583282471
4.650965690612793
5.325881481170654
4.625962734222412
5.0567193031311035
4.914360046386719
5.131728172302246
4.780001163482666
5.012683391571045
4.729051113128662
4.521912097930908
4.998411655426025
4.8946003913879395
5.353768825531006
5.803118705749512
5.286422252655029
4.591576099395752
4.902097702026367
5.269690990447998
5.403805255889893
5.174358367919922
4.902532577514648
4.621799945831299
4.487093925476074
4.730442523956299
5.080869674682617
4.729153156280518
5.1276068687438965
4.694307327270508
5.192534923553467
4.924541473388672
5.471118450164795
4.756778240203857
4.5795416831970215
4.763948440551758
5.017733097076416
5.065992832183838
5.139695644378662
4.826084613800049
5.191225051879883
4.659404754638672
4.445286750793457
5.421297073364258
5.286125183105469
5.0779523849487305
4.549488067626953
4.73248815536499
4.987346172332764
5.284605026245117
4.850703716278076
5.445833683013916
4.326859474182129
5.44333028793335
5.062816143035889
5.382227420806885
4.9872846603393555
5.085147380828857
5.5112481117248535
4.896225452423096
4.749131202697754
4.424192428588867
5.120357513427734
4.920394420623779
2.563676357269287
4.839419841766357
4.954923629760742
5.112766265869141
4.895962238311768
4.467626571655273
5.520923614501953
4.693460941314697
5.14718770980835
5.038556098937988
5.731335163116455
4.3794474601745605
5.07814884185791
5.111567974090576
5.02780294418335
