0.43620357023882433
0.40677629015909156
0.443122571259954
0.3823650169042681
0.3688245194372591
0.24857175079728577
0.32432897852052994
0.42390751990497555
0.44876278602131425
0.3759433452138251
0.47262796211747393
0.5752339577863487
0.4216180770514739
0.41653661664155617
0.3340626346418099
0.3193146857421014
0.4981456144429043
0.3629573330799602
0.3865042268527401
0.3284189908672106
0.305930210533961
0.42737288155543174
0.4703311875833655
0.3835117869019001
0.6670914510126975
0.22069509167753013
0.38690386504340485
0.30120738946787823
0.24548167640596658
0.4520046794741921
0.32586293055464577
0.3062731761298413
0.5883520796080025
0.36102553476347377
0.3812360184311971
0.3584316772527746
0.5686447821060588
0.3762935638484273
0.3375605163716874
0.3256217005039034
0.6148570099014763
0.609856246501238
0.5418827396020879
0.29232456486894953
0.41141002957444317
0.6367713320075256
0.27978704986435726
0.33702999110647003
0.3390655831625817
0.31187274954686683
0.30935537327887996
0.3840288598395518
0.4115049454476256
0.4948652509604474
0.5623038162574229
0.4460265784496888
0.3383706617111549
0.3761819396459598
0.4512541221592463
0.5958565035636871
0.3732574141966003
0.3560005063554904
0.3853327352492457
0.33780142318781053
0.27889301013481055
0.3566376030264953
0.6049971259348108
0.26935511522344135
0.4919771791566059
0.4661434685570723
0.6100801582780883
0.2688078240474131
0.630664094850893
0.3733270911224181
0.386180400804891
0.490823102300429
0.34378954341638934
0.31508792966957333
0.3598110012397919
0.40700380496177513
0.441696887124019
0.42222868315488005
0.3561009047831875
0.3015399973551075
0.4027879145717552
0.3755017675050321
0.37766277019502503
0.36938484959638046
0.5831554516344304
0.4501853438831833
0.5317159346997755
0.7276869521270068
0.5060034528981119
0.309882633137454
0.33187641152025465
0.31944898022944157
0.41037688137896133
0.3348585514922577
0.31034904147939074
0.4906352534892043
0.41151672947266765
0.6261690997899333
0.26436150713653733
0.32550608232796263
0.21818355633713654
0.4121658494566615
0.4145125719161441
0.4725545302646351
0.3092125056123497
0.3576484662196926
0.37662243586750166
0.36072572082136706
0.37336743222107704
0.3767051875547607
0.3693245034172866
0.39620802587185056
0.3410717216746642
0.2871470489709458
0.5006333080175548
0.3020874937650431
0.39647470884774394
0.3897035821196523
0.2608101177960882
0.4117975830599697
0.4732632369342791
0.4364262456282577
0.3104558183542037
0.31018653453109835
0.3851408649142119
0.4389465052113479
0.34863590965027985
0.3283117816510313
0.40870784386674325
0.3859706815035542
0.4474216537228255
0.37796768062714653
0.35918962182046776
0.3109949670315081
0.32326272947086093
0.5591931419061061
0.32223237171397767
0.3429581938815348
0.409331152047483
0.46538738458967
0.37692330130809815
0.38209485687299377
0.37131973063649815
0.606705748131694
0.4671606825629712
0.3623447398522548
0.4398679004189768
0.5456692184881282
0.4127325584086911
0.48063180407903505
0.2608644867494838
0.37802361672201334
0.35925146435895966
0.6006808849607979
0.3021888901559651
0.36185442164067416
0.3625903425179523
0.5667177804536025
0.32588940376017544
0.3265180833456704
0.409254898743618
0.33711987345373406
0.4410919202223852
0.30806756960451265
0.3283187907703301
0.43377142147454273
0.49046333278418774
0.4010735952957376
0.27729641775210623
0.3495378918308842
0.48613914886323506
0.5208133209999035
0.48640831262241224
0.4334345876759519
0.38679667175019583
0.4387166940259738
0.396745910588549
0.3706419095734669
0.4993357537317321
0.41670677031478537
0.35607694743286533
0.6156535977323825
0.3440698697148272
0.42993107131847463
0.32932180573210384
0.35688700992254146
0.4215042044272579
0.33309902572533995
0.4413850140219184
0.27119868012175113
0.41810354614658407
0.44241051663568665
0.6079150304582206
0.5708717272006856
0.4509087073273108
0.25876789044269827
0.3898532860495464
0.22160878661336592
0.5369280542489856
0.3672298712259458
0.4695189067544685
0.5051655465430247
0.45002295842562157
0.3517011286927999
0.4115040643346056
0.4397976840131887
0.370604738274263
0.3393342878860818
0.40653615673474575
0.30128658090364374
0.41735042471635486
0.39437796463040736
0.2997917072954088
0.3307458499606318
0.2918013541537309
0.3594616813725128
0.35188738876202524
0.40035453275851296
0.47951666086933664
0.49786529581713257
0.3725790498924171
0.3381197322069687
0.38898697551285416
0.4962118399171208
0.3635246118693204
0.49471763625819
0.3552218645462737
0.5045416895699197
0.40252780292925333
0.32759301590278095
0.35612185410728847
0.534351061593554
0.2838249128411165
0.38393415439777884
0.3133365195646617
0.4603874029501076
0.4535497013198772
0.4625041703155311
0.35446952899247064
0.3520015754873791
0.38704663448942594
0.3142392054857415
0.38654842179556403
0.2650721300558753
0.4265906348938676
0.3641129065856096
0.3041812940807965
0.4887632932208647
0.38855917212722235
0.5631268959868302
0.4051327182688039
0.4528594458210058
0.45703933598153884
0.3601761019233294
0.36630385415487676
0.3490193968908236
0.4274162913116774
0.46799451976950385
0.2984978423079979
0.4265839451230238
0.33345507775209016
0.4339249633628019
0.4046595114882634
0.46897283042281646
0.4673423004104109
0.4850487599950498
0.3810540717818062
0.5035601909296272
0.35400839204771384
0.4635228739754801
0.4827349246237996
0.5412146768053625
0.3616118437680443
0.3898610019741574
0.29376140554371655
0.5568768107293405
0.2922957057098998
0.3821892891652489
0.2642515600632779
0.3679523331786888
0.5174249014733038
0.19137363394749413
0.4147479813456828
0.3940101743391664
0.43461822468760647
0.39183594259631416
0.33609151416055827
0.3282325716313578
0.504379974683804
0.4483279976440513
0.2700883064597802
0.6077043505606156
0.37731328273422227
0.20960059128373953
0.41124252167817565
0.3220537841832155
0.5377709873620024
0.42467801901913227
0.4381197444307642
0.35606599887995405
0.39981749088412677
0.326495825312974
0.475879313270718
0.4037395475419906
0.48844148290082945
0.3596823711751623
0.36942048963006713
0.45919970002730126
0.4933228992963451
0.34653367923964673
0.3553091672488694
0.34787323427151845
0.42046682709326777
0.39677956796677216
0.37190235692957924
0.36873218539151414
0.45185294147657373
0.34311191500504057
0.4689216905194984
0.3190059253743631
0.4727020717531201
0.6540861891779268
0.3206329604966531
0.5101631867620353
0.29045747499692853
0.3826963335881406
0.42359484874310904
0.5860760922773275
0.36402118473129896
0.3010154994412522
0.4287580850923097
0.47558329969991364
0.3424504765675361
0.484306420654121
0.2726552141429301
0.42344849946772123
0.39262447528104605
0.3810052382930249
0.39430420845555725
0.3928255244603297
0.46575533079038595
0.543410174699581
0.631954575705871
0.42800491233913374
0.4879599655049349
0.5615156417053906
0.3194998842879326
0.47423166198188427
0.38252070715003733
0.3432614297490478
0.4430801653640256
0.4259189830287675
0.6031721514384739
0.5467496866596128
0.3592287885757689
0.46799204598174726
0.5936982543547678
0.2946400374513897
0.674573379464218
0.2930705035570443
0.36502121561877277
0.4532428723331835
0.4020340774779231
0.4890149081544787
0.4544997600268957
0.37175992288592
0.35988301869341016
0.5094292596672754
0.5316118394248313
0.46248401147539375
0.31826893342530543
0.32033732875452503
0.4617532129160162
0.4431584933098964
0.48772861851462335
0.3780406043848792
0.4601846410580763
0.3092271347709676
0.41177077948839835
0.4205513181159273
0.32084939753787906
0.4400014054729493
0.41085326549130496
0.5001184144190327
0.29220623803132983
0.2993611806845713
0.3710972131525589
0.42296521576335255
0.26276706299905017
0.27928005641966536
0.42545870588529366
0.3982698245658889
0.38981634613861804
0.4959694145981826
0.49434416131853104
0.3952116076930261
0.48008625906202895
0.37727789332115247
0.43024123528631675
0.38244703311514894
0.35340193543464343
0.3782062370996474
0.4097089571496292
0.32372948789339995
0.41208004375423946
0.4427892897253462
0.3154382525529257
0.3765782578256744
0.3805895078386065
0.430918975252335
0.288261439929933
0.4151572612562783
0.3605065029315738
0.4835813434243563
0.209183927868738
0.5104443112654811
0.4290112270022294
0.5193637309734045
0.4594443241247867
0.4020868966360213
0.41140738104530195
0.21983777175629676
0.4538661667889049
0.4053177726558458
0.4508228069050676
0.3663902422910296
0.2945323229674507
0.43615931653817386
0.41724458508258044
0.37145988570734984
0.4012106948597237
0.4424125082984993
0.3476917740112819
0.34404821445626355
0.41616714287940815
0.5150020522212886
0.4654985417650301
0.31467173048331
0.4802450473122103
0.49771829187186184
0.33919187488871344
0.3043375542507831
0.4969290122217694
0.3569092340042461
0.3330404435906652
0.5423956588452274
0.3904541824888913
0.3644648415054753
0.4648012608239649
0.4120611809547072
0.4808308926477949
0.445752928338883
0.33596769333299614
0.39023325690437727
0.3333539145474298
0.44304944329220985
0.3552717177844661
0.43924699935681033
0.3504392586483355
0.5298348401792058
0.3476702215433041
0.34011422034104627
0.6128904013862131
0.4956555379390808
0.3686840062948383
0.2816725269941496
0.3754249413824349
0.5193946729052059
0.2643310721827784
0.2608844379115459
0.4765839148603514
0.396675567442647
0.2884856958270362
0.33862943081273456
0.5697945805930582
0.4811029661340971
0.24987703802085792
0.3866751339404806
0.3475251108058611
0.4579605326367505
0.4189953304205447
0.45914775218078147
0.3802840156660484
0.22800916580525854
0.5547988843816842
0.39066518022087426
0.2790536173191426
0.42683554508678406
0.5335676013700146
0.3830043734307417
0.25640582772793846
0.4159053534562268
0.3481552273255542
0.3757957116201479
0.3598145685363764
0.3424244197403067
0.3538902306663444
0.2870439606914097
0.5233265115283
0.6451229535058218
0.5730142312877654
0.47710819221881706
0.31985888295820436
0.49343128618413684
0.36580629758567484
0.33592175481299275
0.39391012952333115
0.3766439325040484
0.3404083839581357
0.4141764115387776
0.49852534526345554
0.511176213941311
0.5607809609046529
0.3947440198088633
0.4809949919710083
0.46776685852694805
0.3288003857962564
0.4186473997521414
0.3263548491994904
0.40085695505639407
0.3510887782275676
0.3235786675684003
0.3311535716251832
0.3432455699672007
0.456907778471106
0.37182747498768776
0.3909557981028
0.3780447561925553
0.41796017711193995
0.3344882307192014
0.4454440952455536
0.4500618403187703
0.39010848077055993
0.4764814662889949
0.33438768713319844
0.2977997138329235
0.29668915474786417
0.5488237812360445
0.30285891859547187
0.47181222730855554
0.38783393784573195
0.3492516664595833
0.4364458090972836
0.3755919903504853
0.5393931320387119
0.3227180127377252
0.3973364274976282
0.3720409200599992
0.4292378200631304
0.2997365374898053
0.25364595279302776
0.5164641760849585
0.5050827807277414
0.33917281177153946
0.420735516643597
0.37760488000702286
0.5384470531756752
0.31128314605747265
0.4055062032064749
0.5160554972352976
0.31723598696240135
0.4707470845342804
0.4887878714721964
0.3185157039477528
0.39528039716608376
0.3106185808177395
0.5503168493777342
0.22708606383967223
0.39372843536491214
0.3839212660750345
0.35890835185596087
0.35228329715253015
0.6279774474468317
0.36467098649599633
0.427331763991351
0.2931065907730416
0.3969783455915459
0.376421059427269
0.3408343618076846
0.37986902181037896
0.4533357346489665
0.4385206294696321
0.19686287159763882
0.36141344993343794
0.34074463143074585
0.36177316342428123
0.3794171174639601
0.34361099242443127
0.4314499055047966
0.4287755383520147
0.3061034282511682
0.3616190684039883
0.44101477554105717
0.47648807865134424
0.34838623340482117
0.3535743289568293
0.4587378445732786
0.40026200935411926
0.45606801948084885
0.42388208378148867
0.4052156066742785
0.48350780987607905
0.4740769070969951
0.25559369771404994
0.3728000046503288
0.41194066084023456
0.5879746495950372
0.2259760552447556
0.5221837268863831
0.3149324765248728
0.29386416630515805
0.35680812871325723
0.44959845392797637
0.352751523068752
0.4352663605317679
0.48585706429095915
0.24618943339005567
0.635587346492403
0.4059172219993872
0.3240985168910214
0.4837641176732427
0.37295591122658656
0.4365875809525257
0.4164656946789712
0.4211622864448482
0.3645244850906392
0.342347469744326
0.36239935383850364
0.3889067757850154
0.28273555530642824
0.36700252958795754
0.5053508446065216
0.4179522923267034
0.4630156691250236
0.4463932778083433
0.40371301066496934
0.40836644174673153
0.40817901140906887
0.4631454757555481
0.5423691294371188
0.3272235739013647
0.34528940606759134
0.49778550741123395
0.29737028356893336
0.3455452641416449
0.41066275807978087
0.41046083130123345
0.3401758146650947
0.5469865132271378
0.42256348500285923
0.3900174392216576
0.30764105053053425
0.45299613110547554
0.40676261110738565
0.4700151402105849
0.46821276939413936
0.5667437609933145
0.418647681782653
0.34750762384181
0.387294702935692
0.4342246648672774
0.39557736259969156
0.5194173132626634
0.3089189037868104
0.37997341548267904
0.49815784893872384
0.23002253397208436
0.2907728818803733
0.5338121251010042
0.30828556014526187
0.256248461528272
0.4246791800025586
0.4676759235706028
0.31680866816927394
0.32339701066004434
0.33151880599163414
0.429312850074919
0.27685301380922334
0.36510973932934865
0.4350760056930749
0.39831283309755416
0.3246570100630588
0.3097467169765572
0.2294629421749122
0.3222117646578811
0.3634561683329379
0.2867847670195623
0.3507878348453779
0.3348684810585582
0.4305571226720792
0.47084072940698896
0.39817224847719085
0.42126717577293266
0.3287773534766062
0.42192011660973433
0.46180020519607706
0.3567382249214387
0.35286416355986394
0.4714839646886554
0.4205746700816223
0.2541186000979792
0.3420039847755427
0.3817745922152216
0.3529147056763192
0.35220537433952803
0.4748515904273333
0.3268377629551837
0.4914415040804613
0.48053407888054855
0.2895941571282749
0.41763994195840093
0.6620297172678222
0.37197452564047123
0.3177227634091306
0.36184674475042244
0.4747482063151362
0.4499574943594753
0.37570564539416956
0.35921238494086594
0.38848731056229857
0.48901435249425496
0.30354859071875445
0.4251640263678462
0.4763756838459259
0.3222884100681258
0.31477359871418686
0.3505528129993839
0.4296814041908339
0.3215793381408452
0.25499448032305794
0.3238721205502013
0.35009164661504666
0.4043997656667262
0.36364606431912383
0.6232928850104267
0.4957673313666672
0.36853058090364826
0.34921692926872594
0.26636292810355244
0.36269134997711083
0.4248119945586968
0.46642476365191116
0.27152029937372674
0.538248933762623
0.4952584504867741
0.40922588397889337
0.3001509159156673
0.5127479969797839
0.37580881786773934
0.4652706701183009
0.4330040811525998
0.34354418606531706
0.3672017250710005
0.3820353896687349
0.24250056740082798
0.44790167322815755
0.4376452712385315
0.33725402287540523
0.31637153703139537
0.334077266812683
0.3311266594303288
0.44179597962583506
0.48408988186890844
0.49690861133683695
0.34778793889791243
0.35679188168902093
0.44573575085485473
0.35156467131036495
0.493822690691203
0.358971570585323
0.39063475546202886
0.339082189684203
0.3943200721075232
0.4283776014628893
0.42703191837734944
0.366283013486829
0.5020511440566369
0.2698848663627284
0.35571736331174025
0.31015151060577073
0.5036971204280065
0.5794334025717743
0.41989729741836307
0.3794324075743962
0.405760881375208
0.379803713999596
0.3862352355231728
0.32234930424177594
0.3831144262542318
0.4639430691142996
0.3611782224385178
0.6248555484196743
0.41700489520821626
0.3820401511086261
0.42440011703988484
0.3494774097654517
0.29566703219704615
0.37092561035621163
0.36981812339861064
0.3967427966014395
0.5241972961781219
0.5881172267162188
0.5153038727818969
0.48627028414629914
0.41782441717322977
0.4399493376716611
0.4585364660939091
0.45559766478091823
0.2598500743565979
0.41571679085212676
0.3769791801086405
0.47963704955512465
0.3568488013330482
0.3412635559798088
0.5609312862617746
0.3462408100333117
0.3389287169496536
0.3438509820102566
0.2499014635227004
0.37200519594331716
0.41078215830275966
0.45427951197721106
0.43494708087373457
0.3346889673287139
0.37952255516889655
0.354002554350695
0.3770689304894844
0.37942464179561763
0.4122071873813711
0.40273305831124406
0.37863570051569784
0.4486312814161754
0.47377581148746817
0.27466905871220515
0.4292689713875386
0.43208231311311085
0.4732378654262715
0.4062096550537986
0.43311048940604335
0.4239007902895786
0.30960370743792304
0.35789007791300537
0.28121298164607955
0.5320230633932344
0.5252128520925387
0.5529074991454499
0.5395019899478005
0.5068625246323859
0.3586588683604916
0.35844944498159814
0.4197293708346533
0.34244744107219816
0.42077813966395444
0.36874766210885956
0.4251176763242285
0.5428127331197751
0.29712783901581713
0.4746435041187909
0.3445316616222971
0.3756580326825572
0.4426270131931318
0.34883101127245414
0.33968259268038903
0.4071167151810421
0.49505948012772005
0.6026887856612767
0.3590396106400692
0.6495023403042058
0.4318597072787674
0.40146364990360617
0.42256468869086794
0.27194046158399315
0.3846641539663195
0.39459831666343237
0.3644945069111999
0.4450782457806859
0.5252445619509603
0.46641205451941004
0.29313268017097915
0.6971968043864881
0.32668172088813446
0.3570533393974439
0.32861665340370466
0.45750610164207495
0.42326399187065455
0.6303635313416316
0.34861132763860425
0.4257173328212914
0.37960451593680944
0.6033685285770761
0.4479881486010346
0.3192494144311623
0.35354217060421994
0.29953766032866963
0.4846720570199026
0.4258966240661023
0.3264420016679835
0.36366405567399906
0.3646888009485757
0.3393812136353064
0.3711299398790531
0.42727773788677886
0.4184205243297714
0.31631726436728935
0.4340631182659084
0.4524317417495194
0.3997696948364524
0.5304460171898897
0.2600563322908353
0.354500780301139
0.3696462775112729
0.38403171806884884
0.5482580523056064
0.41215883807326265
0.37293413010289245
0.4503619280184957
0.4166564860548905
0.4991423721006599
0.4013701762367349
0.33626554108103146
0.46655116339307356
0.3658293384121002
0.29688547475390287
0.2687021292697776
0.38916640291886717
0.5154563184000757
0.49773962908358405
0.4773372576591348
0.32877412781594145
0.36674483905659705
0.32134786775281715
0.28747800821351416
0.367142602628293
0.37061990517243554
0.3957937663658284
0.2844352066062207
0.3824909833741392
0.4808831529768026
0.4577543094188533
0.33003519637765943
0.41400083243483354
0.7658770652270891
0.3792701049543882
0.4128678198348096
0.5302950321604873
0.3738796020082822
0.33056073606046
0.42739190408784467
0.3590528282596399
0.5409022973319365
0.4454482836428254
0.41592588113300766
0.42852976778793256
0.4167598632715014
0.45800745124641457
0.49924142680731903
0.31684332189301423
0.36580312521779945
0.35409106461171624
0.4199375771747965
0.3035841045135211
0.36736622621631415
0.4000137905791732
0.37469769806115916
0.2603710500929902
0.44538947814809904
0.4506249209396018
0.47478723225254005
0.49471216672230744
0.4241482967710326
0.38109402195913544
0.3440501071208391
0.6642008181971141
0.24638469640629548
0.3187030363958305
0.3440198445060929
0.43374272969546634
0.4429109793535949
0.37725313177908215
0.442400514465329
0.3869870069721605
0.48701412925764903
0.3674671860055358
0.5344363351631611
0.27766519428764125
0.3947044080604074
0.3834131750247983
0.33940649826525987
0.4626213759120895
0.3705129285111509
0.3442831195208246
0.4044339798586357
0.38661246979284525
0.457529523297023
0.5031650132806204
0.35442876144257957
