0.6253083500520287
0.8825411080321273
0.8824387352036969
0.6233935286562204
0.5950072415534339
0.32959679200546627
0.54318677305692
0.8671260438423245
0.6032073188399824
0.5844177867449519
0.6316421709545297
0.6109514157892759
0.5678358475323709
0.6479962847879644
0.8851257004697565
0.8498976482401198
0.6309505589104711
0.5850975777824355
0.6114177339391379
0.8020930269170402
0.6000020072638389
0.6405715568827468
0.5819895671742114
0.4346881348302212
0.6154624707452137
0.6575724173121371
0.5848960921054306
0.7418333535241084
0.6873175487368326
0.8571397817395892
0.592047791255149
0.6076320986814369
0.6807391603693268
0.8273310639766408
0.5730482026872193
0.8705347089010916
0.6424946714734634
0.6345868501218995
0.7077512487965227
0.42914782692927034
0.8217249097128829
0.9096217397948837
0.6356509519652243
0.6128566803558915
0.5993597313079948
0.7574981421337973
0.6630443581664753
0.48773232981537523
0.5818134865915532
0.6629805743469304
0.6680362260439489
0.6161144069014572
0.4098845911565298
0.63113167787669
0.8454708535198454
0.8910459882047392
0.6308444017798196
0.5612667555825226
0.8768803635708117
0.5849241740232733
0.645095627483886
0.6477211660304474
0.8565701058863451
0.8149372590307151
0.6230029349111241
0.5687786035312428
0.6542129290491733
0.5733190847760562
0.6664822265564471
0.6906050799547956
0.6871539779134239
0.6536871609033367
0.6617296985557367
0.5521685675726946
0.7887034923330076
0.58455403894013
0.7897200651821918
0.6685183473765366
0.595426950485658
0.8783238423055867
0.6754269683518008
0.6076568840097426
0.6584970745877661
0.6310833525493467
0.8279071887976776
0.5739594350153309
0.6436926354256245
0.8029518439721488
0.48750884547258
0.8080050228269324
0.788850912806857
0.6572496255457966
0.5872686288315069
0.6310828313627297
0.6466711735848797
0.6525244075140044
0.8615224649313287
0.5350975841874372
0.5481226247047738
0.8154749779815658
0.6606133753243798
0.6383596607665639
0.8453424981847484
0.6729158479407583
0.570163012829238
0.671211579402264
0.5461729495310408
0.37923338670434636
0.6288506720097279
0.6665164970782613
0.8383455538726776
0.3077411503837091
0.6322840710365736
0.6360254445997033
0.8289394953886051
0.589905839327591
0.6033484347627802
0.821508189608041
0.8636392274224192
0.7866214077163702
0.6219596587428843
0.5700543298263765
0.6304808828873519
0.675968600400598
0.636760880762346
0.6573818713049946
0.6312271652779408
0.6199297635673986
0.6192792051460441
0.7289968469712907
0.8501433776196967
0.7508888277521979
0.8959169888102702
0.4598473432207722
0.572820195723037
0.8406207217189301
0.6147876011521198
0.6234442062113521
0.5742842864819916
0.6669115944349184
0.6691067289266235
0.6225904572877912
0.5613458218877514
0.8163005671166115
0.818329642404228
0.7966808161345671
0.6738132994870895
0.43503117230942867
0.8600151599410957
0.6107788547162143
0.7590157110523711
0.69365716319214
0.6063788661047553
0.7121696894829501
0.8223636612643711
0.8656555197397465
0.6375112874183488
0.5788472968657334
0.588354334799794
0.6372270916702646
0.6353819091806765
0.6010432248322174
0.6178812021220805
0.6298892737241486
0.6735848578464816
0.8666924297794067
0.8665360518682079
0.5923486680029207
0.8524339559092058
0.8814468399595332
0.7048756072363463
0.8472848710645755
0.47748248203874855
0.6852005948205833
0.6505119336656654
0.574671009469345
0.571577622942611
0.8298374038849636
0.6223048177181398
0.5681146148793562
0.6437508561240592
0.668829811904496
0.6342877713722903
0.6436869052895209
0.6141405232315815
0.6063154092557239
0.5762699471145476
0.5924947005050121
0.86086549012812
0.8375757729774433
0.7261789616647327
0.6800374958790487
0.6795656855602746
0.5076050229844714
0.522956991241115
0.5846986161285692
0.5558848882152427
0.6903177630562385
0.638779057383223
0.6254729760440093
0.5545228539393633
0.8290203271543604
0.6287725206513048
0.5515372041515364
0.5063935876315276
0.6830116649260733
0.8686620983497936
0.5898209174497794
0.6020899914519102
0.6315603924873219
0.5948928246331593
0.7076655235967135
0.6618301289813968
0.8684075846493212
0.8259070053757316
0.6697297894048739
0.48755805325397605
0.6633860309543436
0.6561050112361776
0.6094643605209872
0.6579414548894778
0.6395565693573279
0.671443826045387
0.6269426370557492
0.5815203106514933
0.5853417149866776
0.7309150037230531
0.6680012639516846
0.5396009800582986
0.6092759684591978
0.6042683328686873
0.6639459068196337
0.6062348765124644
0.633519887688579
0.5289559511869915
0.8610034223494418
0.5551393481853677
0.6516574223942811
0.6539060942472065
0.6004217286446523
0.6322662426185296
0.8234702877457603
0.6730902050367346
0.7911992441698167
0.5846702648674662
0.7639014487407435
0.6281073898902618
0.6656072558049556
0.8452349430016107
0.6721017575071982
0.6216588010231457
0.8796024214875922
0.8859094665104776
0.4277554147626906
0.8799853995157223
0.5441936783821957
0.6091482877149983
0.6003649625704828
0.6358496615630989
0.7254932677615348
0.8409931422161814
0.8343525061967885
0.6890145762422965
0.5525053707809253
0.7833459145609513
0.48342855414857144
0.610135604143396
0.831241042566596
0.6969535155709561
0.6861838150723263
0.7075908983985739
0.8709609487390606
0.8151897547352609
0.7205735699791571
0.6693372779341966
0.6719511436504291
0.7851980839185462
0.6052812027581597
0.5935781276403779
0.6104236326250535
0.5479064536233484
0.8279884188376918
0.6634123422293297
0.6303887798419581
0.8482105261009893
0.6712309329980817
0.8521055030353362
0.5378079554037578
0.6430141534504932
0.6291700114141047
0.6563565998059187
0.6767173049890922
0.5944077534231211
0.6540702094532539
0.8424594131825106
0.5839080965053778
0.8352681125858128
0.6050403294655248
0.597124984253299
0.6874484104646853
0.5722242762829333
0.8784576576368879
0.6666085106409906
0.8330630932588846
0.5829472901190221
0.8348378798624767
0.5966477908848473
0.8541712153684915
0.5952337271618214
0.6393341570418283
0.6847453679224141
0.8033037075236196
0.6954093922588255
0.8499753572194179
0.6317476657724657
0.8170390125404464
0.6433625295314795
0.619708284556162
0.5909582578678718
0.6847178292443048
0.5918841559371693
0.6574679503568759
0.8639056074042495
0.3397796741795216
0.6083266885609264
0.5589636130010246
0.4324375791640718
0.4428475554570468
0.613164362315588
0.5815431255530616
0.7238021615836665
0.5749870610873733
0.5943069639264771
0.6444394609292003
0.6208645933627437
0.6478641277673081
0.7616684899526773
0.6341297100414954
0.7668290652894154
0.6495338727348803
0.8917690860173588
0.5634646245000438
0.6056748251021323
0.6606667298703118
0.6564768756925335
0.5732111880771706
0.6726914847783101
0.6606986851959235
0.8092848984948109
0.6181590435630343
0.7761027790458239
0.6863842272483278
0.6433890043372933
0.8216843092321071
0.615472879200615
0.6368378145087681
0.694357204883677
0.7782923933602292
0.8382732924640157
0.8597181848549653
0.617227353269814
0.6741001598278065
0.6079211476363962
0.6545595218986582
0.8625860342134247
0.5703241863663724
0.6031036041043027
0.6814001779236852
0.7968334861085978
0.6487374267282251
0.8233484836899332
0.5850205473796464
0.6104560476453431
0.8694787789362137
0.5178969805503306
0.711670314240666
0.8339307348465482
0.5941410661842751
0.6512588010925309
0.7238532957234666
0.5883068310007487
0.8233344110130113
0.6280994172812168
0.4301707925625453
0.8590117627943622
0.6266605420270741
0.6395462527513915
0.6093117392326859
0.7526829331503655
0.8234005958259463
0.5722163032618224
0.6816166664901118
0.605154902880581
0.6549388767097849
0.8604749091342081
0.5158783987903386
0.8857319411488699
0.5667161359792935
0.586404578505194
0.6113355580514545
0.8083895253284912
0.5376384784857083
0.8620337313117374
0.4880071984201657
0.4605761270206604
0.6178102527180142
0.6688854550725012
0.6093386122026951
0.634489041614631
0.6383956926071298
0.6576654044473416
0.6280143473410944
0.6578957488047681
0.6577611345190535
0.6801662770671371
0.615493604996289
0.4857963731952984
0.6387609151584737
0.815945523100853
0.6139602005385005
0.889838849845916
0.5897425602823044
0.5831333820035388
0.793471802011076
0.5582648551101759
0.6773235975695316
0.6807142381533077
0.6800694056398492
0.6112259408099862
0.5713453625308349
0.8171127056532479
0.635420830585126
0.8914337909967718
0.8212766710811659
0.6668861167064591
0.8407290774810806
0.8650909654077874
0.5882503130182327
0.8520702346442219
0.607561965516155
0.6380346411793966
0.8377387264109744
0.6396435676810867
0.5849863134959818
0.6348045630131274
0.6035102465811611
0.6510292901240469
0.6011870308059016
0.6827143787046734
0.5344878487004652
0.6146075284448679
0.6099641869433852
0.6161008349356266
0.6072557812774093
0.6252422359753407
0.6164870794118297
0.6074079536215158
0.537742232261588
0.4460720830827258
0.5494192710698202
0.8486358004832741
0.7192351865492238
0.8153789260657442
0.6045706174929945
0.5392963995435037
0.4357468206367807
0.6435604658696079
0.5811183576069671
0.5856366650458756
0.854214923522713
0.7098121922781241
0.5169304127292371
0.62615738210176
0.6219957845822541
0.8638004482269853
0.6249269903813269
0.5286326812798867
0.6137938448182484
0.6317059908617788
0.5352023248098227
0.6072630561887977
0.6373209567988455
0.8792844434476843
0.6364044236654022
0.7718667918408928
0.8396281318395843
0.6647871878153873
0.6038688522398113
0.5662291471938645
0.6237381316319383
0.6647468089717465
0.849214095718535
0.4206931398761762
0.6746499853856699
0.7301147475044154
0.8046052808969355
0.5912920893554188
0.6543739925467118
0.5882521913529424
0.6486966106089351
0.6273654720858549
0.5863580005103881
0.5401694813788848
0.6650051800748285
0.5900700474719096
0.6699903569141399
0.6342400889794977
0.613752273630606
0.5948443937995938
0.6646400873365226
0.622511587280981
0.7817357877315967
0.8644084538346195
0.6301307319419611
0.5708735564779379
0.5526353490024002
0.5812164138245917
0.5691526236949467
0.586868280898797
0.6144341191101632
0.6655297411922383
0.7970027260395067
0.6748730242272117
0.6348612997246883
0.8332394691206793
0.6005967274516906
0.8087487410952005
0.6359967068657288
0.5803996610908073
0.5196660995397302
0.4051737040495524
0.5202341142323211
0.6461428648061176
0.587894665029028
0.9006243343003135
0.6897809550182004
0.3750641616272813
0.727469660747915
0.6125559274739519
0.8292009593041805
0.62863923922024
0.5736181797401342
0.6761229803077866
0.6582568832500075
0.40361931992830924
0.9015017204531576
0.666801661599641
0.6236614759741368
0.8041892289866042
0.5747414138638148
0.5707517154203956
0.6541940472959342
0.6837277328214765
0.7986342068011156
0.6327691114119975
0.856425389703616
0.6704858383084629
0.268091580321607
0.6907956007913283
0.6128271829176761
0.8663009446852208
0.603701116784783
0.6684276621383854
0.6861472271342062
0.8231933392409432
0.8365953857317532
0.6687429526200692
0.6442745695303799
0.5560515179976099
0.5145331548906885
0.6260492498864868
0.6643110855732892
0.5594350790864304
0.6967106802429784
0.6802606292270926
0.6450280894719704
0.6155481203539773
0.6660255042804459
0.6334010949814188
0.8661549992338001
0.8790959079069183
0.791839023694397
0.5764894467355313
0.6339648530815054
0.6037228006424625
0.6160553725876827
0.6806505233834235
0.5559070311484103
0.644558638563123
0.581368001202031
0.6438306907815399
0.5775015097566185
0.6701827519924961
0.5913322479063353
0.6718057019022222
0.7836038254053878
0.8055639347769519
0.6169368201120634
0.6023290414445042
0.8608124460670448
0.6493996322353096
0.7583115329065225
0.7682836375793902
0.5757164936666669
0.5553991217142855
0.5589975221308737
0.8889113196464558
0.820045260539375
0.668257218882663
0.6235926133466091
0.8751159992346347
0.5586875135328543
0.6072897948193449
0.5197249348932271
0.8613491190119706
0.7885750717303392
0.6645906486482921
0.6829442118785076
0.529485426341802
0.6513958932056402
0.6557986993986343
0.5743560487537896
0.6442248178300399
0.5839434855915502
0.6032872303236827
0.5321189247169086
0.6312807395328561
0.8919882118363509
0.636988089293216
0.6325815913856228
0.8691768923448819
0.6268965318417248
0.6302781635792378
0.5800755327991537
0.6615521367223749
0.8886804927970677
0.51119841485312
0.682754618121628
0.6252606487750426
0.6561667168237202
0.6824525450625769
0.5905008209985672
0.6402936810569948
0.6360640390660843
0.6433098910917563
0.5505598519922753
0.6425050374286431
0.8669620795234534
0.5577783291497707
0.557361372169524
0.5812194462520697
0.6722972222118442
0.6895549129701465
0.615067821639788
0.5443805060670277
0.7645140054844042
0.6537223878007337
0.5911739132838206
0.5180176659334361
0.6558898130569435
0.8468356175214045
0.8438774592894812
0.6687251734205673
0.6115983635589973
0.6435140890995732
0.5874872801859441
0.8427459414724243
0.8645423142225146
0.66900104633673
0.6372918812488846
0.6010363159025351
0.6436143598885113
0.5876558246415742
0.3943226615049312
0.8975592410367621
0.6030926372903355
0.6596664372838361
0.663485328112531
0.5991086450201208
0.8582478511591747
0.5926872658104195
0.8357476359185185
0.6197523159819193
0.5909249193133539
0.6535408840086534
0.5936994866105488
0.8877890307097904
0.6285211560189923
0.5679828995271725
0.6370934968035998
0.8180379019716244
0.6698963521373019
0.8498832613092313
0.8808743907283673
0.7975986757498081
0.5687241843595692
0.8447160188519295
0.8714324165538041
0.6327576105546222
0.711017756846344
0.6018964350183613
0.8153920770287707
0.8839597807332604
0.6254832561920428
0.7650189772096321
0.5947086512622354
0.5423875385336817
0.6455000928080497
0.8083534461955117
0.8739970962070374
0.8772868781757079
0.6147340494649794
0.6219350347748018
0.6225269629393272
0.5721706785286372
0.6563483720062392
0.6298409862540313
0.8242339902743188
0.5572640210473685
0.6459424228181008
0.6133071380067049
0.5803649003523512
0.573232883818226
0.6370760632031404
0.5538033766727165
0.5215908172510597
0.868028829020663
0.629449717157412
0.6124029136025273
0.6126098693536882
0.5788258814637856
0.56354163138605
0.7168543930180645
0.859155900788364
0.6535652635874334
0.6409223453628639
0.6943186310133415
0.680701539728277
0.62594487983865
0.6399890362948575
0.8950930997757743
0.4571889428834873
0.8531955152277049
0.621587065839552
0.5733419722138297
0.6139639022489328
0.5444912307605787
0.31163629399435133
0.6964700564998428
0.6562864609032761
0.669861883457813
0.8963582750992711
0.6191659538414553
0.7680536855919
0.4467334392503278
0.5941588429439357
0.6373900387146422
0.6820909914376527
0.533025667649394
0.7049763457856677
0.6661854334998374
0.6325961490252816
0.5811218200011412
0.5909336332033288
0.5864250184840707
0.6394393699003362
0.8481449675325844
0.5401812031335641
0.8341070349254014
0.6651964834155213
0.6613896679497971
0.6115908476138248
0.6056174475212013
0.6024224362295456
0.8286639406629956
0.6493950836474991
0.5647384516206765
0.6021733170495989
0.8517101130768017
0.6511882246805591
0.5869287157901821
0.8448122901701741
0.6304020150618497
0.8891986459893502
0.6884801577268534
0.6107029417891009
0.861284907910697
0.7757916905479217
0.6553968615069333
0.6792016507767022
0.5850429737484956
0.7914544559029326
0.7839953955315517
0.6420011898973847
0.8624246512206108
0.617220646745533
0.6231085156569747
0.4744301238907428
0.6433805152644898
0.6381695000258292
0.6499478961480436
0.7245330254655673
0.592693488406706
0.5939825003110528
0.6741516843338755
0.6199404759294223
0.6293354209564658
0.6404126239774635
0.8549520697090922
0.643211588866313
0.8001269299521152
0.6422884885519371
0.5481289334592492
0.8669107924137209
0.6662999964087155
0.621511787083187
0.5277532901942854
0.6214846415935427
0.580886159058036
0.6055845501902168
0.6541223159849252
0.8527360028489228
0.6854956371927368
0.7938575706858114
0.7971765033013497
0.5710310082914378
0.8466759193263498
0.6046928618076621
0.6021968371516452
0.5271692387637696
0.6006016649199608
0.6283483040828596
0.8647726245053704
0.863806752206173
0.8559241997133893
0.8571294602382367
0.6100387792936344
0.67081294736852
0.8658928501164205
0.7810493476735657
0.699917859085571
0.5843046734790349
0.620353678987383
0.8730068279048948
0.6460708783780578
0.698769011022914
0.7800395356499935
0.6038459137402907
0.6111550296213268
0.830593327655746
0.627806290201032
0.6379604039979683
0.5652017871571309
0.5530526955487076
0.6231513036695105
0.6250384449868311
0.6507100614144218
0.6575921095512356
0.628022561435798
0.6562321992969379
0.599098570542955
0.6015633887927628
0.6042714883523637
0.5842514280614486
0.4904821437941539
0.8680883382941376
0.8807546074747712
0.6082308255970937
0.5883834859703362
0.595788863690197
0.8850578093610302
0.5150239769851563
0.6390018091785477
0.6751633415154434
0.7946662067352166
0.8670557770175094
0.6199238663978494
0.6203298012163093
0.614797077984703
0.538303922582409
0.655921709703171
0.5734126208054265
0.8338148985665126
0.5446029403300519
0.6119180923387633
0.5298802119593965
0.6485378643001861
0.5103427427818934
0.6182061472111503
0.5495110685296571
0.6995417646615606
0.5941519097406551
0.8096867616662098
0.5812263816330989
0.616415259337512
0.6409931414199874
0.5784110337818633
0.6203028567740285
0.5748363677484373
0.662211217038756
0.4744794835784788
0.6710677696465737
0.5806792177898844
0.8355234036515578
0.549783310567046
0.5835162127816298
0.803716198995863
0.5658162883731724
0.2891296419919004
0.8508718256854705
0.6398269033154985
0.6212555739221663
0.622510089259846
0.7386811697298752
0.5506111851275357
0.587325202512198
0.8019830109605885
0.573462701094129
0.5974715778050266
0.5982467112568707
0.6919655952768878
0.6368401362952709
0.6206961721993824
0.5977597835163464
0.6783325785485299
0.6627044791439015
0.6028908439197511
0.4310252706358836
0.6240363861103019
0.6106386920826623
0.8397302481415378
0.6442740076169864
0.606944895229827
0.41577942118755484
0.573871277062339
0.5941163714164805
0.6256861745753183
0.6219663933868345
0.630495561911815
0.7916053680458264
0.4908471424081402
0.6267129108636622
0.892914858792504
0.5392497609474582
0.4812757310728841
0.6430500801047476
0.5995287511366405
0.8514188945147879
0.6084260255730414
0.5680675533233249
0.5653734612466138
0.6816523759831291
0.6001636292224896
0.5880932149936676
0.6581572823577542
0.5707887371499366
0.35911032421239336
0.5759286953052332
0.8696655657856978
0.6738230244964806
0.7570875469123725
0.7784798909654038
0.5890584813677007
0.8573759791957052
0.6705751410212304
0.6253657848386482
0.5903478467195595
0.5922576058158411
0.5556329400669722
0.709438130691805
0.6411948373072023
0.5059702648112323
0.6688991719999919
0.5893240816908142
0.6776007430790683
0.7069056304611883
0.6128323473196184
0.8671953994249811
0.6273930992463521
0.6398629343457051
0.8585608389296819
0.6396422313487184
0.6613066620313244
0.8076699273788461
0.7023335864301052
0.5845300031096459
0.6374819454971193
0.6682757356955358
0.5773129976818588
0.6635141946242099
0.6194895462949062
0.7348892134681297
0.6943819009052192
0.6229201139590466
0.8607092439700695
0.624178774284733
0.892103810949098
0.8733806405114078
0.6078363049108246
0.5398765441153078
