0.048301853717624535
0.03929300756228995
0.03274874476151358
0.053596126371062015
0.04036784621477232
0.05865877093608207
0.04568502315048153
0.03569315068696946
0.03525812721789093
0.06023976862016592
0.04414383793489901
0.05771941326986993
0.06697216648194644
0.03448083707126467
0.04964349787268033
0.041379818864553844
0.030729182874331844
0.04214099843387431
0.05730830650108066
0.04885057214743692
0.030480875736006403
0.03754017184441028
0.050695169744438065
0.04001050356954475
0.028061032303520094
0.053950550924836575
0.0444770151173573
0.02352567927762013
0.03937828703733217
0.03530112975830494
0.019281681804601904
0.025742396772274998
0.018558696715268688
0.0455005884142906
0.05570096146348258
0.02751626893909688
0.04065948587353019
0.03783314214919367
0.0484155915118089
0.030148859690718958
0.04085586215797457
0.038221957735629634
0.03017416074356756
0.048555810920333085
0.04597581167465154
0.048905203445937455
0.03324755085171312
0.01959962277216452
0.034717134796959946
0.044718067275371615
0.03541742455160462
0.029714105126329275
0.03513906654846291
0.04402357851167774
0.050995129362817644
0.021310483335460383
0.07043105135632526
0.037722638025302506
0.01941931412848615
0.04069183586481774
0.04197167021665411
0.030885532455170214
0.05804925937656445
0.06150303091526483
0.036740939626607204
0.02744249087732524
0.02274422573578543
0.018463909618814466
0.03469773714366953
0.05495846944321751
0.020513824879872966
0.0148435213424883
0.021601458909966557
0.032560062592484354
0.07774998119647726
0.01707462431928718
0.042420568347179576
0.040057740083624394
0.02842635217448125
0.059517081997463465
0.05679225547054277
0.03008401170530964
0.033690128725248646
0.030123533416083755
0.04469176798639513
0.047902845825050215
0.05047727741168285
0.045455415373932086
0.04229082705345866
0.024461279963021002
0.03212612685895726
0.040505993776659345
0.01922856201685021
0.026369494834109993
0.05208008425016942
0.05241444529835672
0.02324761237249804
0.03684092679334277
0.05877252699951191
0.039880392769400565
0.0422837017705874
0.03891358947894311
0.0443765840594493
0.042869091185839495
0.03214430415630391
0.04097601342011416
0.018700401010691897
0.03429499370476761
0.036767693181337414
0.030776823635322033
0.055976338939422374
0.02499475408475506
0.06545506904182657
0.04276001536989154
0.05131366106113637
0.04121450747405784
0.04273881156599835
0.07260691633426467
0.03888316281750481
0.03728035514327646
0.029865058271304538
0.041111131484378484
0.030257772801350884
0.03383529891670484
0.044142934522020165
0.0359564993307181
0.05553891180475371
0.06644304360644532
0.038979490226366105
0.03569598945708714
0.041635701061966866
0.04380740279391967
0.03242772384406686
0.05786567346325734
0.026809590124772745
0.03740287666895952
0.040718031629811156
0.04685248498698378
0.049141277033288217
0.03975721060404162
0.055741091639277755
0.019112386525438136
0.06994324090863081
0.024920226851832955
0.0345261929414272
0.021137425427943123
0.038123253810847815
0.03849132086731324
0.031350737556725676
0.01880576128543801
0.06072836454875038
0.042258296986190484
0.04889404801796018
0.027532535448207867
0.03976432606634537
0.059977115467664564
0.04406460863068462
0.045292248732028695
0.04463770375524071
0.029897997575932568
0.04050679189168116
0.02332846460060295
0.026517833050524155
0.04117946818796168
0.05151811263799662
0.0275026031016781
0.026559513881379625
0.048064618901952696
0.03542502666076873
0.027163468880121774
0.03839584107173032
0.05059049288760676
0.033144245136690814
0.04224855256267674
0.04791889113137446
0.04689154716392344
0.06126832143579742
0.04544692063516788
0.022303264797790965
0.056658443233997664
0.04910777055504252
0.021135836495685924
0.019919669446374452
0.06383427113706641
0.028370307307682235
0.04681870752842281
0.04921737270781791
0.03462078209162463
0.022847818694435085
0.05270548857390591
0.035902367628293075
0.037867932530331286
0.023355067630861776
0.04674425688889489
0.056400823495656574
0.043884973488559485
0.043392078155926814
0.04024552249044039
0.024336659316739007
0.04663333718713831
0.062352771074540646
0.03332016160985012
0.03226702808859488
0.057424838955215
0.04945308924572258
0.036454384805681674
0.059199352082948
0.02982289299723909
0.04059737173024848
0.042611025969913764
0.04293921909940634
0.03196551454544624
0.04698660372858703
0.04040088174153741
0.045545905111837724
0.06609174655101832
0.026204915058493216
0.01418153489863541
0.017691122458406608
0.02902497590423318
0.043120469257957046
0.012443315199799795
0.041901584040113196
0.0527574815272567
0.029990150894710396
0.04875444894390835
0.02756345072905911
0.040803666577615395
0.026512939545829724
0.02137845829117639
0.04099868797329282
0.03391801353543599
0.05772783285138612
0.0724950742863247
0.0315689458162077
0.023224512508597164
0.026094748576338103
0.027996335438186422
0.04352536085980809
0.020718645524917503
0.03827181139561566
0.03130059181203969
0.049598814010847134
0.02791865650849585
0.05053971732725904
0.03253817183324498
0.05103677336768234
0.017132809269204227
0.050183090641071605
0.03879206809500613
0.03649531145635785
0.025752512276167025
0.05751714381722113
0.021800012368320014
0.030739405794688434
0.054478775469107975
0.03480461647569059
0.030743591475781335
0.04579087937859262
0.035124135631432844
0.042454899185641194
0.03695205528671254
0.03240859682615459
0.06805793219453471
0.04048976766073447
0.03516882123400076
0.036118921153716566
0.019796739390003117
0.035841796039601
0.041164079076812556
0.02572478571210049
0.05002572331013857
0.020648281732545758
0.06499902330921922
0.022888204030949762
0.030775671007077114
0.03726755051425769
0.05316046304141176
0.0484052146814344
0.029659957059913887
0.03160596383830124
0.02555165436493307
0.04367290392063218
0.04835447627178077
0.04856779330414579
0.016845160541022492
0.03631284905296582
0.047399720397786706
0.023720492140749855
0.020239691676870373
0.030593298123249887
0.048851595027711386
0.031544683413986536
0.029385708916364956
0.04096537727606267
0.0460642115119213
0.05003067245833316
0.02567821471910226
0.03488185053215046
0.04145031775789238
0.03191765891614533
0.04898719743090414
0.04357524241624077
0.025873330966850173
0.017073858964348623
0.03780782930689035
0.0245350180207167
0.018863853652852394
0.026487482040337167
0.044561332405305125
0.03953965649291945
0.05428646931901453
0.04257916778806234
0.04757135989776582
0.03027722260380364
0.039587429436604885
0.049061311055944586
0.03541939358497272
0.03381726086229052
0.03364155391726506
0.04464478296090214
0.04622750970605098
0.031201507930312247
0.033968931855922015
0.03347356139733313
0.04314394875225293
0.04441215714853255
0.03689332104635141
0.05108047242814708
0.053188993663345056
0.017601337143006626
0.030614229850834403
0.03608887486134962
0.042208984744022064
0.03867643378627258
0.05584600070928742
0.01679509287454657
0.03132338032654637
0.037603828792123754
0.04119145984992699
0.03292763135809026
0.050328215312027885
0.05961316026262629
0.0552228381657206
0.027290159757931365
0.03818130879587465
0.021912594351906494
0.04718435806421899
0.038379264866191275
0.02961580595204404
0.04257880001385713
0.054160160224834476
0.025474278701281976
0.04505683202836734
0.04122646262603372
0.0560196495336387
0.05705193407096299
0.09684798358598265
0.02983713725420261
0.023313673280615815
0.029622046423106403
0.06347103074010718
0.056661985802625874
0.037076183168968685
0.03268356325535857
0.09590802417740178
0.06244557259396519
0.04943083351344704
0.0275068546739193
0.02626470116120286
0.025308878425914772
0.03640217553152874
0.05001745670270485
0.05740605272422609
0.06694411552794138
0.06261725709922107
0.03693713877782452
0.019281631564515657
0.027268735723797
0.04129703619131162
0.03963759156401811
0.10452216353139228
0.05525899951470076
0.023498746610029524
0.031787035029015503
0.038925514000188136
0.05861760658923925
0.04612920609027008
0.03896680151813461
0.043971055491459
0.022147995621536742
0.046736386184949755
0.018065259742582506
0.04948344853533432
0.04385868859543448
0.04638201695972558
0.02715004887312067
0.012077076853994782
0.043589883286127916
0.026437298900954313
0.028429094109272975
0.046740019138544635
0.03573013662217434
0.0389595588826744
0.05429641342802738
0.037680705359266764
0.03870245770161186
0.04256255937200934
0.041424514812413764
0.044319268364065065
0.025072868187112567
0.05138329537625991
0.032532828002937005
0.03622529731250883
0.04714061994700589
0.04062612271273508
0.053689073681594215
0.01877888405577782
0.0292566677149156
0.04279241439170886
0.030135598198029863
0.04991812593438103
0.03213256110172913
0.018499344451738016
0.04066845914675923
0.03889174245421668
0.05528241676039546
0.06673401565606134
0.025458414543094533
0.016267918027191717
0.04676713277732733
0.04849393103451212
0.02451829825267166
0.04379138274851235
0.021218876335776037
0.02783852690443338
0.04642209232530824
0.028203472729792924
0.057265492005017876
0.03763280108885128
0.04235532305600716
0.043305799589957866
0.045542779014360324
0.03281180908801199
0.04549603733484233
0.02717226061587988
0.0738676448567371
0.01848460662933474
0.045109997903455774
0.05865953513921687
0.02457036963298087
0.06388684398648582
0.04482956406569069
0.03912580864070286
0.0327430867597429
0.09455604454271402
0.02711067693762199
0.02666545461727863
0.048433538520679886
0.010033529858927758
0.018714970802969896
0.04833686962500259
0.017200446870688942
0.057653890704756516
0.0684446048796584
0.02425847895725083
0.03982789554958275
0.04454464407152747
0.046566211801912984
0.036088642866277935
0.05382883861056036
0.02494347908930452
0.04539319734855807
0.03970758827214598
0.03991009014411632
0.0267120432823907
0.03963845790264022
0.028911543892646368
0.037285987431324566
0.05004924341297788
0.04428893174363993
0.044943933919161336
0.032037415704998094
0.048849035721921875
0.026016022578960803
0.042553100999634004
0.04263280885556072
0.030685763716873104
0.03251783038174168
0.03934163007852556
0.06392464680201088
0.07365177674632939
0.02529563288478035
0.05037405024169266
0.04186957182823336
0.04963904810119744
0.052288484096101935
0.033620152231855084
0.040231454381337774
0.04520254393309178
0.05332510994845354
0.036710717528888076
0.03414134016294807
0.03368513709885311
0.019269769155786928
0.04422553488802791
0.022162928286892116
0.03197849156959175
0.047083054086178126
0.04035068262526864
0.043020315944807735
0.02687261058463969
0.03994819706725403
0.036856420057283186
0.043505083197341
0.03692246924611135
0.05570026753034576
0.0480140880535674
0.04551479100411761
0.021672142973294013
0.02974410944510487
0.027715916827305148
0.0501516545488918
0.035553089760253634
0.02963216099017792
0.04095363108476159
0.033417364995369805
0.037844564968539246
0.0352182904312246
0.05071729575996665
0.045167371451431966
0.037225551405760914
0.0524348198961873
0.021622572297966585
0.041712163319077504
0.03565853343908025
0.025318425638629898
0.02961434199614319
0.053045786667982715
0.061764804017176156
0.04166135359161653
0.05281714305859149
0.038541093962631646
0.02268988164594115
0.05878752797909346
0.04284071661563329
0.042009033217662535
0.05088401168826874
0.040334033643964484
0.03574502808268827
0.02327881592099805
0.03612176593581484
0.08391094295234558
0.02517147061227035
0.027454058745670935
0.04374610750998471
0.06444095472165424
0.03264998206243911
0.037574377652085586
0.0415789718398731
0.04516697050571405
0.03004571376652266
0.04216133771183912
0.041441451873415844
0.03443042136481439
0.024843846636083012
0.026292036501784747
0.041464159645330234
0.040866039621323215
0.048772199600936504
0.01646643663395569
0.028659902007091086
0.04465008078269466
0.01585366670408116
0.022220986935370907
0.037433934621001336
0.03209994078786208
0.02564206721349419
0.02742554496631443
0.029788872616254514
0.062304095072348915
0.030193707099707718
0.05352593536646752
0.045500886116765754
0.042388534813128584
0.05982214589814871
0.03336535154276045
0.01927832244559286
0.018202242221185175
0.0512162592775598
0.04793248070728683
0.030965728488566106
0.047151911202880745
0.06252539162294878
0.05427385471712654
0.05809857579613531
0.045646426556762175
0.05045016629751829
0.04516644765930196
0.03031773391563721
0.027634849028172585
0.033938198222717465
0.027598197730662886
0.048773810167851504
0.01866453812112749
0.049183665754610896
0.02951008179307499
0.04191929982450465
0.017573128446818843
0.03474011921011328
0.04931741235313612
0.05029051342807832
0.04139409839112945
0.04938017821185298
0.04777753018000877
0.02295241115046145
0.04412448379726358
0.028873198992451974
0.0317348355858525
0.05828436387741285
0.04491363804064498
0.03230287946030083
0.0574924818062095
0.04438637773241604
0.053315793732727115
0.03049496004375192
0.04042913990354334
0.028992486080697828
0.015916321790513353
0.04268428802522442
0.04716850140760976
0.049734204520277464
0.02556930711090666
0.07593322474003356
0.03927996791842744
0.04538588088320373
0.022833359444658658
0.0241359449650015
0.03795773776876122
0.04857151483612832
0.03253063334478281
0.03418570558408074
0.03867963711856235
0.046330939975826636
0.04346508915481947
0.04276877310305012
0.04072696420193605
0.03791246019865345
0.05482286116914748
0.04596110101840689
0.04606679109567265
0.06809260924441565
0.027154156415102954
0.06968435137194545
0.1871324334904329
0.03120169239658287
0.041362067651663184
0.045299393138030095
0.04202408243677681
0.033234275903199
0.037470682160375746
0.026404907614364002
0.026768706760740717
0.04361387483898719
0.025792515917431317
0.03523198441977319
0.043559149641663034
0.04710812334405727
0.057294904010891295
0.020904442536792994
0.028359348458940167
0.02814744927126454
0.04347120774854691
0.041204821904442225
0.019423404388501906
0.026067169009642663
0.01253769382406592
0.027210037689496952
0.042829190423823334
0.032510519245561684
0.04445698627442544
0.06243845115739349
0.04053231134242067
0.048516959403123734
0.014239164174764741
0.04331564500012696
0.022517204503226657
0.03051765120069396
0.021238072723667956
0.04286214743925275
0.026923362158011215
0.027773698233346928
0.034102895953553855
0.04067040976279804
0.05737701538329502
0.06136281530780012
0.0475639284433394
0.029483687957079983
0.03751673760237585
0.03024337555011559
0.03187345979213035
0.059101763834335144
0.04251943250164477
0.021725622254838237
0.037098792895950146
0.030990199192481162
0.030678850068094433
0.0658187293764816
0.03489560589214131
0.04661491180515646
0.0466993736662925
0.020298089536944515
0.04598920541614423
0.021755772791070726
0.030407312524908237
0.0351433090245518
0.03774214105676203
0.0302644349953081
0.048265620419511185
0.02376256925328675
0.02955942693366707
0.03834000325721362
0.05245125432929449
0.04010883728972146
0.05450699128191503
0.03550117222437479
0.037215446285836444
0.04771324303224762
0.029569610993760098
0.020792214721608946
0.04160304197460525
0.06150132212696015
0.03846231682151261
0.02627121916517549
0.04468519873002943
0.06569631209981444
0.06874945893429638
0.020333559712812248
0.029163851771097614
0.0413330268478569
0.04819069265225345
0.023748362803135484
0.04369893723843939
0.053398535327785206
0.027598988368558546
0.047035619492037654
0.05139363416100189
0.03179171772312637
0.03396842616166288
0.026064896495415473
0.030215084164766037
0.043901423046093804
0.050426277670481245
0.02304764301964553
0.04237138863378667
0.05162110492973558
0.030243216707196353
0.04811890527425499
0.02224364949265851
0.036923144124134534
0.04058009291218049
0.03165911793181615
0.023076449769898123
0.03383349259322889
0.03388476926365249
0.03620047142157124
0.010767395475981894
0.037627020957179604
0.03276813196116913
0.019169226153201865
0.04054533507046828
0.04954147514025425
0.06289305504435644
0.05498819118134072
0.062026007031765994
0.03276984447215141
0.05918513267746038
0.03850941404965322
0.06771383140335117
0.05009975093710698
0.027888843294801506
0.055850056859504796
0.03356265569443796
0.04407088625031249
0.043699883891580284
0.05102142489708427
0.05967753781659059
0.03785043813798445
0.05323546316346032
0.04769446192027803
0.03094466526160942
0.02334277092221289
0.04752584686441487
0.04425237459809025
0.027810533374072334
0.030855062833034647
0.03240284075537482
0.02798054351004002
0.029443743565884643
0.04350693249020769
0.0582219436175272
0.03194121169283849
0.04527709918476444
0.04002950801603319
0.03369561197762917
0.043145514840467476
0.04328607057362169
0.031203239917682524
0.04710255777441884
0.04737189608670832
0.031922053875843195
0.02279296610435203
0.047014585121762584
0.053439068051240254
0.05950417365030206
0.04440176941760049
0.05408475245242893
0.031158992955829388
0.036165825547669804
0.022554277578752252
0.04210103102358104
0.04404516588709767
0.052981841058485885
0.05160431892381415
0.02626098463428011
0.03821911359630564
0.024828146049144018
0.04173243650597969
0.018235301220664895
0.024607157116132258
0.018625545318152397
0.036058827627522834
0.03381430782315846
0.01797142677681632
0.044892283011594675
0.040178861725379156
0.01519408840019049
0.06336701873601776
0.030979047706308063
0.04278192967320404
0.0367739086141587
0.03843771259246081
0.0181046429857791
0.03749692204427293
0.04950445895611018
0.038131249493667356
0.040918142531420995
0.03810299732794785
0.02780804568065899
0.03737882756246066
0.029446008885607687
0.05401830434525767
0.04928190754984769
0.029614914769603283
0.06281002623061843
0.03974955935032469
0.03741105903627305
0.029525805875819894
0.02926341161321253
0.05958541063712119
0.03611245830231349
0.018454287589057303
0.04235288761684937
0.05595953951261155
0.03916509094823859
0.04015381031177374
0.061906255057276975
0.03873704430693406
0.04756034603519903
0.03734403322108682
0.02572099711255838
0.03365857260423854
0.03558911927610255
0.06913362382199793
0.035982212763532015
0.052549600774493256
0.029665270344758278
0.0230628237127567
0.025129543867520653
0.01668871869359573
0.022265796380504594
0.04153456071120806
0.03098129519114949
0.050895210187527545
0.03224818658428695
0.06311385336164833
0.08415959157994679
0.06128104230483504
0.03091390845592776
0.05431780377504175
0.03696753750870525
0.03900810233657161
0.029674459531563835
0.056984440090609434
0.029315905755454386
0.0467057452223
0.04977110196328531
0.04024047604161071
0.046266113470632746
0.05930821234365847
0.033185934936039475
0.02912553010671779
0.04521454310833354
0.029412605092206348
0.030436330995217628
0.03255587878180407
0.03403383229805124
0.03996263364796144
0.056697035644002615
0.032303585531489806
0.017183125870859715
0.02654870985375737
0.036355880504086696
0.053854475095877485
0.03125598491756681
0.0261225792725346
0.043712125198200655
0.04155158195415548
0.04001587748559644
0.035698813520130435
0.03685770362307068
0.02577122234448518
0.039264824148192594
0.027999379374511878
0.037187734849454444
0.05258714054230542
0.041106903279301006
0.024786556592993416
0.02006095953731582
0.06343195211776152
0.025955584214095544
0.0348106414968419
0.04482717590078015
0.06234567501755772
0.056468856512125194
0.04786678104595031
0.05749538093130192
0.031363830757811156
0.044200151766434194
0.021565428737753217
0.06531027199046241
0.045170162044894574
0.050213761239346004
0.05907405026434244
0.03620969236541102
0.039657965098615446
0.04505265481119895
0.04109392757406184
0.040204755920011756
0.02672380199041847
0.0643448936831723
0.04507318597381123
0.03518422011686453
0.03661760353208978
0.02634253813985009
0.029783444116305634
0.027025976205364486
0.04783260476740081
0.055145112169577355
0.0356145565112652
0.05800743555170873
0.039980002521580446
0.03428026314390736
0.061381836148029015
0.016471157260534188
0.04847741839439067
0.05557920782205653
0.038986245961537276
0.04190311165388312
0.034164454425329026
0.056097566157882
0.020294477623672945
0.04920216409477714
0.059528246631153955
0.04174232823288876
0.05602148215369861
0.03738878601913459
0.038196559523451676
0.04154963879765124
0.04437334049401323
0.025462368083298853
0.083689305511028
0.027013819374461182
0.04371971076183313
0.024651927330100413
0.04944641044360633
