0.8431647471890179
0.7364032907738686
2.3485049317786135
3.5021883929291553
1.641194837843719
0.9281182638053894
1.8247850701626485
1.5351384469608373
7.072300270440531
0.7211678691338843
8.101700537886279
0.11806409029710158
0.46876277607964845
2.147601597250323
1.8167436835514268
0.7695148883174034
1.8929004835457441
5.965360107696626
0.814170392963052
1.9344010891049106
6.745148617945007
1.1741844120411644
1.7667190134197743
0.5576176687841956
0.34940166216459667
0.8285107367198121
1.0836236512601563
0.9443274793921218
3.9166097654689724
0.44111714639753835
1.2828270731662779
0.4522605808735344
0.740084606314321
6.844825705089858
5.765161969430936
1.4495146962195822
3.171371081676091
4.816966459744878
1.262000505841466
6.601930535980306
0.7697501474824912
0.44094105890897795
3.9277360003534247
1.5700621417914296
0.9149710748877912
3.359078329940615
0.7977310902415545
15.18573664479665
3.4058189412867397
0.820969066126933
2.7360727277255426
7.619198316318961
5.799666489025139
4.1204932851184255
14.991152043183238
2.108413538282237
4.9856451829763495
0.9177172374577716
0.7477733486307023
1.4673841146756104
4.301202707573196
1.293823745981937
0.4329984042279713
1.2609110180820942
1.4094369132891307
0.5186933807160694
6.9227463078420985
0.5112933708124084
0.9568318656382102
1.1864071624172752
0.44815813768300844
2.818285016073545
3.2590303266127427
7.161829952523554
1.7870086071734193
2.7410667173585215
0.6663847478877456
0.015361947370219372
0.3572112272318888
0.8348956097754476
8.218387658587936
0.8102944581705921
2.110391077268305
2.1152707607687664
2.5083231500761616
37.74187258701658
1.0073451478708482
0.29530810497567245
0.48862872690480014
6.159517791382661
2.9597859435198712
3.6316553886916862
1.1206592385249874
1.9751249595904408
0.9521741436248152
1.01780914124554
0.46304674477443214
0.6744361661037537
0.6654438922822501
0.9376422566921706
3.0643127810621396
1.0469282930317048
2.25720245835596
1.53003340991435
31.14317992199413
2.7068592979606687
0.7283307076584437
1.6138183064336658
7.757136265436488
0.9194168703600284
1.2539051955195117
0.6251537976704203
0.8974295303208973
0.3017278588486374
4.7777627726792655
2.79633182780954
0.6650934044829281
0.7595102387182991
2.4893677352527344
1.5826629484875463
1.5395056686174053
2.4802111696383027
0.7439699837436066
3.8895548704526783
0.39336404744011405
0.34512092563201435
4.970460498703575
1.144883360846001
2.2546506376237168
2.8372723967065343
53.37859048892749
1.8058323535621552
3.5807851231827272
0.5163851163159704
3.411089336528894
0.9606143091876684
0.40423194846575455
29.219864308178394
13.743634701074289
2.214567078367147
2.069651565852648
0.8396278077925862
0.4404192011408271
1.7969667536711935
0.7629967042565747
0.9366093705427808
0.6988751171350828
1.2428538336611936
0.8510490723077633
2.037981702067826
4.556861603834651
14.524823282927475
2.621430048821868
0.7693554018136526
0.7412574875163102
98.88329482059376
1.3821279642355098
-1
1.599805704841219
6.4743237843751595
1.8204387405528943
14.29075420690682
0.39690048600071154
0.6992617207987393
2.681272705870442
9.174919701253367
0.7747221394017516
3.344968739586796
3.2757871224972606
34.60956275822295
1.0739640704255975
0.3775866143679637
0.9935455083044069
0.4951466513397095
1.82124658936436
0.23215672868111736
1.071302052726426
26.361631881749876
7.669655435173958
0.49715220960238166
2.7142276161935595
2.147717634112859
2.196087318372114
2.2250128650075376
1.2329895217259714
1.790194864058537
2.5643237571871906
0.5468123959502844
0.4460275266864311
0.4558376681617827
1.0506891919507406
1.1138700481625228
0.8715827556500142
7.988991074706578
1.5262481310129354
1.547444017297002
0.33936029094052256
1.2041108537248442
0.8498462800711302
2.0526763928488383
0.6980587659781677
1.3709637045691028
0.7703292553519538
1.168604654481114
0.8963261769342421
0.9243779736919523
3.0145112205244504
12.919326892151537
0.33851756820277634
0.48988360233430883
0.9189088492948009
1.1643133602301803
6.130446369837193
0.4688937130683454
0.9850917361681356
5.756704097236321
0.15698735048246157
0.8156925308828396
17.16432823288555
0.1112613911309424
2.900901771837543
1.2403264597795822
1.5941252693024488
3.2741171379093834
0.5782709250778603
-1
0.5343724385766819
5.459256304102506
1.3046802726863802
1.6919076097960695
2.4983374189497414
4.4172649317431265
0.9204449016490714
2.639970503108282
59.450758899481364
20.21557367200792
2.1857994560035534
2.2451949598945555
1.8044497416373344
0.16399221472870584
4.942466081985661
5.038893827573182
1.4479895374686265
0.11915266763260093
0.434335319748167
0.884822003167513
2.11303263659635
3.649289237454312
1.4184160409182553
0.3559734701744807
56.79920157606877
2.492632520357252
4.877006720330461
73.35678243826072
0.8677513911800495
0.040973922365590165
1.662851400408056
1.3028067889557309
2.27770521318713
-1
2.3464840584511633
12.467950289715057
2.4872572194132285
1.5230933908424433
1.1130709540482826
1.073909633187975
0.7878787639021403
0.4593650213560125
1.3775658813924245
0.45392670003881413
19.84209826206319
0.22811275023902622
1.0186719172358387
0.09841520404070543
92.7198481780447
1.3883966755097807
1.7224128259386582
0.5138798095820487
0.1431052211980129
0.6330107624997268
2.1568745660090567
0.391268710434711
0.6346111587700907
5.0890100478697775
1.784298282641503
1.8319904741170845
0.18400339135314414
2.7707196224993553
1.1059330397966476
1.427193929810987
1.4557198526276351
6.100903517447808
1.1790659343779044
0.5633348532032922
2.560890778524518
0.3417697969761213
1.6418846106562615
2.3873957985464176
0.8507203443249579
0.31253125574113205
1.7871049508844128
0.9650884652165821
1.3692623781808873
0.6879922894658429
0.8616972283149906
7.0746975351394905
0.9905616017923695
0.688304511631471
4.075559643876593
1.3268649923972948
0.8749955315166964
0.7826146583775663
0.4810915460970381
28.241539785653462
1.6529589723411866
0.5246983697182593
2.8453866541434816
0.3838219085018929
-1
1.23884257448013
0.9395683773635998
0.5239715944463466
0.3360902374352523
3.605523088693325
1.5274656942805784
0.7442487433311922
0.10028551458707756
11.998233178585267
0.3817165016236657
1.6324474816091954
1.652673100302938
0.8853259206866209
0.18775923398850042
-1
0.8686850146043251
4.406166050991764
1.5800514584099097
1.7425637958071347
0.3146976189757259
1.656528525124866
1.1605383855554767
2.6828884848741157
0.5519996976884933
-1
6.629259381170604
0.6361302328790249
12.027468818978583
2.6291949734049034
3.7923945610111556
0.3665338253234713
1.3406421108583022
0.7018026677475796
102.45818650289817
0.46885109725442237
0.777327268552518
0.3483392150747161
1.1216585018791299
5.168177528653032
62.526838113726456
1.5073770643955708
0.5215997529792867
1.7740440232084898
1.0335984375925567
3.9915014091989884
0.29957209816161
2.0734472598369513
0.5919086356706494
0.8654980462615798
6.245801489159794
1.3418275890853206
0.6210607755553434
0.18422153085436951
0.5674624071678258
45.607107798466735
2.1749333415536087
0.33064946057356065
1.1696654345404587
2.006049954446135
0.5146944808728076
8.484608784870275
1.312934824348161
1.4182537952708811
5.054262942902927
-1
2.4245439310461214
1.03642114523762
0.5193299626025675
0.4191685266843367
8.08859134780456
4.289396448212644
34.09419490465577
1.8093270107186756
1.2015174580697148
1.0152197409055699
0.32058671060607596
-1
5.309807635475178
2.449549299028563
2.6563552892843614
1.3483326741722248
0.8003065865085999
3.9402271388982095
1.3449802204308026
5.195989331467043
11.860368833144763
0.45573523821265877
2.3690802236172805
1.2364998736302764
2.0150740392199578
2.8021612842607304
3.067981083601486
0.4398228589077735
2.759053873402625
0.5775479449265316
0.1751024475236383
1.1958290019939617
0.8364912808770488
6.153810404329498
308.0189103022997
0.7391240032396311
0.9132186901350635
1.6668543686176938
1.5926661486702287
1.043270066581698
1.2772709448768362
0.780114392272198
2.131173757521973
0.6676290157088419
0.6622323753838226
0.3055039462688908
1.6040216860341878
0.24225129727338193
0.5107867075633876
1.0768352847885614
4.045020131097763
7.355377029747435
2.106011800631254
9.38058925311984
2.1440488107523925
0.6515844821404856
0.790999582436904
0.6660261383922751
2.0569696450232016
14.772388423965376
3.5410649694721132
85.15939913495009
0.8176868932924839
-1
11.555872863269864
1.1529042529954023
0.8887170921232473
2.4661164395613935
1.7588709034970067
0.348469097407123
1.2796313330953406
1.4271184745712253
2.100530300966505
0.555805186301801
2.952479121434782
26.47347332163492
0.5320041992580722
2.476738666824285
1.1782551751496213
3.704298445402454
0.7824199313509339
0.554776607971141
1.2281451418782432
3.911751881067918
1.167689583768149
0.2029405019121899
0.5104435697762993
2.03720619351611
0.8044899030736046
1.2657834973213686
1.0784681006482608
1.33328392745589
3.804323907794159
3.350257418765854
1.0378119377423147
1.6975411776535811
0.9920126410344963
5.303371077362916
0.9120983094379227
0.7963060197924934
1.1688606177054488
0.7390163466882514
16.133684128394165
0.6300178149628286
1.5671803667407989
3.1527867731876293
2.155444467637276
1.7033074019489007
748.1694162288362
3.918753907577714
6.174992098967689
0.2687066696002512
1.053158129535316
4.878604536206445
0.516054890735253
5.2256117678314675
0.8910003447346723
1.3846216765261972
0.26628284369829275
1.115312054448311
1.0310472176063608
1.34214174010026
1.2599674390288167
0.9515795921378458
0.07637795596523257
10.506267482929966
0.14328786801843105
0.7410192315396734
203.98004831846617
0.9148128941877381
0.2667616806818511
0.5805317665130793
5.252098383303182
0.6193656195967109
0.307984478359895
1.2274769884455277
0.231160228501108
1.1316347375336548
5.442127703483659
0.6934108901134568
5.04422084909826
1.2816732842450425
0.30738076746967996
5.098684511713877
1.0873826392473855
1.1442655376539226
0.04869370082983719
0.9607047577856284
9.041768399725159
0.5860016583182258
1.477678765624121
7.6833374707351165
3.274459570037738
0.8286665105875358
0.6442632183537484
0.25091536761125455
-1
8.94913825131254
2.996472557428227
6.315302827956655
6.749325417745859
0.5814118356725219
0.3728791982031026
0.9968676327013708
0.629488001629976
0.5775654997459071
0.8303684752244157
2.9906880789101806
6.187502950181016
1.279407472787133
6.136109431924996
1.390815391344556
0.988324149522234
1.81562708878011
1.1992859150865816
0.23481665910149577
0.8977492867088928
0.87643495255344
1.4005020158366597
0.4933526154115081
1.7332662142680988
4.111253334716069
4.998976511527743
0.8329289003675929
0.685013680969043
1.4253920370629278
0.7804762946209296
1.4726922419740194
1.42519716770046
2.0195483545927044
1.3624962514673697
1.1356078008498458
0.19418445266827486
13.642276381716714
0.7275119877155494
2.198698304274543
0.9956701340499844
-1
59.351157249836604
3.0561811229821103
0.5715262080053424
13.163389802169018
14.305482776241446
0.9558758608485182
1.7244100124010777
0.24112842615645544
0.9572220948365068
4.832625539164314
6.7846012731657295
1.6706837386168378
2.3041035216720682
0.6377701085186792
4.901133987892895
-1
0.40780355678483293
1.759655343466196
11.243539320778465
1.5358904106075466
1.473870193983357
0.36888516183601455
1.4692364439007768
0.7393166845521202
2.2385760023328363
5.454046136535316
0.5669684921542321
0.5850751607402626
1.111293579690046
0.6898218028263737
0.6169896473643384
0.836989421047662
0.8060523239000812
0.5838455638435968
15.373328468185973
2.0180323979777333
1.0724666040019655
0.5211618118166835
0.05099258736492305
1.6718468174266732
2.7911284358905037
0.9150263443639292
6.666792084442076
1.8674820898313609
1.5614653830381098
1.421827971289975
1.5667476924041568
0.4876111377321982
0.6859913976525361
0.8747747964165005
2.639664092976626
0.9574171554756048
1.2991333350414969
1.210721397926076
0.6375267118660657
3.5613463747665377
0.9690980992525495
1.0058711877804618
0.7018290339104614
1.766073259823923
51.92780204249106
1.4915084491612267
10.747922700768695
1.1478372624490019
0.7374022201191208
0.6349659184462226
0.5893709642085143
0.6057970729276403
-1
0.9226542194921676
0.7109708204748231
0.688049167723961
0.3769318038718864
1.503445803003851
0.6709721742149318
9.100384622551225
15.91440878523629
0.2615644065564851
0.8438302071420831
0.7491472677276222
1.426590746447101
0.5304977424997767
1.0075532313237694
8.34749445570026
4.121239136594911
1.2074394199989027
3.5798888667906716
0.9081601022800874
0.6535609786773723
8.501036814356446
1.194855769910875
1.3686555723597094
1.3829097691515553
2.473833560061592
4.040848219841103
1.1884979341624127
1.0708374225587505
19.34205727293324
3.9384109050052363
1.3099210703822195
1.9470144352017533
1.5186323395871935
5.414794264241348
1.800377742845889
2.7988150505602354
4.901972357593177
0.9346782196130822
0.5848052639795212
-1
0.8343860834431241
1.6929117244340801
4.345518895103202
1.900571332257733
5.9863182568320745
2.2933329257247133
3.4209499798343797
1.1443882182917178
2.2713814737516436
0.2217634155669268
4.878581049176729
2.9605352325972194
0.9389843298771869
0.9289293524756743
0.40790099963541665
1.0386797261894716
1.3240047392422563
1.86896574007872
1.7627712313324664
1.1916090432687476
0.5526789993748359
0.6908012391585522
1.6427695439444516
1.9399671552073021
3.3790819478524097
4.80583560181613
0.37144598679809526
81.69175223400666
1.427008650808327
4.538339619820362
0.7414110617418509
2.0755241464821506
1.7677399617502239
2.7989828587980288
1.780040947639077
14.559200677391997
1.0791259307882994
-1
1.7583093751494134
0.5661815290615207
0.5006240585285213
0.9362679050996645
3.9477877464934203
4.524572037437768
1.4048786503390693
0.33071174296490696
1.132489384143718
0.9766446664924847
1.8238957729959406
1.7446797115672048
2.900242957141166
6.244996145598336
1.4896349742281767
1.7050650081969116
2.207643049764433
3.773015743654263
4.140703552690594
2.1807204895457555
1.5408988795845089
1.9917263296819196
1.190670143764865
1.0666437631881882
20.587964910770577
0.6862663859556671
0.275810397740584
0.21093118280437106
1.307260463260336
0.6800469854204179
1.3914253960757148
1.485079663124781
0.3319857720003341
2.2124956495266974
3.2684729460527193
0.3220095561528327
0.7144429710747492
0.7469473037146644
4.564033588514375
1.5169684183658507
0.3352456573060509
4.980635716715246
1.4263432595430323
0.8140470551903435
0.8709952030818258
5.654044279953239
0.3613413808365354
1.0113321350631361
1.2026174115558212
9.080926609749689
0.5894212115675197
0.8559485242726522
1.856176121330278
0.6017700778132634
1.4932405205952648
2.791451626020146
0.7783012262679272
0.7089431735803793
1.1548768234125966
2.00821885654424
4.551154347349126
0.05532971310192256
0.22063131715240272
0.08565589139588334
0.8933176767684196
4.088931692503151
0.7104628503846471
9.937471547504558
1.3517018106533016
1.2876305511497916
1.9159282094097856
1.7382927920905746
0.8355088698082218
1.5968588422665824
1.1438891404324159
1.0047844771618424
0.9852325198669886
17.428780465010977
0.7766983722456797
3.2506191350535847
3.7770392355576043
0.8683952834994997
2.829022031012941
0.5647445307378043
1.9396136068153131
1.3241401589930375
1.1086262656727515
0.5367768523229728
0.857509060507982
2.2982924139935537
0.14237357088882258
12.152266941191145
0.6310997578349709
3.45452955679638
14.553235395090924
0.967373306060156
0.7706670490387224
1.8000986966512074
3.42946973534089
0.697316696230656
0.9154309354313062
0.3752843007307334
0.6251641611064963
6.645707970857109
2.6088052619776305
0.8837205006406438
7.902898301224654
3.3378432416051367
0.3539727795420936
0.2928659133761152
0.7347630158077505
0.6085591169932215
0.5310708199028294
14.634140534533435
2.4888814086870696
132.78142307517447
1.059460287348029
0.31026591103713125
3.5214868608323893
2.559461291197063
0.8667824285778333
3.820139863479778
1.2564103592440405
3.9225263850017043
2.1497690910662035
0.89499107535582
1.782745752346591
1.1970256952189318
0.257377030383623
1.6479094377614554
1.27614537397832
2.806160183166763
3.7408860228999776
2.035649187842989
0.6991213394503101
6.0309905217602555
4.029466389017384
-1
2.723975042208805
3.521209089961668
1.8381185606899935
10.425073621898484
0.5333562075704368
7.766397477581148
1.202453428334291
0.4456396683933159
5.718865543588576
1.2888160351201008
0.8369966533896107
3.102016705400596
7.618288141364024
0.7993518995358565
0.9406075028294559
0.6577350691266547
1.3643964300420561
0.584272550052644
0.5115628016166444
6.139549812281336
1.1223072950486934
12.947720707017472
1.6168944694437817
2.8107622352622657
0.36984035863461273
0.7351829168979703
1.1967033509450389
0.6239363746643443
0.1436597491801909
0.5742066393790792
2.1655848057874065
2.7872993447858923
1.9818628346806075
2.493988820404281
5.5276294985960455
5.699558786075973
0.19867204963351215
0.44405087930945675
0.8759891614894179
3.289446689772298
1.113148539783052
2.1532911763237235
0.4114618375608703
0.09946386941937774
0.3978095017333998
0.9792573377182893
0.6278480968440657
1.2426804667591254
4.855488609634127
2.4128795172855995
2.081350844201437
3.332845236106343
-1
11.919237083810135
0.4417527246021159
2.815812935887604
0.9008865076589757
2.544850373518358
2.4051604426253785
0.7079955149109798
0.35457760785986736
0.6596179775075658
4.3370882073316706
1.2237035648816583
0.9829944450003122
0.35057855739385996
6.031102497997113
0.768978811020036
2.4531704087641644
-1
0.7205659614600695
1.814684685215009
2.137537991983625
5.497085003981481
-1
1.694399786719688
15.399848452873519
2.375076294988597
1.637120345337556
0.049274322288175465
-1
4.353197287221987
0.5323362536285616
5.834324524561733
17.297019100257987
9.373991959385165
50.12627753628252
6.361697852307864
1.4113359037968392
5.7645292365648535
1.0522453946331556
11.023498317819415
0.08042331568148245
2.5870470756905517
1.8243844580286341
1.9662103676576752
1.084454441846177
1.6129042446870998
0.8223740986754907
1.747743907050709
0.9410134251865152
0.5011297372413773
0.7649934120840528
0.37945290069594984
0.6797226669863753
2.231091745029344
0.3963073303539323
0.21459959279657895
2.9413755760311195
0.745960111990703
5.730858209161003
0.5684413099284262
7.707621133302275
0.5521812881002969
0.9808445805322353
0.6224792375595077
0.3326866272394766
3.3318930123569896
0.6933282534097549
3.188248464318301
0.5018942847503199
0.4871661610906049
1.354413839065692
1.5694287037682246
1.5700731260196583
1.4886615143309472
0.35466613119874596
1.6341712551740162
7.0507174120276535
1.3814610173410078
0.4328472541065933
1.3640083543768524
0.5463011712344067
