0.8900341425615338
0.5262690075587608
0.7153150657496615
0.6937213363462849
0.7726750968701146
0.7031611986939533
0.8708755545921821
0.6016564981855771
0.8868483860782965
0.6101910621843174
0.5534304104886425
0.759566013247159
0.15994627718420887
0.8510999567553076
0.9076348963042932
0.8713947221034806
0.7910283074979592
0.7200322237155815
0.826825838648159
0.9286214265515856
0.6988220707022563
0.8925619949661844
0.9568558051485975
0.8703505935449868
0.8561113309655078
0.5645959392072822
0.2875972789063664
0.7264389467931299
0.91492563336967
0.7074521091600733
0.288670733359092
0.5057176811345117
0.9543170066125503
0.7636059219163907
0.8409842446174987
0.8654154506592756
0.8435893414534135
0.9342995052516917
0.665024813405969
0.6919084663332584
0.8910442154094513
0.3968461874033933
0.8949762647256058
0.7914257671583521
0.8231464906592025
0.8693415143778522
0.5152648698455708
0.5692225265591084
0.816943948769867
0.3618468949588569
0.8689846538080556
0.5855811456167108
0.6318278227433698
0.8428126470241152
0.1273423063406039
0.8184158201191322
0.821948489032654
0.7968629190956966
0.42741125156721105
0.8300148821341522
0.8301582449934347
0.7718889670862721
0.9060744181975575
0.47743332569170654
0.6351252515383138
0.3011822794514892
0.6496831471288267
0.5906060261241507
0.25852045565573145
0.510850773858323
0.911722277196691
0.6918816735027646
0.8523945316284449
0.9257453465296689
0.3001531056925242
0.8555851014997806
0.8262761478311123
0.8854724811111268
0.43556066443572944
0.6809144154700397
0.7425321258188772
0.9041720034678292
0.41380279863708486
0.7159959424816894
0.9334044310553232
0.7127565733725902
0.8910804672972024
0.42686776472486887
0.6849967573090101
0.8600584983927888
0.8369689665207102
0.9202667803741151
0.8948006859367863
0.6981243502069152
0.5089192713773845
0.6061880705293053
0.8441681096729093
0.7702639256966085
0.9075330677015486
0.2607407374344872
0.8343635072250984
0.8294568045462011
0.8556979192425832
0.8949456879747058
0.6517669658303538
0.8219373341376777
0.7673340625835497
0.9189051894807067
0.8741502724859567
0.8259870682463236
0.6675695910687539
0.9113615833149216
0.9475701986694293
0.7024008868892423
0.7960271942059093
0.7301186266205864
0.4490895064660619
0.7266787357811226
0.5086665282115368
0.8508023817806214
0.8742325051946583
0.894789058964486
0.26370699011355825
0.9031904372941775
0.8727526339988444
0.5742434457729226
0.930783120934748
0.923452945564823
0.627364443593458
0.8325742282017302
0.8418202469428365
0.7892927703384438
0.8423344099954003
0.8408346608748541
0.7904031434148752
0.9035297481102144
0.8641630134177894
0.9126008503645945
0.8047264471385734
0.8706332075100075
0.7554146107032959
0.8974510713926216
0.7897248263487825
0.7918066006015201
0.8582250383715943
0.6727690291488462
0.413292029945458
0.34424072195895705
0.8480648112563924
0.6484823799092189
0.8874572127014955
0.8624073536555651
0.5597072158013328
0.6018656490288152
0.8535693272764199
0.3286108636116541
0.8984115459446652
0.8001679694192715
0.7744876592282295
0.8403427028595916
0.3056374370076535
0.8175263406049602
0.4105458621702697
0.7671739405496525
0.7194410866983351
0.5671400641173714
0.8332329433199048
0.8141039833919054
0.8518863339471557
0.5178350307005514
0.5962547392379295
0.30642361758092784
0.7191517974955598
0.7148027423027269
0.8677997233818009
0.30828658142521537
0.7973250123365409
0.7567711022262275
0.8268259791144562
0.7927701099453719
0.252674355158175
0.8392571970680682
0.809852050823248
0.5861119717584081
0.8509133295642107
0.6426025081066042
0.9601382040106726
0.5940045255174059
0.6718306859782964
0.7151732063346998
0.878717384750189
0.7717697612008235
0.9568936823003633
0.8814546611965043
0.7429032924210627
0.4282702467805718
0.7338600405607686
0.7818928398347482
0.8874276910930756
0.8688684658642386
0.8526374489999555
0.9027469144549898
0.3253823762627725
0.7016687222134463
0.7387254524912833
0.922393790644497
0.8778483297513837
0.7284646629279466
0.6044655853505234
0.5874020703749981
0.7747425773157508
0.6489435596134057
0.8789582149192603
0.8427039588991355
0.49107235981697805
0.24574980965376034
0.15295526917306945
0.8988492917983943
0.49024694509359695
0.7634283550672258
0.5343714421351602
0.5190890784687928
0.7152623042162846
0.2731821946778598
0.8417847319046446
0.9282693819585264
0.7347616491921043
0.8205261047957925
0.7876600620161706
0.9444442527253527
0.422075167017945
0.08354169674065125
0.5021249556366987
0.5086067142361627
0.7839008883682262
0.19511784510433577
0.2560664291117582
0.8815774122356745
0.39920455778392366
0.7803217015299926
0.9034175465166292
0.777681480398637
0.8793964719559274
0.7696060170031074
0.8823131182463968
0.2620560946119203
0.8618254642097966
0.272282989024868
0.827004703560559
0.8279012927825633
0.8733433358037849
0.8509441429421932
0.7683900756928355
0.8622887884411756
0.8270663727761449
0.9500381160362855
0.9058138270446019
0.6894151313257054
0.7914831145998826
0.5773844758426803
0.7114752721722446
0.747002054849612
0.16175550014688658
0.8531519748317514
0.6645412456818123
0.882063500026364
0.9050891838028838
0.942505643022126
0.8699060260547423
0.9307514451816333
0.8004943239166178
0.48455291040346765
0.9338129292605977
0.7568284028569219
0.8658890830402134
0.5085692052257549
0.8349813365896828
0.6532640990289157
0.8594935721905775
0.7601673424776543
0.5890973241691557
0.7366587880787011
0.898968962989128
0.22043120530113658
0.7696086360957344
0.6862587649937086
0.42174038885031007
0.881426334771954
0.835611685876981
0.8505642298765402
0.39074338017731547
0.8900095616099531
0.8516068862004539
0.703481278600153
0.7935068538376732
0.8470373495243961
0.6979508394612653
0.7383136577155938
0.5987692230384658
0.8295719294151103
0.626339763128904
0.7191422730758344
0.2125172262360203
0.9337457571330591
0.6615515459463892
0.2793353416812109
0.9571970245369862
0.9140283684415131
0.47101360999583824
0.716124170663584
0.7936134602044916
0.9070441466799426
0.2989778631900147
0.5714554408844381
0.4997359097029663
0.3507493710962235
0.7387176661094622
0.6677320748119162
0.6783975335627879
0.9134176207175678
0.7618597864323049
0.25174860983995917
0.7459881405347588
0.9480553565737035
0.7134092693008734
0.7441166868247646
0.8184638482715864
0.8267870416149882
0.35056740109009743
0.8110715469379957
0.9354609472804543
0.9326009111489916
0.8146541178419368
0.8293464397666838
0.80946301595079
0.6152249711151662
0.7143578093902366
0.6726186469586215
0.9426243982359717
0.9261909223965207
0.9182378435384092
0.16851114361947966
0.36631526504962303
0.2193264111606899
0.7350940494691447
0.5215982875953976
0.7169403432162644
0.49069142755197936
0.8123319350083688
0.32517356933901936
0.22081497585498575
0.3810866521813328
0.6866985607631452
0.7090086824691236
0.6208992092154907
0.41144797096679836
0.6948525239376422
0.9095499306315247
0.683415830527902
0.6565481485308373
0.8858454001123075
0.894073444984733
0.9440086694041742
0.29149130074936747
0.9318324985387414
0.7649103306361315
0.7140399342471379
0.8834068126841222
0.3631662046701927
0.8401106907828118
0.8130270017309557
0.7985004707541916
0.40607523900316866
0.9006428120393397
0.8448645639615725
0.8947872736172786
0.8757102175375856
0.8414198882992889
0.6402062939874896
0.918589364403999
0.7539646928753957
0.7232302505402644
0.41761795851101374
0.7987692249156457
0.9485596313634871
0.402370044509898
0.7958067836596427
0.939685716400508
0.5342285051020889
0.8773532915129242
0.8595580826539859
0.8293917770796152
0.8294799226398658
0.6782662856803824
0.807288514259798
0.8438665691784089
0.9675635649221408
0.6559616763552351
0.8009027571902443
0.9406875418096567
0.23777847034838895
0.8792286605462266
0.2931276263312494
0.7198442332771354
0.8778707796631697
0.43028858680621335
0.8348806258040203
0.918971764195142
0.5154260315714719
0.8535822599813688
0.931811693581614
0.5602294633791639
0.9291521600719831
0.5704429010916281
0.6631712670918245
0.7194107282733985
0.8610934233551598
0.7055145918038076
0.7588461241583725
0.8476517871965664
0.7691709271325862
0.6321799805120842
0.7412814391138698
0.8485571252344981
0.563994252678226
0.19171321256867166
0.7875790851566049
0.6893546914310802
0.881650620188839
0.880708243159579
0.8258834897146065
0.28921277561892256
0.6884920081471557
0.657703853889252
0.7200184561219793
0.8267612605364846
0.67994598861447
0.7786475677833116
0.8787700119156168
0.7079188223209463
0.8000324192470762
0.7765551668594566
0.8313721548757546
0.937117965675089
0.8254141442202806
0.7804547196738607
0.6982471076343136
0.5222332759854117
0.8366320628917977
0.3952265759312223
0.7494905404368039
0.585699094093113
0.6775192784915517
0.4810508919274427
0.7601785528684109
0.8744776439626031
0.6281443965646922
0.7777136165943086
0.7079453055947478
0.591428218752556
0.8629193198071592
0.5800327591474317
0.927732621727884
0.9364562681518056
0.8999124730339896
0.8935384223079624
0.8743563216840674
0.9508370727714466
0.8928584624205339
0.8100880312988433
0.8847405350008489
0.4854846178709128
0.5778059454768347
0.8607346733531918
0.9246809885842016
0.7302186576957496
0.9568875072206621
0.8744180956359401
0.7136828513077312
0.8175482009700348
0.9060067986173793
0.5530269351190048
0.9405923045877874
0.44470566030353803
0.7130723871458202
0.8716457328764062
0.39913810064555416
0.7900412984773608
0.7329456879352281
0.8845632366380695
0.9562361171913137
0.9075978914110207
0.8532102375560896
0.6290099662916491
0.8247777006422475
0.5101993741863475
0.9295958913920364
0.8191526556936081
0.6879573051994016
0.8694021854573345
0.8891626499937685
0.614857120534874
0.8343944676635999
0.5612357377207513
0.6822913671942833
0.9539507394894289
0.651576499820536
0.722845490214337
0.16552874004548632
0.19581330188787072
0.5687781654148072
0.3319472489709907
0.5290643271925609
0.5135470584468135
0.6932782943956172
0.8768087345241088
0.5355446380770097
0.4185175188486359
0.7724670269318854
0.6602616445966767
0.5130610497514605
0.6763103814685241
0.8200407422609162
0.8696802974973726
0.8854552876362959
0.8771346171621279
0.7791166329397029
0.7665356053802781
0.9139671036772591
0.8494434331580019
0.8218147434186646
0.8525272092656405
0.7282682603192536
0.3036925473497591
0.5570875657807757
0.9654165920512789
0.8762689742562985
0.7908489886841807
0.8901565978575513
0.8199410338313607
0.7827518659196103
0.7290663036470106
0.6875008801850552
0.8689297564098168
0.4553285820326168
0.24467336838431664
0.6638891687004007
0.9311306715102527
0.9006539473126611
0.8004083502025193
0.6134204217161804
0.8289675931574454
0.7827062429798647
0.8436048940742956
0.8053479554601072
0.3377139955630443
0.7761884006788842
0.6051484426528067
0.5274211974138205
0.9329103185745552
0.43875487595838464
0.8280094975270966
0.7640046874308709
0.8628869696333771
0.8499380059855134
0.8422790554976173
0.5924820821431859
0.6129000831053878
0.8237771353326065
0.6942437620723628
0.76869714137243
0.7933659654339305
0.44883928339630635
0.4240746052379289
0.6916065866989517
0.9580321669703297
0.6968478323922815
0.5168079914724565
0.4096722974506842
0.30407470186880997
0.8107361492497598
0.7300341939515994
0.7884428836181194
0.848361469493292
0.9402963543403667
0.9713176985153862
0.34294666514307376
0.7205833106751058
0.8637736127062784
0.7500190575283815
0.8244455549369625
0.747965785271349
0.12522562917798977
0.4207544138280756
0.7822619522858024
0.684921971996731
0.553346940318312
0.44630935796334664
0.6661794904941999
0.9000363114640331
0.29223210000578653
0.6785654427194004
0.39421222087944946
0.8440502445217487
0.8496094830934016
0.22950062639293484
0.6286424428910283
0.7349831925877662
0.6984872611505688
0.7749824739749829
0.9711660071829838
0.8116323350174963
0.9047322878421357
0.9017501392584786
0.8441769998478078
0.48332868390872535
0.23656234097655152
0.721427811097485
0.8309919195421065
0.7083342492942822
0.6518215875265893
0.8256116014763122
0.6267421862999106
0.6792523553345498
0.8321251288548532
0.7232168967883879
0.935813497684126
0.6640743790887288
0.9212254991135457
0.8532034454308207
0.8633273809172946
0.8455829344227984
0.7261401750960237
0.7075478918925917
0.878249035637647
0.6354752314732838
0.5566565437950218
0.28077205036757197
0.6976018653163069
0.9367251480728513
0.7849340040875398
0.7977618116614351
0.8327408987340231
0.4614371973348947
0.8031274011255523
0.29521516858709634
0.7646324862761588
0.47159133066963926
0.7036271985077339
0.7531871025104685
0.7773704264242275
0.8607682093589465
0.8622546588425454
0.611201119976224
0.6375594505738198
0.1623469899736558
0.7713939975670376
0.6874637488588449
0.633926095691757
0.7073722163592115
0.6514305414869322
0.8568445164402834
0.34132641529994906
0.915311098874058
0.4094317754968441
0.8344814989559519
0.9583545311999496
0.9399600398050588
0.7458725041956432
0.436124210793035
0.5023904101086287
0.8925254156901141
0.8724550922836087
0.6251233190152005
0.8497260234678501
0.845732809655215
0.8080764390981274
0.22465020474886832
0.8105930557239743
0.2029856839774256
0.8769005330886359
0.9203251007608787
0.6833374703465788
0.6736398985875354
0.5287993491185871
0.8732786195054925
0.9252373062781849
0.7168605739073101
0.7478937927174565
0.8119484256840317
0.24925643970660372
0.9459160814634376
0.7655178850291857
0.8273929540215861
0.8065679205595611
0.9258235346723691
0.6952853342104554
0.20137671938361232
0.5204593117625056
0.7392915816598798
0.6527366938159797
0.5162095951961319
0.9487037532016105
0.8237018323473051
0.9215731012028282
0.5821152513889463
0.6266297033190483
0.7325037598616408
0.7886521257524793
0.6337248387360443
0.8085681975145835
0.806748314566136
0.7209837238722313
0.4458326180295625
0.8537272768686693
0.9386165325594473
0.37672883998094764
0.8941715172925699
0.6748102338661749
0.8523224250986922
0.665146119803252
0.8661797900922497
0.7766287228501811
0.35059768027538035
0.8440103398577786
0.8498351937427862
0.7106243190573485
0.6962163931654497
0.7331153375367577
0.7424667404603802
0.9100345209168786
0.8365328063063895
0.8727637782763871
0.8006866752606057
0.4283736192968078
0.88630824861346
0.8940297142081816
0.925770349177186
0.8761808936910702
0.8157386406520867
0.4276131295066463
0.7190017585114489
0.9743409369452583
0.8294131941731927
0.8074685640137668
0.7090865541812897
0.7902561532437452
0.930185627828535
0.6070635231866148
0.8528025847905605
0.5054252276512946
0.8382384573671545
0.9959816077971425
0.8132514830173935
0.7231072848393196
0.9380851939581041
0.277003980234349
0.7938853896603476
0.8817248392957066
0.5995270757472023
0.3147025201714953
0.24747927005933368
0.6916919078632795
0.859203571188056
0.4806898070660207
0.6544342567610036
0.3894229300101431
0.4606586002675151
0.8683489651980415
0.8823154001125999
0.7701701233311019
0.921799783059694
0.819567196010165
0.9266856720270611
0.7946752961129802
0.725842661849711
0.768729165209113
0.8101246740733417
0.9399435196747391
0.8694761377463152
0.8169350976721415
0.4166408407029828
0.7299282780606312
0.8889706042179916
0.8695025685481604
0.7364386259565159
0.8908123688723901
0.3350035251571104
0.7943581637880943
0.7779639417021461
0.292057511911127
0.7071030389072598
0.631553396755886
0.6538058160532582
0.9096450100551184
0.8210351051364777
0.2718742425312059
0.8888005463893791
0.9297994367150879
0.6870332218558329
0.8552966060878331
0.9554309880974765
0.7389178760466699
0.7048032101679935
0.6622485192403258
0.913607546606863
0.8233219358335889
0.6783179175512195
0.8350676876129016
0.6873028339325797
0.8846187466609562
0.7031051297184508
0.7290109156338582
0.8204209167639266
0.3736304251938012
0.9063901721655168
0.7009561932795211
0.8912380654642483
0.7806422900118343
0.6182573251537763
0.7286787548045972
0.3295123101619901
0.8846527187026706
0.4453781754605324
0.3830651070936349
0.7569213582437102
0.6529059267233821
0.8267331267208343
0.5317407037241809
0.912690511706463
0.8503851385382144
0.45917584561475555
0.3607693023048623
0.83696854634686
0.8835197015368749
0.8891988489771473
0.7487802133190211
0.8746619933563059
0.8971042772784146
0.8317013008340884
0.8507012310434813
0.2756329960282501
0.8883011990651118
0.5262803681283721
0.7873625334103512
0.6152810193309755
0.9041912260257802
0.6863784313754767
0.7228706433195189
0.6585896166397971
0.9404420085463675
0.784974372682053
0.4787563314601209
0.4440739740201227
0.933674519667413
0.629174755904938
0.8804782354960877
0.5237930961295809
0.645618278767233
0.8306389109837358
0.38296567988004215
0.7416747699536453
0.7147574105218244
0.9297035710903637
0.9439386647353479
0.3635502779725467
0.7890655550335445
0.7835329842366026
0.7957096823990982
0.7815789341258828
0.8361332954132431
0.7741872086083449
0.8132458214835286
0.6780136079059981
0.5592546278833244
0.7340870662227962
0.7958765947308909
0.8854167676357787
0.9671029150089491
0.7354737966602674
0.20993700899757073
0.766186254626477
0.8640249745968821
0.8629669646905672
0.6892790351006614
0.5680698805370689
0.7526143678239803
0.8098654792956785
0.48139775218738884
0.3189793235664632
0.8232979119306045
0.5529331819832717
0.8068570433845552
0.8027881145685849
0.8702660712185178
0.783436543699623
0.33543333388593616
0.950444627085405
0.8016653619300468
0.6151346326648882
0.7073967139776516
0.8573593074854271
0.6412594301319068
0.8505252027912398
0.3377760454139121
0.6975902335747614
0.7627764436412714
0.9173868036521041
0.79585624406469
0.9170400064403321
0.8898732703787113
0.8953718233581277
0.8156808964220559
0.7230185805888868
0.8520435973183111
0.28007475306843826
0.8908643311239653
0.33581308624825384
0.536800174573498
0.8586597519073071
0.3680768339524
0.4715791110431518
0.6960613024447917
0.6431359650654005
0.53010772529312
0.7124977194282626
0.811623341921866
0.6118781136816244
0.9044670070628357
0.84160343214001
0.8574958185888787
0.4735632110985781
0.9230118741329821
0.07252457397953287
0.832143706751505
0.8790535436222011
0.8069324928977799
0.741352745255211
0.8683063502678713
0.6875328207890862
0.8807796241644559
0.4385157036811458
0.2240935437288193
0.5851363902777886
0.600551025508453
0.8997276367990039
0.7609771531703055
0.7526104654964478
0.7917689673616753
0.6657651378735303
0.9119147937862764
0.6778056781862757
0.8832755533136253
0.6621811344935373
0.8854154835985547
0.43143842778357305
0.8068115445301244
0.8821511768859286
0.7832399598889419
0.4027346274314349
0.8109210971829265
0.7960493065601222
0.47748628589284814
0.9142485900316047
0.6890478104183234
0.4004889588981813
0.745165117147569
0.8730415879996248
0.4077877829638976
0.36714832159089195
0.5876974663766825
0.9001745098832632
0.504649009795825
0.9366168058784246
0.7854445053302828
0.8504148330447721
0.851408822754029
0.7954780491552832
0.9124175515535021
0.7083373568901847
0.8631134892631434
0.5052171246509043
0.8383820312473829
0.8248926852354487
0.9257362934584755
0.272721122058888
0.6322928107250277
0.9002699647532375
0.5751534624354192
0.5401641737240955
0.7440555002977717
0.2922960151474097
0.527005641530514
0.8207017700577692
0.7688604029914429
0.6783877339069119
0.8091035336304252
0.8478217586067428
0.8765803740429942
0.30800459453516105
