0.7587656142798188
0.8382724414447849
0.5633856009652913
0.8717848136520018
0.825300154273567
0.8996188551777291
0.8567401901925811
0.889186514361549
0.8052609200252181
0.9008045412535666
0.8453968825506198
0.8095283995414833
0.7912229690293933
0.8513674452886575
0.8541588606804866
0.33829925666389765
0.8535417282397555
0.7794403122982743
0.8355308607893306
0.8184289418861068
0.8554424512681253
0.7763268912220715
0.8542504247774594
0.8362513281214543
0.8427076366849908
0.846271729313705
0.6832292769936642
0.8687116933802836
0.8300255982636782
0.7635374673751045
0.7920641282928593
0.8657669571319295
0.8717458679871808
0.8144356410889197
0.8458506787567073
0.8422430534825145
0.8615418521423304
0.8123288620212796
0.8128180612978128
0.8212402197041296
0.7853187155415358
0.8615840871099324
0.8722316310423375
0.874767812113082
0.8919219497501267
0.8085463973144273
0.8713881737873644
0.7756967153067944
0.8536614409551613
0.8268854274176396
0.8456781870332049
0.7540144504637323
0.8392281701933242
0.7307973871088035
0.8471099007744034
0.8807191942303164
0.7293229440721142
0.8287417951235894
0.7843792652066586
0.8389365832335367
0.8735214692176954
0.43786218507003605
0.8181856283796354
0.8155905091776444
0.7712813687362302
0.6286617327180642
0.8296275797679413
0.8814281193063502
0.3025753612014435
0.8316274888115138
0.817520751654595
0.8305052263563741
0.8244778223161193
0.8392920805485629
0.8794227257753191
0.86998331570375
0.7656544182121532
0.8350579050558036
0.8620656525143
0.7693036804455252
0.8608659055784762
0.7355534673515987
0.765149842335382
0.8052319507338972
0.8274893112204433
0.8263881198865293
0.8659719912830721
0.8490251712975277
0.8057998060698602
0.8526219065038481
0.8393197927371112
0.7621447459730815
0.8966558298229059
0.8470048043280827
0.7382946517513205
0.8602057254394968
0.7047542574082332
0.761807682541107
0.857318854324923
0.867999093145539
0.8711863770215478
0.8387612985697497
0.8060568347157313
0.87720360387215
0.8033561319638249
0.768821037669472
0.837898469620453
0.8631756557376817
0.8735828922668591
0.8861811873291756
0.8558890274793436
0.8485333294311721
0.8654587815244261
0.84688675029151
0.8410885320208057
0.8781685364555487
0.8453586426713999
0.8295755281974058
0.7833952247271985
0.8288469060278801
0.8593527918441578
0.6466127108256176
0.833359511141988
0.8488255811211072
0.8167562734761279
0.7690072910847234
0.829826558297349
0.4000340094185595
0.8499757247451079
0.694527677366983
0.8560232328095775
0.8609916362832977
0.8915697395630291
0.7971245737885841
0.881433503473547
0.8404018046780697
0.7595338849110044
0.8895100990339109
0.8199150610725341
0.8612083437026242
0.8557051074497231
0.8410198538456286
0.8352081621615802
0.7915495847709768
0.837661608839522
0.8483496136368244
0.8315072842522269
0.8692954705352139
0.8811244971740457
0.8871526147292739
0.8057880773816383
0.7455916970583591
0.8705668491593739
0.7904248477586695
0.8898828541833474
0.8933133743120194
0.8599087142735327
0.7589078771370088
0.8671450456292706
0.8329481129372854
0.8390401909327125
0.7936259270036523
0.8532162869107136
0.8722328426979493
0.7854463444226399
0.8385556213755414
0.7986201657180527
0.8432355363587577
0.7110727309419338
0.864862807050109
0.8645218262068339
0.8537126654940818
0.818880554729071
0.8378932868379241
0.8649602567941601
0.794409507463619
0.8664849721610597
0.8620681373675422
0.8605335610386293
0.8761672233900729
0.846491902279009
0.8020102735403773
0.7962153929342533
0.8259360190169917
0.7693855500137161
0.792873349750517
0.9014802267534545
0.8402156862577588
0.8807127747096407
0.8199292857116417
0.9037919441595219
0.8712933723938989
0.8246988146341606
0.7909267317171305
0.8399802811929526
0.8200808015789697
0.8091886790866657
0.7889476687559247
0.8477347645321391
0.882600088445888
0.7915933082900586
0.8606147725007789
0.8308713383493492
0.8658180840568874
0.8741004116700666
0.8585896899274092
0.8778142810046837
0.8263974153009499
0.7776248406277186
0.8406731113162771
0.373964802869371
0.8524620979466018
0.8170688526989212
0.6674624156894
0.8029650047682741
0.8300875402599397
0.7366231856795081
0.8588770294820556
0.8388292833117474
0.8618890270110285
0.8271598427820995
0.8240687265524516
0.8980016396512781
0.7724244513429499
0.8434242613642273
0.8287322780354962
0.7499726812628874
0.7407709163987058
0.8289583354392016
0.7658512889652611
0.8297344582887805
0.8428656315915612
0.8093417615601666
0.8585803751819612
0.8517130561660207
0.8016484247639402
0.8495965905442993
0.910664862533411
0.843500971513633
0.84019359538095
0.7108091820821263
0.8567608061196881
0.8666538258528076
0.8037918266575359
0.8368468432819485
0.7964854585199197
0.8705898331222708
0.4560287499654595
0.900589180551641
0.8673810707367509
0.8601277327629164
0.8182616151564157
0.8230290409911913
0.8591451943685242
0.8256062558821058
0.807186771397167
0.8951020536632281
0.839910225649297
0.8282115734410358
0.9162630433606533
0.8081846029727429
0.8761226085478786
0.8247999729880786
0.8258185286580539
0.8098096226805163
0.8555215196257473
0.7586831694856828
0.8310595987603604
0.855383172493883
0.8850993233140295
0.8884318630070691
0.8123923002300059
0.8360355847823836
0.4912527631744143
0.631558239940661
0.8825349594000652
0.8349625477750916
0.7290730119649963
0.7623597581507311
0.8579816073329074
0.8772373294081419
0.8428515238591925
0.8749428497926242
0.8450528471584797
0.8307558506327439
0.8884913686127944
0.8005733965766719
0.8973443926656169
0.8723084126134124
0.8775887624395255
0.8609630695056375
0.8551767874759397
0.8109300899571397
0.7464154537576132
0.8898881105666008
0.8317744406479151
0.7169888156348495
0.8210598147173713
0.6690513364041519
0.839123753546479
0.8718967147612366
0.8277461803671082
0.7873256417110248
0.7691032946716652
0.789798092191526
0.8539555258270861
0.7306831916571404
0.7777603303657536
0.845844199085134
0.8137158838260664
0.8479966223600823
0.7989662367680124
0.8492605431326959
0.6083267003928952
0.8442111014894245
0.7940736531590286
0.3991956770802833
0.7998607391066725
0.8864829610577567
0.7762175168959409
0.6670987806035882
0.8211067526042344
0.8409225474398655
0.8109597487282566
0.8400119635289549
0.8106143707990514
0.8590521184582665
0.8418654266038506
0.8289869832120982
0.836529512128457
0.8406011645341375
0.8836574719999394
0.835319160756607
0.8563291948950986
0.8055260895636556
0.8742402133156091
0.8163074040701046
0.8551166357981406
0.8609509645968814
0.8313437130184513
0.8481359992203552
0.8153780805619137
0.8479182607545692
0.8208580185229677
0.7550249892568496
0.812055334616673
0.874087604779485
0.8147326288774122
0.8810926103531371
0.8516367942308272
0.8774639582319343
0.8270508670869041
0.8755843920990831
0.8467988690465413
0.6772087657356703
0.83719117554042
0.7844389263188596
0.8140854894448637
0.860149758677434
0.8471018513892679
0.8733582188829887
0.7985839711905198
0.8186888953761557
0.8208918690489627
0.7620292162176305
0.821517877755138
0.8092414258384921
0.804896159825
0.8806428715117434
0.8229146160316729
0.8745274104215264
0.8015250674025671
0.8291071233434191
0.8265577699777673
0.8185659750153391
0.8153046494442501
0.8383659118151858
0.8614241548312206
0.8567675412298583
0.8291148374898469
0.8953896069430606
0.8509408877067413
0.8571785139649106
0.8629105731433315
0.874439110619468
0.8519242619040013
0.8587952324733259
0.8605963152211145
0.849311382637268
0.8291142826993667
0.8780561514667007
0.8404549683024282
0.8750699561892752
0.8227832642968591
0.8275177427444748
0.8342253770632857
0.8222237790551004
0.8795681124313997
0.8121127053873312
0.8807895479752383
0.8021296090916957
0.8291581880366905
0.7407124538332017
0.8893230130081162
0.8531526721342362
0.8560407485857888
0.8399035910121575
0.7884633493417305
0.8453066809808405
0.7455113764086265
0.807311726574089
0.8046107553136632
0.7031067754225899
0.8204390876221322
0.8591906304080787
0.8572473406928558
0.8295448290197742
0.2760057637188653
0.807170654928939
0.838417524861829
0.911838834613213
0.8405302366395585
0.6559667699091978
0.7840599013669891
0.8353314787382569
0.8779431179277832
0.8422086712135035
0.8531719378292781
0.806706779083908
0.8469060199848111
0.8178759975909489
0.840497524477169
0.8527394144475761
0.8259935565681712
0.8814664510895648
0.8601541327777598
0.8920075741519953
0.8992294522196176
0.7963399355430616
0.8464139805806576
0.8798882846528224
0.8755513970317111
0.8207156894365298
0.810719332981862
0.8180286405682635
0.8969278981602994
0.8639032492532277
0.84137851153257
0.8213160200985519
0.8177667652576279
0.8398511259306148
0.7983159329824072
0.8779798734585249
0.827883113323464
0.8745673164506631
0.7972454364261838
0.8847108082285816
0.8436686767918328
0.7953732416422967
0.8159397672792383
0.8586005266251779
0.843925564474759
0.877234318969154
0.8304729732668299
0.8297699343909206
0.8735149868158264
0.860647660543904
0.8328399189513891
0.887555679793214
0.6959470586979819
0.833657288659949
0.8491236454839103
0.8273320381966267
0.8515395224893658
0.341144816820087
0.8236896210900575
0.8031904065148243
0.8303056601117749
0.8481710534331187
0.6535144011227445
0.8721405303489506
0.7767342618458178
0.8365794856294255
0.7413467056883154
0.7877837434107847
0.8741910080005756
0.8081919591958235
0.8384326850606046
0.7252488490259716
0.8195731957780699
0.8597845643172612
0.8307792161163052
0.771410503208285
0.839695243650237
0.8096438515529979
0.7997312032280648
0.8277662129494314
0.8869693707552193
0.838050641442903
0.8312580666126642
0.7581730548005432
0.8303432768819148
0.7298263812863781
0.8570544874411262
0.8583024178472951
0.8104628348505569
0.8670124442620479
0.8262297611497724
0.8513596854975487
0.7801136857547551
0.8323132047372076
0.7357481580466458
0.8888844212242096
0.8820456775646743
0.8202034807528775
0.8769958328357061
0.9040331361204106
0.832355685017188
0.8146593810759243
0.8452990691919324
0.8818221341428997
0.8430911089921368
0.8625231024776361
0.7854275020097081
0.7628731140206773
0.8333287837956767
0.8050376115535947
0.7656953477946569
0.8389440792230554
0.8702796023338959
0.8506763465298222
0.7396567057531672
0.8507031312873476
0.8040167936621756
0.6680713986950144
0.8467788375987444
0.8709063446170454
0.7385100412137576
0.7457404687262429
0.8193539884736027
0.859341223727476
0.8192896407936121
0.8022186198932271
0.845454312771959
0.8404607264302634
0.8074960648883822
0.8709097610499357
0.8856146270904233
0.872968487340343
0.8497935269634198
0.8653248515758234
0.8380424487265985
0.8685318093302943
0.874263934754719
0.8467898350460071
0.8909912066543818
0.7588776770265424
0.823120105213129
0.806147438506039
0.8356395796623275
0.851088077977775
0.7945468123461747
0.8105367131260355
0.8850676070715424
0.8781761244743422
0.6940609558184865
0.8652662706650165
0.8180282927533223
0.8428274312216777
0.8247403316758497
0.7253044493788019
0.7541040422317475
0.8006690693187448
0.7885082103047047
0.8176641686200204
0.8561397881411421
0.8428727155191609
0.8221929361184499
0.8310344462806927
0.6949693853354074
0.7957383930083859
0.7731698336330513
0.86700517014347
0.8590221563792009
0.8025685206506
0.8631201093409275
0.8566401161738034
0.8381275679845546
0.8117050746548731
0.873578428396394
0.7664657839241267
0.7754850753921085
0.8600653682579116
0.8397997095239199
0.8128417084823006
0.848010646936384
0.8141817778718317
0.8709753447041151
0.8487746967962493
0.8323500635527327
0.8861421564831516
0.8091427716729678
0.8418651117367841
0.8096261047001743
0.848411083129736
0.33367763882866375
0.8485986165194168
0.8476717397107462
0.8707818130636081
0.84806989960561
0.7760621170454773
0.9091623329678182
0.8857951735511513
0.8696544556232526
0.8656829148147125
0.8336773591463991
0.8718783234943568
0.9009614332909739
0.21490351556218326
0.8580145063544855
0.7592770035295984
0.8141358907734652
0.6755551468704561
0.8367641215380508
0.8663260534349284
0.8607687829423493
0.8325210776387957
0.8115148783097978
0.7822170958340275
0.8620212632336098
0.8548107101288946
0.8574957334089148
0.8780403496272569
0.8663294538367134
0.8339350433741496
0.8107478346756741
0.8516114710731871
0.8888588149784762
0.8006033424022962
0.7087346629301454
0.6765632391738968
0.8610104705895025
0.8781124350296869
0.841433441608272
0.8365752902369403
0.8250544546436462
0.8770319484765359
0.8070569878782892
0.736998943926279
0.8558901910531252
0.8825823961239341
0.8611399187795173
0.8111772007904686
0.8842316467091607
0.8712934927940235
0.7741285522290429
0.8380911246568314
0.8867003949073622
0.8321219439837407
0.8156355347610176
0.8540593916559487
0.8043457032174604
0.8344458619699887
0.8276324797931232
0.8239130166625823
0.8544150250064868
0.8187077815563514
0.8898514605029282
0.7956911014281076
0.8422558459929541
0.8499986519114099
0.8229095562337643
0.8723982296466869
0.842810533433628
0.8650173045499261
0.8446379080199466
0.8938310166199686
0.7974572264784603
0.7852215385524428
0.8808640257666132
0.888843223471198
0.7137135653041312
0.8637250083363726
0.8867497843635972
0.8448112345906396
0.9104253371176826
0.8554697121055554
0.8645546602843144
0.8333126510605788
0.8590339844645438
0.8475035544420633
0.8074590585813297
0.852712985855995
0.6995670815908125
0.8466604956112895
0.862038384436055
0.3900167684513303
0.7405959154733643
0.8839298855142915
0.8492558410306256
0.7899084573876303
0.9008971155186389
0.8629948728876056
0.7944792645718659
0.8950539309784065
0.8472742624730105
0.8337961609715846
0.8811719299494434
0.8694547649842252
0.8432182037052485
0.6616360182069051
0.8384229410005843
0.8178138602933134
0.8481964705324878
0.8463916730500163
0.8465428309841108
0.8799524218139594
0.9140702261750291
0.8454021210943139
0.34734567070388556
0.8551509379526192
0.8956802853605541
0.5477520956033892
0.3927836058245432
0.8452771240031074
0.8370423779597373
0.7933155595271429
0.7741391835465363
0.8108823551954412
0.8776385513392979
0.8305082157023813
0.813986220739893
0.838016748393574
0.832901977734297
0.8124295416853934
0.828494453549685
0.6591872704847095
0.4460837397926696
0.8141686789838842
0.5727032284202556
0.7762005144282056
0.8733281947649851
0.8245123257709993
0.8961713523576229
0.8661650363399277
0.8211086005797609
0.8054010118532008
0.8330327383737453
0.7918985039145039
0.8596376783587081
0.8760655679397706
0.8621079838558836
0.8039410287015407
0.8061146520784079
0.8417155987969811
0.7916363520483193
0.8476983593096417
0.30221170895258676
0.8690336026854746
0.8699931272687496
0.8355668213767664
0.8061121359230312
0.7897321904624954
0.8104131164843922
0.8707555387811757
0.8199107076798218
0.8735132734958858
0.7947802817370251
0.8541572668154682
0.7997477941521363
0.6747591243375414
0.8892738899468953
0.6683383765967079
0.8355833195403619
0.8703305743571657
0.8474860711593992
0.8773793982915259
0.7280015728077782
0.8637470757172395
0.8074147283153761
0.8920134978250516
0.7935717551812225
0.7894158998098051
0.8529479920128578
0.8056175991277834
0.8398527792509065
0.8860854203090369
0.830769231325065
0.8807760624593316
0.7946743327427511
0.8203557677930807
0.8523947857277371
0.8486104006835318
0.8340783079470249
0.8053128924636729
0.8422207879377355
0.7951830867346141
0.8616507204049595
0.8804950647794016
0.7893570107575596
0.864953121270341
0.8565745928433741
0.7204095116276752
0.8813779748437297
0.8168191451443112
0.8316390577326048
0.7877329223403817
0.8298155635081764
0.8268905089623131
0.8344598261951239
0.8451625186251759
0.8406630184878461
0.8469605170580767
0.8680597533365453
0.25142296473143894
0.8339576507391917
0.8341536109096633
0.8561852265852831
0.74639645673929
0.35206922545710195
0.8767662596871281
0.8642225589692769
0.8698026792492424
0.8565884676275828
0.8439969803317888
0.8170340340370648
0.8790174636132284
0.8825021757053679
0.7822600944738216
0.6732750200022783
0.8758950756620845
0.8445659957329871
0.8999744805218132
0.8348683261072547
0.7321545811209366
0.8276883756416309
0.8504830356891557
0.8046291655327812
0.8341946935790131
0.8651477432229955
0.7411745826858006
0.7923727581814655
0.845975339239125
0.8924991856216592
0.832842203204073
0.8397738328053708
0.859340192170239
0.7349102482243
0.8642370537014661
0.8285159304302933
0.8547153219446731
0.7746751401869143
0.8103164760284622
0.8990624088393123
0.8020855874242749
0.8620503301171807
0.8370795912880357
0.854368241975989
0.8558831060428516
0.8534573099680367
0.8015871463598437
0.8329201798561392
0.8746364378973457
0.8866105932626462
0.7873785110077565
0.8009289543125677
0.8364079765109586
0.850360410604163
0.8128978789424559
0.6957409221097887
0.8229819284136985
0.8335586244756364
0.853335163990575
0.8525500828882976
0.8361504500908898
0.8217304606890206
0.7631720763128031
0.8542185546756629
0.8024079263699619
0.8181527525231689
0.8783566924792261
0.6980364420052438
0.8048779035091147
0.8172315292868576
0.8961456326800462
0.8584879339898501
0.8048599266741574
0.8281261646281055
0.8677368642284089
0.7941265128321984
0.775762915773436
0.8768110389411202
0.7640012438346107
0.8166413801867958
0.802803107220636
0.876426896429396
0.7395645562073754
0.8467597310578803
0.8036972012319139
0.8073254521649749
0.8263915579325195
0.8791913734191498
0.8703285214339324
0.8425432608062406
0.8599203744823523
0.8030986445357395
0.8205523331956834
0.8392022902612386
0.896637826717182
0.5408712318990176
0.8177780426246506
0.7876556979717216
0.8438379299951547
0.8660543363892355
0.8188694986855792
0.8745638020179343
0.8923059429213249
0.86380330429438
0.8636610990249589
0.8348197645358171
0.8503036342525482
0.7797781038523732
0.8709794846248403
0.8351650569627043
0.8505512310065975
0.8588082327748914
0.8584338442651095
0.8219159916120469
0.8286560602740759
0.7586550885799568
0.7746580205211886
0.8075978001019917
0.7028062380572939
0.37074844546402674
0.7585704367602112
0.8765434614484678
0.8258462434257059
0.8272156684159813
0.8200192664271873
0.8205203383801742
0.8040354537302874
0.8227836861412527
0.7731859135894371
0.540201613334097
0.8798969949808335
0.8376343788050221
0.8475200820444813
0.8299654424395946
0.7208091557725604
0.8586356849997134
0.8614679173709727
0.827683989175102
0.7808503909842353
0.8201031257596649
0.7210332213569853
0.8085786983136584
0.9061920130573264
0.8449298398410386
0.8464698497428389
0.751351626723511
0.7227217785106148
0.8533128929620133
0.8521342983660862
0.8021518787931585
0.8199028453308208
0.8262877193729918
0.8077431211356714
0.8645405532667627
0.8820822308741807
0.76339721911386
0.7951795448379375
0.7741261489864903
0.8563193419855617
0.7866580112051725
0.8239405768949603
0.8762582223545899
0.8419346187756866
0.8374135078508352
0.8232444140390048
0.8489790058365158
0.7583723102645182
0.8495131581890498
0.8234956653966499
0.4543043630863659
0.877493063222406
0.8097123162756197
0.8193751239611878
0.754815080283527
0.8324651668237877
0.8072574116315905
0.8012171850630849
0.8550278865738676
0.6767358189754146
0.8167221290274169
0.7976026137066562
0.8268092729444927
0.8135197415935789
0.7457952443210424
0.8513683640911406
0.8473585058967223
