70
43
53
50
72
33
44
35
61
59
57
65
70
65
49
47
65
53
52
13
56
61
46
42
62
50
58
51
58
43
53
56
60
59
77
28
64
67
57
27
49
54
50
53
46
56
74
42
48
54
54
39
45
71
43
50
64
64
44
44
63
58
65
56
62
57
62
50
69
65
54
61
60
69
47
55
53
56
65
57
64
53
52
56
49
44
74
57
49
51
55
54
48
60
63
65
48
51
61
43
61
65
48
61
61
59
47
43
56
52
47
52
65
64
64
57
58
51
49
55
46
55
58
86
61
73
66
65
41
33
54
62
49
59
34
49
59
67
50
57
60
67
51
42
40
50
59
45
62
64
47
43
48
59
42
35
67
55
49
60
61
57
70
67
72
51
42
55
65
56
54
44
53
76
45
65
65
44
51
73
63
51
56
64
53
75
60
63
34
45
60
53
53
51
44
54
51
70
50
59
59
48
49
55
67
66
58
51
60
79
51
74
65
52
48
51
44
69
65
56
52
48
51
56
66
47
54
55
59
56
63
54
66
53
56
48
56
60
51
50
53
43
55
60
52
38
57
54
55
69
46
53
32
42
46
65
58
57
55
47
55
44
65
61
65
48
57
53
64
66
44
43
53
62
67
65
42
54
56
49
50
38
56
67
41
67
45
60
53
52
73
80
56
60
55
48
39
49
53
60
50
41
71
46
70
56
57
49
52
45
69
53
59
42
60
42
60
49
51
66
66
57
52
40
55
53
38
28
41
57
64
47
55
66
51
59
47
72
46
66
47
52
56
59
63
60
75
61
46
64
77
59
65
61
57
59
68
45
43
64
51
52
62
53
46
58
55
61
38
54
55
56
59
39
53
40
51
61
55
44
47
51
49
44
43
54
71
58
48
27
53
62
60
70
48
43
52
62
53
64
39
53
56
50
27
69
68
62
59
66
65
61
60
51
59
60
50
53
47
58
57
54
48
53
59
68
49
51
74
39
54
63
55
52
65
39
40
67
51
64
61
61
58
59
46
63
68
62
64
50
66
49
49
67
56
56
62
58
49
41
60
58
57
57
53
39
74
66
65
52
57
59
59
59
48
53
60
55
71
50
60
62
54
70
52
55
55
66
54
56
51
47
49
73
58
48
52
71
61
69
60
52
54
55
60
60
68
47
61
73
56
55
46
63
59
65
58
54
66
76
62
56
55
52
51
58
48
72
66
49
27
60
60
56
23
60
42
54
64
56
71
55
60
62
63
72
68
53
52
51
45
66
66
51
60
61
77
56
70
60
51
48
63
61
46
57
55
70
51
59
60
47
51
71
70
58
65
59
55
52
39
49
56
62
43
64
76
59
69
58
60
57
63
58
69
61
55
65
60
52
83
45
43
62
54
56
57
55
64
53
52
55
63
46
65
39
69
69
56
55
79
56
64
62
56
60
63
44
62
55
55
74
71
50
54
45
59
58
74
56
77
63
54
50
55
67
59
43
65
42
53
62
58
72
50
44
60
54
56
56
59
41
66
54
63
68
42
50
59
56
59
59
40
52
41
55
59
61
64
49
45
43
59
53
60
60
46
71
57
58
52
59
52
45
54
62
34
41
65
62
57
38
40
60
46
50
54
64
47
44
61
60
57
62
56
52
46
39
49
53
59
65
74
65
45
46
40
71
62
75
69
50
50
43
65
53
54
61
52
46
64
53
56
41
55
65
61
31
30
70
67
49
65
44
46
66
52
67
50
62
52
71
61
56
57
67
60
56
45
58
59
55
63
67
51
66
60
45
48
66
61
56
66
48
53
60
65
52
52
67
55
47
45
49
59
50
65
44
69
52
57
46
54
70
57
69
60
53
43
51
52
71
69
49
74
57
57
54
64
65
62
38
77
52
42
58
45
56
75
62
70
53
56
55
42
49
49
65
63
53
71
60
56
49
71
54
50
64
53
49
74
61
60
60
61
59
67
58
63
68
57
67
60
63
51
70
52
64
62
64
49
64
58
57
42
63
61
49
59
45
66
66
51
63
61
57
56
40
64
61
63
49
41
55
56
71
69
61
57
70
54
68
60
47
58
63
48
53
29
33
58
63
51
48
49
72
55
63
48
59
65
57
56
67
75
63
53
31
68
55
55
55
63
63
60
60
52
60
65
52
38
47
46
54
46
67
61
32
44
68
65
67
53
56
58
65
26
55
42
66
52
20
62
47
63
56
62
66
53
60
64
41
68
69
56
56
64
46
58
58
55
66
62
61
59
58
69
47
57
75
69
40
71
47
52
60
43
50
54
57
