23.772259978395123
23.28522129118171
77.9128925207691
18.543713675764053
119.97056419378474
17.438597539405592
20.54212206313531
27.97246048697764
31.910277399257946
10.44908063049437
591.8684650689412
105.9763538611411
7.029644115747182
31.53923828827945
17.371025686153317
256.22027353162116
19.7559602459275
29.996278395250087
17.54342739511906
25.55987902849576
120.86674665539657
39.13124778741228
55.774017862827975
147.71634410257724
75.03149185857322
6.0174626974549055
29.960615565028874
9.475656516493235
205.49771256000514
35.96927350503856
51.85986075871018
42.97799115922419
31.214056904942773
38.5212983131714
21.796521832079403
53.08419590510335
87.4917136363002
18.897238917926124
22.13213008111634
39.36282380164345
11.434724412824911
25.32265438889397
102.76338671133783
26.54909392239928
13.158464075345803
9.98141884894344
62.062316558607826
12.126414516981049
16.675984419178114
19.871033011558175
106.5804807479254
32.45145721816682
88.15901419662326
22.146276533306377
137.57318114549025
26.184391700189032
14.936753911249383
350.9146165397767
46.75591913589486
25.905187927138908
30.901677297697645
21.550230404373913
3.1686248258532554
23.41289492647004
30.68623073810721
87.18892498636032
56.76058070047347
20.16125297862347
58.13606707194953
15.69674455076958
105.90765026939836
46.65750146888309
32.956192711173756
11.17630432534548
33.66025335471864
25.57266066362831
39.784913206811915
104.58243438565671
23.68441833041832
16.410940667819524
305.5043058337218
33.186848853611224
12.798987964502663
22.28044026987374
22.93615036955886
26.798231140197085
28.256523066160593
101.37081719868725
588.4164898730967
39.8035718933771
45.79926614387399
12.350467118249599
17.09169439535759
29.599082233701797
153.5097168027517
476.5884640879553
11.738473540934441
13.736623694844889
433.80675534825235
70.74392917821477
46.43656453449624
48.40101528675933
52.15997921711659
17.71218964291929
137.6058759581896
25.225165544213333
82.46668418899439
26.51966187616392
13.989772627919336
18.05243991441365
28.693780427132975
18.463347432794826
12.459382046256023
24.035704459829407
137.45262419563727
56.235956871005904
8.670486189858003
8.607219942776563
19.460885001068686
60.650655703687555
22.177080791090166
23.258860015965798
194.9281086291845
82.99629922517575
46.36958791402821
56.90239553347227
54.84850499656664
21.12941994108313
45.194989469711956
29.771693955893564
51.5432383415202
62.19199916079593
310.9610424481945
116.86943529157728
225.34974134780018
14.808499457355104
25.06896369269267
96.12285054068653
92.84094981207555
11.620201529468082
20.50549780980717
351.4031680015552
63.70811228200606
166.9188155764105
39.86274187728006
148.61597187935297
44.76703303060119
13.221226843400979
22.524875090725455
33.71496712020597
25.469463230526873
19.76832643109795
13.570778403587958
69.06317158611013
30.417110933161794
48.447260032085104
43.095127243760345
7.33953209457915
55.44729003724384
37.76527476749552
24.775665751969786
20.380356009444665
28.709997974684736
39.28835985360801
16.3857478832826
42.821266504492094
18.645179626361024
56.479727394031194
23.426942268189237
16.553455475912127
34.0349740903204
37.70623986451447
73.19573056081838
26.223793002817338
12.747503768272857
79.18377782885638
9.499294389652258
20.579130573921958
85.69710527650966
7.172889539566457
15.467917564591115
19.619616204410274
17.16492059739566
245.3282854438815
27.96434421462052
155.18800748472566
28.459022990483923
19.678249263066846
21.50003829055067
99.16304330727783
44.769940741561115
63.56383815852354
40.336519123868506
34.98971501988006
18.43426477553664
11.37816832814171
7.275316631085471
31.244450851915087
316.23407687659375
73.25164830773386
7.212648409618131
22.67984329046227
25.523674366060064
18.399904831956665
33.44174227429688
29.506732892184463
38.57678402416369
80.46927428479299
19.940945791217647
93.02085646126969
119.87467119285849
19.04910072495283
202.604135225046
40.32732154760829
67.72207637579345
18.406338973568804
7.725269856752243
170.6413970335619
57.934730050837366
12.981431984192254
27.238889868223886
11.15678310697163
19.688951868913474
42.85540279114662
25.394845321619165
21.159425008905117
21.184691454182204
36.63601023223731
59.186388402395785
10.998674549735837
128.9190765154418
21.315514866987048
32.309399131498324
25.221999337459387
13.742132474728832
20.354083359332783
6.114612796740982
64.02035748325218
41.675961542018406
27.993480274093
32.55893072553601
79.75982928779625
19.76429281002327
59.19343023709496
21.34496680585424
31.726245580947086
50.182301660897096
19.44593523669723
31.420012141374322
95.5158308131972
203.9361956330403
139.0871905011133
48.19010211342561
90.17835124751382
45.442377629485996
19.079502550012958
29.13881446558678
11.55209131999837
20.452972052744773
67.84054643020818
10.822741298811785
33.54637375391686
15.637246528062576
20.053507765988478
61.126412598237536
184.88771736375236
132.18566741818492
34.146076292352305
44.46465857087193
32.65522578059121
14.227886008138665
34.03081394395149
58.25301027846537
8.871585227432774
171.6460288047937
24.74302714313484
268.19388404378344
19.408804934843605
69.46320074311333
57.9053999838997
35.0463130687856
11.438113266434243
9.24113083287603
43.03079085544314
24.22912482966343
12.020716779726092
21.84254673421154
29.602071903509106
48.36139039534825
198.48306644330302
39.06008804071927
65.6235763799523
9.88929809034757
48.91859406845406
17.145663868697813
10.325362596829601
35.29266296508855
14.055498766562355
61.90124968149698
19.08314363920273
55.470499831725554
54.04779308868293
7.126636034136386
20.818655725789753
17.443905489377123
27.200143576440407
20.824170630049103
26.80951455282705
25.739133991664904
142.75315474004054
113.96160820423196
26.946272433747247
17.159409216352845
42.56043212157064
19.592691892215605
30.496853904627926
22.927108236301716
20.737233223062113
70.2005390662524
787.8522494383116
81.96545432807551
15.669090754491132
38.49585911380951
32.031954163199316
79.30073637903811
28.718062767460935
56.17112075032094
40.38139852914186
691.3307792436184
38.6496305451982
27.995388935124684
22.630770215946878
12.81218134833591
19.7878628492605
30.355000319667216
17.09159122233231
55.66204742643287
19.710412141933745
14.034321440311865
49.1119672192874
51.13705312497013
28.192492700135315
23.41366956244603
43.75380394242683
16.867230647736672
61.62612069328557
16.514569354305433
173.40481316034501
21.68629303285101
95.46678674723148
76.6669031765259
30.01442912767212
16.71169504787025
74.88923619960445
28.85556894018896
28.050553946620713
67.32045751749423
24.20339845328277
17.448883279784862
14.118113709591567
4.902068525146905
105.21165290626475
33.099095910340694
27.981461205103415
19.813389921002937
46.21277252576847
41.086206078311875
24.137025762626642
12.793302414794534
14.691962551620497
31.399870843981613
10.331106305275352
15.409219931057233
118.17942047402168
52.93179400462953
30.794277821897673
12.18276142677942
17.69213854198972
31.220135038167992
18.011204255721193
39.41730583926966
25.862512989493332
25.58806518430643
32.78100242301961
9.552044268037067
67.50790780467118
15.762568919340627
15.757741065199486
10.303665635408287
15.344000757643851
30.464957636891974
345.67648802535666
182.48794601661584
85.2506636870126
33.50023325378577
15.220000507763032
12.60430861198731
9.996628956342468
16.350185758998624
151.06091695333285
48.667969461016284
73.86777270289639
20.498658228347775
23.873520643125232
9.654662502397525
23.541111129942593
33.609948390988514
13.782017106633388
120.30908199479545
332.13752962160345
92.71934085262092
15.565399225039753
234.98220405219206
45.40367948066775
58.86156597432968
16.861784027774355
39.298179555893185
13.996967411774156
11.961844625053102
14.334598222284232
10.538304872565577
83.96494515133304
18.81864612913274
8.376320789495592
12.817575598127746
86.41032705270398
101.77215940686777
55.5360728186029
87.62763394074726
19.864059665487442
162.33140953011096
88.05278275427764
18.33491645329995
179.04969561176128
7.666170271270686
70.88562186561111
34.62670387217743
76.6345808616402
115.57196345412369
32.27632488319781
17.749666980412602
14.358066167195817
19.595753575751857
24.742860819049536
15.496721529441192
20.938005423179888
14.834039849197081
146.03310066592127
11.991424288533697
37.36105459870495
43.78378396857124
110.0485498440218
15.915502961332404
43.874490461304376
16.837050524193998
204.90561650184802
225.32701182830775
14.412875040998948
54.89168220812348
107.50338708146838
40.06779081457388
19.7107404940487
20.340216369523677
19.676956506672532
53.60065912002144
20.113549123793966
24.527103979747924
37.87773137279519
20.26186509577986
50.062874001945424
109.21393650264129
55.334512960761764
36.74295722779414
12.425816650061497
27.62540254550185
18.255032849086664
20.11678927989155
49.77375756559681
18.052991028279326
29.557135926826785
118.93200198501363
22.298028395405836
141.18905856147
14.522319901153535
19.846229831343763
65.35361144407959
73.41404346154101
27.49834393379738
56.57450315710799
55.2342938127718
100.51370495265944
26.69156997223904
19.703692539399356
110.62925399350485
12.902048942309923
30.03975079986245
36.266631536365324
15.911010568665509
156.01081558455712
30.680957758029887
40.54001654408681
12.10204508748894
55.44035728511413
28.28033437072081
23.808467331631046
28.044953574318175
51.73364825439713
25.635634539539662
29.307338070696876
20.01395476460477
18.617366063877537
13.16185282464588
34.10322433941571
21.86903737209391
12.47270304313222
24.186147760056972
327.31413765345843
23.324728072246145
472.9472498001463
24.31991438091407
155.10273595667027
9.913658637544456
12.085286457177919
32.0786446950419
22.092361777489486
267.64216874466194
81.26328938786996
312.1123092950497
58.208571653847805
13.13013447693242
15.386793503861448
11.866222714546046
15.972757366725567
71.5648887891362
13.068649285029055
66.49952059975571
163.14798283323825
81.94273089049311
95.87655065493428
25.404269664908753
22.347827565037765
39.061754435469425
27.20398274806202
33.022479348702866
17.83839558496756
13.599385865621079
43.08720176659106
68.6177342189158
66.52848304767224
71.74601868875294
20.941155117238328
116.24465915726505
141.63558377470645
51.22514590441018
5.948247303629145
67.76321881978167
6.89194104637731
101.3705838029528
73.64473867404065
16.32681146455546
16.817230643908353
34.777611973626726
48.012196345313335
39.95243961618453
64.13601020982296
174.5628128094405
27.632305989091698
103.7959220815493
54.54898856040568
35.40284275462686
8.301252945395786
27.718906202642657
30.666789789984616
17.12324851027317
16.186019880950383
15.345117030249762
31.733989868710687
15.801698586588778
142.01980463012632
16.271876688807513
25.10967673103622
23.906524143892533
158.5954935830931
19.286531934726554
41.20394346210862
11.571172598157132
52.10154796007632
25.003668064728064
241.3337795136025
10.731031812393121
33.20020157476981
16.244520686809956
280.73285604975075
189.0303514811614
44.26425794253139
28.476155505744586
70.93622279946537
22.193890926642116
20.52554729192605
92.9262409572995
21.008714383266472
256.04051826214595
7.457612515723332
23.04939884036077
14.137712412208439
43.17486982286836
12.036654691993364
35.29032816061797
47.66761909218537
20.64716741712308
27.700523847797186
13.259616569357005
58.57492977927555
307.28145226056773
41.03187162906364
20.86045558550269
40.4055534752143
22.51546793657719
13.067840292392555
58.46052727517883
29.064662911116397
20.74503383776011
1.9953707190724226
46.675851175558705
47.86247121908994
31.901676575631353
16.906669052790765
34.17474359192424
50.45756632146615
40.71189336884663
111.55619163816621
40.66847424740847
29.57162710986512
48.40237023963954
17.090870469863365
99.56285141697913
47.54867515607679
68.58785133674505
25.85424568699311
14.511573230041165
60.107104864342915
25.603373716317222
39.44765347480521
36.594172782472654
13.166862740982008
20.213395606732288
38.131353079946685
101.31053478458323
24.364772605923477
98.46509734733543
40.868818419328676
32.088708402602876
104.28862133568576
47.75353820720705
103.4372282749022
32.14482197430715
162.82053022437702
102.0955951560892
42.57844366506288
32.06872537000291
117.67712048227264
37.37752174095137
13.48857305928706
21.619891953220094
20.14380980035149
43.60707938262588
18.95212637283821
63.72969940102892
19.043682260791044
14.838689670710155
51.87250625581142
21.749685850583123
21.901731268797644
20.184703150479315
12.188315117478588
84.66103183112487
36.59106165137689
89.1142261662028
18.22797514748334
37.23024006896983
51.214720587006184
45.311218559987275
35.133256822311196
23.585499901773648
364.48407653813354
75.86778199274846
227.6466310964049
29.042248497726433
111.9994098826647
25.327916606656203
90.52719012480175
30.946207905904288
12.349663203287937
40.15630807712336
88.51761308376868
43.174817100560176
12.590891037701798
226.12538138972073
67.01748206039801
55.02725441844088
6.359511564369491
57.65558885984019
28.747060498655916
15.848726288613916
116.40104743484348
176.67397303871724
23.47709894661975
47.20376999958829
34.222063287563245
15.299687811061807
19.960184614242948
46.62977312987139
32.596224766357786
15.747187291442334
112.64144291001283
150.1835379853261
52.40575747266912
134.6344699345953
3.040739052383901
28.947821231449563
5.809842034684943
19.49507467315537
31.62625289733966
63.448298396008
31.929179796931262
105.2921756393752
22.522857972430128
5.016613466791729
8.709336125355467
37.66000216043641
84.64594031149487
29.10477724826977
15.995549235881986
15.109706727864836
7.53478003710209
47.697306549325006
104.91788730203614
180.23279819159907
18.35979946124594
26.52816698716147
28.846805291891883
197.89373163478444
27.575060727329884
23.380029446380874
13.621788823439317
15.493514992111136
12.623255913979495
14.954023450228961
31.937119311440075
51.51609134971847
51.66794975599901
83.89129341362509
31.452322644484806
17.71137723544699
11.273501810984621
23.069304434054917
14.310388517545514
405.01805499008043
26.050638056052716
66.89389173533534
30.840792396054212
25.54148311172813
83.87751879392313
17.911705980916206
44.489784097817605
52.43191825692711
118.26940411865407
60.97068315331077
32.26614291502714
20.80148944551092
15.530299191522825
14.540153170112712
22.07055983674895
75.36336688795427
24.114471840040462
43.26386678781901
18.541993615665287
16.393538273095643
27.98930351264053
24.905863889359793
26.757469933010203
44.47968062229587
16.295603269183612
30.796029390743566
23.788031792522354
19.54743818937083
52.196385595209385
50.10178077548113
27.81022428310699
27.237122477579046
175.28961611864779
65.63074821754815
29.061858073975277
30.53206829428862
19.189147766399667
195.8945791425866
7.2157781849114135
60.256547271014675
126.01366338906425
23.95468268869469
47.5861691013821
104.40120549859975
72.87940572531
322.8848893673346
29.46687735424391
22.9498420178599
5.088265564577145
44.20207691496878
7.2157685010936365
98.8322044568429
10.232910993438825
24.492808157404056
13.561854618342961
43.072342456169466
24.148595744358833
18.576382941314005
23.288636337522085
15.185935416972368
60.800126741671036
12.584419170637378
99.6048722568201
11.606834222253008
26.598429575761383
286.94759358530115
45.380397838025345
296.373813436059
113.27792678492983
51.554061083891426
35.780004241779714
16.12720304588556
24.63311859348644
51.26189484183532
44.83668500173695
14.201903391488461
37.80970906892358
12.108778850044711
54.34411432361074
9.974449427003403
148.81174974076998
52.520673287229464
19.265590200200307
69.19864524508377
8.930826257065755
27.036151202694835
11.513724468574342
10.732786469248792
91.55783813939094
14.231171682578662
886.5894907044463
409.04651330379244
55.83690330637606
15.476130718036613
33.34676645766323
37.71379726871228
27.76559877144026
17.80297527150998
54.168302663837295
35.35740552031085
86.75624033286294
23.816567640326856
334.7071461078321
122.31035317125236
26.13811375945041
22.29477769777746
29.681179426388255
23.914911925591866
84.39506831720783
49.27092499214949
383.98237552118576
29.762741301533847
34.76346402254296
14.629646791818162
15.884361445188967
76.30658482071415
49.30205693906765
14.68888444671074
26.088366415827874
25.524904753455782
19.819870761343797
90.7926154008562
31.92695795675497
82.65864864216026
41.26112095841349
28.882239575377596
32.565755142679144
20.6014832368653
239.59245435839765
28.594838659607287
35.91147305581313
12.411677920155087
102.00599447523751
23.258769360163974
64.28993385242525
32.60262784801203
106.65323639600012
11.8764620507433
68.1817097696897
34.185937663932904
43.45983496368234
19.312189678135866
22.015844413438323
195.96697830782034
28.814359315311897
60.02181208912566
84.69574384073123
95.17810729702185
63.603093480816916
113.46288882098403
40.9315761928408
18.853945009825708
22.766407126013902
8.333523332486639
19.993993839755106
44.955817806550066
22.744629928783052
61.94018861178149
29.325523394356704
183.9324325757537
12.429439421518348
24.72542452076529
49.170487590648314
34.62892733100522
36.611746745781595
61.97050973231993
97.75471360946577
235.90289117023787
14.736554542204502
29.935347824944415
19.96677690710383
15.786459316110886
235.38178570741854
99.58513917082934
43.76429050552756
26.69422585421898
19.397471063272246
15.128906893473415
19.952881878804284
26.942189398256858
25.522413099990878
62.12068637362082
23.330804116731414
57.998063024469104
30.465554608912825
18.609873244164433
15.169220708962005
73.49237452914112
24.233966690259056
27.37029335803543
56.46198145159472
25.653812792604423
4.602649519805995
113.55157795595613
16.468648661396212
23.405609993345784
52.71928724780479
10.350511451999932
11.740333821491227
24.700092005054245
36.76597045675369
32.24288636929924
18.409422810043086
24.29368088005994
120.10133906237347
20.48096250601398
213.8623124821815
321.76792801283693
58.49194359905995
33.611852421424544
70.56679926681558
11.712081153715236
38.550833926072606
51.94503370784625
26.11966741322887
168.44048454370625
13.909507568721509
11.83609218930944
253.95472651024318
144.62500273712186
16.98832252140022
54.72879781561853
10.508495341489171
17.196412277667633
28.62404255006734
26.341149907490692
17.145157147889318
29.44571923156461
29.901967191509545
43.282532919022
41.02397099619433
30.346117152382526
74.25648820358896
43.97205275312511
48.346299680543396
19.519327868645004
24.871236643530224
41.42419856838556
24.46155585657757
20.905025149857597
14.83382008413294
26.8093217655972
