0
29
12
16
20
24
34
20
21
0
24
39
0
20
24
22
36
31
43
31
14
38
43
22
29
0
24
28
19
22
26
30
32
0
41
42
30
35
0
0
20
20
23
17
16
28
27
47
25
20
21
18
31
23
20
25
24
12
11
0
36
18
23
20
21
38
27
20
47
25
0
25
16
19
40
48
34
18
17
6
43
25
40
11
33
19
28
34
0
28
0
0
18
23
25
40
9
42
13
18
46
27
0
42
26
0
0
13
0
36
36
0
51
27
21
39
18
19
0
34
18
20
25
0
32
26
0
34
19
19
0
22
28
41
0
39
24
39
27
27
30
23
19
10
19
0
48
0
11
0
26
0
13
60
17
31
30
0
53
0
15
19
15
0
23
33
21
26
14
0
15
37
27
26
0
18
13
27
23
40
22
27
0
16
12
22
26
10
40
0
14
25
21
30
42
9
21
21
24
35
0
35
15
26
19
39
41
0
0
13
29
41
48
61
41
31
19
31
46
10
15
37
29
31
0
22
28
0
36
25
29
19
41
0
51
0
22
18
45
0
27
16
18
32
16
41
31
33
20
36
33
16
0
24
11
11
16
49
41
34
28
27
10
18
23
0
34
12
16
27
19
29
30
22
7
10
16
17
23
33
21
34
27
22
21
17
15
0
38
16
30
19
0
28
37
24
0
24
46
0
39
33
47
54
25
22
0
22
21
0
46
0
24
32
0
18
19
43
40
18
37
0
45
23
27
27
19
19
12
49
33
40
29
28
20
0
22
7
0
0
37
26
17
19
17
18
22
34
12
26
26
21
17
18
25
22
13
13
16
32
11
27
22
37
44
24
34
0
9
41
38
27
17
32
0
0
43
29
20
7
23
0
24
0
28
23
22
30
27
23
31
0
0
0
29
20
30
16
14
17
31
29
0
24
19
16
24
31
0
32
34
29
23
26
16
29
0
18
34
32
27
24
0
21
21
46
0
18
29
15
21
21
25
12
29
21
16
28
9
35
33
35
27
18
21
31
0
15
48
0
20
30
17
22
25
45
17
22
0
0
26
23
29
29
32
12
37
24
20
45
18
14
22
0
0
33
0
15
20
30
13
21
32
25
29
36
35
32
25
34
32
29
19
14
0
23
0
71
35
21
36
15
32
34
0
40
12
35
0
31
16
29
0
57
20
18
39
21
43
50
20
33
11
28
43
0
39
18
34
18
0
0
35
30
14
31
0
25
21
33
18
44
23
28
17
18
34
21
15
11
27
31
20
0
31
51
22
30
26
28
34
16
27
41
16
21
28
27
36
31
18
20
35
12
10
18
22
18
36
22
22
16
42
9
23
31
0
22
45
30
0
31
0
31
27
17
26
13
40
37
14
35
15
21
38
0
30
24
29
0
0
13
44
42
31
0
16
0
34
34
29
47
0
20
33
0
20
38
26
14
48
18
0
0
28
23
16
22
17
15
42
30
36
14
24
0
46
25
18
18
20
37
60
9
16
0
32
33
27
45
0
37
23
0
23
23
36
0
30
0
30
20
23
15
20
22
21
12
19
27
42
31
24
29
0
20
12
34
35
25
0
22
14
0
27
22
47
49
34
33
27
15
21
22
0
30
34
13
13
23
29
37
17
29
0
32
45
30
17
29
26
25
32
29
0
24
16
0
22
0
17
34
28
15
34
28
29
18
16
0
11
0
0
29
22
16
16
0
0
19
22
26
23
17
17
0
22
15
34
20
11
17
48
0
0
19
44
24
16
16
0
18
27
22
14
39
25
14
27
39
26
30
20
21
0
17
25
23
16
40
23
21
31
31
40
37
0
0
0
0
0
17
17
27
38
13
0
37
18
26
35
24
0
14
21
22
22
0
28
21
25
0
15
0
23
36
39
22
27
28
13
24
36
17
5
42
12
52
15
0
17
50
35
46
45
17
24
14
14
0
23
0
39
40
34
16
38
19
27
13
0
26
18
12
20
20
37
52
0
24
32
19
46
45
19
0
37
14
35
28
29
25
8
35
11
0
17
26
19
0
18
25
40
16
0
33
0
30
24
37
28
31
18
32
0
23
30
33
20
24
22
23
25
27
0
0
39
31
19
37
17
29
35
25
12
0
35
25
14
0
30
13
36
0
9
0
31
24
48
0
24
44
0
18
25
22
0
16
21
26
21
0
28
30
33
13
31
18
37
15
0
0
20
15
0
52
27
0
39
15
0
0
32
37
12
5
35
13
42
16
26
38
20
30
21
0
20
36
0
0
0
18
20
47
29
25
16
25
0
0
