0.18985683559633185
0.2054420893873266
0.24819559710306618
0.17252007036740866
0.22589971956234525
0.2027284494908478
0.1648057513708084
0.11242299243303118
0.15768751816290108
0.15454078734092733
0.09523685939897204
0.18117682099148003
0.08632439725900933
0.1657227743022019
0.16928306045180927
0.2964255359952194
0.04047928821727404
0.1407214832319019
0.20045071429395447
0.1749729950891255
0.09899734691495882
0.17021387403567947
0.31578468795281056
0.1370332699058694
0.1351867238545482
0.1746143022279589
0.1652532565258106
0.23966984901809615
0.074878148990205
0.21027212888446994
0.1670716503920369
0.297753236907086
0.1883973463561717
0.1674782755894801
0.25864030368014274
0.10977162964558719
0.09461599311850015
0.155303051016778
0.3047199334384573
0.032046194231183406
0.14728048522204198
0.17950592251313555
0.1853540039153852
0.1035713485270945
0.26959538278514544
0.1642028468948186
0.13859002716720703
0.17345236255685142
0.03988032855102195
0.0845930069721574
0.17799117401339182
0.16192337367562593
0.2330793000062847
0.16614404299194574
0.1657876465000684
0.21717619972437632
0.2595460675921647
0.22721157782773188
0.18242604094980092
0.14052438792089664
0.21967604040246783
0.1130386244919993
0.09540124032840293
0.26043715936647416
0.19218697841561608
0.0823117688802339
0.2208880983057373
0.23139148654542
0.10105659963460836
0.2626827836436438
0.1364772447282913
0.15640664066484894
0.1579371311364699
0.09160540215929208
0.1637177784125015
0.1379187482377762
0.23191767507765434
0.1458627909046062
0.10044802740996762
0.22212744050510655
0.10573795178441409
0.23542123690378783
0.19246770752341105
0.18226033111671935
0.13898307822894967
0.1712564862949963
0.15757220271999592
0.18467276624803874
0.12306290266867426
0.1342762745095092
0.13888137339661652
0.23195075357012
0.17572869977548622
0.1986512529399458
0.20304465807571281
0.1698940890032806
0.038812439119019986
0.2785164840791908
0.17983144321042166
0.17778390115901044
0.24943931859659094
0.26070050884055523
0.16584084618624764
0.08171924339265625
0.06874913046255778
0.18793259402569598
0.15123120757480624
0.1311760661326512
0.2434105407793644
0.26849441044558225
0.27891129502423617
0.17074620544856914
0.26424469503839726
0.185677980890215
0.18768833375323624
0.1522276570601326
0.2668098551840263
0.13417580298125634
0.22414143104882256
0.26907746504218955
0.1679639141948641
0.18120470304069367
0.12101338794111129
0.2893928411083992
0.2078003029344199
0.15350650131854776
0.2715200033064931
0.12300191406385284
0.11385910579495538
0.12488335847735205
0.18522874126676647
0.1507299659416821
0.12894157227183164
0.2518317325029782
0.17547483799567642
0.15530578815481225
0.19453675840209605
0.21426070800592936
0.21168013536063607
0.2195288110422594
0.22333062535457893
0.18021384889152592
0.2713830496428901
0.15107573548591285
0.3027268407343261
0.13377805071319532
0.15808746944721536
0.2524768506714911
0.17268524164313148
0.09415177395271468
0.3281414768279943
0.2795056148399449
0.136451588355112
0.180341473249266
0.14770435124700626
0.07754948417150259
0.16693823374554778
0.14374181758312063
0.09686823743171398
0.0937959653222781
0.16277575422667617
0.30911989711011384
0.12384677050481363
0.2336098497847045
0.1514765328923537
0.3276045820305404
0.08300512842054202
0.14292845754263586
0.15672427499464342
0.1696754302550912
0.10388903152808246
0.11251039023086339
0.23570490371594505
0.20410791909876017
0.16385526706719086
0.15312182066326108
0.1385258641240349
0.13833130003091532
0.27345493472973653
0.33694387133738324
0.1925128598734917
0.19938668205486346
0.1806660957641566
0.14551298689279601
0.1623425007191879
0.17368341271999557
0.14410185103333467
0.07054575497778395
0.13867760694001557
0.3114635002771845
0.1777384784939663
0.0539792888868739
0.15709618312779927
0.13525370839483133
0.2221991550549635
0.19612689851167336
0.13531346728165047
0.10883567704810486
0.1627430087654899
0.08734199019392583
0.1630444041706689
0.246819146733345
0.22513279239773654
0.25658372383859895
0.16578285889770744
0.18767157104049925
0.28143459597729187
0.15158339369755103
0.16285022716041223
0.18094795669624889
0.1816355269175449
0.19541585831705993
0.1716385841992267
0.3212246929065801
0.268583095460017
0.18243970070796203
0.187504631249402
0.257723171996009
0.2030760806898106
0.08947483905158576
0.09535440864259662
0.1552609730656582
0.14541626240679761
0.17774100285326058
0.12421325119385573
0.145517620268787
0.2701722675867433
0.24239867593920505
0.13844460550771753
0.19718617375398245
0.14330488611143927
0.07600347195329896
0.12438646910212067
0.25650966467390185
0.13757057618392213
0.28102508000914084
0.18527253096441987
0.2851293169899196
0.12949225452941368
0.2168224428059943
0.12736812285709448
0.2633168122320295
0.15917636262514614
0.18183035850649354
0.09676229695618757
0.13113032127495342
0.12343500062122485
0.12446481354834317
0.15655699848725071
0.1688717943698998
0.1823651790585196
0.11012338049562304
0.16638362280975233
0.1892301127971271
0.16843203153946829
0.24720062665313602
0.12031600037988743
0.11334126106233589
0.11390999244407811
0.2005345187810507
0.1674204343549636
0.17962149063715724
0.21237698967059473
0.18353755602473842
0.32598018558122255
0.13267012279013168
0.21499482562892525
0.1671640887512482
0.262918020181216
0.18384363229968492
0.0894108265816158
0.04623244139098545
0.3098460589026657
0.099241920125441
0.13722008632288188
0.17851258283288635
0.26186712941967627
0.19900677247624193
0.22049123816632749
0.20819797622833178
0.16538029906507493
0.09751549597712145
0.1790073499524345
0.2263052326118515
0.1697142006655445
0.12339134705380911
0.22747965983236587
0.12723617692309028
0.1844545002568168
0.2706449429728939
0.26230221449393726
0.25248999129669664
0.14200666378670573
0.3045275757783845
0.1351597774359615
0.18869357975069057
0.2988044865005156
0.03236178223469889
0.20780507746563945
0.31261224266905063
0.2570929401629181
0.21079737548774113
0.29436256696841134
0.21755586720839878
0.30275355494964845
0.12664181895414994
0.23424676105314537
0.19843584453275326
0.16224593856416353
0.15452177204183984
0.20694232140812127
0.23004768170628734
0.16832412267747413
0.21238458275212102
0.08133473221467055
0.10631092812726169
0.3148839551589463
0.19004641763208346
0.22938728158479352
0.1547997968841674
0.16595110409375421
0.1859032589306406
0.15522174094464603
0.2170152594770194
0.306010296924149
0.20890889268202878
0.11156635549124169
0.07035922137763775
0.052208139377545516
0.1807686696275966
0.12888073474739278
0.2793651643381108
0.12054313500446044
0.0882544176099321
0.12081883057211207
0.24797813233204932
0.10050921696981806
0.11449016001946113
0.18722009529332972
0.07605643301601939
0.1627898751872338
0.12301026897686464
0.23584560818936157
0.16428577058178165
0.29798131623388147
0.11625911322932445
0.21857037677023075
0.0953164167128071
0.10309359605686128
0.1773617632296212
0.20425418707115225
0.1838393679733893
0.27085920124857393
0.2102386758757272
0.19909955511758218
0.2774412657013061
0.1038401073690211
0.10358563291981493
0.21733561608824908
0.2279849294847655
0.16687223998071324
0.26341061139092053
0.12720958682680222
0.1672483276543245
0.2850754407288764
0.1222109179406306
0.2896066785301789
0.2973444328373075
0.35352336926824895
0.1555339836567929
0.23593374808256976
0.14092839722816755
0.24618573285896644
0.08042887110196026
0.04017543585236777
0.09472978458350614
0.19258210608638998
0.20273983156958175
0.13179079424761744
0.17901091994142027
0.14400690973775543
0.08339022113485776
0.26874656836758176
0.1751263987182103
0.12034742015554631
0.2681066591242354
0.29339453237299234
0.12282527602831303
0.14780732723903464
0.16071877749538419
0.2913712476161652
0.05494464465102725
0.1594665587629909
0.15092188682650753
0.1167747845123528
0.2683523599908129
0.0730049065255346
0.10435673047407502
0.0555780813556947
0.08158426523683039
0.235013218697781
0.29553411392541123
0.2778365809335776
0.1670221017972244
0.15204477694238322
0.22425435317864112
0.07014169404409569
0.07537353529162967
0.07275778003237209
0.1281285140854835
0.12649612153183887
0.09062935726848348
0.13538988745235445
0.07789021835965808
0.10365840251621776
0.13646567090751546
0.2957307330843503
0.16990077396049116
0.16976302933473647
0.2138671616056008
0.12967983537354627
0.14437206290992288
0.14985212664083342
0.04398879002227777
0.10883815982509612
0.26954525519881717
0.12107941701306904
0.18107968933419002
0.28301681435214404
0.07782688540381925
0.24607310177010033
0.16044269292569197
0.15172255963407502
0.18354787734193467
0.16149509888278027
0.12306509885033624
0.20856653516690948
0.21690027711583015
0.21560660382408503
0.28652685965916036
0.1267679895259766
0.2250932534684432
0.13210698779863017
0.14835731761977847
0.15007126849731464
0.032587485243500046
0.2824294508835573
0.12875759225923833
0.19010607987563855
0.17298459024678345
0.10947077669731675
0.19672711188430098
0.2340061141975633
0.16935169210890488
0.2901884793381118
0.10216749649966597
0.21761157435817652
0.05696740667862843
0.1104102405033614
0.24469104776399495
0.3186397057510832
0.19040235410173553
0.2272962220433019
0.15696714912658055
0.20345861866717377
0.13686776050712837
0.18497410306474008
0.2600689982345398
0.1718620057481815
0.22171928454211048
0.2765073350407155
0.2550532339429038
0.19426099621890064
0.1956581578643739
0.2595423267786741
0.10038818736452827
0.22756596516896765
0.09675425612223755
0.30826708616760623
0.15608084967120164
0.175169672869738
0.1873839381152401
0.262614961700427
0.254107803333241
0.2067883622260082
0.1093695019116904
0.162690822559049
0.229084899732048
0.2310796825669284
0.08092758526361175
0.13015266063026146
0.10677966005872411
0.20672743355648435
0.1321503787470429
0.17595591276204683
0.1506545320912726
0.1564168989656582
0.2851766817008553
0.1869551275725493
0.05418074038840223
0.16604985919579812
0.10738865785552028
0.23101429613247254
0.1914466297638811
0.20311660848655305
0.1339101231519562
0.15460796503824584
0.10207659628981908
0.254217267593894
0.2719659468703595
0.15254005006783528
0.30887519996605156
0.0994933844416939
0.2815563198893066
0.23860469446118307
0.22541254773731464
0.2833655050872754
0.15926701154593367
0.1290135744306922
0.23871062716736402
0.16906253803092744
0.08372703954438983
0.24639596396482927
0.10157084851855061
0.20011214105205558
0.047911171046061296
0.12916988749564665
0.18930538877033493
0.22703709029818978
0.2902969047854034
0.13675294695930626
0.19160854919090914
0.18028003009821714
0.2940630749456601
0.09804103980183995
0.1319614343820756
0.1732134899594715
0.16987823285064918
0.16781772629997516
0.17702393587833062
0.13400622508529317
0.2670528600250177
0.18399869532115193
0.161304098696591
0.2896689746511067
0.17770036300154118
0.19997723783750387
0.10643708169370483
0.05334161093911997
0.16053463878631372
0.2246728508650405
0.1506514096463605
0.07243506863109057
0.2353072133752754
0.1901733131443733
0.18924351510227913
0.12255665798518475
0.28132463474122
0.30150641383779403
0.2851199672274482
0.16497620958630999
0.1755411218832339
0.17692998523976056
0.14524231137261803
0.10053544872449167
0.3014020916360599
0.12216347135243891
0.07726748881671998
0.2027671519768027
0.09333112836699317
0.1564175416441019
0.19390809962553304
0.0978010706315095
0.17624399933684196
0.14762898005515052
0.1479923465605516
0.22788819476586403
0.10974827319648926
0.29043013650269517
0.13373636759589894
0.1491357091702164
0.1838923755619541
0.04021650792283853
0.15081742218157976
0.14774157437891278
0.16011265599219388
0.31252259747233224
0.08558685072624667
0.13377380224062396
0.14323908009980527
0.1807527215437226
0.1914306904689934
0.18663069793895065
0.275044214773317
0.12607491979944851
0.1093835523284497
0.1563688641035317
0.14242530849527618
0.2629419778900876
0.1450753126085006
0.11351400954823827
0.17780581504044557
0.17903565394361245
0.2638324209471749
0.1774740638396015
0.09204959654281313
0.23665474761366276
0.1489408284108798
0.148856219449269
0.21057895627896453
0.21752935788520286
0.1416486805857095
0.21611552155251915
0.09065640717823976
0.16283586076981546
0.1535251336304015
0.16348101556150446
0.20709883950129065
0.2025063148185156
0.2817019056055577
0.24591586005601493
0.05812816219603393
0.21358260871615442
0.19924112787839726
0.19648582721859978
0.31867810630034077
0.24762809884333983
0.1322390048824722
0.10791948403820151
0.09919532310025894
0.22422529480592732
0.13263815334165488
0.19360968731870135
0.18700731484960134
0.28513486097976987
0.08842816591890797
0.20008416629310324
0.1972508800049755
0.16651033831121806
0.1487541441219628
0.1166334630516554
0.20271187412028174
0.11118100630511875
0.18760237861193887
0.19756517239216892
0.30823080904202865
0.1864985779369321
0.16666409132721896
0.2121627759100285
0.2272278763121062
0.20959241468675566
0.14369286131428105
0.14797602779253882
0.28199204915637305
0.22606142463177673
0.1799710856802633
0.1853615466191318
0.09116644831288909
0.14911152792841778
0.21102317666930473
0.22763857376020885
0.15999677303006704
0.13001182687024745
0.17567892457712248
0.06207962363214189
0.2834360838373003
0.06966458771982909
0.10219204328079294
0.18719792665069537
0.26632041805176043
0.11105683425846365
0.21663496541130736
0.17173373924744614
0.07429047404858186
0.08187866559274307
0.21763069126159398
0.06982119824865196
0.15722622410185128
0.27525085122001935
0.13932726577001897
0.20200890376899214
0.0984731001842107
0.07672559563753581
0.1004843996977061
0.3070568547120745
0.14386825828483035
0.12266538210479945
0.23920403478157642
0.2006088335727592
0.27912313832501456
0.17306138699098586
0.1862036604369546
0.2883183443395577
0.2292708332581478
0.11630958401379413
0.18060899409313227
0.07834971558130643
0.08177725074783533
0.05047849427225321
0.2986920983107435
0.17533912889754522
0.1470435875296583
0.18867577615944098
0.18974018310467208
0.15561176744932376
0.24938091754430639
0.24593040912131164
0.09593260841859293
0.05472796990526768
0.14044913094153558
0.3118514492386343
0.19437289991711218
0.17151590321656673
0.1241419106795224
0.1604343697043718
0.23624577240283956
0.14164334045082522
0.20622166771992806
0.11791412176322487
0.1309240083680175
0.13593455706157756
0.19265936317622165
0.19352922975774203
0.12755219065781476
0.24168179170769052
0.14993483223326537
0.24335198478552392
0.25340629581530033
0.25698055902530503
0.16278493914576503
0.1760500439008125
0.1887226647439691
0.15370661297249716
0.12565796996849235
0.2737627116358795
0.11299927561189042
0.20439369912462654
0.18404868049214992
0.10572312007531279
0.17593030587779956
0.11643291468410419
0.2050551884745428
0.24842318631030594
0.21916984414342572
0.14716331354167012
0.09431917068789412
0.2717584602563923
0.2763407763179188
0.12579292896647168
0.1426771321623582
0.1819753218519076
0.19972601770215417
0.24709628413225684
0.11239442170988974
0.12599859225225335
0.18974680553161405
0.2599223659880755
0.05095464216216817
0.16326718068843768
0.16964132555388542
0.11600947575891812
0.2844918291965714
0.1637232350184855
0.1451171156595735
0.16502879747081073
0.18760067743296638
0.10824754286772002
0.1963996564508277
0.17976373154174477
0.08595276795064151
0.20651454568822994
0.30362690611469106
0.13630189181538221
0.25701984454271976
0.20962870943833725
0.2662283097028781
0.0618553750012584
0.262321997844897
0.03624153021732444
0.2770086696291577
0.08265539485082343
0.21009133808998132
0.08149324049376303
0.07080637837893476
0.1750751448742813
0.11812067091266731
0.14405504125135804
0.12301280714189922
0.09138257738429938
0.14123847092976108
0.14812763107330737
0.10781926706301506
0.15425479601783493
0.216952642430306
0.14064550330569248
0.20539314644111623
0.15125889759724134
0.2986157687459344
0.03933556914820041
0.059759998883436215
0.12600167807197984
0.15774334967612277
0.15730395568948913
0.13391136179254273
0.14013489668509688
0.2502763516269097
0.14876948478437593
0.1747795525554005
0.09574517571717693
0.09383658653408052
0.11048757700704728
0.13902822053358652
0.25239202519619497
0.18868914822757943
0.25220327274071597
0.24421006153133784
0.26750589110830725
0.2428852438945947
0.04927882715770697
0.18186202497473086
0.17111882233732179
0.230740073545207
0.1892336447654587
0.0814226767349587
0.19546885639503953
0.28501158493198997
0.1626519938788437
0.11888922135305215
0.07714432124037202
0.11942885638778869
0.10218069891593425
0.3585778783008591
0.25252755728773757
0.16373340605851874
0.13394530622018042
0.15370597048592335
0.29882764060852374
0.023524398271983233
0.09828717133323135
0.24825095963083788
0.3107678851887703
0.2615773411849934
0.16851207631549753
0.17579263569992717
0.20408543536257884
0.2150451276836615
0.1312681586478328
0.1449181567370135
0.16902522567556122
0.24533727373183106
0.11418434030272799
0.0963120665181063
0.27041873894790514
0.25107841385582574
0.17033565202682682
0.13122353490653071
0.15018519006500872
0.1251565114856152
0.11647986009228722
0.0697621705763526
0.11021563043048173
0.22192878064739643
0.1763245117881861
0.08741012503076223
0.08065255256776661
0.05060243992348857
0.17463431219459669
0.2833258398247444
0.2362801753669122
0.23157334316181008
0.14434127804863867
0.2845125364016167
0.11702532847087356
0.17458229242537096
0.24496261681167056
0.1840321986092917
0.1750453006103659
0.20891664033073107
0.2053234770550485
0.1923735506653074
0.10343348785727337
0.2713715577895304
0.1454317945964434
0.19129678369364897
0.17266804899724203
0.15741870922814252
0.04516879236123284
0.174571064527501
0.26835897187229973
0.27646671054294697
0.16521633295167615
0.13302162236627668
0.18272861997660314
0.37244374093479155
0.2593689469089055
0.15995656909365935
0.15883791176888384
0.2629536513603096
0.2971792562370093
0.1539454075434287
0.2426528404887578
0.29646522031896955
0.129171353219241
0.19114280808827147
0.21272196310974492
0.08096508990382126
0.16566467780749447
0.18688321182125814
0.16592412087459582
0.04554396423239422
0.2621165283807192
0.16103446885168615
0.18177142805866234
0.1834922830732121
0.10017702611594809
0.08563202206756022
0.15083996417577109
0.14824810256355214
0.0883234442652261
0.22066617681119194
0.12992616889480463
0.2505712474037948
0.1547960798590512
0.19982732202814135
0.1944635760024012
0.08817681419061078
0.2681838394171464
0.158107553181272
0.15726690636743104
0.12481988732597288
0.1342646612038182
0.04877836425665941
0.1748853463612311
0.26517290170268304
0.26201665193445134
0.14830768051150214
0.17175722484164715
0.15158347448497042
0.20590842773520499
0.1900293523278299
0.18958750941482136
0.12788976311289696
0.215117472060732
0.1135758870201206
0.2032513355784731
0.07103995980710377
0.10600876938978053
0.2819561402066155
0.10570459844963412
0.1631929389442216
0.17767111654500622
0.3296291623929562
0.1070350471206332
0.19511193670570084
0.05179810617105663
0.1438600683699608
0.21954390260880435
0.18276039703653077
0.20973993834253404
0.14220192038352553
0.180743508064117
0.18353008629081066
0.10137887949814817
0.1490739264565081
0.15624215625327656
0.12307804435858467
0.16682506802784178
0.16440649797623844
0.27524541588599627
0.10650528347777168
0.075518957786927
0.2905478377153319
0.1894670968648901
0.1487802327736414
0.16058891739319667
0.2778213056392487
0.1465317124088026
0.29749105127719444
0.12543012604404957
0.27528905566554895
0.18143080603521755
0.12948167130240368
0.09962430391429887
0.22413275199161947
0.2523893574971
0.11540716604258809
0.1080300606426011
0.2630813792239576
0.20416062496619425
0.18444370119755366
0.272512466781848
0.13624394952282118
0.15324503399098
0.13403191288213223
0.31425695547872445
0.2777005605267954
0.08969690819727595
0.3109463211154476
0.20931689393904215
0.1531191360213043
