440.27488823448044
3960.7893943520917
962.3690718343421
2429.1140242442375
4980.313207433274
6127.215366688609
1943.5153178120393
6086.40510236228
5984.227779474228
4838.6524853230985
1283.6026391239197
5408.687640364754
4901.54662891184
4586.001385517039
4434.757518340618
4364.1697502589195
7669.2397760903195
1718.4024213679463
5852.119419109606
5078.460285061068
1860.4442645660745
1534.8125597756405
2365.4095657137655
2693.2823740381805
1722.0390085672257
4727.588023206948
7267.471888503508
4537.283458667432
1745.9434013722673
4422.412509776201
3955.0188332474067
2529.6327822412886
2541.2901352885146
2765.2451781450077
1512.5349359420359
4214.478076513557
1935.1438507814748
5115.431076071147
4712.399069410396
3763.03098102365
2919.937198518838
4757.228204783673
2023.0179435255538
2808.402884391724
4910.169143295068
2339.7680876272407
1712.693143022251
2117.413179340972
5572.81168682011
5797.271210240269
1645.0831528065273
3791.0845200661843
4181.482909977309
3796.663050660023
5545.525082938653
2919.6518712939105
2849.5022588682837
6056.213788645977
4475.4242245297855
3250.949895542242
4006.8465935550653
4311.886201709326
1902.5875900804106
679.4889240870366
4335.522097688498
4330.659736178968
2404.849307473409
5431.209749065862
3762.2026903522737
4313.275822860306
6271.304900164096
3774.5955980919193
2143.6583240657037
3545.7909059259796
189.55783333340668
7345.414877357657
3481.203442558264
4218.864260840548
5736.100635202579
3803.724170927064
4577.53042099034
1803.5653459142372
5194.538604457919
2516.382493888895
4464.153876680431
1874.9912117467202
3747.803872587626
5965.204846821072
5007.433683430119
1952.1096954249908
3713.9433987339826
4868.30422737641
1318.078247769244
4982.76707401876
5247.100771639524
6014.046972124909
4039.3782875942115
5128.000577339163
5223.793659016404
2441.073652057941
3046.240232304622
4824.862672812415
5809.418640446371
7112.041996997531
6202.276869686252
2707.9782809490957
4876.846011457464
2912.0244192576365
3954.449403196213
4388.982384835611
5873.5020690316605
6444.1175953274
1545.3393441558665
4644.959192894389
2555.083659260621
4456.318381078667
6672.077216672149
2482.6769958717477
4876.855683494721
3875.0576794986696
3965.675485046703
5509.123791486197
4554.820373904255
3102.5400623753426
6357.321422921154
4284.306773026598
4242.422782214451
4603.058436728263
3457.330509883996
3585.1425646340804
715.5475143142357
3915.6933731331505
4551.122798147229
3285.0244149796313
3779.9520515916356
4319.585744393599
2978.0688161109
994.8134925673522
7909.9183877475725
4661.907830926323
5320.510319505242
3891.8055162369196
5580.400134989283
3440.872849906899
7438.976791436743
5237.290160677861
8200.031102820623
1541.2138590149643
2658.1939832127214
1493.461833054987
3029.7823764563404
3277.2129082313095
3695.9546486215822
4024.7337543329318
5829.702692748886
6468.386377496808
2430.0262060935615
4952.155296361989
3074.41088606858
4377.079611044867
4470.628161468815
2316.0440595611776
3958.47086960265
6064.346640754808
5189.461108241162
3399.790834270109
2060.6907748649255
4152.852465300094
6923.815847562929
2127.1842950163664
4728.835090312287
4297.6913878512905
1521.9035658288249
5816.9979454204295
5266.438402234067
2442.99317667407
4918.11262531011
3138.2759820574397
1897.5267853279647
5985.676542728403
2495.8084805979665
1917.4603553285424
5562.296576771324
7123.663285243017
4330.583313312662
6895.11258505627
2504.599049755676
4058.8901261833093
1202.8565438687613
746.6702712450433
4639.508587287808
3888.3871236266477
5411.598093272648
6757.494864227264
3951.007979269093
8344.274401840748
2154.6970812618974
4510.336500708125
3673.17944554061
2707.161470532362
6877.919541435225
5541.95654608833
4861.880328619724
4756.22223759183
5633.351972770617
4827.543676651871
1820.715698255631
2675.890707878367
5187.994977828696
2914.5076286767176
7878.868082403187
1536.209588338488
3956.96567983642
692.7345735114906
5106.444028776016
1312.077314367919
5755.368373082991
6240.6388072737445
2003.6563243859036
3805.8264652899215
3194.361859327016
1824.33846409557
2906.4757445468854
3672.6880112029894
818.5490741735832
2837.4646524253503
2823.6947406207173
5290.159502124579
1371.0434905958068
4964.394425771515
4801.834071213397
3950.553846434532
2904.498452358674
4275.70267184234
1880.5726996316532
5610.598559734779
3785.3664904767747
4086.245911068735
4917.6243557894095
5213.532006488513
4508.945939135082
5040.905332547402
4555.954872086578
2608.9594913121086
6078.482211333161
615.1352017022786
3479.7444801117663
5437.1209139918665
3483.607917385598
1555.1698535645307
3048.4265994729017
5126.328547653345
1813.5675168687912
5113.189890705108
2040.9494285998053
3581.465151883478
6787.335009547702
1435.403624071017
5113.418370677153
2562.5691761358867
4746.7671201186395
2408.4955123917603
533.0135444674859
4163.151011094263
3754.500550491605
3964.8614312503
4614.711717650725
3212.398163332371
5716.014546624066
901.1654053037709
2118.1323499854625
1524.1518520283691
961.3241167641537
6446.101867586784
3779.355273810923
6146.901266985785
1538.8200584130402
588.1438543613116
1559.6594125808476
1201.3637580888148
3713.1916538239498
2697.822730976705
1343.7316909940537
5007.909885043744
3991.9984179891426
6610.84829910933
4181.6249314538945
5861.916674704485
1261.5798652003539
6617.822388361674
4899.25503241691
2995.638581153058
4166.521946812608
4130.501406980139
1514.21528993293
417.5789319616154
5920.307269698394
5738.012902182684
3348.5538837111444
5996.985499531504
5198.932138342724
2840.286789819621
2709.131444622294
1826.0908729797154
5101.383909959299
3424.402287828707
1212.58253728882
4735.644133675555
3994.0485115725487
4776.049348389859
3256.260320212209
3135.6494654318517
3385.752811296218
4133.685759602219
5435.089346606143
1693.7959302023628
1841.0954776370825
6005.094818882312
5500.7321149030595
2654.9534024994227
4860.5657967576835
2518.7151690492155
3729.6369021145097
7831.1596003387
5707.182443751085
6623.716835595147
4172.0158630577935
4625.483033122359
6386.625747000812
2891.392117578857
6067.5544312561115
2799.7742950694224
3067.964177282936
4666.372826168036
6449.9061042345
4141.175587179516
1447.9310729034812
647.9328322228571
2785.596411320182
3906.86701695634
3446.493635573514
4012.102496188603
5284.014686757851
6941.627533281953
826.3015530137694
3563.8317812233117
2531.0046909233815
1606.1019877085814
6955.983737322966
5637.5613091429195
4176.2102957559955
1844.2585606245782
3224.60897491615
3579.2376630679437
5685.95135932029
4055.1118322831653
4123.090418388636
2690.4862557318907
3679.797870910204
5965.915786322499
6872.590674212063
4820.550810445602
5633.375353949015
5665.046914112222
7656.40942231252
4600.0406850290765
1934.3399818545106
3894.685161038296
3284.4115813366907
2686.0191651469277
1875.6866668792384
4999.46439324606
813.0100149174656
5642.394505724644
7728.574872877509
3077.8002280765904
5528.625867175697
4579.822877163644
4585.090990273585
694.2222049940615
7064.432033694499
5070.37869743909
2707.6212063324715
5292.862543047949
4092.9251592153355
1619.223761733749
5826.525311777241
2880.1909608480632
7679.098289952425
1671.1895822037525
2955.36262293064
2547.2759826001893
4871.215282684376
3526.4105262739245
3731.0469009994194
6013.313756188408
1039.2795190427478
2901.036627845889
5607.21055167726
4394.021913698805
2510.1362845412045
4438.385809745626
4921.697297847179
5073.690589146262
7075.316462831239
2296.9964686592693
5488.254320132392
3269.337701072924
7337.003064739919
2341.044972274737
3011.8592605077606
3119.847792380684
5604.828463513392
2263.0342398426033
857.3523278616245
1773.6088190928763
4892.9870419515355
2275.480121835341
3855.9919656711436
7174.68210164589
3254.3425567895733
1672.3075159983007
5725.868726272662
4728.49968602736
4254.91602599836
3149.26275835522
3810.2659642502404
1402.0672320150477
4038.713441055441
3328.306400278358
3835.342705088025
2903.3020201529716
4647.237473974554
1234.6061059992223
1184.9280086219055
4791.144044671087
3270.1634977829326
3197.9185482443004
3556.315794180005
6002.491823076978
4719.611288060548
5381.061037238247
2936.49611368484
1930.6786960594966
2352.9080101103677
1109.5033197582152
4476.1193214435325
5960.748650028273
1512.3581523175515
1581.5504675698633
4299.202349128582
2849.3953724797193
3679.4134494741534
2693.8940051228433
3027.8117800293426
6194.406607209849
3838.229100114167
5989.445527292879
7088.6043837990355
3502.1316824684072
3694.4340720967866
6124.323921586641
3161.4152734597737
2843.5745587077613
3457.5976085883594
371.9221314852278
2745.0277000612837
4344.394938381106
3973.524605328038
4691.6115928084055
4217.028053660684
4444.1140704224845
2692.145602164449
4891.8149471218785
7134.474573604659
3119.8714384249984
3023.044296757656
7256.333425099883
2316.1377947765736
430.3323935849241
5896.477087517961
894.6674829951942
4573.473696697432
4248.197395147267
2925.0204399088416
4264.4229598669535
2915.4253808321755
2007.4586091551303
4803.031887768069
1093.2016516550868
1146.7592798569656
4361.9383205945
887.8964958425205
3444.726199542
7474.392640174413
3791.3999277755374
4707.233214809532
705.0963366943013
7043.9551579127765
4657.448152395174
1879.489261690869
1075.0362098113776
4318.65544673648
2345.5415817760986
1218.743310575825
6053.101786270367
3329.275784803942
3903.594794885904
2282.422421371492
5005.914557640879
3076.167487201393
5970.911862323548
4740.163524628827
5485.251070156982
1104.7480838022618
4445.4539058119935
3989.1121032174356
3026.417426749465
1562.881582056763
5937.3640473226005
7003.349204582349
6298.096596786176
2959.9580796570763
1386.5143588284384
4979.145391681875
3825.9932240234807
3619.4209618912682
186.96146091535988
2790.551663017009
4402.062934282049
1713.6446835906233
5293.775718721164
1403.3584730778182
2025.2956097364367
3384.5066896370718
8655.264232266998
5005.939299194606
2174.1892866819567
3774.9175500090187
6226.929966442632
4715.850351316106
3153.91391191614
4917.1253084030495
2713.6370315373765
4418.718552218055
6047.144253768892
7653.349874553209
7828.987489364804
4465.512856126938
2970.4395182380813
5532.589852337627
8877.857641330484
2658.1413985300837
5076.503431262492
2978.4708426479374
749.7803028685933
4718.799630626139
4752.9073401833775
4489.254125136503
7195.117567884101
7382.029056760555
3149.6016336627536
6230.489229847676
3145.969896966718
2383.231877240316
2402.354282580099
2950.426113203434
4438.953480674287
7526.756541551213
4713.314004237437
4909.1325553687975
4825.899968921719
3240.53504864565
4934.995233222359
5076.468058723539
6042.2320046713885
3303.675140309792
6463.761820690025
2030.8786305290087
3636.5992157697187
5854.725689030236
2917.1197251696085
1471.690325134612
1015.8888184824223
2483.6092880706533
8099.190278593519
2493.069188301525
7515.1235520903765
4670.8679726970695
4706.8426125002015
4946.680238528591
2631.3445043875186
3888.0932327150053
999.6872043098288
5487.724961704547
4787.467315670178
6472.711850583081
5042.854780575133
3991.2232529038347
1063.5767071813893
7146.364120231426
4518.904439842032
4517.572284337095
1219.9315754025606
5125.843731664567
2158.2900793832773
4913.7443688991725
5619.262679294032
4467.870969332366
6138.899128601823
2028.609615355102
4323.679710522418
3751.9594385681194
4864.568398961599
4370.892097927656
3570.6448224497613
4025.7121201638965
4733.051933195934
4502.854239151882
3126.427555815328
3361.6137653923824
5438.400813833483
3178.980485741036
5379.953868191993
4547.500845784463
6464.27043401056
1990.735890305201
5420.472217873376
5156.622052062398
1841.3351751115717
5226.041578362172
4755.0001078257455
2885.815910994244
4065.018060107599
5274.4021843990595
4683.166193971069
8114.908502978462
3077.775505291822
6169.809364113422
2571.1411930938757
4381.232076700226
1913.4473846825297
4472.309468289576
5915.4175663250835
2216.086123152655
1650.2747294757985
2758.2513357144967
2066.874273226061
4371.959163513379
2564.720640910856
3313.888381227236
4375.384114849716
4821.143155150847
5762.69580049754
3728.721297647096
4140.778220355324
4513.511088367413
2848.5574860855586
2368.5984281931974
5776.616093431811
7057.854063105579
5008.996069314318
5725.931636562569
4788.840430850667
5171.170833718185
5150.175005134263
4859.6808133733775
3568.8363192849997
4362.390192220056
3036.0036753259483
3890.9558945360195
3627.229344837242
4577.506179910995
3624.305589550571
6612.929533409358
3076.851835254749
4988.909251941415
4125.071371273455
3476.1959401601575
1184.5191012480552
4171.316041352765
6764.821330941092
5226.879172603312
7623.069058426992
2041.7685970696275
3239.906423815354
4522.961775091525
5327.506765351525
4029.995007788604
3114.7735562393837
4270.4976707106425
3506.1215198713
5504.950766258595
4930.953054846929
7.344983000994334
2961.8947228834204
3115.422320568545
6496.038889349838
4774.424446187565
8778.230327678322
1526.939245836984
7838.489520953326
3897.536335409656
5937.631822387733
2079.438676902973
2128.9917216176814
4897.379212480758
2957.1594296523363
1561.2794813425774
1471.5180444199034
5867.593180985143
6202.61121075002
2237.310993250375
5368.131144051165
5103.301429098105
5038.745248833294
5841.000422488482
1311.1547237024765
6102.887648905943
6278.662641467205
3644.9164894485166
1417.171689443607
3199.178915104282
2923.9205697494053
948.2207528451471
1443.8885120268403
5843.581679275746
5501.51419826995
3455.0834939338706
6376.8729649138795
627.031607081933
4921.196907689361
3226.297150288285
3056.503659719641
3020.8793686409626
3352.672720029323
4153.689452629841
5167.061755713762
1976.9237313976196
5382.390916009817
3440.2960106878586
689.3118298306046
3909.219243292143
2643.6091799311607
7225.852696105807
4150.101404362203
3857.7290118750884
3203.8057703602326
6103.124002290239
2795.615162976433
1401.7383164835135
4111.818770364852
3712.7667174559338
5594.246091561187
6219.24460570016
6948.65329473931
2425.945870074455
1156.4570458481314
8062.325879954123
7765.010809691541
1402.7954039684223
4791.0015680189745
5159.836431680458
5960.987671246807
2919.600021860543
5749.920579122368
6958.344896914575
2893.629276450851
4905.093645297897
4525.969805452519
3685.147337889215
5237.981346213187
5115.586477850317
1850.880354430079
4480.614113489904
5687.95278732218
6543.784417705245
4678.068193203895
3897.823969842158
4762.3509907997695
7713.3010431815
1650.9811947424553
4934.906278708267
2566.1863526012125
4027.828590389708
6232.133092471683
1808.1065370647439
5010.022270251742
6654.560206823441
3195.24479110209
5567.170617017818
1470.539095041587
7902.271139535476
7052.036509229857
2449.5136521378827
3750.622393556937
5231.006936287572
3032.3024251186393
1776.3144111443157
2437.1900704322397
2055.3788046861328
4163.9059347056
849.4837564949694
2877.4011863676524
3646.8914344157342
7895.7296701861305
3219.592340278742
6966.989959742425
5165.949139642386
2403.146325146281
1152.7647019739031
803.0476787219569
1622.282152045979
2976.7039209862155
3019.5314572995508
6493.247876668398
6109.003566369492
1958.2875129834956
7156.998470844687
5020.917979924028
6097.631204304843
1042.9927568047553
1815.1198617506775
4258.078742064471
6956.910845683239
7234.151082340185
1147.7339389581718
4249.767201327554
5808.130100214157
1539.3739337326565
1906.146445017478
6881.320279486875
3968.943325180727
5182.91180569562
6993.640302083911
1514.1939364142943
6051.223504232188
1554.7008425683264
4601.713765736479
2988.0320488618545
3977.502814352074
1000.5891319313461
1511.8910084704492
3948.8134866791006
3676.667438555264
4152.22722821909
1174.8976156722501
1731.1746518772766
3970.5852359636206
5492.8019630633125
6327.210148688424
5613.248826930891
6515.772477954003
1622.5384256995187
3881.6919825000564
6116.778508003901
3178.782650074038
5103.26671947839
6738.234097306542
1988.1886903916413
6162.512722464137
4872.828909275162
3046.8367954147775
4212.167502443636
2266.8694627014097
2603.1126420283626
3361.7299373141427
4230.769848395884
3546.8453110301834
4717.954063575978
5942.850914648359
4295.607727083876
4229.262022216863
4600.47380931683
6387.021897961941
1734.027562614596
5407.273127606938
5828.675892937491
3371.6769876358258
5962.420619856141
4432.153108724265
3639.155285074175
4507.051728548991
7011.006885215247
2255.9154525587105
5047.860330511467
3318.86279467856
1126.7301550019754
3603.4642443345783
5627.2288654938875
6759.903410835918
6050.377350547689
7603.214329686213
5570.391254098411
2299.6213435828627
3586.467713534924
3649.79779810304
1923.6743097444166
3371.850626120962
3867.5612712614434
4658.297146603731
7748.877854313322
4626.398603518956
1677.4478853163287
6009.548606566045
2692.934113613783
4909.900241630845
3486.455430457923
4159.268097360422
6849.664318767828
3366.7969641822187
4868.903283912783
6198.000604595272
1563.0446764916305
5187.841159406568
3515.5050262268246
4058.400412102293
4513.579306603748
3346.8255108482567
8014.037385338059
4794.6942569747025
6813.920594948619
3639.8962938599325
4828.313722667841
1898.0942632348208
3496.2704225837706
1149.9868831527526
2126.8289702375796
3116.970167764781
2755.7116382186027
5007.596839046837
2669.8259390318
4599.627869116224
1554.7368925002854
3676.3753353321413
6718.117962886738
2784.328829081059
4339.95182986
4346.617541900843
2748.752766890512
4844.748550160994
6417.1458309454465
4870.521731117854
2498.7787488605186
3187.110503499292
2225.7265083562083
590.7169402931183
4169.074773035601
4803.804217789825
4972.209802593579
5193.396410365695
4981.53809059989
5098.533325133752
3161.1117897054414
8226.278827269683
4737.7551322185245
5963.03122426867
3750.739309851498
2974.2436420989407
2293.2569238253986
6346.227868024239
3079.3722033839904
4374.155238581204
7327.386391421874
5287.023380164855
4403.782344286582
6332.646813604888
1347.2399375217371
6016.295851533046
3768.155206398884
5041.962331252902
1232.5254967000628
433.5540826169103
4508.298483081647
5645.254150212945
5140.839015443865
4938.753984812973
2820.9535747745595
4393.203900255988
5999.704037045142
4813.586055800378
4365.118184316478
3544.208658260816
2127.403585136945
2938.0749600641675
5000.457411800385
3979.518267262524
2401.478230201093
2552.7036991562372
3734.1091084751397
3853.540607136191
4339.407430240796
5207.6335132734
2619.5147188449214
5953.286292881327
3754.643942130012
6021.228760656741
5616.807327477638
4688.580556348615
6563.446088267058
