0.01109100305476894
0.007315128002874738
0.025647423437394824
0.031660936362690434
0.008618220568589841
0.01782285224212537
0.014167552558082197
0.016093580795451715
0.012008548775586231
0.013188959952100131
0.06921048674856355
0.04632812827140482
0.015175401411735762
0.0028322132954629164
0.01077784087229346
0.0181746786710788
0.010407053722097444
0.0532019912350478
0.015398591528374583
0.013320225898616775
0.05774130528713953
0.01573904449431789
0.008888893934640932
0.008611743533550124
0.011082271344815884
0.014475073876266216
0.01700741712310428
0.017737734983333107
0.04679664663418679
0.073114427749727
0.017551721403421334
0.017846157859360806
0.00882502191168062
0.062179118403596384
0.012857708380200698
0.011218175493531438
0.007349965556445601
0.02280643056515701
0.02358023263323199
0.03129163897174361
0.03713671341510882
0.019579539929151662
0.01363766877233697
0.01317866470657896
0.011483869150217013
0.02445476434093129
0.005974106687671091
0.054808665257161264
0.015152056417526736
0.020428757371893615
0.010699636447063506
0.023431058844935668
0.03415667919585581
0.014178793315086638
0.14297277569205277
0.011965786683881204
0.019347261399440034
0.02417618659982687
0.007711858253517783
0.01985038179531686
0.03179709704312956
0.010993752068291177
0.015532445772418598
0.02771796586582923
0.010931169822532796
0.009381767890580523
0.027709692953874432
0.023180423390278756
0.009177587775783527
0.014216697577957623
0.012830191661619372
0.019535120660794707
0.04019508707479676
0.05667666431034731
0.009938017488127478
0.022511538994589894
0.013935014924207186
0.016157458300733882
0.013329661355761593
0.019848951356533032
0.05901330157710602
0.013887565031428078
0.0074102116732253295
0.005479888013740809
0.012364274089215302
0.5886174721148846
0.016046849254226274
0.010360039073206472
0.018162793597764897
0.04766665953894891
0.02292855385257512
0.025470527701913246
0.006691658541055223
0.028416287699869387
0.011974237868520868
0.01486812264602276
0.016391178541863647
0.012191589254763553
0.04429287744171902
0.007871005517134504
0.03107891687463454
0.007953779811340286
0.006523621137694157
0.014703596825411853
0.13864259470542845
0.009662141405145479
0.008684346269818094
0.012191042917225567
0.012065745608361805
0.009003838711814427
0.014657314974557918
0.018499646539218338
0.006155182073292343
0.011551477782819774
0.014188006853066459
0.022745613691033305
0.01422584956199689
0.013559215741514159
0.024163134655389606
0.015510590177379387
0.006333678697763527
0.028466178296961867
0.01783454109416092
0.014245968082326161
0.011456227537301853
0.016480275633754586
0.011591933380757577
0.006667544812310485
0.013478247587279692
0.01146411899800842
0.1769256114368735
0.010033932637718703
0.023182383457583267
0.01204498648924486
0.021195718761699033
0.017356606035832688
0.014825538755786124
0.16385701203021896
0.1844158564822247
0.029876954136527342
0.01793419559095688
0.01207328386274761
0.01226681990837045
0.00888985582843105
0.012626855929453847
0.005258617532481752
0.013467620146749897
0.02381386279660368
0.01805265468605088
0.029984075207595235
0.025404786352999843
0.08594456491719332
0.029905658622766625
0.017122342057268182
0.015722330589464265
0.9828054051827763
0.01424760719068622
-1
0.006658991443077021
0.08888011727763581
0.02934816745445498
0.309768133335953
0.02066555832973827
0.008623932135620765
0.01719586200618779
0.08967039781721164
0.009347812946386456
0.027827227219764453
0.013778317733756476
0.18608566157691175
0.005396321766548039
0.0067011062883367885
0.015626576921813552
0.022329294307517476
0.020268310792668345
0.013900704284243746
0.006878469373576606
0.04110925933231449
0.011831584096476631
0.009970975524033393
0.04464678577785291
0.011446478497308973
0.02068683166164075
0.03453017969375229
0.01666778654448142
0.01159222827803664
0.028859856562452095
0.012462818024315194
0.018123950043436445
0.014384419886103068
0.016183396693757016
0.014141702007887886
0.013056291596259047
0.04174108579899586
0.01282460458374924
0.021588343846420013
0.012071381179761346
0.048969389422395385
0.014947068914480601
0.006384895796222904
0.010512486927165395
0.01182273003301401
0.014970284776649221
0.008668766211850542
0.026238191437151174
0.011294115494012926
0.02309663619864506
0.017811264859735342
0.012716899281021798
0.01687884680229239
0.018191242692489062
0.013561245538619041
0.037284992774422716
0.015923870296925473
0.0063743560353525415
0.04206019135111047
0.014254661201206638
0.01721670866174574
0.03283934917895129
0.04590668137802475
0.006876074564651543
0.011792407726913345
0.018898311772867216
0.007304317446922234
0.01318201799283161
-1
0.06579810756065586
0.02431403537997567
0.01223965671608272
0.013703966262789793
0.012282771002796306
0.02937511028576764
0.010276490930099804
0.05248417232339963
0.18665125496288498
0.04336100322608824
0.011654022368657745
0.013078493403774356
0.010699465329565323
0.05980187540860355
0.018421259891314868
0.0064333414527449366
0.016008562308042623
0.07811802787510534
0.006714769245134327
0.036361314803159794
0.014282478672681282
0.024006474872965672
0.009491515890548353
0.018658576064262588
0.02896332019286123
0.008011497389335168
0.021349455877034185
0.04532374591869053
0.011065799427887863
0.009730423073640014
0.007411085590185351
0.01710860061317004
0.022908029191698667
-1
0.006433676638452336
0.13814022908846837
0.016771660152328765
0.019013221528976217
0.023603709504713032
0.018037667338899915
0.01615142513367323
0.008209598558575785
0.032661498877865285
0.010248168281254395
0.07251995726366878
0.012446309560195457
0.013062392196009206
0.014065238266251898
0.04792287322683793
0.009652380620492238
0.022370410223856246
0.008892198611079833
0.024294544213282417
0.015477082105686223
0.015688244454096497
0.01047761669923539
0.044555378553496436
0.0207645227865209
0.026800596377421958
0.01841506535815255
0.01004676279439955
0.016420182674693595
0.010539863076271201
0.008715976127000199
0.025831661969617392
0.06376626095869616
0.014980818917702563
0.009787444639824484
0.015424497868426413
0.01663494867476591
0.017491490632379255
0.06832691545305497
0.021137578797941283
0.01348551551121094
0.01722111839881477
0.025698929659026346
0.01014917100539483
0.01820969761234979
0.010654785236523632
0.195777539890325
0.01602342275312954
0.015751489980031973
0.03538874354002143
0.008919865745057891
0.005626914357724928
0.0071997599786716125
0.026041117627617027
0.16582210022211274
0.020341009061102804
0.0056082973667691775
0.02026858346107326
0.013452803570393657
-1
0.01523150441330692
0.017344099346625824
0.012530410252945764
0.014959311427512762
0.007608629389054132
0.05570389219762805
0.010617522265782355
0.051443171036434705
0.08809361256534089
0.014415672342052223
0.009221649366273437
0.016133026469034726
0.012403703607033788
0.020457203699818474
-1
0.01928619721030124
0.017567752267740006
0.013936057018713956
0.012990404233637452
0.02641037365947538
0.011470681779501588
0.006469578280500412
0.008413252796615851
0.01262451712073483
-1
0.022240488874083537
0.029538423164702232
0.0670656696123506
0.026797765279250024
0.037726785153660555
0.008142103876291424
0.05017729062262159
0.012703284503560803
0.1971107419740979
0.023327507867683686
0.015588970952601994
0.02145803466089297
0.00889441888815798
0.07011216954977752
0.3496291243059114
0.01627860684337275
0.013836292398727933
0.021009184120390018
0.012532504435024405
0.02049615783088338
0.010526812641100227
0.02642760029376903
0.005596963043516137
0.016563711130760463
0.013060780415336835
0.028819626711148214
0.013447149867948602
0.017276504661715087
0.01191045380500825
0.10675185383395733
0.036989384068018695
0.015826985504701265
0.006637443892225281
0.022617247209528086
0.009965234505928096
0.059535504365108204
0.014105664205447857
0.003158134198847882
0.02304530674108926
-1
0.028581312255250547
0.0804485593526597
0.013033264590879296
0.012633220166474396
0.12935679984510892
0.015301891688506406
0.039614184333787494
0.012395484077881422
0.023937359999673603
0.010831048880777589
0.010011541766153377
-1
0.027736580736951493
0.017957094917276005
0.011713858474226025
0.015545164681035697
0.013103193993612117
0.03144032949714724
0.024185818769244673
0.010707177255234575
0.07037825598754063
0.02490515977663556
0.011806689035571919
0.01973780002272048
0.0072197736533594105
0.016924159537676998
0.03643597152035146
0.010751243950149274
0.00873383685870621
0.010461903394015936
0.019665806619362805
0.008552398930339634
0.01690055378388167
0.022749112513665366
0.1216211874826942
0.012904891085251427
0.0185209207835471
0.0099156586675478
0.013285101151972416
0.014865798788356616
0.02500924840478158
0.014633083336546148
0.021450611990320282
0.008936023967974447
0.010840898628598578
0.015601267195926609
0.01252376524136857
0.07157540366322722
0.007788350326435415
0.015215189623890386
0.018018761202338023
0.10367523374730397
0.008678642408088877
0.016360617248853182
0.04634345739849433
0.010575874418140646
0.013888904988706874
0.011313903394378499
0.01358995759629991
0.11495480033801447
0.03141414600927418
0.3391841361919355
0.006901057396272504
-1
0.14256424239153703
0.011656529990503959
0.02503155819434001
0.01910363356220606
0.009116781160107387
0.014436087541741392
0.01645325866389735
0.0065046348283246055
0.01754384104038734
0.02346552822425723
0.023658530287966734
0.043922502560927834
0.01161640874257242
0.029773361180378728
0.012457199723511628
0.026569632901216788
0.012926237851378513
0.026447961178022554
0.015554488547210421
0.043631934459278966
0.007570147857206752
0.03952383918972052
0.022778360726112435
0.009279289116079054
0.021079692399276442
0.021034533083485747
0.00943152772503187
0.012918020711422834
0.02710692209991142
0.010123899522894081
0.013289045830778773
0.020712877963775248
0.02312006699141904
0.03675586071881813
0.024217219797040935
0.020391986004518692
0.011245396110990355
0.010172363389949533
0.07441868317757157
0.007836645016177654
0.021924543783404218
0.01306477772586083
0.017381841777438962
0.009460108291938097
0.2549733885128844
0.0285019018642382
0.01221542423455158
0.013194934884548908
0.013480094791013076
0.04281438110077364
0.018656970620578688
0.03738270731141973
0.01350127044631611
0.02677105545037882
0.01456380277449492
0.014941030816657788
0.012817189818911553
0.019222819869252217
0.011930666917944366
0.01200864287595708
0.03360167838006526
0.061619027617161905
0.008877564975627049
0.010840511690816868
0.04847794032432337
0.027112601648051356
0.012287848856021882
0.018216120291485113
0.016877433757331545
0.009267446894451296
0.019169690411245516
0.016225373539870924
0.009106602384735294
0.006990255690659609
0.01670989002687903
0.029565121282415358
0.022222019035253723
0.011361845541530032
0.00769487542988968
0.040356265317460005
0.008936030851524026
0.03138518888324295
0.02277054351053916
0.014051213821365729
0.018439663176980377
0.010644292774181356
0.015520258579910448
0.06542780834414531
0.03376068755110655
0.011436916117031973
0.01733992768072453
0.015237393114543259
-1
0.02190084546126436
0.017903234800752437
0.012381906830753077
0.03226642282339371
0.008026583748315599
0.04956210344973241
0.013597846268411023
0.01599878639009311
0.008838828881514858
0.030051397815800306
0.03055559180473302
0.057906403205448556
0.008190521849642626
0.027754463937061435
0.00920709152258133
0.01667681779995768
0.03299090498830951
0.008151976692909178
0.021451825646695254
0.012363612679734357
0.012528728114352891
0.011766156337279742
0.02981832796393625
0.018715365336904936
0.013693573659598309
0.03736682976454861
0.01570030406391626
0.006044275444349057
0.003672932596863737
0.02154568744779779
0.015323046776077615
0.017147484356951844
0.01980961171971226
0.010918907954997266
0.01082302587815021
0.054997966828553964
0.1089125201087869
0.013392584138305
0.008538536344664595
0.012622281890236274
-1
0.2868398952589774
0.03415115671867029
0.008814852241725067
0.026877438592247817
0.06313860285142055
0.036349176376821855
0.010377815133010738
0.010562891798399855
0.015800674189377095
0.025030961139994985
0.009173752510642275
0.0172204872166731
0.0116614626003189
0.026334595254543087
0.029135143191174925
-1
0.018735106000310104
0.014151827537844748
0.0259408889181302
0.014535876958320421
0.02322136987653183
0.026026822249716863
0.013816084153002617
0.012073997544093995
0.014600154923217461
0.0886329683955198
0.011063120256749293
0.010146956371517612
0.02071661561581801
0.01483991178644826
0.009632308552073587
0.013102255291746617
0.02240357414536804
0.02336327718877351
0.09506496851959002
0.017310451794997527
0.01100509899157978
0.008742955346918152
0.04089487821017029
0.012291088789650096
0.010664785216039273
0.01234086056796477
0.01567019717169773
0.016913114117178225
0.013256309014114776
0.020296330123644884
0.012149513232415782
0.009429502724525703
0.015338729525730907
0.019538779767375232
0.015176261606311837
0.01753962624748179
0.008850010002504308
0.008843942846658029
0.011275104145824801
0.01202464194949774
0.015224858533352394
0.014048520418425654
0.015540434462342769
0.011137365624535982
0.32865803044991826
0.019146538219994298
0.01991852346210513
0.040816637278862734
0.005179499469121004
0.024311787951847637
0.02229436255051504
0.020023419414760563
-1
0.016077176357192035
0.015512292316788872
0.019987346019078388
0.00573243657896948
0.005317062785003286
0.012596808245296283
0.04282045058255855
0.024236929502747577
0.02514275646323645
0.015891887653926212
0.015079142069160974
0.0075645239511675875
0.010993570850298645
0.009098126642050184
0.025345240046537446
0.020065349088528535
0.019573593405405078
0.017466980551031255
0.024176700069647065
0.016631805129487268
0.05898739338034693
0.021075730277796596
0.014381185423817338
0.01950452661024954
0.00584751751218482
0.03073722225486543
0.015925252104246043
0.010578991428199644
0.03813340018899062
0.02908381616559033
0.010331894234261927
0.013491002794841327
0.01794164658188661
0.023653572149719186
0.012611341504252457
0.018267722841373613
0.032086877727617744
0.006878026833772303
0.006272620477325648
-1
0.009202763174400498
0.02101318290217692
0.03556030810351658
0.01877619770504375
0.023913077715284416
0.03154603297603886
0.012719030323363764
0.021386671506051037
0.02749293993019897
0.010280658614012271
0.020194817848433966
0.08245627830555563
0.00637615511672871
0.013871597466375339
0.020494350715839722
0.016554285249462158
0.010985768414275654
0.012300676497083253
0.014980396630232748
0.026461801867654997
0.015896000448898443
0.013030045551784724
0.024770987869490384
0.008842390201329988
0.031223517400994872
0.02076396197161363
0.02048567314131791
0.270473108939918
0.01844182709427272
0.009421473579993242
0.017136182377043885
0.014769543165022199
0.011736001087771918
0.013964383816221983
0.011228827742044648
0.01269670024340089
0.019994214997690916
-1
0.020726095547160293
0.021430013578461755
0.019483549560527242
0.007763587630955108
0.06231094554166511
0.11154752686008967
0.04869625549027931
0.010575320240864683
0.01843631243581679
0.010979172049032818
0.012650503242163352
0.012429130210103796
0.01879262235497095
0.06000150538997779
0.016438723060324515
0.015580456074091881
0.016916200795662924
0.022260818137808183
0.007591019008293737
0.02051830758646732
0.013438823997342088
0.014553727020657598
0.005562222646442914
0.03600466621886134
0.08960489534684818
0.013291241322844908
0.012746676898784764
0.009462784579548255
0.02496273253729417
0.024328482835118313
0.006452290900535294
0.0173727952273615
0.015178584490860082
0.026430157474526022
0.040866941554797344
0.02910990706315165
0.01507386599339212
0.01626275365954741
0.02828881046203959
0.01624557015596737
0.0151999569781281
0.051029297788752544
0.004742106357214249
0.03354992356013374
0.016896786365463545
0.02206219003783193
0.016373252208017032
0.004260141830954251
0.006797939621672416
0.05786077856456686
0.01271840625619204
0.00761065229572139
0.02065995092164263
0.014457909375535143
0.023179760847972596
0.030488735451712635
0.007694623295230977
0.007015218578067679
0.009625850108106189
0.008334404962549656
0.014034153321793672
0.04664036795921269
0.015405494277014396
0.05751272444419073
0.008314447634810564
0.020952162829639954
0.012039233225580473
0.023764526650267605
0.017209700690002782
0.011082157254376685
0.011913215334459914
0.00648098453953448
0.012624457255808342
0.0070021412424702565
0.021170546978369776
0.007260511595861045
0.018513670622925495
0.09207957347887834
0.022358993338163574
0.013528072075882277
0.01698435930347186
0.02176424434931439
0.020062591063569276
0.013060776957592219
0.009338084654464713
0.007139964496045365
0.019695412882837986
0.013580516346354892
0.013691849707080693
0.014035574097011269
0.03616458254275137
0.03778894646925639
0.008761473750345278
0.01798018925982953
0.05510923046628207
0.011943377790460522
0.013717298306504918
0.006245753303331449
0.007258336253030423
0.006826892250305163
0.017351046179135816
0.009812619890472288
0.013292329745811363
0.01552566855981223
0.020951490286474413
0.009877763100562032
0.03753848047327058
0.024178719029904865
0.015549302203481784
0.010548194480572199
0.014874832380603904
0.009546302102160158
0.03352449450379943
0.027556720743036636
0.007646745525577056
0.03783461648418203
0.007806454120628076
0.022607124643630287
0.034530096905782307
0.010811260380860704
0.01289079318765616
0.014690926671896299
0.008230674829577992
0.010240801194460764
0.008258210589737736
0.010361793487117237
0.011840232611387684
0.012708296478047084
0.010354222056576554
0.006922861987559844
0.01861508373582399
0.002790980595083522
0.02886923774204022
0.03133384968439053
0.006062501253069912
0.047516902485902214
0.012298939742892959
-1
0.01975306002842325
0.01039768584420355
0.011709063544866838
0.018313686171160134
0.05348705331183145
0.03531991624999462
0.02964512280329522
0.015393288468918256
0.04317272655981549
0.004350903276825694
0.016799346920388186
0.03542232476643685
0.054241105161879646
0.015301449514496808
0.012581065308700718
0.01288329086954817
0.013788166792562565
0.006898690423367148
0.013273861531194451
0.11513900740532027
0.025451379111457353
0.08491657901446649
0.009876757652214869
0.02185780112099156
0.011552566572304331
0.017147639367332428
0.013044401905623993
0.00838030155556225
0.021495614836368217
0.01897643072098886
0.00861421348515426
0.02294767265876331
0.010824659512859392
0.007327340780671961
0.0112869151942743
0.08826670478340705
0.046076843718238225
0.029761938537864692
0.015395186266522982
0.024708549110294097
0.016997689996735288
0.006551197566182989
0.01827225943004513
0.02339018837911777
0.009629382940700862
0.010688032920806672
0.018048711315905915
0.014444813942189282
0.013085678576717817
0.013990356232656669
0.050601739827372406
0.007548614211402111
-1
0.020845788210920882
0.02513137307957132
0.012206992417374517
0.011251412072055817
0.022011066606815562
0.028221575860579533
0.012690902505192737
0.012322146769645107
0.008934638824099565
0.05662230390205569
0.02141215385518154
0.014687987037854454
0.020119833314338333
0.007823146594839066
0.021062066326679778
0.013460515046976028
-1
0.012448154754332747
0.006653755189208674
0.008620220771348119
0.034755922960832686
-1
0.014401662558631892
0.10369735750116928
0.012402328546503201
0.01042084184067206
0.016902474982157436
-1
0.0724461196799373
0.006062999295033379
0.06681248447002888
0.03575545429304921
0.03237647170247228
0.04086160886975809
0.02449184039743424
0.009211481140549644
0.010468420016689189
0.008471732975727909
0.07035423093082806
0.026114188466647755
0.026744920969318815
0.0602105755816336
0.015283820874101905
0.018708640185876188
0.010755889628872849
0.009520309401968324
0.011758201976424642
0.010671463239988197
0.014639303285055737
0.08960463280805603
0.012975766741595368
0.011801330966242606
0.00950208900638264
0.03202152379829973
0.0396437068868395
0.04004506594797584
0.010520693397280192
0.015034413453362726
0.019193244499209203
0.09517141377244659
0.016153030061537104
0.013659355447933518
0.0049607703521375515
0.013127449422577415
0.013880854669456214
0.01663714302547338
0.020828043137646003
0.0108470004660697
0.011015700477443106
0.018192356085769936
0.02407375789661233
0.012252851358495498
0.021495332564729713
0.010306514496152863
0.03004483647129181
0.13102998007739725
0.026564388771727485
0.013302047843533248
0.016065509440382306
0.012403790751929454
