0.13370759125845105
0.12111279304602356
0.13845811071296804
0.13804906663269303
0.13584656542943885
0.15164054178650818
0.1465148459420136
0.12969702964971386
0.1334327597296275
0.1261448640512537
0.12457532754516597
0.13519568620044337
0.13001930421607827
0.1431359495607974
0.12381439938584773
0.13175841632143936
0.14305585538049412
0.14019281965464547
0.1244114856612325
0.13508719026642071
0.11182427202846201
0.13902665627512145
0.1301240982212935
0.12986626035341153
0.19884129865676853
0.13314179500524218
0.13879339157102055
0.12790248833020926
0.13079886279720446
0.1269461799631562
0.1109927087319382
0.12359162904757394
0.13059375142337468
0.13687266891064148
0.12665081074884474
0.13513932901143838
0.13884327579916755
0.13319290444792145
0.13079011445316835
0.1353133579196851
0.14327581851701376
0.11487639843953817
0.13222002460179388
0.11560442392687609
0.11518197853479734
0.1242338037539242
0.1503296931089975
0.12321589630178861
0.13921672319902006
0.14533097138482806
0.11797754977346074
0.13019061543025556
0.13912090542697272
0.13913853164797135
0.14016260924171786
0.13947409835347985
0.1368765230848053
0.13417283698509747
0.12429266474325425
0.11709239001690233
0.13564278610573383
0.1365977956889857
0.14249410412070557
0.12606452232292875
0.14191993052231527
0.1343400566175234
0.13783940996903365
0.13505642980756635
0.11641470372102758
0.15208614217656702
0.13138092258889403
0.1302057687353192
0.1356762482619598
0.10564788786659302
0.12129708934438671
0.12870588979225
0.12836614745644256
0.1285796075771129
0.12571581273995758
0.13377957900890236
0.11664784882568299
0.11547066508311321
0.12741396259074
0.15005465571638776
0.1453162600102833
0.13024555272869728
0.11945789716363411
0.1088023998602161
0.13655031305427673
0.12137980542423515
0.1458071823327037
0.10647192172965608
0.13286780323482025
0.13974286814891132
0.13941024186112888
0.12516113002348828
0.11528137802181651
0.12190119540772065
0.13820999252065813
0.13488693462968496
0.15240429571773095
0.1512731020543768
0.1507835120161416
0.10501076873751514
0.13151030646018352
0.11835271638033551
0.1457485328119093
0.10421704315284049
0.14395748157316476
0.12877709819973207
0.12814486746828188
0.1419698139523554
0.0994865263055784
0.11878290139817571
0.13615341470559406
0.14913215483952202
0.13912912440525638
0.12987185747555463
0.13873839620722134
0.12816259346596046
0.14212253806779568
0.13126923418720393
0.1278131142107215
0.13721934118612295
0.13883808192606997
0.147248171292263
0.1340341628208168
0.11948079433100628
0.129553847999975
0.14620262668530531
0.13330334459606388
0.13885691814519868
0.1374822039289091
0.13767302742963894
0.15565288405194438
0.13480874007618854
0.13196673857535154
0.12554957318556642
0.12488774346515563
0.13828400957607173
0.12949351495912564
0.12770191260353303
0.14897771049127057
0.1312692423029381
0.12875707162409356
0.12484958377016955
0.12527911744842649
0.1375258827177378
0.12819446198215279
0.12832632532918684
0.15096273136034707
0.14939442981087786
0.14239163365919538
0.1381738077937486
0.11280226221758424
0.1442066599468183
0.14674702295928885
0.12471189616368468
0.12115666077757144
0.14001735802449494
0.13676119522245958
0.1193659836876215
0.11722599508416626
0.13738606570905196
0.1358710292485064
0.13845716190948637
0.14592897898618443
0.12957921640709325
0.11352331512216615
0.13969518953464224
0.13828164487501768
0.14051282217922959
0.14466419555464055
0.13874946859398968
0.13075095578973067
0.1306318128063289
0.1385396647778464
0.14243070803918073
0.14412684989452712
0.14125426414300726
0.13045994934795102
0.1356559919585155
0.11613594437991616
0.14140689683783805
0.12712843349865738
0.15264599785371324
0.1080738150501065
0.13315912654808595
0.14419004325887566
0.12642952209858743
0.11103667534201803
0.12498784166339376
0.13202574409141987
0.11221931665630358
0.165548517392071
0.13031688395467456
0.12264651513526625
0.1291915225988106
0.139659615441548
0.15760788550205163
0.12539636836730392
0.13733476773524889
0.1100078218538447
0.1317461539054582
0.13742667768107583
0.12785012583828428
0.13525930594283206
0.1199740990111719
0.13745257514339
0.1218910600192118
0.14087925711269478
0.1593860364517048
0.13575552278748565
0.14227227241783286
0.1164646750890681
0.12089691045775125
0.13452753422414393
0.13483040832298016
0.13055226594984445
0.13341521042924237
0.12110957946165136
0.13092529609136216
0.1359827386502619
0.14144468801042415
0.1337740848699513
0.10194031462367056
0.12128198184900926
0.13468734322137693
0.14204192142765265
0.14319717093780857
0.13461707975531095
0.1269795337957144
0.13575645198396058
0.10698309707062174
0.1294219613692515
0.10452208959025461
0.145754940374471
0.1287171557592214
0.134039425162237
0.14492028552292663
0.13446814651299857
0.13438425421661634
0.1610863232363979
0.12415413305629873
0.13868332944964493
0.12079588868546187
0.13156931033199903
0.15685378458718438
0.12502206786132603
0.16269420282194025
0.13488896947928403
0.13503301625835687
0.13744902247853677
0.13379059679938426
0.13703050683410156
0.13018975213473113
0.1325925333885084
0.10224734024705787
0.13241726436984497
0.13365284313636341
0.13599978986876538
0.1345978919691459
0.13743848133563388
0.1321523667781693
0.13737450799939388
0.14116750023200522
0.11458074297121304
0.11915635458459037
0.1361870878209458
0.13989775964290235
0.1005353465551824
0.12999179947577538
0.10783993784677062
0.13395963297228158
0.14396950908471767
0.14697940197360648
0.1327486202107317
0.13605018523575127
0.11642695122703324
0.1304025026786097
0.12113687337291942
0.1411859643289433
0.13856804045859472
0.10595657077552198
0.13818220997813618
0.14505024966831842
0.1290269011452606
0.1330044086809002
0.14769099744536213
0.1282439695672501
0.11209824534415497
0.11556025449394944
0.13178893695389454
0.14591726687528536
0.12631868715981107
0.13550792948483303
0.12762004491552065
0.13853872322268157
0.14132148671439057
0.1568076911854002
0.12994931712837468
0.13304171280616284
0.12282126320600176
0.14187407268114124
0.126061076066251
0.1076708622568221
0.16121072630847347
0.13262386926429126
0.11471408165637761
0.1308642927679457
0.12603839653743
0.1521914497592634
0.11589508923107959
0.13071337415033427
0.13389378474198693
0.13687492837158427
0.11817556607897478
0.142758140480157
0.12937595391460233
0.11614240597719139
0.1375795985096549
0.13120664894571132
0.12017531151464263
0.13728452331488866
0.1058363849943634
0.1293119592939129
0.14052927290748135
0.1399294905235413
0.1211849379058346
0.1444261213746537
0.13117143832707265
0.13870807640781088
0.142257659943191
0.14676591030095842
0.14417327513132175
0.1411105061119459
0.11416212780614104
0.10156423087262242
0.1326556120932909
0.1322201524678164
0.10962686370270125
0.14016888722456133
0.13746661643092584
0.13547574036263885
0.12425676372768268
0.11160796268530102
0.14413351999218504
0.1359388329619678
0.12563850139349245
0.13588709014141975
0.09525333828144594
0.16780765087495655
0.14750131864391308
0.13952422754494648
0.139221517651909
0.13521045427476702
0.1362847884129879
0.10492043638568903
0.10833068674597437
0.1385269355214484
0.15438623091769477
0.1339371515378935
0.10113849935374658
0.125107701403055
0.13378679455338713
0.11786044969535757
0.14059794806309409
0.1058071883680545
0.14483666449361512
0.14257095938874986
0.14587122719297865
0.11475082132633384
0.12621562289751614
0.13218313695373496
0.14290123382146114
0.12712497895930855
0.13959200151845721
0.13849688989571
0.12987440675445083
0.132263576007969
0.13499966545783845
0.13755022292546884
0.11428205720411996
0.14297089743176217
0.14004141622318755
0.11962523060960302
0.11634141793308467
0.14985561713081624
0.13450197058274338
0.12089271926920772
0.12516012180838404
0.12906151943468702
0.12104880792948773
0.13580322089101982
0.14740639252654683
0.14137811191767516
0.13097257164331796
0.1359650455239896
0.13278295249299948
0.1384831292071069
0.13476013956949176
0.145481545087733
0.14131705470652675
0.11620621747359071
0.14234596771362454
0.11606157669657155
0.11258770302070463
0.1198413112560516
0.1312772800319573
0.1389867140923014
0.2400203379515144
0.14144158502364002
0.1420208786488356
0.145482483739586
0.13061059594775837
0.14108931597451124
0.12419929755636142
0.13493449645831773
0.16636403199164868
0.1370021725307791
0.14068853217423818
0.1369937353853921
0.12931887499964095
0.14015074182940104
0.1282851776368327
0.1394944742614988
0.14252646775349476
0.1399058972298393
0.10704247374318177
0.13702756108459827
0.13388544844379405
0.145139473943374
0.12584785560410638
0.12906405526032416
0.12518529435265427
0.12659832950580935
0.1427452633738104
0.10870574254961947
0.13324356224652362
0.13150046239487947
0.11744373921560722
0.1288742394467513
0.1461453925196754
0.13852945024493563
0.12381618184647714
0.14098703524855774
0.12159964660548661
0.1334734517459491
0.13669064798471872
0.13515968565763953
0.1388441091274365
0.13316472482567826
0.12922663343098692
0.1344579443388617
0.12685117951874197
0.1301757939480275
0.1302870804707958
0.14380552060988486
0.1465852604497921
0.1418307319769648
0.1085965729108617
0.12747214131235413
0.13723085999633997
0.13756559020522546
0.13221638779188416
0.11697244041345861
0.15158326679925538
0.10498677414212441
0.14442775253925763
0.12943376571762388
0.13197511511408527
0.1325356445158343
0.12803546851672754
0.1411822780554286
0.21402933269328706
0.13887715676887843
0.13916522757567606
0.11956078751114368
0.12841248393374016
0.11434230090123129
0.14030540930920452
0.13509904841675321
0.1409448896053091
0.1446811948231504
0.1376441997593329
0.1559852439173877
0.12960932262099462
0.1266541632508139
0.13399628112140477
0.12940689977919867
0.1349949644198742
0.14227722738313314
0.09999996230204569
0.12989612883721108
0.1299818179437272
0.13104892857917944
0.14371001781943424
0.14808248335551
0.1391124612953035
0.13667107813121923
0.13597413345191584
0.12448245376772904
0.1376180651095999
0.1436264316988815
0.10215057148418422
0.12725596532432676
0.10963955131309835
0.18916985019889798
0.15360179764416249
0.14049066071046307
0.13589557964446977
0.13468501184161988
0.13861303496116292
0.12828281838104544
0.12827180074369876
0.11439847345555537
0.13119512755694132
0.12940374317573666
0.13363729576829542
0.13691981320302363
0.14405923373262458
0.13826806343773437
0.13467608430997685
0.11723535714122929
0.14405155730197955
0.11795960783611457
0.11889217479331704
0.11443992679225562
0.1376777585473404
0.13821860855316867
0.1289109894644202
0.13626336599107247
0.12292659644019505
0.13552626767182946
0.17809652881984422
0.12764858037062302
0.10623315310428845
0.11856437694318822
0.13388065787115497
0.1392491927946375
0.11162243356240471
0.13379394285609458
0.13048680549575445
0.1290950114536727
0.11683883062039457
0.1111612922057112
0.1333431484829269
0.09766717542917122
0.13182689088460592
0.10466390529024591
0.14916666670094253
0.13089291357250257
0.13196133356603118
0.13300574639344123
0.1267684253660032
0.14587847800708054
0.12588591050035572
0.13041742394242029
0.1438074131302044
0.1774825681810281
0.14023079219217735
0.12121556762768643
0.1503747112789559
0.13858835460941313
0.1361163340635963
0.13991625281455966
0.13882370725153592
0.1047081939001028
0.12592386383299112
0.15856759594509837
0.15154160454753968
0.1069167217206913
0.13674410417591493
0.13090741408714207
0.10695928570728643
0.13253288555222928
0.1186937472365828
0.13468736335047277
0.1328571757775569
0.14000543587806796
0.13537373686566573
0.13252789976651388
0.1274234020142685
0.1128590785454478
0.125899502732499
0.14101929284753212
0.1313976811000999
0.14861534883584276
0.1328902286226185
0.14184478780823928
0.1371210635369444
0.1517240885582481
0.12993650146366936
0.130100980550155
0.1201756564154163
0.13233996055178454
0.10231822202781059
0.13436346692688805
0.14847963148892207
0.14576313935001006
0.1411833628922621
0.13212583298853733
0.14111562995546445
0.13714404564693392
0.14088572179595216
0.13500826293629992
0.13665406860629756
0.13563317107902087
0.13309309271571318
0.10107931087858517
0.13540959943603045
0.14503768310185797
0.12049284531970862
0.13282905912197035
0.10851937451284135
0.11369636655392566
0.15038938630083495
0.13873600478016312
0.12491356855607855
0.13728110550741274
0.11585966976191903
0.13839296290579672
0.1299967141213701
0.1313519503266568
0.12630702645027625
0.14195744771328614
0.12216575559865449
0.1340856304050767
0.13515992635776605
0.14628884116210275
0.13156930629381464
0.1353118536040402
0.1387687405412973
0.11642206995168658
0.1472020099627945
0.14381375545874125
0.1287637409968738
0.12284619138735986
0.1455785401819492
0.14052859175148397
0.12614224766984683
0.12287859473603246
0.14039104636985067
0.13375669516780048
0.12601692292341318
0.12646668235279093
0.13585251488694366
0.1430795223254598
0.1442378366500598
0.13517834818595803
0.13873678531256883
0.15480628620717019
0.13279303719393112
0.1427323449256857
0.13096820372748144
0.11294631731751271
0.14229790369587297
0.13700574251249742
0.1366645149245717
0.14152981444411658
0.18823911903900836
0.14039208251328295
0.13154086797362144
0.12075605212251125
0.10888810391371334
0.13690552100863473
0.10413961260439844
0.104243502744213
0.12934743438147692
0.1308618685908937
0.13805161975838176
0.14055888684976453
0.14231935031578963
0.1430520192316405
0.14209732514429385
0.1838262545144621
0.12906114820948392
0.14608871363215814
0.11841587446072191
0.13536531210413347
0.14323685226921976
0.1299745377883521
0.1370576793825647
0.10374235623974436
0.11793398758284152
0.13921215324389535
0.1377771985373054
0.12481711060054247
0.13449807990694038
0.134245345357244
0.14724984152137133
0.13410364995746224
0.137957669125302
0.12912338214887542
0.13840324482457717
0.12868351794689975
0.13928962457903105
0.2150742964376008
0.13027059852589698
0.12749270164266205
0.13399073882563392
0.13856871628265308
0.13296199240663514
0.23971159622317822
0.11988706310349184
0.11794209242919662
0.10394329161723755
0.14558542880106848
0.1405067872711775
0.1349752431071492
0.13093918850011826
0.11257859219548189
0.1359357891432492
0.12744956263387855
0.14035989034905083
0.13949407125435107
0.1342077109008569
0.12561098821995598
0.10879204234674375
0.10754760031231664
0.10683713396733927
0.14461515388998317
0.13033441000242196
0.1404368714302009
0.10365672304064656
0.13497474061254666
0.15025611791897697
0.14807613288832375
0.12681070253141843
0.10784604963398994
0.14332484668255474
0.14323342171822295
0.1334013300440737
0.10578201946929142
0.1301256753371905
0.1316194385021638
0.12996305412310838
0.13045985617109399
0.12001990185008
0.1389626101831599
0.11470596817692413
0.13516268399638492
0.1386830281241757
0.1344708774913973
0.12676168862581705
0.143682427004853
0.14209192794151893
0.1349452511696725
0.11924498701028298
0.14470687005927146
0.12065388507545534
0.14413004437858157
0.10694906391341709
0.12773401017419694
0.11018586962196032
0.12911415110683724
0.12569156887884014
0.10513193589206256
0.1316314763970189
0.13388011865632132
0.13537594356364305
0.14252013711174366
0.12736676544328468
0.1336491412338495
0.135782762614546
0.13515905756995972
0.14444076751245002
0.14296243078684356
0.1592998840553709
0.13421384101978223
0.14520228495698878
0.14067133158530987
0.13760559814924628
0.12487722204260873
0.13054532802172666
0.13175337147289456
0.12909161837650113
0.1296898841671815
0.12204979295436813
0.12961704565366186
0.13715167980251947
0.14550686778574437
0.12074596317030842
0.13390571854988326
0.14082587703843
0.1462303855210379
0.11236962926177185
0.13701672954236713
0.14474986876780044
0.12861125240688553
0.13562418884281907
0.10300459364983539
0.13845023585620025
0.1011085424732625
0.14647688188137925
0.1727547291438717
0.12268281726221394
0.12147802114491497
0.11190165860807749
0.13948675906726554
0.14054091137752134
0.14458773304505834
0.1472819167729404
0.1337807231531663
0.11165504580222911
0.1486095735729285
0.13495402772771506
0.15008655667885762
0.12687659096779924
0.13355169456350685
0.13318649924229553
0.11592192954677416
0.13704624948390767
0.11979992978079072
0.1271340727656191
0.14275120433851904
0.12114453201263206
0.11859048587496848
0.13642042183212055
0.13276358974636304
0.14015719057581544
0.1350698328587187
0.1326439543021872
0.12547736643166768
0.13697626606331376
0.18921447994416163
0.1128591204615757
0.13391192598409077
0.1433340734630011
0.1338771029448419
0.13205032223006738
0.13063719673120275
0.12941242388147406
0.1397345888609186
0.1093253862795347
0.1403865960219613
0.1258280405658727
0.13938771825432833
0.111130095926079
0.14380269412009927
0.10772758097181884
0.12804277718408064
0.16314921228584223
0.1283871690405764
0.13541842477460753
0.13180513862406434
0.15173889723679254
0.12392495883490084
0.12240887969716724
0.13498579993454068
0.13951804059109468
0.13741879923885292
0.14647383557026583
0.13584298969416625
0.1287948208846281
0.1117278686513625
0.15039455476688351
0.13852312743670994
0.13270337346856062
0.1401637587768733
0.12399708346450722
0.11343510596734852
0.09977040908437572
0.1502633053089646
0.11743531135574452
0.12470538834712327
0.12215534154944527
0.14829459060489192
0.12544548481647566
0.1374721457042618
0.13197446419938463
0.11000995022448153
0.11082188770841878
0.14672356609326428
0.15177492645487092
0.12393467598317412
0.13710732620029936
0.14336034379592313
0.13077868002596182
0.14371378015580905
0.10967646594391786
0.1334284644851
0.12560969664925178
0.134447739568161
0.11011656628275185
0.13862796691315327
0.12618089911234673
0.12965256625521832
0.1208457906076199
0.12244003893973433
0.1091913953784902
0.13679305770921374
0.1186482614837332
0.1298102061814563
0.13917396119251707
0.12857256907537737
0.11041451393304252
0.1316009167127345
0.12252617259757706
0.1375684956065122
0.1336051922395889
0.14561993429115305
0.13026576574068402
0.14264796205628635
0.13826604535529124
0.14354777509006045
0.10898172666715453
0.11006519861916467
0.1301143609703263
0.1383619164811036
0.13431567177266135
0.140583463025876
0.12075074394693719
0.12380457585904758
0.135054557882979
0.13396380326300242
0.14199958557185083
0.15802379879865153
0.11529189517513547
0.14082860519461807
0.13607071089895206
0.12575205850039306
0.15089606222692803
0.09440970356210462
0.14305194507402236
0.13996074446026674
0.1287614683273483
0.13849172289229097
0.12887786512141006
0.141165580770863
0.1359072653735408
0.1237404224916858
0.13786663407567623
0.13078965452872215
0.12685905017684762
0.1270574973530466
0.1318307936221168
0.13638423560314766
0.1349742984730983
0.13087169237355256
0.13882725051996586
0.13638167434684811
0.1308759456057923
0.1200552491553118
0.12609286647324122
0.13849829047730136
0.10984348083757195
0.12923342438986457
0.1414601414526745
0.13929965358057453
0.13708876787796373
0.1315680646999606
0.15483846408944968
0.09657808778696692
0.12219447849175114
0.1115809931537198
0.14207621666237613
0.14184113396886117
0.1317527530341837
0.10088043520778528
0.10941192655097426
0.13354222532226473
0.12047044908512469
0.13075398049174297
0.11320544310348685
0.13398575173272875
0.1255049605773897
0.13852383206020727
0.11688404828849747
0.1544351524833566
0.1349924351259379
0.1562688070008555
0.13719202390398016
0.13485341573284593
0.14476869521088045
0.15111679324766067
0.15642033258856514
0.1353499929942742
0.12819952491252543
0.1561924199741011
0.13906700491028687
0.1564555310631027
0.13436696201173623
0.1321368264241597
0.12834786753799426
0.13301170968006013
0.11043836086000122
0.12354237561536574
0.11359073203862682
0.13597210269533508
0.1393593227614216
0.15132804802397692
0.13691269393480213
0.1297078743723827
0.14321413953133377
0.1371509288749091
0.1250842802582729
0.12324786288106096
0.13526994745172435
0.13771046711697574
