2620
1719
887
1519
1605
1445
1295
1235
1635
1260
1193
1207
1082
1620
1109
1407
1826
1166
1230
1090
2213
1201
1418
1649
1563
1524
1569
1320
870
1805
1373
372
1362
1577
218
1480
1347
1137
1620
1724
1748
1420
1187
1442
1485
1209
1459
1653
903
1882
1420
1129
1606
1406
1110
1757
2144
1709
1294
1166
1411
1216
1107
1569
1203
1270
1493
1692
1627
1457
1970
1535
1555
1742
1431
1466
1315
1426
653
1656
2004
1266
1521
2410
1945
1465
1139
1836
1461
1111
1363
1479
1427
2072
1512
1113
1300
1328
1611
1307
1290
1243
1422
1869
1092
1236
1372
1518
1085
1649
1402
1540
953
1228
1554
531
1664
1128
1101
2025
1291
1788
1928
1280
1299
1311
1628
1271
1275
1794
1470
1706
2066
1388
1069
983
1288
1615
1528
1141
1382
826
1534
995
1122
1577
1413
1370
1383
1681
1937
1961
706
1320
1449
2506
1455
1716
1877
1326
1249
1117
1293
1479
1552
1568
941
944
1735
1557
1147
1433
1148
1493
1802
1629
1559
272
1841
848
871
1303
1748
1600
1014
1403
1558
1832
1661
191
1454
1639
743
1587
1739
1558
1636
1555
1522
990
1660
1092
1496
1401
1246
828
1315
1803
1303
720
1610
1010
1920
2038
1529
1386
1837
502
1272
1392
668
1202
1159
1680
1671
1618
1662
1369
1843
1655
459
794
1652
1410
1829
1420
1172
1544
1439
1364
1437
1480
1486
1012
1424
1040
1268
1979
1471
1655
1342
1459
1035
1157
986
1535
1899
1061
1042
1874
1018
1918
1407
1451
1363
1689
1471
923
1297
1132
1807
1172
1472
1705
1527
891
682
1472
1231
1779
1074
1444
1160
1868
1377
1302
1719
1442
1459
1343
1336
1386
1149
1771
1424
1352
1649
1533
1853
1300
1387
911
1463
1207
1438
1338
1292
1640
1178
1264
1421
1453
1177
1585
867
1294
1121
818
1534
1121
1337
1623
1228
1507
1755
1651
1545
1557
1671
1949
1443
1882
1627
981
1182
1280
1277
1781
845
1170
1507
1102
1734
1362
1210
800
1428
1293
924
1569
985
1382
1694
1106
490
1584
1499
1565
1678
1502
1379
1392
1453
1307
1534
1941
1629
1721
1850
283
1658
1679
1613
1546
1286
1767
1680
894
1277
1410
1875
1531
1653
1760
1412
622
1559
1816
1973
874
1438
846
1439
1728
1468
1450
1383
1545
1394
827
1395
1559
1009
1911
1071
1424
1584
1225
1506
1215
1591
795
1321
1513
464
1550
1169
811
1153
1301
779
1362
1025
1993
1584
956
1756
1876
1993
1155
1892
1464
1572
946
1421
1431
1067
1331
861
1543
1981
1455
1713
1382
1262
1310
1457
1163
1031
1452
1568
1992
1152
1419
1523
1284
1514
867
1235
1780
1673
1532
1090
1483
1605
203
1199
1397
824
1606
1233
1562
1326
1601
1890
1452
1753
1887
1919
1916
1370
1637
864
1434
1364
1305
1727
1127
1597
1096
1472
1198
1382
1466
1227
1235
1220
261
1881
1873
1553
1309
1317
1623
1523
946
1477
1569
1305
947
1336
257
1585
1615
1466
1384
1591
1495
1627
1866
1599
1285
867
1184
1524
1228
1899
1404
1043
1377
1377
1573
1374
1318
1955
1670
1551
1301
1737
1612
906
1093
1548
1257
1565
1421
1100
1725
664
1383
790
1135
1545
1318
836
991
1309
1548
1393
1712
1351
954
1579
995
557
1545
1597
1905
1835
1485
1978
1904
2415
935
1512
1398
1606
1298
1454
1326
1420
1383
1764
1565
1372
1735
379
1403
2077
1209
1515
2008
1201
940
1508
1459
1456
1296
927
1145
1685
1572
1431
1411
1679
1409
999
2004
1074
1764
1331
1507
1076
817
1459
1567
1270
1328
971
1516
268
1540
1392
1061
1557
1419
982
1636
1425
1948
1579
1477
1375
1571
1815
495
1101
1509
941
797
1076
1309
1288
1365
1295
1461
1492
1499
1612
1514
1275
1236
1579
925
1645
811
2016
1515
1548
1194
1085
1472
1281
1510
1274
1326
1626
1224
1413
1356
966
876
1195
929
1599
1467
1047
1434
2072
1566
995
1421
1573
1662
271
1414
1235
947
1510
1223
1568
1760
1592
1684
949
1459
1459
1652
1459
1343
1503
1531
858
1249
1494
1415
1542
1117
1518
1164
1072
1802
1182
1532
1787
1108
1769
1258
1468
1484
2038
1627
1659
1418
452
1644
1542
1856
899
1075
1414
1522
1660
1779
1494
1539
1571
1967
1552
1829
1333
1460
1726
1549
953
1164
2016
1837
1625
1056
1545
1487
769
1814
1327
1251
1691
801
1308
1290
2013
1935
1564
1072
1070
1864
1667
1084
1641
1486
1086
1645
1127
1213
1814
1115
2015
1669
1569
1820
1783
1336
620
1682
1497
1319
1654
1563
1387
1546
1729
973
1597
1208
955
1489
1428
1481
932
1370
1226
1429
1601
1463
980
1401
1300
1205
1676
1353
1062
1314
1428
1691
1732
1379
1422
1487
2191
1561
2153
1525
1123
1301
246
1463
1778
945
1269
1476
1280
1443
1086
1318
1236
1497
1116
1584
1491
1341
1092
1468
1604
1096
1468
2437
1448
1314
1509
1350
1358
1146
1438
1456
1720
1426
1530
1205
1220
1358
1710
425
1482
1414
1678
1667
1651
690
1660
1563
1577
1519
1235
1498
1656
1347
858
1625
1184
1935
1383
1567
1613
1591
1173
1101
1820
1285
1502
1739
1203
1464
1440
1292
1870
1867
1415
1299
1148
1123
1775
1343
1292
1929
1382
1529
982
1369
1029
244
1213
1362
1526
1312
1676
2148
617
1214
1304
1434
1497
1580
1323
1385
240
1434
973
1635
178
1644
1419
1321
1217
1727
1472
1450
1679
734
1403
1218
693
1737
1069
2111
2108
1451
1867
1609
846
1437
1998
1231
2224
1538
1398
513
1211
908
291
1527
1687
693
1446
835
1732
1495
2046
1043
1888
1611
1143
954
1420
2029
1485
1564
914
1647
1575
1313
1885
1299
1490
1725
1538
1318
1405
1142
1744
1221
1639
1775
1999
2089
1787
991
1295
1952
1530
1745
