855.0384546293035
834.6129951612049
596.7573051228653
620.9856055200386
888.2871194430735
809.5216885703859
565.7969410769225
764.1704108497836
718.6912253688329
465.0001625182783
553.5533815864853
629.1739633974622
971.3138637067347
878.6309161421949
388.093878462483
1115.1129084825102
988.3422018435452
790.8378772839643
805.0431788136154
562.4786530359756
969.6826336661403
295.4056537463282
886.9964753997793
863.5371352896633
1013.6823869609268
783.7762035405382
1117.0765010162495
811.9420944982772
296.7754233926897
1022.5192902256625
1072.1111875658128
1217.8399640252444
864.6166554082383
848.0366634699819
963.8297989531893
780.4644248378019
636.2798234887924
997.8493879845288
870.7540695738171
1111.0519308663947
695.2822374892828
821.3029992078585
1238.9540366679475
927.0614219808677
984.4914058679774
700.4248312272586
877.7283711038833
1098.9717665634716
470.90676764719876
1048.9466384732907
684.4462966294047
639.6968880716842
1016.0139120815358
795.7522769170617
829.8881372091589
912.3831239861505
789.1832346657898
815.2325880478857
909.1118261246206
862.398054907793
606.3771832508775
682.0228274606977
774.7327994998517
806.8736677559565
853.8004081688758
1004.9795600605005
768.4956622661987
936.4865918857553
1186.306783598963
1028.9335527546339
674.7257074969277
591.4026162318755
900.6028583901948
693.3208972634251
744.5794900365291
720.2606278893021
731.1615141704063
799.5028586391877
880.2124558108978
806.3996475118711
736.0644076708293
832.6137287471364
940.9457101898751
770.8775594130285
848.4143076722685
1076.5760062355696
1028.1219513814253
883.4429557955145
520.6203285192712
425.67496565635645
948.4516784398311
800.7909920765003
841.3882072069973
828.4505361684918
694.0751759047579
568.7792411657797
723.6494287424413
877.0735989813166
975.879417627498
762.5724931299278
764.5906586503463
1083.2606973745562
604.9218304391127
1022.3255160777217
528.7624228789228
1133.1652867131102
660.211381191639
969.9639076904547
816.723309601429
848.2098296454902
699.563813322616
837.9793632870561
1066.5248700691868
737.9233435041394
760.6432109217725
1098.9205121184152
731.6179374244391
873.4743088165467
950.626150480206
793.0536237905972
962.7152472118156
826.0678956877493
573.481829175439
1075.7364427855666
705.1922761403889
963.1449861163244
846.5519924256914
940.356252309525
777.5833846580599
730.4472150020579
633.066581063641
875.4045213076911
1021.7128647712915
295.9182687750017
788.5450253505676
284.3395729628695
615.9706419000438
640.4119902565309
838.5973287747365
752.8117542971105
656.8144864261333
448.6756777413311
651.1454627075676
708.3543755330894
604.1444940580309
876.4108380007029
496.62447121458104
807.6619085744095
683.4213546886618
796.2989782106877
745.9540066879174
863.6192628407638
751.5289686183015
978.6797339377421
800.640797433367
591.0573453079694
638.2653383549707
736.8782523538619
414.63162795403065
751.6319300648863
698.6395034984743
805.4064375328068
1387.2304095451734
536.4701454408906
1035.361660074984
861.9589580094517
1151.6793411365265
916.2064546877635
649.3123877224168
967.1815978167704
619.0672721359332
1006.6256697472887
1061.9139299371873
1076.0032378486264
1064.4419840016585
1064.1627056220573
500.9681080326487
1105.1296401155075
774.6087757023219
1080.9953280491275
957.0575160140389
870.0689119941015
523.9011386859593
743.298821218577
1092.714528832886
1201.591989943834
292.4650092487705
1106.3658642869118
920.8412922971144
774.4258576207966
824.6152812050722
816.1084188897914
802.4395053818009
946.7307660126331
622.6723158052241
1095.6990287404735
595.3251861291809
734.7613431561891
908.6414362599124
288.30512501266054
703.5415213901
1013.6207657579253
1069.7569846685299
829.4500833138909
581.5043925279971
923.7051828377322
786.280149522384
1031.9041682614802
441.57107039550624
910.027571184304
895.6427468165093
975.435139685936
924.278445482791
558.7106332378341
673.3893278037425
1387.3812119975307
712.1417382775811
1046.355438139092
1048.0803506454176
1231.7628908808913
719.5032134542183
899.0606415164646
815.4586331623763
914.6791119015656
962.2090178325009
445.1854963664302
383.8425026336022
768.6123972689788
809.6917084509969
701.5468896589383
1012.7701174451577
815.1733293524121
1159.4247470454316
837.8654510959768
992.6481899414377
642.5052684411321
78.76531334838857
949.1381532790685
1295.465531892672
577.3907899267685
945.8393787258528
647.4227671043634
751.3755563906119
784.4148350543934
734.7841056943064
895.4619389245917
906.9261424871015
477.0831882850199
417.45990781624994
962.8644554483258
856.8654750184155
794.4787458317871
823.3798124480466
685.2802388871456
869.9465374243165
772.4406949770572
806.8656573680164
798.2015610859818
643.501544002521
814.4258568593333
775.6226665198437
732.4649000819636
1212.450057785111
539.426449962335
607.3283414814721
873.995412718903
740.1841236922098
422.16454586397987
641.6916353397795
794.8427883663991
883.9960188460298
1046.4800277296983
560.0150192506156
584.1664796264307
939.6124983696313
967.0232944648291
1176.2352732479753
1094.1172856071848
670.6226883274439
700.4537884096927
1066.5015347472054
1020.3457845709714
842.1510561423316
1061.1550342404455
536.2125672210857
871.4659894128815
898.4416566966721
683.6848558506189
868.5357781102402
337.39228370529474
843.7765462927485
811.4919367802087
839.8918958371152
616.5645921281558
928.0752250986015
893.9011252633104
831.3283790663892
855.6917156052702
883.3191180214089
1048.0777942646503
1102.6254919989751
400.92113190172637
710.6777229640182
776.5986626845965
818.9831518993875
805.4646915765583
985.9276815467335
915.5512843577453
871.0698519765418
1063.857679637714
924.3623322096151
727.5937405793374
847.706391846037
845.6761309586941
886.2468885534366
678.4451879650592
798.1097447514368
654.3183659869028
1026.4550997300987
689.9465613706668
938.4914963547686
984.3748751452791
787.1052890552199
568.2825303123896
494.8062079742523
969.0549184426072
718.2750980986128
985.520963189971
312.02187005491066
591.3754834983833
761.3416899155083
630.2189271439612
682.1701734499411
1018.1323078049237
915.4459090567392
586.829619962842
865.4162496048157
954.832634936895
535.7057110263092
797.4815547019031
666.8026505250155
1126.7246776813001
863.8703926076331
756.5578912001573
996.0914766050248
1084.4885757566622
402.396937733377
862.5517978589593
660.8922609518904
571.885477959425
1047.1942693734748
872.2869770475953
485.58891128506446
1186.5591154521123
1035.0165930190185
423.53088986074573
1197.7965119067226
971.7598164034521
807.0904514806066
1022.9614239433047
1029.4477157671927
686.2790502094891
845.8985546120376
429.51847016611475
852.6142368614823
782.9632365907996
754.9458184221313
628.7317381416167
1072.871613555336
628.385226046555
310.52305340443263
1142.964963095355
796.8761604086461
1206.7047402957041
920.736385953921
1055.999385376937
677.4273559479849
730.3311419036195
813.9235388319619
1181.9305667813885
820.4538290731994
651.6956878018673
671.8777347607523
369.2859757000056
739.9821605129084
679.5893431157496
773.276077744823
786.0387121604383
870.7919972749236
787.3992400081885
687.8072241416382
710.2722982620243
794.4303891749475
765.5921330500121
767.1336807000771
869.1838814806115
936.0021513752491
576.4787496012354
636.2539130273575
859.8952171185894
951.8801939187724
1170.46229308886
807.2438597241153
1113.5511284247987
359.48245190537995
744.3111093540863
618.5261857136445
818.5213406740378
823.9782619796183
956.4197252246873
850.576689305853
1007.0558240644542
635.4389901440377
721.3347026862721
893.0800128367475
822.3907121946507
838.2425307256883
1155.7669573101534
1152.853964689145
830.6163280795173
722.4584237153229
1111.7760793149776
726.3969738784659
976.3532998593437
507.3282021138041
881.7593839223175
932.1523258264721
792.6981701594793
970.1192493949782
873.7681689522884
826.4098943620698
814.8850769525174
845.8648365372003
952.883239668791
846.4591226612753
554.3716107910786
826.1948456490431
710.693432494597
709.4627608857154
1351.0987778742037
848.7905319764352
545.3794268891174
626.2841807226216
598.3432669862752
644.589143950127
906.4327209011898
872.8816755711915
1018.7517553707987
903.5131448234366
741.5464230094035
945.4402394098561
1157.1571756340948
1125.9975028100735
847.2240568012104
1068.7781796788051
348.1544062625348
1139.2741927864192
613.6779163740617
815.398295679865
829.9377792471929
996.2135883325949
1038.2280575414175
596.6267776336233
624.9464112550852
873.1142109369315
630.1051524089066
608.4679646227532
868.7697719377252
1080.607998012435
972.1658124308025
887.2219472726397
1200.8657661448024
707.8123597387917
696.241203359959
837.2218129525579
887.7179538218369
918.3968451130532
795.1511715444384
723.6071654658967
952.1665753656486
1114.0263814238108
761.7543829529906
738.2471352367636
559.7155494323356
1196.2367630557023
514.9111025879868
920.7659429945635
1003.9253259615515
920.3323809470625
957.4726054461296
1139.4804489495511
773.7448877924767
1145.9014451215658
762.106710519028
1069.7910066110535
642.4470000472647
582.2764619571677
789.6478914979486
754.0068212730745
908.58535532283
968.7299099120773
929.9286603135549
921.1157286600544
838.9051440032482
999.2207066549972
812.5413393432517
1341.849572832398
173.36631848217553
999.6720849914149
642.132207830627
1181.1470599899503
1028.5327116920532
1025.529169979782
814.8794525902312
941.9495554725938
857.647109870884
605.7218558722716
1119.0840992062085
944.4503820337828
772.770649117366
1002.6119368071744
657.5812331656687
985.0950736975772
747.5147959991093
842.3433795657447
857.0492205636159
449.2788767532125
748.4203215624444
596.7141526056618
687.7601868071863
549.9477829753258
638.3535781262245
814.7804271357832
1087.0111713179335
737.8954215719502
680.6507242519884
892.7765918498309
768.8654990116095
1033.7640653878257
907.029956419768
1063.7827175937418
889.2651737467986
926.572745389318
673.8648448445982
662.4979521942297
503.14672818543215
738.7928559899701
812.2997512068159
980.1523655681219
799.4848146990215
884.9668627139466
903.3590656561626
765.8401084702211
854.1840460581374
957.7871200163693
1216.7466863094469
798.7304043676487
589.4543791940747
784.3139534375222
993.4173381077759
800.4968281943696
617.4764508059874
785.4116408281328
844.238903899341
954.540906179327
632.0986962891111
977.0137431959373
533.1898851558495
776.2939798564948
955.8294833401943
718.4311076896504
771.8226459676433
757.1453052748958
728.3075488325117
714.3550749049465
1008.0609294021472
975.467689735577
835.9300478163068
955.1043975064098
866.8822731462798
385.90426089515023
1032.0626525949524
972.7018198294178
704.702630742675
943.8217587881868
128.8915512942957
771.8549038286224
664.5446568533597
857.6852872960575
516.3726938737051
1343.031926347315
894.8291084676433
988.0154612157257
1050.8384072008557
318.49738867058056
978.2877147575362
1441.165660031459
897.697895784368
1048.3406518386385
192.90471890661343
560.392761887677
854.6518882728061
1068.1230529864938
925.9870550518905
570.987494094853
758.9572693489428
740.0688795869208
771.9838503101101
948.4906454387439
856.2691637817375
1280.6411099412999
965.4069077216399
996.4251761720558
726.329665160264
467.94067655107625
388.97862768604244
709.7475815660167
649.6458822193752
876.2349887039626
828.4340517276654
658.5914345565151
906.8961458109688
884.6429218821735
946.184568097798
905.4906585368952
947.8594362147027
787.7318232022109
706.6094023927787
864.581693391839
663.5132025074042
820.4006545366058
1171.991647695148
1128.0653951848728
599.5076437006202
1133.7595485318534
636.1959291147913
914.5183966709358
742.0395734235047
809.4449964717633
771.3629017674781
704.0054987652735
734.8945042097566
953.3349076027978
1084.828447653397
973.314590537052
413.82460567363813
729.9812235395377
852.0883920662717
708.0272594027241
581.8894120137293
688.7220420941976
1131.7965040270908
1064.0836044364437
732.1439804509289
707.6520934476404
598.4711125643042
1158.2221009472494
1036.2287537589004
852.3220867040751
1122.166627570835
535.0411120946031
853.2642684618969
493.7257993464628
749.5915523370198
1301.7527854586274
1129.0700394129935
1144.225605322722
342.04165025594887
1141.9651448791583
1312.9013755827193
834.1145413003381
337.2850707920088
861.8446102168159
988.6137668457915
847.6998049818824
847.2576393223402
873.642014129851
295.93439077952416
662.8289857380626
686.8759197930607
857.7937645553069
972.8954299857279
660.448996710518
968.756942823411
577.4137242448177
881.9910274740406
738.1597325636465
731.7121022097642
590.8543131987692
478.33528066010564
958.9164808357677
1074.9343103360482
612.4135523389575
794.7323751407305
368.03348268154105
961.5381402881693
1083.617240513026
655.0339602366982
949.5596881795401
634.0282718022066
1466.912922433959
625.6924451403206
645.2986393222985
669.8911711301088
883.4543130621123
1035.8571446866924
759.3693106363447
864.5994280996272
789.1978083479854
559.5726979762954
780.0914759131811
1113.483530120691
784.2794636614402
886.9676765474112
986.6738509594975
878.0515035014968
1310.9156890593158
1032.9626151373898
1056.4463962398988
1154.3324569175343
593.7127675651102
1194.8761707734348
961.2730736478804
505.94312855643483
1081.0265803066716
765.058945794792
713.3425419508286
827.4960630892438
628.9044215077378
527.8718169349878
954.6968896026425
961.293795862425
988.9289870798322
830.8810772619254
730.0480045165032
894.3952258933557
1015.895590774467
997.4473509134077
957.845888386471
885.0279076028319
946.4184155034894
845.6649788769068
811.3320457034404
791.8394862705244
874.0288336592389
867.1595557402406
748.1717914707879
586.9802010906732
907.5879160161903
790.5489976040437
523.1363269890951
154.641718209594
724.2108143140038
658.6007855907677
400.47942386078506
656.9750461150201
831.5951290705315
1075.6219816012651
798.279194520856
712.25120505874
725.2528195698414
893.164776931976
1315.3971404871254
1176.332912581457
213.91860446399826
1090.1877438708868
1041.6679900664687
683.397146939947
1013.2553762964345
1111.1971638045961
505.7614168808467
772.1036663733141
660.9676177205293
940.8353270454659
774.0738447797463
919.163468871666
927.8359932854049
848.3514136773174
622.9076729146994
281.1316697956582
763.3357653707328
546.9437233341706
745.7050793884566
853.0433990623071
624.6830288362103
1023.2695406995434
856.9558496383678
710.2047703699445
998.8494163817849
807.6605120008811
1084.5955564608662
521.0188799617804
743.6629839621555
1081.0140541274577
520.6617088039233
1189.9816464068392
657.4084453445597
874.5059258714258
1234.140343792901
757.8977861792669
887.3169049817077
939.7077452993897
838.5989906716145
895.5832878674394
958.582525816884
1121.5679665695513
814.6555222169387
1152.7880042547151
622.9793152523187
622.7597858922818
1207.0019220602296
633.4130358079768
972.3049964615902
602.4430564119125
809.454390264929
599.3439628082508
1215.7594018989603
1286.5821599824158
881.4550082454115
508.7624791553338
887.0235006287442
718.7692376514367
974.5554469099644
964.3395207027583
704.6879149774296
939.9814299587412
999.1390218862009
1421.1239787089223
663.7365135252309
1013.6239037301189
677.2891639187136
392.1733519662534
641.7012610986043
1230.2944896281322
757.0102451708419
741.4370904291627
1104.9425231783346
996.9213535938667
950.0962358924578
678.1651879620516
435.32241711847666
1104.8510708352283
790.5469760165934
1181.2922401305998
643.202036951989
699.504983694375
1024.1024693194458
487.97411716635287
1046.6198414019993
697.8938526474387
705.1032689107346
394.29966068947675
842.6389895238357
810.6786363699524
657.3215328447025
1031.6213031167797
795.7769838241101
828.491078145325
1340.6204923268876
926.9896435475284
762.586928059846
839.3511460932492
966.4486333917203
826.9445067734831
942.1741283802537
850.4875799840407
687.0960904505064
743.3551747910118
507.63504774634197
767.2324974332654
611.1604685545207
806.3538248546624
1242.0920443312248
778.848708496986
737.7353172267974
954.4466389923418
666.6645373076468
626.793296018894
712.0341847850325
716.7651867349668
368.1434363184682
695.4406208197294
730.9019688356027
861.4865971886651
735.7980431174111
782.2559061665497
617.4346812584051
986.4308508766225
518.4170047199765
661.7247573924286
814.666627678388
680.743193844741
628.0718038970485
817.1637097996654
775.3780136861434
937.0615859432417
910.6717980006027
502.18849253191115
431.67283070512906
581.2696801240726
597.2564462945489
1070.5781935376287
869.2476263743986
708.9295583644886
1014.1230039717998
859.2219377119716
664.9513843546904
745.4172158871236
758.4422417141548
1135.096955359154
809.6680272196685
778.0222456206671
1076.1615599452657
995.4718941689142
642.5739766090644
854.6592539401246
963.9341007670348
782.0884565118585
1157.6194181658498
196.8672415128393
765.0146525792867
960.1777291408091
852.1620431486576
944.8158004700045
1024.7534782235311
737.4847581208575
828.2922304058934
915.0870918927999
755.3721212696977
773.4321963622858
1102.9442754769616
994.2088360495123
520.8746044861726
1169.6474696497546
864.770588335581
619.6081384708827
690.4241778674966
919.6567098115398
484.788836359973
711.5431991511806
722.0554606476697
743.8616593214606
1008.4896954503481
968.869048987319
618.5835915339702
826.0656498236256
463.52770713239596
776.5644778312944
868.2304138819129
933.1751470284252
919.220386041251
908.3908079963202
349.2114006156632
1062.7548918389343
525.1239097997795
943.1222927207036
1099.0539924519192
654.580310985296
1275.129654613254
1042.4871904952736
630.5478283691631
561.1396039567537
941.0983875893758
745.3902477230818
348.48560942655274
786.2906049054677
1025.2466799798897
579.0064333894078
317.8345763207938
923.0022301797195
847.0870539959162
992.6217845668151
691.6034939783295
710.2594965200843
832.6432573177333
849.1285888236545
755.1717825327844
798.3941552492494
730.0205033595496
881.5137257902783
541.3312403085192
822.8870966819405
573.6966389723754
768.0347735160392
824.7670242279968
868.6459672399978
832.7436030420771
454.83576494169336
866.1144771910499
1464.3763445658901
386.18696685886704
1357.788662211557
726.1375528139571
779.1401616846754
856.2686238126439
724.5359674671233
599.2841799859398
630.1139171292019
812.7641116304422
705.2686561966282
