0.17736365268950846
0.2839074626941515
0.1297161157517998
0.4653010176958188
0.370111286404291
0.44795009583369383
0.42698843706053835
0.3115786115800901
0.34579808728989336
0.41675680357739264
0.5667103309911221
0.4149505099011202
0.1812236250650096
0.48431612833129173
0.5918808042713108
0.030885750177777494
0.2081783970603334
0.4504984881077411
0.3202345260247571
0.3006531292733243
0.4041691273000672
0.3159322995044188
0.30647369808787855
0.32977576210531084
0.1525298992930937
0.512850679205384
0.09364515802704455
0.292016827462195
0.34573480308292426
0.15315422556633715
0.13026697214738328
0.3723608011139378
0.31316888966541107
0.5697257524918067
0.3427467628892327
0.5349507348600628
0.6675349761288728
0.34205463123473406
0.256773224828087
0.38915710107660856
0.22762992422757433
0.34280802167242036
0.34377757768790373
0.4696533170733504
0.23619882536028355
0.2003155267254186
0.2914519878398487
0.30362641675561347
0.49884874268178125
0.17528968328670558
0.18230143513379762
0.15372992913225234
0.2819406612169719
0.15472014222287722
0.26537712161550514
0.37869038343818323
0.0830705807914228
0.3989640515988451
0.20260765754008137
0.20923382560448908
0.2684626986390561
0.02020356311717725
0.1862915746221233
0.22079229383306767
0.2562010361529699
0.18428901368935932
0.35960457579552196
0.3200807843099188
0.09921743022030675
0.5213293425089697
0.20166058613264523
0.3953755975671779
0.3855681584920932
0.35749778004283167
0.19400335472789457
0.48054252686127985
0.2062140730007859
0.33325928744331496
0.327995311110192
0.10167544953585513
0.22852786473069966
0.10619926413514512
0.04552926765744207
0.352690232969031
0.2174615902500566
0.21637311089252734
0.511949337945611
0.5412337615822309
0.4017116155023305
0.29496265562685975
0.18022708752661817
0.316640800931155
0.4860198260489324
0.21205230148644055
0.1664458140322439
0.33943818124108993
0.21550166318563588
0.1947008366678928
0.4813286992391095
0.367066892937417
0.22042864407425378
0.49503849882597695
0.3555547619466482
0.26935185411841356
0.21174805037942765
0.4478936438177263
0.22078166024342202
0.3466619189649371
0.2454120196246418
0.49151857236006324
0.20840154166937302
0.1740938259774339
0.30496455771070885
0.3617148287262703
0.32207637921846055
0.509257167037772
0.3307834815326239
0.34686375158047067
0.23975104499739458
0.14527458035204704
0.35339141688609427
0.1443293231761718
0.327628890066639
0.350915898700049
0.16695323081718777
0.2767874581070491
0.18056143457710763
0.08760940575451517
0.14546493321721315
0.09148737310709575
0.38260300662780433
0.2865396467211674
0.5915764718031238
0.27765597941343584
0.4493323985710564
0.2983244209339695
0.1566837245717642
0.5200601817023339
0.39378118537667184
0.23879395972092532
0.3414966974096662
0.3990881786342257
0.453154090162822
0.1915103394701967
0.4099254131724196
0.5284221464302604
0.2087478943683695
0.7623440496678712
0.18769704107336935
0.4924284985720994
0.27065900405911403
0.17750097688168517
0.5122350448147507
0.200645236212075
0.3361148754992595
0.527365267831869
0.3830025752392867
0.1469085286103315
0.47539144789208415
0.1734720186798462
0.24842761809251238
0.2863027758425504
0.42352497221823143
0.35397512373448836
0.15115598343650644
0.30723720189930503
0.3980344713606491
0.2828502927548858
0.11467471031340831
0.4552351446142968
0.5297285902906345
0.2106982879427391
0.20388568934129042
0.1726577720831266
0.38714711289931736
0.45981223681724265
0.4289258373763356
0.25943438976800526
0.3108490768877087
0.5340969633798749
0.24659281484244724
0.4398349625896772
0.12478554293660778
0.16323516203220223
0.2613040072987677
0.3035316025397305
0.376695829861957
0.2998201715386008
0.42615641573310953
0.24116310930759632
0.5736980139667716
0.5080793313713201
0.3795392480897291
0.08689739070164179
0.3059070672762194
0.3164879963240508
0.2638484924460865
0.27851013646491146
0.37948061069085814
0.3970085056068327
0.2937676910691103
0.25397398013782685
0.2683158774537576
0.2304993374841539
0.3668109050944254
0.46831458994120095
0.3200082262004239
0.2556010185490329
0.45760209635110477
0.515526658694918
0.04523445647190326
0.3727788669598361
0.38088295104589265
0.15816291359294873
0.14920565577381062
0.3162668460430148
0.22808352663170392
0.4818202082363271
0.33378928678472664
0.2848006444009916
0.4497101881480169
0.38961205155427947
0.43237496127417874
0.19555936264248822
0.31233780522283366
0.48562767578345023
0.28468809173105736
0.3520968033727544
0.1759339410023722
0.41835038240548056
0.454704282580687
0.323302011409732
0.12009228532862307
0.29306273428185686
0.4382711995210141
0.27418762332817836
0.6243643418940736
0.6168623300201697
0.43321054682210336
0.4746991009089761
0.1464317412804332
0.3835205440235546
0.4871635859636034
0.1553631518220502
0.39703482812818414
0.1749449324296308
0.2588634214102282
0.025289707424787856
0.598947785801897
0.3583117651383231
0.3970851908885467
0.6487871176710959
0.2577785375129821
0.4899300074457165
0.32104040012459933
0.4098692372152383
0.48527389030149304
0.5657165526973044
0.1884930838429767
0.3158781881022072
0.1723081917623034
0.3752244821100052
0.2805084780108324
0.36499213655696333
0.25230723275684064
0.5302385706420806
0.3837390770844912
0.22725372768111848
0.39034025838197783
0.34728265813043174
0.4289548196137048
0.5417305589281372
0.2578528087596157
0.13053571189162816
0.07870718464384496
0.6506069079881077
0.25477707522596843
0.2519834829559164
0.11233691294409594
0.39352949648280683
0.33097070359226916
0.440564216253813
0.4047084229980071
0.4331634050327604
0.41873133622803854
0.3841596413508671
0.18207832743614633
0.2942045565858495
0.36154793875081637
0.41879880206256587
0.4336365815426273
0.284080695202163
0.19173742848473452
0.11965269555945757
0.33239504617848614
0.3370630672808504
0.1539659742171008
0.22993344007315888
0.32696078002213136
0.590155445911198
0.38317298169692704
0.6278642944941715
0.24010134745702
0.08826673987063527
0.3551320734189833
0.2634346841365804
0.12742872060822844
0.30497544001672533
0.2929159959522368
0.26968451000434773
0.34569926162816206
0.2081385873432159
0.363730258580349
0.1875793845041946
0.2504291296402691
0.41152889022949923
0.03274439965533072
0.2268198840018678
0.3960933521443878
0.17902289449243752
0.32321963831068945
0.22908984990395173
0.27149061581378325
0.4149856028761966
0.48344508542328424
0.3110253615968696
0.40834187687598145
0.3678625198141094
0.3677735039972325
0.32471426778220736
0.4762337058955963
0.2824482386923993
0.20626381244424047
0.33042405047908935
0.2636991638143504
0.4484919333943671
0.22600574027860126
0.2910276683843164
0.5637058039195033
0.24934590848653757
0.41500949946351434
0.24335646077168038
0.11865027124376205
0.21440470627254532
0.31783428315409595
0.2442306057824428
0.3474854546487756
0.342572592051662
0.3785272155081986
0.47882770700804717
0.32527463117620065
0.2204609182995159
0.15045176817186373
0.09597808485902123
0.05034627034975615
0.3813538101879531
0.14843620397902085
0.1840004319095311
0.2438290947448599
0.4019375613175064
0.2735926625240956
0.14460558247552247
0.3977595567063506
0.300699707309193
0.3649147105126785
0.3779022057058337
0.44321016098576915
0.38007576397871856
0.2591472486889903
0.29017987312157195
0.4668505805373576
0.24408030026152133
0.33735421109044356
0.3370579527243587
0.17027408154673676
0.31971931249372504
0.2516064966383513
0.49118314180097705
0.18858280913066822
0.33793718314117277
0.32052169781926326
0.28605730564940757
0.21440695238982857
0.3550295436477802
0.3472682403835872
0.31261886445101894
0.2553392003987499
0.21396239755129426
0.20237631834948352
0.5074866619299317
0.37386671927982806
0.3655886622830013
0.6990778002579521
0.3388744101442268
0.4308970526154461
0.3723412001741384
0.4686154457647524
0.3807385929203413
0.12528769424954728
0.5461415622717187
0.37940138495085857
0.3929185554962579
0.30701490900886297
0.41431500037739505
0.3488373367293951
0.341080945865244
0.4095647280191942
0.23221295903844646
0.24101790101408724
0.2135613357400145
0.20374064636805833
0.43886757957052536
0.11793887472641235
0.5160439340989017
0.5629829674812292
0.25687429186985405
0.2811450212194208
0.030047811433476977
0.1830036105204366
0.5334872630974896
0.24084800468121384
0.39022313577464124
0.17470103137333232
0.25409442045449576
0.2628971027376518
0.276646449774046
0.36462097657520093
0.1972204849234452
0.16617929270344636
0.5402671150831359
0.3121569707344248
0.4995852130528394
0.37314311200393824
0.19954835080630023
0.625449988274043
0.3619806646673809
0.1710642268192125
0.29524569800606737
0.299520976396937
0.14954156223991621
0.26895305673392045
0.3130524054645257
0.27221229387018214
0.3589122545767033
0.4958542786579141
0.5032446248117235
0.24685499339151082
0.34002678263793595
0.13047975090200492
0.291683137693665
0.09884247002039079
0.3929401177941363
0.4122450714823908
0.25178791556527497
0.5221872502225714
0.18551211294610775
0.32410731115480607
0.21694978992057748
0.33973852059575455
0.23846449074686357
0.47665551528029804
0.47753102833282546
0.19673430623402915
0.40095640771042707
0.39556290194083293
0.2840647391271858
0.3521294849641802
0.27731033046071224
0.421887869997716
0.2505992696741746
0.6212716718938495
0.48989783685887517
0.4393856394739327
0.5096446683481293
0.08787246545779993
0.2430994038435681
0.2774456548350984
0.188187793929319
0.31627998455583545
0.25643036440596284
0.13988190367312672
0.23495663485040308
0.3584411832854272
0.1405394091188154
0.3087907792392803
0.23865215271891063
0.17926302170554156
0.33155794383384846
0.1954139062915216
0.24260992917210994
0.16681558809300462
0.5779533645804822
0.20869490889022663
0.32884238810901956
0.40084426611725077
0.24813673962351637
0.5653008672796721
0.34315186957879346
0.3121963733213861
0.3127493330250848
0.09826328746779636
0.29592404341845474
0.1726557914776947
0.32603878905248707
0.35982116926902574
0.2695166479344854
0.21570181575956554
0.17046804243754782
0.2033708167556176
0.341279129458161
0.2961568727652319
0.20937352455636052
0.2681374194367425
0.2657830737789179
0.3156272633820534
0.5864152833905161
0.51534914384269
0.18101366318907802
0.32339312084588046
0.17674758817269218
0.3546407468703734
0.44355269438123995
0.3697168482433723
0.43070320231973896
0.21652232231376134
0.36238940072507797
0.24466313498427408
0.28981389069204305
0.40925626482337013
0.2776892014169573
0.3620172135422874
0.15542360791039858
0.197771897649093
0.24583088611731313
0.14966240665371025
0.19974124990743367
0.35583713585571786
0.17010047002691722
0.10529651934394262
0.17139871119250602
0.3599689592801252
0.3031784941958284
0.5552807919196974
0.4277409678876252
0.23803866999658435
0.3540170187162607
0.4512360361661927
0.3203751872852032
0.5374919927790649
0.2786705608977972
0.21618068702332383
0.22321257313189533
0.28120512330069125
0.5133430016654189
0.3982921022164229
0.3632520154598792
0.19041324819723635
0.39689635248106936
0.2773744917854966
0.17822428032574353
0.2091844721843885
0.2118810274001854
0.1872567595319097
0.23202654554286736
0.2699581618543862
0.12565363602086077
0.17932740157684537
0.37238937423906954
0.5795426858702655
0.3025660664902773
0.16815103230470285
0.31739042449741495
0.33690188239617486
0.31846685548977005
0.45106865463325224
0.23368901973927814
0.3153510613092258
0.29440632742592704
0.4581705048690244
0.06761768484849044
0.2056590685356796
0.3413356687340279
0.5126440430848889
0.332088510841313
0.2905233508050762
0.3336102069979575
0.2396164380535533
0.5636367777002239
0.3832430615941634
0.370300684985562
0.17459166435487983
0.31315845353751914
0.45989405921269055
0.2162809109155327
0.42588522606077023
0.2463395300275346
0.22489067484681372
0.6338761363384576
0.3477544490418521
0.22449709678795582
0.3436313124122967
0.2915817178933423
0.21951992030857437
0.361512053924065
0.4161567324221781
0.07190297485635229
0.3914617999198247
0.44365264264893217
0.32424466737645685
0.21739249438655722
0.46818227689016306
0.31969083553435734
0.3880051596206019
0.39024867937494895
0.4363672219931866
0.1834239717527693
0.48421212297015925
0.48861407310883676
0.01631632759994491
0.2700095862359038
0.1018604387285968
0.10737322043235738
0.1538332253001856
0.19775577982616954
0.3315556803506191
0.3610895638227299
0.29035678223397193
0.44996853112297475
0.32869031410567773
0.41046075033809815
0.35603008802441866
0.2743075812269735
0.35188736878905963
0.3997166771142708
0.4975875257465334
0.3599414863016613
0.700310956584637
0.23879046083509722
0.35684300790729917
0.17972653445513503
0.16848328209487504
0.36378919925382125
0.3094890728517889
0.2771861503768297
0.31414509526586115
0.19201061162054084
0.3295765257432343
0.3083659016402748
0.12527266626633946
0.25724138997291296
0.3766455638516966
0.4286200801908789
0.1602477046200481
0.40621186498920403
0.5045950818875619
0.21099905497369242
0.333709167984216
0.5265581460412218
0.2128294997156311
0.3454597224443643
0.16571439608022043
0.3831864489329751
0.3611697975811808
0.3643523156736211
0.3655683648786513
0.356450459955816
0.47265452926082696
0.43964967006446637
0.3472278002276886
0.3225490642023143
0.47972985119232986
0.10286624870813627
0.47306569461819953
0.27718208402093303
0.43821110917098177
0.44636386662211447
0.6153151892134531
0.12267010301233496
0.5184124678392253
0.31185702734279264
0.47311861459726023
0.13724672941479577
0.28075913181883805
0.3499562298235404
0.2824077373959389
0.3829192247645249
0.43027986506781696
0.11935153508974787
0.2207036308527219
0.0924484102979366
0.2607850464458195
0.6816509948140799
0.43992962870089336
0.07036848531961755
0.20177628065833864
0.5045420902687774
0.07512530017189832
0.28726951719170235
0.26543300774187367
0.36261853441324216
0.26856500929866084
0.5075210188778081
0.2788389098391104
0.008480694380330379
0.3009037296734097
0.3626027576953946
0.3272918708372649
0.6898175553533604
0.4467234080996508
0.531503225175618
0.13781191442071977
0.4064771757548672
0.13668646912328652
0.4667549906350285
0.35472764213254027
0.32452200049122587
0.5767026149636648
0.3689606886091922
0.4107818778317999
0.06140950359295231
0.18112605900429526
0.613543294587735
0.06457370187933006
0.027599606862589214
0.40891214570272677
0.25261268355512656
0.43608315788839613
0.37875812212490184
0.318783119208663
0.47831133257461017
0.2918980358939188
0.28702876195724203
0.4538407084900919
0.4836093658187094
0.2944923240549694
0.20607483604784171
0.04575719443136537
0.17094005292824524
0.34358536820741253
0.05684968193025667
0.14797029622379007
0.5173106891100167
0.26565309425270295
0.3253958922369465
0.31430709574427046
0.2521313593932605
0.12970706415233652
0.15070276898302357
0.26881518947261634
0.6502064165491036
0.4007244772045601
0.4303999939006893
0.5310194495966094
0.38839817638954766
0.14246870137522766
0.5296938995795004
0.1795240705292465
0.08095810642344169
0.24928044457443146
0.17135908138710573
0.39259246157751876
0.12933217110337916
0.2531075797537211
0.3312818228349407
0.3344902419522138
0.2510638196835286
0.44497750565241473
0.44393727960458673
0.5924074879168953
0.2138159352015868
0.2809643987776402
0.2711917395614705
0.07859360717322124
0.38229473528586666
0.4047147959381661
0.23987969463143247
0.38324901880397366
0.2642510609741498
0.331046910390822
0.42537049757371026
0.3765182700907115
0.35958724805382297
0.4066725094467457
0.4495999329443683
0.5299927990824227
0.5279908934208752
0.35429036084919235
0.39500625962174035
0.23562665740358388
0.25415367800795274
0.30664972524478284
0.3546517890212484
0.2966973530955282
0.39535676435024625
0.3763758782643617
0.3171058937369944
0.17280765402423012
0.2713503372072288
0.2842772584261788
0.3341917179690388
0.295428291065317
0.4490997883092506
0.24924222302166218
0.2578461792796338
0.2719061281564936
0.23257797843793468
0.11898109577070465
0.35942649919669395
0.23081449178047508
0.25481533299024817
0.1286715602387273
0.5912772880947278
0.22915761738631707
0.22166892903000968
0.019194851333922992
0.29144943388875594
0.337434335008689
0.5474971022929866
0.20935856872024866
0.07426690950751727
0.3233689896421828
0.28814212479814943
0.5880528309885744
0.3799483253571599
0.37038982433026174
0.3198030131585245
0.23213369231678121
0.3794266622774717
0.24485029236184266
0.13794917236943524
0.33295060069579396
0.28765694316385
0.46158283582098714
0.261903750226324
0.18562141095811838
0.43270998352530815
0.41871203058078654
0.5743592415249877
0.274347465331004
0.18944666431757734
0.14465477403832483
0.26292711991823975
0.26463161697847504
0.2943053830678656
0.4070980327995284
0.30924926242419515
0.4495901247650371
0.16583863539683408
0.3593516011658893
0.44451017434316314
0.3572918689813046
0.20848382060006568
0.3210562453560533
0.5816195888215608
0.335360159540466
0.2536659993335979
0.3724296828643013
0.44554802770279434
0.35037947096234
0.5593243596754207
0.16958852356787124
0.35454189065745784
0.41938384660022854
0.2455698375905078
0.2651883051399008
0.2606445081052749
0.29673566360844716
0.3420238905117339
0.40789379867127146
0.1051018363435423
0.2732826986435855
0.35133864232199996
0.47906836411013987
0.20719411212870165
0.25632420495824854
0.5342767765575875
0.3429258170353888
0.307576885769434
0.3317729268588524
0.14079064362003166
0.39441955531277295
0.12277488683050213
0.13592650641230106
0.31828850136896786
0.4014600384797011
0.3034916429905361
0.2707130147358984
0.2700874162937537
0.28071679086733015
0.12601896154788245
0.14159439686845224
0.23164380682738164
0.16692598220931026
0.4069178129240746
0.21577399780926382
0.2291566271867806
0.14695548674232178
0.377867529838078
0.4502463011333057
0.1986797825490632
0.36900687267814264
0.38948316754598716
0.5242024037575465
0.1849443146486406
0.3145027631324293
0.3117131473823486
0.16135144911928392
0.3704933079671469
0.36856759795961996
0.06664383903334262
0.22884822923122283
0.5563364843673231
0.3924451243515758
0.19306093282112197
0.4832779890188058
0.41568548442854436
0.7240796018810336
0.2806212055622713
0.4250144261572485
0.525796299379095
0.3660588931370101
0.19951819423559253
0.6627006732577778
0.3357196806521237
0.25462477122430793
0.19060033754809524
0.2888840712048628
0.14140213597508675
0.2772138141291446
0.26450750370233667
0.1169999049815769
0.2804272073385943
0.14497790009026731
0.02894264653577455
0.2610893225250135
0.403820392426018
0.18896264234874163
0.3629002807731292
0.27149625907526925
0.19616058436483727
0.3284287407950455
0.5384170390926899
0.2406794498396582
0.06347551967365134
0.24328368373608192
0.3017460866153373
0.4093734779146981
0.2681491260505512
0.1401739191211147
0.36973443005056256
0.29278870421499836
0.4412799699643571
0.24261161045986898
0.20592150999310027
0.13546734440295735
0.31646497463090334
0.2255907320224594
0.11443145809050227
0.37015649575959386
0.09334005296084007
0.12837696795142786
0.4090835267521206
0.3033607789000302
0.3041985976421578
0.34050559449286166
0.32443095981640735
0.5083065513531948
0.3313352967601667
0.3238625902008998
0.14520563808454934
0.10161705925337956
0.3328663301892738
0.2974191661577999
0.4995484493031463
0.2970595660271362
0.27774920449877477
0.3078427210473253
0.2597175799819298
0.43863247219582935
0.3645204189059336
0.28821005737903216
0.49980039264366544
0.23315399015625635
0.11218554718761302
0.43222341605023956
0.28771903628283907
0.24849155011431706
0.17483199894317453
0.34141243376400976
0.15911306824569169
0.4329414869489482
0.3614718531879329
0.1721131894892763
0.38417079089815437
0.21063528938799306
0.2903777699700039
0.2416531103662975
0.17812509235775328
0.19085109248296464
0.2844803330392875
