95
105
99
107
103
124
102
103
96
104
101
104
105
98
100
98
97
102
102
106
108
116
97
100
98
99
100
106
98
99
102
98
94
95
103
109
100
103
97
104
95
101
94
102
94
96
107
104
103
96
97
103
103
104
102
94
101
96
99
94
106
95
95
99
98
104
105
98
95
105
97
95
92
100
100
98
106
94
99
103
99
94
91
96
114
97
96
100
104
97
106
92
92
98
101
103
101
97
102
100
103
98
98
93
99
101
103
95
104
96
100
98
106
104
110
112
95
94
95
96
100
93
99
93
97
95
96
103
110
100
101
111
97
93
100
94
94
101
95
93
99
106
105
101
98
95
110
93
101
102
114
99
96
106
102
101
99
102
110
96
94
92
94
99
99
111
100
99
93
101
94
103
98
100
96
98
98
97
97
95
95
103
99
95
96
113
93
94
96
101
97
99
98
93
98
93
103
93
95
119
102
94
96
99
101
93
94
93
97
96
93
99
93
106
97
99
93
105
95
101
95
95
100
96
101
113
100
97
100
98
97
94
95
97
98
103
107
97
97
96
96
96
94
103
96
93
105
106
99
97
100
93
97
99
97
92
95
103
98
97
99
100
103
104
96
96
100
106
95
94
95
97
101
97
97
92
109
100
96
96
110
94
93
95
97
108
105
97
98
94
95
101
102
100
110
103
107
95
96
98
101
98
100
95
97
106
98
97
101
102
103
104
92
95
95
99
96
103
111
95
96
101
96
95
96
97
104
96
97
95
108
92
95
101
99
97
96
100
96
95
96
96
98
96
96
105
101
102
101
93
97
99
98
114
104
94
97
95
98
94
108
103
96
100
96
101
96
99
102
106
109
91
96
103
102
107
95
100
93
96
103
97
101
100
97
101
94
93
100
99
96
93
95
99
95
100
103
97
100
96
97
96
107
101
110
94
97
93
101
97
114
95
93
101
103
91
92
99
121
92
93
96
97
97
93
99
96
96
99
105
108
102
100
98
99
101
96
95
103
92
105
93
102
97
95
101
92
99
103
98
106
99
97
100
104
95
101
101
98
99
95
96
96
98
93
92
116
99
113
101
98
96
99
98
147
124
95
100
112
96
103
97
102
96
95
120
92
97
96
94
106
107
100
95
93
95
116
95
106
96
102
106
122
97
100
95
100
101
92
94
105
100
95
103
95
95
105
103
100
97
98
107
95
99
105
93
99
98
102
97
101
99
95
93
102
100
96
95
96
103
97
104
106
101
92
98
94
95
106
99
104
92
96
96
100
104
93
99
117
102
97
114
101
103
99
93
100
97
98
97
100
100
102
96
97
96
98
96
97
100
108
95
97
106
100
112
93
97
106
96
103
99
95
112
97
94
95
94
111
95
94
102
99
100
104
98
100
102
98
94
96
103
92
101
102
103
102
100
96
97
101
98
102
97
97
94
95
94
96
96
104
98
100
106
97
104
100
91
104
104
99
98
97
91
103
101
100
94
98
103
103
96
98
105
99
100
99
98
95
98
111
99
98
111
92
105
98
96
100
99
97
114
95
92
95
99
97
104
91
92
97
94
102
102
96
97
103
94
96
103
94
95
106
96
93
107
95
107
96
106
95
96
107
72
91
100
100
99
101
99
96
94
100
99
102
100
105
101
105
102
101
96
100
102
101
93
99
105
104
92
97
98
110
93
97
98
96
96
97
94
101
107
96
93
94
99
96
96
95
96
94
101
99
98
99
96
104
103
105
94
94
110
95
102
99
98
97
95
95
99
101
98
96
99
120
95
99
102
102
101
92
102
94
103
103
104
99
93
97
99
102
99
92
98
94
96
96
97
98
98
97
108
98
100
100
105
94
104
105
100
103
110
102
103
96
94
95
98
98
99
99
99
115
99
104
98
95
105
99
110
98
97
103
100
97
96
95
98
103
105
94
100
104
110
98
100
100
109
110
94
99
96
102
92
95
101
91
95
102
100
100
105
99
103
117
95
95
97
93
98
94
102
94
100
99
110
94
97
97
98
104
95
98
99
105
98
99
99
94
97
102
102
94
107
95
93
100
96
108
98
97
103
103
107
97
101
97
98
100
97
99
97
94
104
97
111
101
128
93
96
92
104
97
99
103
106
97
95
107
103
94
106
97
95
95
100
101
93
99
105
98
106
112
101
104
96
97
97
101
98
102
90
112
95
92
101
92
111
97
91
98
96
97
107
101
94
103
93
96
92
98
104
99
101
113
102
118
95
103
113
102
103
96
102
98
98
92
97
106
99
110
101
94
100
97
95
93
99
109
105
