1.024646349486773
1.230700354129262
1.0328975459518324
2.288759232715684
1.0444730633753372
3.6810677506177205
0.022822272312482593
2.173101322781648
1.0526940550208206
0.5429571335397047
1.195959885672423
0.703622589612084
1.6473085706756478
1.018724130870948
0.8905076642668427
0.634332451998916
0.6519789502123833
0.7904873835881324
2.5439176344636185
0.7148212509456997
1.2832571961721504
1.8835868552307358
6.168319376626472
0.6516537041079853
0.7838662418735389
1.5913973996053825
1.90731158484826
2.1966947985428447
2.1553973873346957
0.5873395197554184
0.8730453739063058
0.2568487946614356
0.6984299115069962
0.3665716138947306
1.1369203285723504
0.4747666650183887
1.1810204323324511
1.5922171661932225
1.7239806280054986
0.45826417841457534
0.6100122894122618
0.778158173333098
0.5452277583435985
1.0812648109948597
0.6123492340252139
0.31849470722333684
0.4833967246112615
1.0702075783094893
0.8740747463993398
4.618484504816798
1.6451654837088756
0.6782219838129452
0.5437653153614164
6.066661371359232
0.5440102793002254
1.3804044295388933
0.40385911400178365
0.6953636833707445
2.7402760995762625
0.968997949035746
0.42705412035544865
7.36286651771048
2.2554701963757156
1.0680897493209205
0.8531241937903554
1.5337645042486117
5.182812592552304
1.4522197142719326
1.9170306037989655
0.7299201909709719
0.5531507329358639
0.5332663634043566
0.24620512434310274
0.8085074968658176
0.6489287317975577
0.3551193656933999
0.4800106241241291
2.453929742448057
0.6576484395567211
0.47220957928487267
1.3883284840832542
0.9013902883628899
0.7368336874788113
0.7902747184191516
0.6883036674298659
0.7691134626719633
1.04018448086456
0.5386847859111473
2.1702896519923542
1.191679369538417
3.539305378231269
0.2252563059594975
0.8810483106239974
1.0597615469916337
3.515871304418912
0.40388152612075773
1.20918383480429
1.0225364568980029
0.8019330088172864
1.574422778373062
1.1334867355503313
0.33571355985236323
2.0407264228203457
0.3356631594209336
1.2463101251083326
0.728020802576443
1.424115748926119
0.3538968670053264
0.45085737722786967
0.013717348929261925
0.5062107622807405
1.454061919207709
0.7086502708603094
2.611976922597357
1.9545816494787338
0.6854374885625281
0.6131334021068395
0.548001913979446
2.229179791907324
0.9143953239220809
9.173132226544901
0.8903493643886377
0.5429584123983736
0.7432966993300265
1.0198204761124825
1.365996708952993
1.148820829866988
1.2332399901007038
0.5356838559788062
3.250231984016002
0.969864946081256
2.0488393850275015
2.723284325070006
4.433519770039113
0.6207603412665129
0.644847535363946
2.029294854859253
0.6343830972215594
2.0372001452776076
1.0468449367835528
0.6056008987487042
0.585594853280461
0.6173423451729781
5.738243158100138
0.495378851962366
5.587861468691832
1.4507807686136047
0.5619250119405617
0.8987012015728886
0.8166281938496172
0.6603334646416037
0.7660128947351807
0.749077995652948
0.7370982167399337
1.8475202153125985
1.942931450866358
0.8760211067581305
0.8472510497297113
0.7228321316212765
1.6867465842518479
0.7068900573086685
1.0282057865251166
2.4330310771172785
0.4018698959348531
0.6729076332198036
20.917286352185254
0.8964654424878152
1.2644978165399865
0.6200584843015208
0.7361189486573336
3.7527942509058687
1.2565352859674719
5.656353396498659
0.7225962128605548
0.41900183265699437
0.6560150933784457
1.5531607230626876
0.6984900983772073
0.34138945438028184
0.7989108700261875
1.22800285473233
1.8185180253667173
0.4204890378563877
4.046919323507611
0.33349959686554614
0.41183388507354096
1.0792007393189431
2.843826878630635
0.07771766197528636
0.28732997096642743
0.5819910696185444
1.1220972679358436
0.8530466375709274
1.6264908375502407
0.8026560755846659
1.402689566363235
3.101176068756753
0.07932341165867146
0.8518355790995958
0.8030667265443078
2.1317734513627946
0.5295275851944687
0.4264510217188422
2.3400873212192677
3.134158854667794
0.6097526188280267
1.0299907433921531
0.5505281522713636
1.4431760127855218
0.05762498048426713
3.484882833622161
1.078863194876892
0.9132091429059593
0.680788204063168
1.662968729935879
0.2275518758111175
2.0361161466068154
89.52522118548923
0.3821275070314701
0.6265428975979971
0.9609247767170119
0.6175245506767046
0.7544782018769303
0.6648953962200506
0.7651371147525107
2.355242821304336
0.6384264569367688
1.1738779914619977
3.490760995085825
0.6372881019336637
0.9362904783966328
0.4002335674622682
0.9210143510791945
0.5605668251557375
0.4484419163328189
0.5709048913472164
1.3952096049592813
9.878744105399315
0.9158029161865213
0.718507546067205
0.7678525763159357
0.596072368463074
0.8339954622072007
1.4874508986391473
0.779543715032487
0.8383051564345663
1.214006633807103
0.9529805709219635
0.8882601411862062
1.3264512176245828
0.4433603047989177
1.0490540653651508
0.5466113232007274
0.6824471238289891
0.5604501284293079
0.33349974740042215
0.35443951152590364
1.598689367047696
2.880794307782083
1.9195861009054052
1.6054710182220335
0.788101688361469
2.336446716464413
0.9594077181063649
2.906995019485811
3.8339477709216134
0.8173446073880473
1.8761484915731939
0.7326295229602264
0.7583297089203058
0.37232521390347245
0.34594436730557754
0.5845644852919587
0.5035568381246126
0.6441459601890552
0.46542004763933453
0.7624613372425756
2.47762693374033
1.7784156651145735
0.6192247103631121
0.8884027522212045
0.8917864693171212
2.2005637861966028
0.7158369008167244
1.5366475696484945
0.8125627745586993
0.8082797973469584
0.4249902166385855
1.427752042482295
3.8577579599140885
1.2738885747726256
0.9984950042883854
0.9408543595547941
1.301270156963243
0.2865724765840878
0.9494215576606363
1.1366789469070244
0.298040372589521
0.9931002151964109
4.171456916105515
0.49572369186887083
0.4365040913977877
0.6365889273389992
0.6006982192365058
2.9361947369168213
7.0881650793833995
1.27541696758578
0.6246429762593954
1.800872567175851
1.3986593368698166
1.5964036382914781
0.6544419585549458
0.7995437170908952
0.25324459423566514
1.6345081540441162
10.811853551671499
0.26281806705345623
0.6647220144620928
1.4050271468199074
1.342783978900363
0.8362019146424102
6.4155030341502925
1.3222738441226303
0.31256928552305213
0.7277232984316814
0.6254920531111192
1.0295298938662416
0.7312104035700112
2.5391282050428425
0.3867703959986568
2.040296141908183
0.5835914919988971
1.1021949307838115
1.4382416801084716
0.7689592558009801
0.7023491562138282
1.8493513131761454
1.1508068228254407
0.7023103146264251
0.5851721403021642
1.7924920498299282
0.44142269426059505
0.6525866455649652
0.6961899047666746
0.25574695092754296
3.6047464396634523
0.4376586115577346
1.3258475097305495
0.4517712431093805
24.75292974432605
0.430753904253122
0.9800578173334953
0.16337129948609252
1.1529413181605506
0.26346722024753055
0.5151207830909824
1.1127548345468754
0.6393757327838039
0.9819365523680134
0.8887101976092887
0.7363763608120244
0.5740284490256968
0.4585582230744571
5.160439228383958
19.78120486984719
0.07850414409980053
1.8733546462460702
1.0135706282482484
0.7712373843723911
2.113139533375499
1.6242768032409276
1.804921959752725
1.4520095804743571
0.796664090937966
0.9386432845033545
1.2153736787118108
0.5384407371118398
0.47680856677965133
1.1620278796883272
0.5982944510399759
1.436897783432907
0.7968200812425629
0.835045602377875
0.848334333318896
0.9622056483401058
0.3832615584324085
0.6227467561657382
0.26101776453439157
1.7389926252820742
2.2693633534364968
0.32830845918714724
0.5711398222777104
0.6071357960108806
0.44944761725407634
1.7032960422330152
1.4558293722453368
1.0735804158944573
0.6785537738551972
1.632218381947613
0.8777930557452205
0.6262919010213155
0.870079630003949
2.7701275370602563
1.2048297271203676
1.0161219553576228
0.9464899429252207
10.110171217186348
0.824929234840689
0.9219706505479576
0.5704234579330764
0.530681141789046
1.5328854939298193
0.2546641451535326
1.4437421600136688
1.0865685340017952
1.876758842342256
5.741657464750431
0.6969111815633755
0.6119724225816338
3.4428880518454203
1.364428406313511
0.8111192058842224
0.8380028754221535
0.6006994346375053
1.3266369670881546
0.6766067615802199
0.4850164045938604
0.7291113434610826
13.00552851344753
0.2735719850506693
1.1371874227194199
0.22539342683583075
0.5749758361443359
0.6755977866159931
0.6751313168094609
1.1150449725579572
0.6256887251996068
1.3858210150428034
0.6520586861177972
0.8088661436466658
1.2930690773943054
3.4022769370851407
0.7722188970579951
1.002372577228181
1.6875423003571477
0.3065212635594007
0.9453586493427992
0.9926950029085928
0.7854357094356894
0.5933637685912448
1.1316140619685837
1.2772880281521215
3.0262490333844547
0.352999955856748
1.3382208866093772
2.1622606373687647
0.9200412227424221
0.6559547127706885
1.741213053113158
0.21151033466999197
0.720940553671291
0.2908802134058686
0.6042716530407055
0.3959146499612858
3.851600541844018
0.6145989842184238
1.3881972304445322
0.661865430240737
0.42609024407607154
1.6875022311077008
0.7440698756548465
0.24759378874011498
0.40891378290886893
0.2088847335934291
0.7920278932269839
1.6880550200454123
0.8997908885492384
0.376987622215219
1.768363102492828
0.5753927217965483
0.24792679190359784
4.485270523690371
0.4133774884072986
1.2424240372592759
1.4494903717015146
1.0282028288347351
0.5991505544727153
0.6961061351848881
0.7731772496286597
0.34634968305173525
1.6805491309839304
3.510644660727351
3.8272445272761013
3.2122260960941103
0.6726466307257951
1.0186395632381104
1.3192154696125165
0.4126552346494956
0.44185564551246875
6.37526449212505
1.7838997200861768
6.389696127270958
2.1585627712963755
1.9712878992975456
3.1744072488874666
1.3198577004845902
6.497609148652629
1.0806888858890147
0.5418945068432611
0.8421381546844674
0.9342105697043768
1.3865370237159835
0.6409915686177685
0.8336852057963668
0.3982185492224445
1.1448488050655359
0.902022712677614
10.811564050144138
1.1622600974027069
2.121998896033292
3.4319813865021556
0.3140068699176553
1.081682196350389
1.140906700065736
0.5577396239882703
0.8809227158345722
0.6099811483498533
2.1303438491164606
1.1161516187342542
0.9753266606160037
0.6477141756188372
0.7773232468460217
0.37068153023208483
2.733938987397553
0.8580063348020276
0.7996437967959419
0.503213493944701
0.28363563400213504
1.8650704754163823
1.192320798518658
0.2259067627479934
1.4292209402516234
19.46833739532552
0.9273765964873508
0.6539649354366874
7.966705184347206
0.6253503625797946
3.5754864281390124
0.868788612759251
0.40498767606636266
1.0076996003836076
0.8520156308499796
6.670325177928772
0.5550020016353067
0.4507230817852803
0.8307363766014506
8.862788704012068
0.6592311322673989
0.7069627474543017
0.6130498713138073
1.1193722154025634
26.434554041060906
0.5462520084318528
0.843391922345049
0.3508081047466132
0.42068146333336603
5.051338301436557
0.7343558437648413
0.934467251314265
2.5863654710806125
13.305335571017197
0.940019143344506
0.7017326193066147
0.8220010234335767
0.29868673018915154
0.5553168553239046
7.624293586700809
0.47426332989699793
7.764007755267082
2.582678008254508
1.18801686793752
0.4279911111663611
1.585896343188701
0.5144165097842738
0.6117006877514244
0.5717774020217219
0.4020863405143959
0.5939035023502981
0.35849461648818354
0.6827702971599534
21.530713980439764
1.5514839532697564
0.4449159066749915
0.4976241092342816
0.4540004676834499
0.5088373422343095
0.024464293608705567
0.09655077349134875
0.9680721116941964
0.06254536582256175
1.0529299146021254
1.3902092694137598
2.017804627706104
1.217732080442187
2.588956302504282
0.7206312454243504
2.1529111066854654
1.1237512669695353
1.7085437636328482
2.1380417229463897
0.6701194545315435
0.7586232648352997
0.4443230363590277
0.5401345001534948
0.9047658822508778
1.4627935974830026
0.7082494643654983
0.9591738401343527
1.7664757517832752
0.9047802358152943
2.229272619480976
0.569343799561149
1.2302073806218488
0.5413495197159478
1.616736067589925
0.9341520339476865
1.4060347395539157
0.4532044783656742
2.5909314936157832
0.8807466243917089
0.8295666596767889
0.4220387986776833
0.5871954457058883
0.5216353316745326
0.4292811444805255
1.1606142172789198
3.661709715705097
3.2286220442774347
1.2324538159651244
2.1995328710539774
0.40856803746521
1.0626881493551097
1.5600666562358307
0.5816241974539829
1.2910393223028098
0.4044170586223088
0.8878039460225886
1.4080426353336999
0.4040567281471263
5.258395294479512
3.390975309722063
0.5245250002793742
0.6322314003149857
0.9172376384078524
0.9104060126847995
0.23032687814011935
5.399142248869866
1.3590702882335235
0.6256789929018318
0.3821640137730759
0.38928753235865726
1.4197620523149037
0.9008080940654427
0.48721899072107294
0.591661307053313
1.4075645246008817
2.262842796205274
1.0406822753978977
0.7259528097175892
0.24793288911736555
3.0999292612668135
0.8089788131742054
1.2867566361219078
8.723949812147618
0.9890837122592002
0.9781253307460761
1.884741565909307
1.9565680438975896
0.5929914568799589
0.5203514533066568
203.58073988781456
1.0656800556180763
2.369413014147411
1.4019194814090672
2.4255977065055903
3.9085466995973266
0.42119339306944953
2.312508063408988
1.3075579644423476
0.37956895121827816
1.811141142009506
1.3128468733508354
0.693261495573072
1.9416555294962166
0.5900018240106194
0.4759842178828287
0.7032881713510304
2.7664230833751535
0.4849381905344623
0.5975123581277947
1.755607450358862
0.6308943294118524
0.03305768139368026
0.9717809648928121
0.21000927031892738
0.3873302089659815
0.5261991569424178
25.602884910641055
1.054502716223259
0.5664426524053461
1.4313618520917186
1.52225546304973
2.0421662142868753
0.4556464249577029
0.876517217308901
0.31119209235016315
0.8137910377929318
1.3526786756712446
1.6733892150382903
0.36395353913705214
0.6867163630846982
1.7586028226256933
83.16680407863483
0.3355240693605521
1.4235214764884374
1.2295904953523293
2.0356698621655633
1.046976988918012
1.0521463655424514
0.5447959502847161
0.49030983808170153
0.276144015110223
0.8327999867365932
1.5226524720851018
1.892323916284716
6.388591959567825
0.792216632429158
0.6683167808966919
0.7781601347200473
1.1980808880453997
0.823517886475505
0.4420308241399641
4.133083584346497
0.4780534946575884
0.5924935495755211
0.8843819876543894
0.4379442206698029
0.9362324270760392
1.5758783962508487
5.05974035085927
0.3754608599648222
1.2813236482475765
5.144110662567482
1.4292186484892824
0.6055074424633626
3.0263348790646356
0.7430933077663352
1.8185458450934113
2.9970102512881995
1.1117185617895993
0.7395760962894585
1.507265170641111
0.5859240610543579
0.6810268437828438
1.7102591955051993
0.6210387485929867
0.7322585451184931
0.39964508858739484
5.0907563132802265
0.8258010746684125
0.6790595841136269
1.1398821033562656
0.4803891322356828
7.074466680513111
2.1928346817945683
0.6251597334416005
0.6181036917323403
4.535423214541685
0.8594802464700476
0.46367222587522006
1.0934991143463446
0.32329322296850127
0.40907351330301794
0.8661254949429891
1.234392217002485
3.648157359391203
0.5067102214958855
0.7975858771529739
0.45350945292665634
0.43483894352357133
0.49813223489844055
1.8684176469888725
0.5801568561795561
3.2649654372213863
0.4466879342800443
1.2249615289475124
0.3421422240739102
0.2711330808225466
0.5663353665311668
0.32304865136221406
0.5680884172197654
0.5327966888043032
7.613000687149508
1.2645959399616344
1.791865431504528
1.3498428076601738
0.6711882540697425
0.7541261273867581
1.850840950025417
1.9442295549331512
0.6671936965410185
8.961838327568978
1.1768356593435585
0.38415498625508954
1.6579235125069114
1.0178837232708315
1.016004371945584
0.6435200877306319
0.6187070533692891
0.9444125476513413
0.2000987905978849
14.613518062859875
2.538889538943104
0.745871651551197
0.21005730696166539
6.617025109350187
0.5795423939459126
0.7301864414332264
0.7723771803820084
0.6708782214437007
1.850890527636358
0.9580390205422273
2.8938700043804646
0.7554619524136827
20.32321131559257
1.181382957866692
0.6766004177621611
0.4333284284068035
0.6633543781183396
1.780348410855829
2.688987029222326
2.1722795845083613
0.7330416217812672
0.94646322949267
0.9876549060515503
0.6845828736605959
0.8864851614640753
1.8619594819998084
0.9400797935071504
2.801429081433498
0.4623802254968367
0.814584454271007
0.4177736149353417
1.0119184880577337
0.5670760547026182
1.2548635887612811
0.5287452108004745
5.104326904977171
18.109528078596522
0.3730770558780286
1.0427939244284092
0.849042006526213
0.3761779890335978
0.5293647372878678
0.7594135326120813
0.5772850451435759
0.9556386070667443
0.499323908241605
3.985678076374054
0.48909129553037045
1.2387893568875048
0.7025771781413868
0.610134140464547
0.5965512231909968
0.5827680568366959
1.2126436747667433
0.5574919384100288
0.5306484143996584
1.0165002119549615
0.31140844069908274
2.0876050329734523
0.7857972298003854
0.6258388461523449
0.3341897259406363
0.5449723748396355
1.2235202621581773
1.0828730097790362
0.5936084559570848
0.9289222247456616
0.792593496074668
1.8954093315607636
5.970961415460037
0.774960489485487
0.7587533298446928
0.9308185465781701
6.647013815250202
0.947791796934241
42.49284604584656
0.5346897916814024
1.139548374184459
0.4158099671944664
1.4503871872261023
1.3072767957324078
0.4663401951305667
1.9966818030358016
2.631475782749298
0.6172390288388876
3.8341106670840666
0.9228688124859882
0.603798065972244
0.5399351981553283
0.6211423010935166
5.413066896801119
2.6812075714990633
0.393087068328747
0.9308801905424314
0.541198424372059
1.9037535750928365
1.2644490076507067
1.272583103336121
1.1064024004729092
0.9129199270753132
2.5171472394991885
0.550183755857421
1.356879866118678
1.2367194075741943
0.4580938056967876
1.2166699750002665
0.6368804556878505
0.8454857654594617
0.5390203684877852
7.864165664951541
2.102693647072457
0.6908032417163672
0.8211076972330179
0.4144021478963082
0.5618750173323381
1.931297962758263
0.48788187884566836
0.6009829768016767
0.369677568256624
0.6888702948123
0.5297950762448296
0.31425687769662747
0.7631347785092338
0.6495803078079171
2.7296360074284283
0.38424175978038566
0.6893806914386519
0.30473748269929224
0.38364963136171387
1.4255082462107322
0.4224812189134603
0.7132807841143619
0.32199133193975676
0.9772676456633241
0.4676168810240387
1.2229442408227362
0.7972620051711373
0.369550997486766
1.7253922124323953
2.659486798903874
1.9376378792276012
0.592923106655094
1.5314243593583634
4.425077403439191
1.0583078925870655
0.9075215446615341
0.5685691294640408
6.5670637445874105
0.6822636136151179
0.7327234251244265
1.2985985314016222
18.623208663589608
0.6613045783042067
3.710747336599291
3.8022417411466076
0.3073188569597251
6.208578125029777
0.543887601248291
3.343098926572963
0.8999582709610583
0.7322008607452922
0.5928063888239258
0.5097279205402528
1.5706653851279635
1.552241927395631
0.5556032431857958
0.7585659087526161
2.357474025661498
2.583853494087351
0.5632010188585802
0.4944862496720248
3.202811010057023
0.7537654257830604
0.7179901828262542
0.9015303667927087
5.788221628574532
6.380722291896095
0.45410363402858556
