1901.6079204567745
1835.4433272768144
1502.546904909263
1376.7753424611324
2262.6587120595905
1623.4324390986358
1727.660318196911
1797.295984579056
1260.906490458411
1739.3865241809144
1891.51322554589
2146.5375472436285
1609.9266825615912
1427.510283801795
2063.6738852624044
1307.8188394506667
2664.0010950623855
1794.2972594662167
2176.586180447473
970.9316029363985
1637.7161718599857
1682.7906621518189
1736.7718653928073
1409.5235313251546
1698.1844474477623
2109.2844521337133
1566.8694058368692
1799.8243218975572
1128.6490479264867
2191.901301863375
1862.3687702020814
1009.5356196506103
825.6343968285375
1905.1808205337265
1481.291034653013
1517.2280752012666
2100.589884940964
1825.3171201866305
1481.118025507474
2168.3310869701327
1403.2160359948011
1710.9080667209134
1158.0492687395056
1796.1846879547788
1189.3001495297253
2216.5874009109025
744.8334045491893
1422.5386581780829
1462.4284914049576
1651.3181805664349
2039.6107151154224
993.7658327630137
1434.8246747013293
1456.1148869057101
1917.30205578496
1504.0086958582542
1861.1242768662673
790.3818999768944
1552.8718712698533
1064.1907028296828
1327.674387957765
1252.4771623233717
1853.924316397381
803.5444331935006
1749.4472111475693
1564.5802598570317
1606.4160039639082
1368.4041577158544
2044.7324313140095
1457.1089785779368
2064.8128678796215
2144.8034841770927
1685.7251763664137
2116.1671180040134
1450.3320579994806
1704.0284018770367
1933.3562894961879
1937.5713320584055
1658.329553807483
1524.3576354734967
1204.2613444425147
1779.3094785820954
1456.5157220662763
1487.5923583333788
1435.847605408607
1354.720337974524
1490.0261101100998
1683.9481358189898
1026.8937153826896
1016.135650246209
1566.4605778770115
1421.085661093398
2037.833393864846
1880.900993167242
1833.5316931501686
2045.239829266099
1443.9921310475397
1882.4768815603722
1790.1114092947453
1751.6906437366374
1830.9214027378614
1035.3874562188107
2018.5938847481718
1517.9493143364982
1404.4147916857423
1319.2122392568785
1297.3194850599987
1792.4431242217704
1256.5377279615232
2434.758499095285
1443.0526707766603
1004.8010400694925
1990.6393045702569
2225.1397653379026
1445.1834745112164
1417.1714939931483
1410.6682198353815
867.4698370313823
1436.3568910856325
1187.2035387596356
1854.393127192618
1203.1236746246282
2009.2002690235759
2157.8090016280994
289.5809663078103
1486.0695430620008
1610.066724982458
1508.1026494852601
1963.9962491428776
1538.9165151811837
1615.9529898166397
2148.25583502523
1401.4275339096814
1409.6219631934032
2010.3282796209703
1613.3005367067913
1642.6525570011402
1277.7138358408445
1775.09793697927
1670.3421089243877
1987.3350176588397
2060.0783301109263
1623.1370282547923
1151.3147256336854
1363.147446950167
2106.514184472027
1277.2402885489373
1125.5970112968203
1350.453171537954
1405.5498158337477
2075.375833892822
1381.1040159090662
2111.3818702918984
1121.791261106471
1876.2693106667487
1223.6780218682643
1994.944831488606
2573.0155177732245
1243.1656380695194
2317.219266063199
1372.6412349231518
1774.7024361289966
1550.2346606433905
1082.8175221975546
1164.6125505998327
1395.0179842175191
1353.920831661457
1625.2666791646993
1366.495106993049
1716.8179746106575
1974.3189172259576
1601.1697722106499
1380.217371421825
1352.9761407134297
1379.94002745269
1920.2392275452612
1693.8660279041496
1265.7119620718431
1386.874751411141
1219.2323236542313
2180.8678189311354
1283.440373370097
1169.2605557882207
2210.121521999432
1580.7413615514022
1837.1380150689386
1523.2353931791536
1552.1691163099074
1151.7163693704767
1936.1476777857476
1756.7029717855198
1314.773893784253
1889.7856514049615
1399.6418343083603
2287.424484641468
1366.3228056688715
1995.4574496704029
1799.1264207350503
1400.9972719900627
830.3344088492473
2095.955594003684
1715.455161992798
1155.7280864816107
1874.0004125128085
1784.6757892064659
1680.545008395839
2038.8122785060018
1317.561260607847
1731.1073756984847
2066.3853154635217
1573.6725106053093
1803.9335844540353
1750.8363946056754
1395.4417661406414
1656.0697231326158
1963.8689170165394
1350.7467168602366
1538.4496635847136
1599.0989103280288
2016.4424543236328
1305.0284312346866
1184.7622373872757
1553.7681673545658
1377.8451828462514
1932.4701309550944
1666.8112989034694
720.0720699607715
1535.0564025875963
516.1162106312017
2145.9094884556584
1226.7718522877226
1639.4796648455294
2418.504390299734
1608.2123372254466
1492.6943093289333
1201.2943414105548
2086.664999863501
2617.5778806544517
1365.9866099252015
1700.4905063718613
1543.9819410929022
1363.2544197924124
2032.6676498698084
1152.588680176243
1191.3997163601878
1331.833861973914
1922.8133310049236
1437.2403449102474
1321.2844318705818
1707.3183993077967
1577.8155613025447
1449.5147083254199
1683.5294329108863
1804.9928594109517
1619.5636658926535
1522.4904780710033
1938.5399019910153
1209.169103626375
1540.6807815345578
2220.7270268462726
1381.555745206785
1862.1729615157922
1862.7856878343255
1614.464274520191
1570.060261614896
1956.0631433836893
1527.9007107356822
2308.497500858319
2110.4614283519795
2107.6878591319964
2428.0046911405702
1479.7882873631868
1572.5815414729648
1599.4734636752776
1126.7917792326527
1402.6003296752413
2592.9498849291513
1360.8751496785126
1452.6592265686393
1250.1902426194342
1683.3675217178204
1347.9001241285903
1824.4623013900098
1824.022668538252
1827.53566432463
817.9786114038438
2024.2133263122673
1899.0751380128934
1323.002373815177
1637.3511848704932
1595.5270197394907
2174.6453401170475
1147.8527657482393
1859.2648398720085
1631.6540360750532
2294.410455957279
1884.4841601792878
1586.164992522367
861.5666604350487
1287.1110708582007
1070.689469504424
1833.624437008001
1940.857753568084
1566.3894785989082
1596.0534105242161
1841.223056938222
1332.6100015012364
2007.0917479919165
1703.3368636439882
119.25845611723042
1340.0899711878765
1046.1539119482313
2034.7589557030228
1185.36204994381
1370.8046658241262
1360.3811627274285
1735.9341697108255
1107.499030525769
1466.5571035313146
1750.144624421394
1615.892211776558
2173.8769156033604
1509.5295971130147
1636.3012138928534
1415.2306855686256
1702.8668325176684
1433.7004623843004
1905.7101049068324
2015.5937956408554
293.53660625278957
1888.0211286151803
1570.8659405660244
1313.0472808246057
2568.3929877522273
1212.0120920134302
1525.282761425269
1897.8111033999671
1028.4952866747853
1382.728281874497
1685.398332005605
1916.9784974496206
1654.3734074692702
1634.8510120004614
1770.7177259690147
1317.4678090613534
1329.2153452409525
1687.2206735907796
1286.2131542149211
1347.728724731453
1794.8316225554404
2019.6439916885824
2499.016231907938
1139.5584042150167
2032.1074464181459
1387.3298948119066
1294.8408376391917
1712.1580527014414
1614.1094114898092
1487.910726736841
1925.8998092196373
2675.1665029760934
2100.4197494983478
1078.086786877093
2246.2163692178883
1855.2820486087012
2124.1302169166784
1467.8451951508189
1450.023778517962
1801.2490429836068
1623.2197205567861
2062.624555581016
1732.6229742240137
2214.8599446052676
1591.090595223301
1530.3523662412265
2061.9050420149224
1847.769745669361
2235.198371945674
1019.3277777523982
1456.8494954029097
1924.3497944307505
2069.4993525183195
1744.397879455844
1379.44819606813
1938.89132026565
1283.863698263765
1937.976967910486
1986.8971872243678
1400.37380283379
1845.1265841388638
1506.683607416955
1379.9929436926723
1354.2311590915226
1436.965133670946
2053.682298752206
1842.8437646222244
1944.2044496187868
1521.420834142142
1489.7836532193307
1638.1071398901374
1504.8848878838298
1744.1094671640315
1640.183739394202
1724.513010732632
1967.0570861925098
1082.7554193091462
1626.4962116391494
1065.0809590781116
895.6330625019435
1472.8881541960332
1102.099868638052
1500.3147846020054
1292.5372713014822
1184.9530950297037
2063.2142852950524
1734.0593371824132
1707.536324984051
1919.430218363182
1101.4405428228706
1357.413932714145
1752.3639679770815
913.2450974122459
2058.664715492958
1539.6939500931198
2223.0016503800384
1449.8664752852671
1191.357251324223
1382.9121831542848
1567.2872935566843
1465.0981654501159
1619.4396854076049
2067.3346293668465
732.7868539136238
1659.877071522002
1104.3285703001354
1720.6693368547426
1986.0231495284272
1539.267650430235
1702.9867411248497
1387.813048745326
961.1309634088034
2276.577737496532
1377.041761210582
1487.8817490979288
1771.26537050181
1199.8077310060432
1397.671768050275
1612.8816022589117
1493.844640396003
1225.7095903733984
1275.384265473776
1326.709338329753
2549.0226443756637
1569.680596736158
1652.9870864920463
1566.9367226100626
1809.5178085026666
1366.820615133494
1693.9594794202972
1545.223176451865
1447.4795201564907
1573.1443347432125
1847.709142760141
1685.1061346381903
1382.6421936017891
1486.4071852046504
1420.2378918366992
1779.5044915028145
1314.3179308253873
1929.461324742509
1311.8320387752449
1542.1562481891526
1510.3403588256492
1560.006671264068
1629.0509670096899
929.7733135712452
1742.0759894660375
1840.4405305320802
1150.9411765211244
1211.5500877510317
1464.1336901321133
1801.7333797042447
1739.404599519664
2007.0934207512225
1945.752862101365
1695.072439306653
1504.6517122120467
1810.237467067346
1616.03722639926
1274.503364471555
1621.440563537172
1403.8329797315864
793.5108711218047
1760.2939939054618
1333.2826087583987
2095.038224591575
1384.2942988796083
1455.2707897613598
1825.3213021347267
1897.9935100616924
1933.2204958063849
1837.1161025583017
1567.4096532617032
1811.918694969492
1431.629420715544
1848.3329185268792
1610.323380156214
1338.2309358308112
1358.8897670622734
1285.11928487104
2203.2357038364225
2139.937100754932
1926.4843089922815
2111.150436811601
951.4811126023299
1657.6573915563722
1933.7708141697005
1619.992870342122
1278.771252067313
1745.6384162699826
1475.9610427367652
2295.620839271448
1331.131802811411
1865.2877907347738
971.7075740463904
1799.0413058647823
1603.8971841659554
1413.6290306571855
1385.3842013975616
1231.1641573940974
872.7027233019011
1443.8242101234418
928.7660317362248
1099.570467644745
1682.388294696799
2088.167152899288
1719.101700113618
1239.3904389870254
1202.5788897701555
1658.201373645579
1864.8219897789986
1661.58499259626
1746.8115397365193
1670.8828867737589
1112.182950911047
1281.6223426457325
1592.5756418699577
1639.9841712549994
1393.0911578747773
1223.4055165728919
1176.8230500576287
1535.2496441552482
2204.7656725452375
1795.7410898592466
1529.625077461842
1295.901522689572
1327.1909596652931
1952.7883366702256
2066.571835969794
1587.31004470022
1749.8364657103577
1745.0591051171493
2153.0375474357893
1351.55008641969
1520.4765097845866
1337.6213532117986
1490.7779317310342
1474.0848129711205
2120.824075356701
2040.0716121949752
285.37979123617384
333.9313844750566
1464.7934715848157
2359.9358603305554
1102.5021941808075
1511.250532602838
1547.2416118143956
1894.0636034043036
1427.6883936296495
1517.1969028232297
1901.9760051929177
1644.8805884261978
1622.790579093317
1915.4908333499488
1695.4042432560996
1243.44668651919
1763.6363989804806
1435.5437752350501
343.70679371071805
2031.9117520661682
1953.1739660755104
1492.2337650766976
2068.8840725118184
1341.7724345783608
1862.2018929691
1861.6522651970154
1823.6556935756769
1748.578016350379
1726.6148945185885
1445.9405142772023
1621.8298666411288
1741.0317960328364
1479.715628104321
1562.1782954225464
1242.0739010559498
1280.08452022958
1852.1953757957847
2193.7702236810505
1695.7037484410707
1712.7291389023005
1826.3636688249533
1692.3225977206785
931.83666453394
1406.8968867254112
829.9452775021755
512.1984211980757
55.305741313899404
1564.858320494144
2159.283599263162
1495.688130824518
1338.5425158827366
2247.5018256490234
1637.7603052097672
2190.48065204525
1512.9414012710188
1335.6227447610354
1500.5522273824763
2223.871829853362
1465.9374675658646
1654.8241776432203
1811.959273119324
1851.347104810126
1163.157887723833
543.043588255477
890.3505399775653
1761.226199931834
1151.0887914910124
1776.0738071205353
1418.1783063666799
1387.5281896593335
2135.7293279566466
1338.595499331521
1674.6543016620137
1704.3139569307586
1000.201396295063
1893.013529108425
1541.4985395744343
1397.3475561094822
1805.9966959355859
1627.896697954201
1537.6286152778362
2001.7611805643294
1846.6484788109788
1361.9878743346028
1774.2838569289008
1802.5955351654686
2228.42558750722
1380.0556041278778
1490.6484217495351
2497.0798727406764
2514.202145322155
1565.2589525860362
1061.3238769522718
1219.8793519690844
1221.6023157097122
1902.963626163003
1929.7958599160277
2170.8434111769034
2903.250293485803
1427.6888467323708
1195.0472344470832
2219.3503170510066
1130.9759095565014
1525.7150351772466
1258.8401767551736
1580.1925438782541
1682.7294487077754
848.1839972779655
1376.6947309444802
1713.354598099155
1801.8384951578068
1807.2896264667547
1660.2465792217477
1588.240612239217
2105.130004519719
1434.284220546772
1410.266027001213
1694.4864020802347
1534.4556882900515
1980.430869095832
1768.6651133825592
2034.4993441491715
1469.8037007791443
1942.4977409984892
1130.9890144296796
1462.9367733348006
1522.1479541883955
1769.7430335197685
899.1434783227762
1721.036170133347
1631.969976144463
1527.2318639893188
1718.2146913618656
1756.866676794113
1274.3916793120043
1938.4087466520054
1361.2270610502208
742.4399104567938
1612.3676900528728
1487.701210724184
2220.629453218725
1443.422363632626
2054.669375800779
476.77585075616025
1515.8282637602751
1381.7581330858143
1434.2122044414325
1338.9936400317506
1773.15966549796
1218.920084714306
1653.8612053839784
1377.3062900001964
1481.5011888641834
1547.4192015690608
1498.6172476114555
1513.1971218461024
693.1563287037498
1709.2050997200517
1496.945420695387
1575.7781227733497
2005.0250989088095
1898.698670002999
1824.2596980638612
1558.6303351921204
1419.0346830181365
1514.1824216645489
1705.9493285561873
1576.1837014925607
1458.7368811307135
1192.5523622878388
2161.072782627993
1239.6303774590906
1479.206184942876
1366.698711457372
1359.0151465849265
1248.1084861964132
1572.893172800975
814.0038997331411
1753.2281411951697
1270.3507383859305
1169.4140407658997
1643.1152067834328
1333.559453522508
1762.8030565844213
1430.002495356128
1378.659433897952
2290.2100520690165
1024.9611368500662
1766.8690113115322
1723.9007052195245
1613.8543687874287
1908.4572323972807
1115.750092296834
1949.6516443789371
957.1730968298249
1036.3175989151846
1394.1694912422988
2059.096082734903
1490.1643437888938
1599.756989612438
1912.625701807725
1216.5563867256083
1766.0385426725538
1450.139009260041
1453.348671036096
2074.2699826400153
1850.1239636778607
1685.2540409458413
1344.845981350546
1194.5187267221336
2109.6007935334897
2173.178213652436
1967.5614502310975
1204.1327003103756
1720.2499945512836
2200.8605179827105
1729.6120173819197
1862.8886693727738
1404.9831086680101
1532.5331816386772
2087.3244683331804
1551.5178536667854
1694.4928284044718
1299.359903360829
1211.547947170181
1681.02150179331
1198.8054294115796
1495.3083758158405
1848.8491964848404
1782.826249729748
1562.8191367818367
1529.2151820716374
1483.430884365356
1665.6625244213499
1938.862021689729
989.3381301987363
2038.6244875739433
1644.8128996133298
1688.5634383196061
1320.3804446575562
1068.801531368928
1635.6579535029634
1598.7001609684496
1343.8525293824882
1068.2037962713687
1871.16167149813
1640.5285878424947
1294.1843154904545
897.240396791808
1686.5012693863068
1361.3668747692834
2056.407750552698
791.5667303110241
1496.3102151722915
1930.8467676477267
1622.7879301552607
1821.4182355335633
1362.1340537683664
1118.9119612797351
1425.1442435929239
1340.7398536076569
884.2615084762607
1993.2224384264248
1459.9582670022314
1663.2238725190628
1892.2141179210187
1707.5526020333289
912.6242705182942
1274.375852037055
1356.9906208630116
1761.6819057053835
2299.8982377032435
1669.409543234897
1694.4157235926534
1317.1394613763982
1759.43162176571
1825.262852498634
2087.8920721115414
1552.7659777258214
1971.9502357355227
1337.6446709736942
1860.9611300522815
1515.0509781011856
1484.764250585232
1499.9513908251142
2084.144737300597
749.7769454656703
1675.609150748629
1417.1084472341151
1491.8811771187018
1800.2182088317481
1348.5428271811381
1285.1675779894654
1403.9327502799133
1943.6556772120384
2073.282264639592
1620.8375381408557
642.6850775074821
1568.683625136714
1313.1445522916072
1239.2972563546618
1381.3310148820149
2009.3874303318435
1685.4972558270613
2412.261799602471
1540.7928513474712
1599.8404116281815
2239.93587255603
1687.7711751566567
1129.3923167722942
1953.7586184319985
1822.6877514374437
2119.7327912156566
2435.350632775365
1625.05140211756
2888.8777378878403
1588.1743928006192
1818.047460841667
1829.3154193127052
1461.691314603639
1973.4779898952888
2024.2424605884548
1268.6886767202125
1374.4521322224139
1742.7542657890085
295.2504531785409
1781.419491948033
1245.3326570645438
1669.0294564680266
1543.787353823131
1634.817069241282
1268.717762231829
2221.644176590258
1288.417114508684
2301.95332284425
1604.9253110548507
1599.4892001129335
1271.1983387092664
1613.7780777231096
1551.2609873748938
1620.0549393213178
1521.3987934524619
1521.254135780404
1687.054122226664
1365.905793961311
1182.4086158847124
797.2374855318826
1849.1513393755731
1724.524968822536
1407.1017575582152
1563.7906797168446
1588.3327975573945
2019.8170068285895
1397.1827102902114
1463.3414974120635
1752.497431581714
1053.7944565088387
2279.033199319878
1687.4068453960244
1763.398949967555
493.7857736848925
1492.7377721050038
1754.1383535633065
1652.6353518751137
1433.7960278175954
1495.701181464413
1398.736708244911
1446.1374848481912
1752.6774006119747
854.0754715918048
1416.0690762256977
2045.3307419441983
1433.0847369510175
2310.1329821069244
1126.062067508394
1627.757264564982
2176.7599072541975
1594.314008346521
1820.6178406116587
2078.16493124236
1824.0572068718068
1265.38900779332
1591.1860245286914
1921.0704017597618
1698.4494814691857
1971.4267889826183
2164.612197538849
1364.066383022953
1640.9529783075368
1659.789525564874
2046.0346013826963
1366.625901956292
970.6844909617096
1442.6117337910753
2113.168537097647
1333.994565049784
1033.1106346877257
1316.7400631631087
1914.7656675125186
2208.669554177195
1251.0965651004324
1888.0675027294492
1575.8165351201353
1339.5930630217058
1433.5542580739288
1568.4987641779392
1620.6541151546526
1549.749195356045
1407.5564753775259
1483.787487930836
2153.461004277573
1251.3109207250304
1746.8035186584598
1840.8955537144761
1796.4912979123624
1605.7714116190075
2200.060765526454
1544.186910700248
1483.226389142693
2074.852041530585
1621.6097831242098
1629.4313487968175
1851.2966113426473
1513.4313512770643
1392.7644820447624
1502.0387603897886
1561.4014234828169
2195.641452076623
1452.6473060073797
1729.484747173951
