176
183
177
149
192
213
151
181
149
177
145
178
159
171
150
154
188
179
148
150
173
183
157
154
184
171
170
190
159
163
182
166
165
159
169
181
168
144
189
183
196
178
165
173
161
155
161
173
172
171
155
171
161
168
167
184
169
164
153
156
181
166
179
185
196
177
192
190
197
165
178
177
188
157
206
159
181
159
150
187
181
168
178
187
203
171
177
190
188
173
152
136
163
161
165
137
175
144
170
203
171
194
171
141
167
160
182
162
186
153
165
184
146
149
184
175
180
176
163
177
172
174
193
157
181
172
169
183
158
138
172
147
159
182
197
179
174
179
173
146
188
151
174
153
177
177
175
178
164
184
136
155
225
214
154
158
200
179
174
183
156
167
171
168
143
155
163
172
177
161
181
202
178
152
185
180
183
160
156
146
165
166
174
160
158
159
138
138
161
173
168
178
159
179
195
173
164
150
161
178
177
159
171
164
184
153
163
165
165
171
163
170
204
179
143
178
184
179
164
170
168
229
162
185
175
156
156
162
164
183
181
169
159
178
146
187
143
177
160
162
192
172
211
181
155
157
201
152
166
151
206
193
177
166
168
125
183
150
194
158
175
160
176
175
188
168
157
169
156
151
165
193
171
185
163
177
202
171
174
170
187
170
160
188
187
177
167
169
183
164
176
189
168
167
169
183
158
160
171
174
162
141
160
177
157
158
176
178
181
166
150
172
163
194
170
161
188
170
165
202
161
151
209
190
178
177
188
145
180
182
175
175
170
163
170
194
161
197
149
178
171
158
157
162
168
199
171
220
180
181
168
157
173
173
182
159
184
142
119
186
171
167
169
134
186
161
192
187
182
174
181
180
161
177
177
171
150
163
168
189
152
188
160
180
191
169
174
146
163
169
175
162
156
144
176
179
171
192
181
188
152
149
188
192
155
142
176
177
146
182
193
151
183
174
179
153
183
160
175
161
170
147
159
173
184
168
184
171
177
207
162
234
177
151
186
177
174
173
171
142
170
199
145
176
175
171
175
158
214
161
164
160
169
172
165
164
167
191
182
172
176
197
186
176
186
163
172
154
187
162
147
185
162
186
177
158
186
178
185
175
176
188
179
165
146
185
173
205
168
156
177
166
187
133
159
161
168
151
162
169
178
172
169
190
167
161
98
172
159
190
152
185
135
161
204
133
199
172
178
206
158
153
148
155
179
173
180
190
161
186
135
191
190
159
182
163
169
182
159
182
171
161
153
186
191
163
165
176
163
156
154
170
212
148
156
180
173
158
178
175
159
169
174
164
188
187
137
153
157
154
164
167
186
175
162
167
151
163
138
181
178
189
174
167
181
185
185
162
172
185
157
155
177
167
146
178
173
188
169
166
195
158
165
157
154
198
176
166
175
176
178
190
167
165
158
154
160
163
168
142
153
184
176
172
232
164
157
109
164
159
168
172
164
176
178
153
207
181
154
190
160
179
174
166
169
224
147
141
170
169
161
170
185
172
176
145
165
173
174
179
155
162
164
192
155
171
165
179
153
156
167
182
164
160
188
152
169
175
156
205
160
174
119
171
169
188
150
180
180
188
186
167
149
172
158
165
178
158
155
169
167
170
164
149
158
165
173
152
155
168
180
163
153
171
194
167
157
161
172
154
190
129
193
149
172
152
177
171
165
199
155
185
145
159
146
184
198
182
158
156
159
177
188
143
173
177
179
168
171
171
188
164
192
160
172
153
165
174
163
171
180
163
194
167
159
158
160
193
170
184
175
162
166
158
184
170
188
171
182
171
193
163
149
169
165
176
213
181
180
168
154
169
188
157
159
159
173
180
167
186
175
172
163
177
167
176
191
217
156
177
159
181
164
169
169
164
174
140
164
185
161
162
168
176
177
172
162
164
181
177
191
161
161
178
169
167
165
142
170
159
172
184
188
132
176
149
147
179
183
156
192
175
159
200
171
181
205
193
165
180
171
169
136
146
180
180
152
184
180
192
145
184
188
174
170
152
171
156
197
190
182
187
152
180
179
152
146
159
172
171
161
194
159
186
144
179
174
141
158
166
155
149
186
177
145
179
159
142
243
174
185
180
169
188
183
175
172
192
176
165
164
167
178
162
164
160
164
162
165
167
175
177
154
187
164
168
194
184
173
143
154
177
179
160
181
150
153
177
167
171
176
179
169
171
163
150
181
174
176
179
182
155
166
146
195
172
186
156
169
207
170
154
165
157
163
164
165
172
161
190
150
166
180
169
167
205
184
153
170
171
154
153
150
187
170
176
145
165
189
185
