19.658977508544922
19.93427085876465
19.24813461303711
20.19813346862793
19.479074478149414
20.91991424560547
19.178987503051758
19.621721267700195
19.55699920654297
19.380817413330078
20.827072143554688
20.60638999938965
18.41115951538086
21.199203491210938
20.936614990234375
15.608487129211426
20.120182037353516
11.124796867370605
18.343950271606445
19.273183822631836
18.47903823852539
20.59840202331543
19.42204475402832
18.84746551513672
19.917726516723633
19.84872055053711
19.298147201538086
19.4732666015625
20.2692813873291
20.28368377685547
20.892913818359375
19.737701416015625
20.79027557373047
20.2882080078125
18.893238067626953
22.57077980041504
21.576908111572266
20.24660301208496
19.67789077758789
20.296634674072266
22.524389266967773
16.033628463745117
20.905921936035156
20.29203987121582
20.224979400634766
19.778034210205078
19.93985939025879
20.150562286376953
19.154802322387695
20.504518508911133
19.952735900878906
17.88695526123047
19.96585464477539
19.668241500854492
18.60917854309082
20.028398513793945
20.013202667236328
19.175846099853516
15.746110916137695
21.554147720336914
19.75336265563965
21.442737579345703
20.276660919189453
18.616792678833008
19.182411193847656
20.491519927978516
20.36834144592285
21.182247161865234
19.098379135131836
20.571075439453125
11.060688018798828
19.15308380126953
20.574058532714844
14.932345390319824
19.35502815246582
20.010839462280273
21.434185028076172
20.578466415405273
19.678199768066406
20.669721603393555
19.579988479614258
20.560182571411133
20.572372436523438
18.902402877807617
15.870355606079102
20.2005615234375
9.407710075378418
19.708110809326172
19.30083465576172
20.593219757080078
19.83071517944336
19.881839752197266
20.80175018310547
20.204898834228516
20.423797607421875
18.88995933532715
18.722049713134766
20.420814514160156
20.55251121520996
19.700016021728516
21.11859893798828
19.28432846069336
21.13475227355957
18.684341430664062
20.073213577270508
18.740394592285156
20.027437210083008
20.019582748413086
15.897602081298828
20.58547019958496
18.811548233032227
20.479835510253906
13.887765884399414
20.95446014404297
18.687406539916992
20.031225204467773
19.52375602722168
19.711145401000977
19.93305015563965
20.65941047668457
18.695226669311523
19.81028938293457
20.6644344329834
19.593326568603516
18.963552474975586
20.25550651550293
20.278430938720703
19.8852481842041
21.317766189575195
16.031513214111328
19.84807777404785
20.36922836303711
20.6959228515625
20.271682739257812
19.380647659301758
20.195682525634766
20.500335693359375
20.164636611938477
21.310855865478516
19.43528938293457
19.526012420654297
18.89591407775879
20.124540328979492
20.619844436645508
21.195093154907227
19.236841201782227
20.03390121459961
20.181184768676758
20.577035903930664
19.791500091552734
19.99659538269043
20.216209411621094
17.65962028503418
20.57238006591797
13.744461059570312
20.760927200317383
19.274215698242188
19.35048484802246
19.96466064453125
10.516745567321777
18.83584976196289
19.504690170288086
20.457202911376953
19.029996871948242
20.04438018798828
19.30692481994629
10.912192344665527
18.99312400817871
19.10495948791504
19.023523330688477
19.895591735839844
18.755352020263672
19.852834701538086
19.401992797851562
20.3696231842041
20.212434768676758
19.40186309814453
18.58913803100586
19.752185821533203
20.032636642456055
18.570905685424805
19.550893783569336
19.480548858642578
18.669166564941406
18.71732521057129
21.378551483154297
20.436620712280273
21.68887710571289
20.326644897460938
20.93974494934082
19.148157119750977
18.231170654296875
20.081260681152344
20.173059463500977
19.593162536621094
19.365312576293945
21.10487937927246
20.37580680847168
20.43072509765625
21.0645809173584
20.08868408203125
19.71584701538086
20.548851013183594
10.365667343139648
20.57798957824707
19.80622100830078
10.234532356262207
19.49640655517578
20.40871238708496
20.73676872253418
19.30251693725586
20.278282165527344
16.191146850585938
19.673364639282227
20.992847442626953
18.56535530090332
21.50777816772461
20.759279251098633
20.50499153137207
21.63270378112793
19.404951095581055
19.149898529052734
20.74054718017578
20.306562423706055
17.469650268554688
20.774871826171875
19.070459365844727
19.768951416015625
19.075292587280273
20.044708251953125
20.53931427001953
20.2954044342041
17.70858383178711
20.41042137145996
20.455917358398438
19.34319496154785
19.26373291015625
19.86797332763672
20.293550491333008
18.995540618896484
20.74834442138672
20.307783126831055
20.391061782836914
21.7739315032959
22.205745697021484
22.49764060974121
20.457094192504883
18.519466400146484
19.553918838500977
19.207984924316406
21.499929428100586
21.066526412963867
20.65304946899414
20.249074935913086
19.4993953704834
20.31005096435547
17.496780395507812
19.147125244140625
19.582786560058594
19.200658798217773
20.581314086914062
20.322219848632812
21.1945743560791
19.52547836303711
20.019651412963867
20.018558502197266
15.146012306213379
19.45964813232422
21.18844985961914
19.717077255249023
19.557737350463867
21.384986877441406
15.637804985046387
21.46776580810547
21.414470672607422
20.152612686157227
20.037607192993164
19.737247467041016
18.70878791809082
20.826648712158203
20.933395385742188
18.21398162841797
19.352113723754883
20.83500099182129
19.83175277709961
19.59772300720215
19.777507781982422
19.944580078125
21.064760208129883
20.355859756469727
19.856313705444336
20.437602996826172
20.360456466674805
20.807334899902344
20.994524002075195
19.621984481811523
22.116474151611328
20.90324592590332
21.978116989135742
22.148855209350586
20.554311752319336
21.133237838745117
21.219146728515625
20.86244773864746
20.198654174804688
20.185991287231445
20.31110191345215
19.808948516845703
21.21213150024414
19.151750564575195
18.9454345703125
19.017681121826172
21.288679122924805
20.44122314453125
19.9862003326416
18.887989044189453
20.159587860107422
21.045015335083008
20.95268440246582
21.165233612060547
19.13111686706543
20.666309356689453
20.759523391723633
20.251665115356445
19.389827728271484
20.98054313659668
19.616424560546875
19.703153610229492
21.018095016479492
19.53847885131836
19.91754913330078
19.998655319213867
20.72783660888672
21.342937469482422
21.477275848388672
19.948528289794922
20.088626861572266
20.246774673461914
20.23349380493164
19.39264678955078
19.569366455078125
20.305145263671875
20.01565170288086
18.44269371032715
19.581653594970703
12.18249797821045
19.452749252319336
19.42674446105957
20.085594177246094
12.228830337524414
20.362472534179688
20.195497512817383
20.393526077270508
20.057863235473633
19.142194747924805
19.879016876220703
18.958147048950195
19.210203170776367
19.662872314453125
20.016878128051758
18.882291793823242
19.837520599365234
19.741498947143555
20.501787185668945
20.939170837402344
20.341392517089844
21.509525299072266
20.470443725585938
20.959516525268555
19.752593994140625
20.10418701171875
20.49509620666504
21.38629913330078
19.930757522583008
20.29720687866211
19.652801513671875
20.895471572875977
18.56272315979004
19.992876052856445
20.49003791809082
20.301883697509766
20.979888916015625
19.925899505615234
20.19608497619629
20.259353637695312
18.631738662719727
19.622264862060547
18.87041664123535
18.726778030395508
21.302709579467773
21.170242309570312
20.49247169494629
20.766948699951172
20.62312889099121
21.396156311035156
22.235462188720703
19.97514533996582
20.432907104492188
21.520511627197266
19.065343856811523
19.874500274658203
20.813386917114258
20.677759170532227
19.931968688964844
20.931846618652344
16.5809383392334
19.644325256347656
19.630382537841797
19.445276260375977
21.239967346191406
19.78163719177246
20.41672706604004
21.027889251708984
19.020267486572266
19.38460922241211
17.473812103271484
20.62062644958496
19.386037826538086
20.102384567260742
13.585559844970703
20.41594123840332
21.48885726928711
10.804910659790039
22.574079513549805
20.96332550048828
20.25957489013672
20.320112228393555
18.64566993713379
19.617082595825195
20.204565048217773
20.355772018432617
19.981121063232422
20.622106552124023
18.749927520751953
18.010446548461914
19.541831970214844
20.25239372253418
19.036075592041016
19.523441314697266
20.484024047851562
19.546968460083008
19.20462989807129
20.331958770751953
20.21527862548828
19.851839065551758
20.173648834228516
21.92302131652832
18.991622924804688
19.06439781188965
19.872791290283203
20.746471405029297
22.38460350036621
14.267457008361816
21.398324966430664
20.96533966064453
20.35045623779297
18.953561782836914
21.21028709411621
18.896032333374023
20.656940460205078
19.490793228149414
20.27927017211914
20.921297073364258
19.095495223999023
19.455562591552734
20.771366119384766
18.87751007080078
20.57219886779785
21.258901596069336
19.455066680908203
20.913436889648438
14.271289825439453
19.290681838989258
19.046316146850586
20.383291244506836
19.685970306396484
19.730852127075195
19.112356185913086
20.661344528198242
19.27873992919922
19.65428352355957
19.398815155029297
21.46186065673828
19.84633445739746
18.58713722229004
20.69252586364746
19.481815338134766
20.338865280151367
20.244876861572266
20.597585678100586
18.79863929748535
20.623260498046875
19.80655860900879
19.373580932617188
20.484310150146484
19.682851791381836
20.1407413482666
20.710203170776367
20.688003540039062
19.568275451660156
19.449159622192383
19.029979705810547
19.5843505859375
20.259340286254883
19.090482711791992
19.32425880432129
19.4223575592041
20.663148880004883
19.920494079589844
18.918685913085938
21.25547218322754
20.508800506591797
20.09239387512207
19.302562713623047
18.053335189819336
18.886316299438477
20.87514305114746
20.607637405395508
20.070650100708008
22.15241050720215
19.29271697998047
20.31996726989746
18.92848014831543
22.2626953125
20.64385986328125
17.996232986450195
19.57171630859375
20.287458419799805
20.57221031188965
19.490938186645508
20.203941345214844
20.532426834106445
19.63677406311035
19.394474029541016
20.911466598510742
19.068470001220703
20.083511352539062
19.266342163085938
18.86787223815918
19.0089054107666
20.399410247802734
18.769983291625977
21.30112648010254
21.190359115600586
20.14766502380371
17.864707946777344
21.137317657470703
18.758892059326172
20.739341735839844
20.445669174194336
20.01211166381836
18.58526611328125
18.619112014770508
19.931873321533203
19.220558166503906
19.527036666870117
20.090587615966797
20.075401306152344
21.203580856323242
19.309165954589844
19.806413650512695
19.264644622802734
19.0602970123291
19.713863372802734
19.392932891845703
19.9738826751709
20.831554412841797
18.600971221923828
20.265140533447266
19.97747039794922
21.582334518432617
19.837373733520508
19.282995223999023
20.05927085876465
20.27766227722168
20.729007720947266
19.668554306030273
19.433677673339844
20.480928421020508
18.42340850830078
20.70757484436035
19.131269454956055
19.400211334228516
19.736112594604492
20.34274673461914
20.56536102294922
20.455018997192383
20.518856048583984
19.925600051879883
19.374496459960938
19.781993865966797
18.99111557006836
20.7680721282959
19.928651809692383
20.376544952392578
20.20063018798828
20.082599639892578
20.662139892578125
20.841777801513672
19.351285934448242
20.19997787475586
21.67000389099121
20.4158935546875
19.110647201538086
21.423763275146484
20.503976821899414
19.934049606323242
19.240507125854492
20.133249282836914
19.036855697631836
19.810651779174805
20.98845100402832
20.603103637695312
16.66720962524414
20.47064208984375
20.13015365600586
19.10853385925293
19.18797492980957
21.615604400634766
18.916147232055664
18.724857330322266
19.89116668701172
20.71344566345215
20.167964935302734
21.458526611328125
20.081283569335938
20.033681869506836
19.769472122192383
19.85242462158203
20.369226455688477
19.72481918334961
18.66197967529297
20.243906021118164
19.03044319152832
19.54463005065918
18.454936981201172
19.25102424621582
19.53138542175293
19.710660934448242
11.887986183166504
20.81804084777832
21.007198333740234
18.898500442504883
19.359079360961914
19.744956970214844
19.841524124145508
20.31715202331543
20.774188995361328
20.150493621826172
20.691049575805664
19.197418212890625
18.969449996948242
20.206865310668945
18.078720092773438
19.930599212646484
19.551193237304688
20.20172119140625
19.103557586669922
21.481407165527344
20.467117309570312
20.86784553527832
20.081233978271484
21.284788131713867
19.718786239624023
21.118112564086914
19.886520385742188
21.407678604125977
21.067089080810547
20.480464935302734
20.967185974121094
20.624923706054688
20.305891036987305
14.510255813598633
21.841733932495117
19.614871978759766
20.52993392944336
19.93438148498535
14.051913261413574
17.825923919677734
18.7460994720459
21.14097023010254
20.77191162109375
20.905771255493164
20.144439697265625
20.299741744995117
19.72361946105957
19.797733306884766
20.022140502929688
19.21833038330078
19.21479606628418
20.596527099609375
20.025447845458984
19.097801208496094
19.63142204284668
19.185447692871094
19.3895206451416
19.345500946044922
18.422576904296875
20.499279022216797
21.150705337524414
21.75273895263672
11.234837532043457
17.638078689575195
20.261165618896484
19.539438247680664
20.346290588378906
21.024641036987305
19.701480865478516
19.58087730407715
20.532508850097656
19.804073333740234
19.14956283569336
19.751827239990234
19.642534255981445
20.632871627807617
19.71820068359375
20.591876983642578
20.90300750732422
20.49253273010254
19.88095474243164
19.86296272277832
18.658079147338867
19.767192840576172
20.698095321655273
20.37710189819336
20.26750946044922
19.324180603027344
18.420879364013672
19.977832794189453
18.780292510986328
19.42252540588379
19.546247482299805
19.751203536987305
20.761621475219727
20.171796798706055
20.42593002319336
19.334863662719727
19.21841049194336
20.600696563720703
20.07538604736328
21.069639205932617
18.840604782104492
20.3598690032959
20.078571319580078
19.774232864379883
20.412263870239258
18.72474479675293
20.0432186126709
20.281553268432617
20.268949508666992
20.706073760986328
20.346107482910156
18.939056396484375
18.155649185180664
19.73831558227539
19.991241455078125
21.540637969970703
20.313220977783203
21.25337791442871
20.147541046142578
19.470462799072266
20.48444175720215
19.75103187561035
20.426027297973633
20.55459976196289
16.026447296142578
19.363393783569336
14.899205207824707
20.891685485839844
20.734542846679688
21.15460205078125
19.235179901123047
21.215957641601562
19.778989791870117
19.195884704589844
19.79893684387207
19.89165687561035
19.511232376098633
20.83717155456543
18.618589401245117
19.328237533569336
21.120216369628906
20.040651321411133
19.092557907104492
18.68939781188965
19.83935546875
10.749126434326172
20.687217712402344
15.07933235168457
20.504436492919922
19.779937744140625
19.93103790283203
20.4725399017334
19.979551315307617
21.700641632080078
18.385164260864258
21.876909255981445
18.842304229736328
20.533031463623047
20.133338928222656
19.509078979492188
19.199703216552734
18.370878219604492
19.996124267578125
19.918413162231445
20.963876724243164
15.469048500061035
19.672386169433594
19.783519744873047
20.088815689086914
12.948897361755371
20.035362243652344
21.643722534179688
16.144811630249023
19.2262020111084
20.580596923828125
15.414763450622559
20.65369415283203
20.766748428344727
20.987077713012695
20.14606285095215
20.68597984313965
20.555347442626953
20.62283706665039
18.549318313598633
20.098928451538086
22.41826629638672
20.627609252929688
19.167728424072266
13.244431495666504
21.380176544189453
22.091472625732422
20.572484970092773
13.735602378845215
20.662059783935547
19.071788787841797
21.03676986694336
20.551605224609375
19.428295135498047
22.03089141845703
20.801145553588867
21.290912628173828
20.429452896118164
20.738500595092773
20.313583374023438
20.115379333496094
11.669239044189453
20.45929527282715
19.69391632080078
20.116655349731445
21.108243942260742
16.257761001586914
18.724092483520508
20.585660934448242
20.792640686035156
19.41016960144043
20.13629150390625
20.188419342041016
20.892335891723633
20.547252655029297
19.43389320373535
20.290124893188477
21.415529251098633
20.24531364440918
19.280529022216797
19.188840866088867
19.108720779418945
19.66379165649414
21.06298828125
20.290874481201172
20.207651138305664
18.946109771728516
19.344221115112305
20.046422958374023
18.812646865844727
19.818979263305664
19.698060989379883
19.900876998901367
19.244386672973633
21.605194091796875
18.738046646118164
19.18231964111328
20.918670654296875
18.611719131469727
19.600482940673828
19.638015747070312
20.82292366027832
20.34886932373047
20.258804321289062
20.57974624633789
18.96756935119629
19.621746063232422
19.99356460571289
22.011966705322266
18.23052215576172
20.165380477905273
19.306060791015625
20.122528076171875
20.78119468688965
20.39240837097168
20.05286979675293
21.173744201660156
19.764989852905273
21.388051986694336
21.012203216552734
19.453815460205078
20.897815704345703
12.29895305633545
19.19847297668457
18.242372512817383
20.489620208740234
20.57965087890625
20.039690017700195
18.643136978149414
20.620840072631836
18.67653465270996
20.650392532348633
21.159446716308594
20.597816467285156
22.41205406188965
19.538427352905273
19.828054428100586
20.180622100830078
20.10312843322754
20.369064331054688
20.013593673706055
22.042823791503906
18.614887237548828
20.49488067626953
19.677549362182617
18.586702346801758
19.044902801513672
21.226762771606445
20.071758270263672
20.010940551757812
20.224416732788086
20.29978370666504
20.08319091796875
20.507558822631836
20.009620666503906
19.158275604248047
21.168140411376953
20.329410552978516
18.444595336914062
20.594308853149414
20.322757720947266
19.865497589111328
19.98587989807129
19.705263137817383
20.55071258544922
12.64054012298584
20.31810760498047
19.644311904907227
19.952495574951172
11.942873001098633
19.854148864746094
20.279842376708984
18.907495498657227
19.905481338500977
20.974899291992188
20.807552337646484
18.73021697998047
19.57249641418457
17.961231231689453
18.52168846130371
20.16404151916504
13.875347137451172
21.81465721130371
19.279891967773438
20.913673400878906
19.236419677734375
18.404916763305664
19.767009735107422
19.593690872192383
19.942106246948242
19.872278213500977
11.515891075134277
21.433624267578125
19.88737678527832
19.029521942138672
19.671934127807617
20.45372200012207
20.20852279663086
19.81780433654785
20.180038452148438
21.061174392700195
19.161029815673828
20.2152156829834
20.248920440673828
20.413379669189453
20.604080200195312
19.605939865112305
19.083662033081055
17.810422897338867
18.85297966003418
19.296207427978516
21.203134536743164
18.315401077270508
19.96809196472168
18.3665714263916
