232.34213267704482
286.2577384418394
193.1165849983943
277.86414646783356
128.86258954840548
445.7191827171329
200.3248800263058
367.71168501120064
322.5210301809456
149.16295466810976
164.5790038652409
247.59498932676095
344.9028537212933
386.7447263640141
519.0917371459302
22.55488665575199
194.6837948660148
47.532250253741346
584.2329042249403
247.7952454020497
148.02705986086673
126.01247005895232
238.52068126693706
320.240989300594
322.61756858159134
334.00854343981626
547.871238370772
315.6815208735717
144.43215554686256
198.76778759224024
371.94995982421824
143.34940942663053
367.7313426156958
157.92102089189754
309.1638010532378
220.9757286910897
291.7357807935929
258.61927892785803
178.28949169654848
389.8330000643472
384.9643463293348
100.61058688005085
91.60602655785284
207.35468052421518
423.46632693729214
568.5692319037556
220.7971138023533
463.2093385101763
295.40964314310077
451.0532943768722
135.8372927328461
678.0924071776991
199.0732615668606
412.59555285146456
183.17657027526909
174.41267082223337
207.2817271420919
501.3421796028986
99.33914742865713
313.2863788216251
198.24185895209737
260.857079139294
275.1271289178124
146.7329999228829
118.42507538361292
276.0270289349248
292.58467466265677
205.93176508007662
624.8583317454998
248.76790860894224
142.14415041899113
142.71469337017268
271.3599823804761
127.45537007699468
126.8075391405478
213.5530433662301
199.76165815319993
163.43753393112615
321.6629178920201
389.07905259503656
371.7141266089467
283.228792583406
284.00265461260796
192.53067137781645
194.1287270619224
165.54664718267193
83.61177909945268
171.55420726385552
210.3704400769032
311.16771780434107
798.5863305312963
314.96416545691045
239.13112664368293
209.29330090415175
208.25652760159682
281.19843683226816
137.53638907422592
279.3600600772648
66.5670641833378
61.77085790253171
341.6096402708182
454.14569894074145
172.47463451665584
135.82677077183243
444.5397018494971
163.13707710859282
814.9981387757782
122.1923129535117
59.02907761051289
128.48094286419598
303.2099023799636
185.02050715066147
94.47230550075857
267.2931456645535
373.50658723712564
251.94057267699876
129.1317039151186
732.4059657511731
388.6999691553391
221.2299850993236
256.6691385199486
147.9218099080928
398.2287927996588
172.7832607925948
202.22891778184254
301.6680831260353
200.54927970605704
170.5648661472606
523.2161007425783
83.10559077691839
67.56346371420153
127.72306032661461
489.3370742826463
508.5142454923854
301.8856458318039
248.23586483222152
385.0694797384139
240.58145554757735
233.0323842272357
288.47542818668876
82.80547131608616
222.35926555598041
208.5638039023951
203.08521394705343
178.54320907113546
188.3176763861847
160.63634767068262
343.539367913375
272.60789504927135
286.1595340163627
431.71858423565305
119.10266152430526
179.17923705985075
217.41052333252804
110.45665922949688
136.0811064716005
311.92839397295523
348.0922272975533
310.4212423144682
70.37129912324842
115.01867451823982
245.63567085552552
95.62019616809026
116.92975711879414
371.7259580760535
117.13208825412143
63.32708434772521
78.2394320731621
99.53181114301461
34.939601194941126
178.7629529170002
192.37195074346326
184.75934540868965
413.12960128108995
172.53839697634976
137.37167232370163
217.6117597481413
216.59635324078062
200.86454411079757
58.917439727721
523.0391206100809
117.99757233718961
417.31595461484443
201.58722605235184
220.737414416858
156.25880441900878
231.67423191871768
501.1519871222551
95.03416559344376
131.5166961997323
310.80466841150985
86.8392580388152
150.38370707698778
143.7730111754181
40.110027159537225
268.9722308342916
262.83144379373175
113.40810879715292
219.87695989458936
294.27854180695726
313.2170207696358
103.3896684524115
301.41566827038446
28.808451886025132
283.6438178014816
185.22241531810127
106.94593020425255
87.17398174410627
416.8388156338241
163.44344464803342
376.5134461177326
307.5755442845004
248.2707395063178
301.92482036427225
398.1577566924328
472.09334310903927
222.78617369443072
136.11438126866133
242.04725094639235
241.10537386059463
267.13699597404394
191.00330964849655
296.1812885399654
310.37434113400485
55.393652933528486
436.3255121890323
237.202024174041
96.51662554259461
248.42264226786983
152.84970630628214
265.21533145732934
400.5070873776486
174.24953096384098
379.5888558012262
186.04484758632458
210.2544928483961
505.8279042401709
423.42311685955866
108.99103185508416
202.3430165847143
362.1429146050094
46.20440896846673
195.6430600507554
209.63011584380965
310.4519736933067
284.4464355925814
181.74286591816275
654.4980582930691
164.8986026541991
336.99578717894735
107.83205347401858
234.809943661665
272.1508646801882
178.45607921488258
206.16937170510647
454.18141824345116
169.47319916340314
186.91176658733406
283.6235234339393
154.11536224852102
104.42990022084783
243.47060582780426
248.0084895474556
305.94391194211937
487.6479944493293
130.79633690088636
92.80112058811
137.73721401671128
245.08348754536385
81.35571700265324
145.2936449077275
170.96659857648567
68.41624757168653
231.56584001348125
313.6896510076232
458.1324530597218
395.5325926788353
118.65758262164076
48.55624461763231
165.40849313123957
123.68166726941271
95.5025695171274
247.80749048415197
391.1195437613095
194.50188609955535
151.27794498656664
151.32502285279148
443.8150975258483
441.81498908744834
124.37825909830015
296.3310718610166
147.26875390586716
280.97375140107545
336.79717276471945
241.62078066493083
151.52912319449166
651.2465226390798
212.2121449544545
149.6033121447421
176.87840615755252
433.53144883803685
168.51992305226906
138.4407446174608
131.69883445247842
362.73846731336005
160.37723980713682
63.38195194570182
160.22292279974823
366.22232944588785
391.4598278243133
499.01527358736
227.634731488185
132.55167622845715
442.1838841112686
293.5829777525831
402.1371046490426
634.6032257001792
227.43351357853555
156.7835199705665
363.99251436141117
505.6551310846548
188.17564081883148
265.07943848868655
179.17194186551197
246.83015526927298
215.6109746908101
630.269742977938
287.9591115635455
87.8111250080233
326.975013000336
157.908772836605
190.8437266095414
404.0473293456427
286.59768271808673
533.5386751908806
553.851362795296
129.2220809996152
490.87461148338025
148.05927015857694
337.4820662458471
526.5306459086552
249.41238089317972
169.98060315302192
147.2879551029684
616.792319412174
133.08398175951865
179.70811139915668
265.838120284621
277.0502421893575
203.40223044203833
233.61836483249087
278.5808242085268
267.9939595404209
407.67703569514146
184.5901843898243
570.855416613733
294.98067021729184
266.7396955040571
271.96756568490986
215.36924469674724
354.19073656367794
129.8907144524759
349.63536443074435
245.13855755414244
250.31133801539175
138.8721175912202
123.22263999643275
228.7617541926545
633.6627550447474
204.70696839125867
289.634375873311
328.871265927704
272.5343325209977
103.68313653655133
186.71978820743482
283.91535593314023
289.66691080716964
161.92266605481854
102.15525923216988
72.3051639046189
130.24473893558903
200.0810081539284
454.7655356639437
245.2293729875233
231.09872775046688
332.0325710630143
165.7799397537323
150.92305692129133
117.46010653660251
317.1175669257772
225.92675059494158
257.7787945217995
125.24973486920968
120.91157454566093
156.58894459029037
431.88867307605716
325.72693487393263
161.77328382508935
202.4430294472352
122.500455850839
448.0105810609131
153.3150318322451
187.51493826353115
332.8371335388752
358.5556288826871
172.6555468717354
618.0186876276571
88.29637126715227
235.64239915375202
249.91915037841875
651.7296666868415
339.6165344530753
463.41069605586875
276.93514406995166
221.9499982766878
78.16082400495847
51.12266530698661
152.26191179911535
283.95398001662767
110.43465654109416
500.41806133128176
592.6855942205411
52.67867397620742
166.91240090268354
163.97858460879024
130.48008125547895
281.90308402658167
583.8131737957806
80.57107073433546
247.31758999111287
200.3736470681226
306.1475833630933
200.742078303909
294.2169401381358
123.60360397870731
374.66266188052856
171.3570214315042
173.09630895201718
165.754431483273
176.42379279070022
255.09935834594566
398.3656322627595
450.3708038428584
328.5393416107634
298.7985290089468
453.79053434010467
531.1221711262184
268.13450652713203
509.11558922631076
368.9458949962163
196.2163241293985
233.94749260368545
48.43801741371953
444.8914580920071
118.9328148746036
192.19249663689982
211.22820513654696
169.8692132055771
49.3691558365664
670.1158940161828
167.52890113288242
222.85496909232015
398.49213693827596
202.54577659980993
356.88509115954804
189.45552932329164
106.8544774049128
373.9059261351132
378.7685774914044
507.7899439771681
208.61872023948877
66.86653597733103
135.68466852225941
386.8201578102633
222.75794894349335
598.1656731870477
172.42904705964685
230.88167978317236
129.68356748299155
223.54089634810828
312.80906099260835
423.07703702585155
183.4965536002447
155.80785330858623
322.9632097834583
270.80120826622203
230.93365790519522
181.97499383583977
98.2234105796929
139.49814126087063
107.19863227333701
157.78179844568268
180.0348396266455
163.99671407280627
138.86457577641244
44.71034499240193
136.2876316478895
288.5698058600154
514.9211648610453
132.91275325624508
389.24475238015776
213.2779363185226
222.8025100689292
380.86253945558207
269.7569836363019
546.7493020261999
569.4475178133023
150.28337095696156
97.26406534789086
127.49991019426349
118.70271993978503
113.63773836795669
151.04218917178616
509.2079840037132
111.69999137456743
703.1931904135598
262.15728553935406
81.2230322065655
309.79140913815246
52.865855276535484
179.59171403658686
136.05266470276592
479.9347667604031
151.0476839922046
101.18987542359655
254.17694641644795
472.56284017352675
425.7228997238014
335.52119200019007
170.97451831579306
145.39296637292972
136.08186761971803
121.06872596851906
299.4512749473551
310.79791579433015
253.14223034232197
261.32794812387954
91.89282671628125
331.4388030419531
160.0789145994922
1339.5895431257493
311.8345284719044
255.78067360060925
536.9276463409437
231.16130287892872
87.57871168675376
295.87737456978255
573.4940855815697
462.2516625091925
173.25974427691656
313.8383970505535
257.4140182179647
405.3327803483433
263.46880921382643
1112.0743967976543
187.81331212457587
84.98602717189358
111.6960074608268
451.8688595690493
172.95148994448027
112.51728649036222
315.37312360941013
1186.8107995463026
151.05269574134368
209.83280099015406
240.87407949803168
577.7570762964696
151.99160223544698
130.13875895418056
296.2038027925876
186.08118159248446
399.504607968191
306.3032385833469
247.54810286498412
224.39967888981516
54.58916143654762
139.61930036541452
462.2691674736633
120.56705640029823
191.00596685102118
314.99960895363785
474.1750483198633
128.50125072822362
124.41167381865093
341.9332541359755
496.1312330709775
293.90767710077284
233.97523797049675
530.3290156284829
337.97098034353246
60.9229336584919
341.0720053729179
71.00868591715803
115.67540573321239
218.52005709265026
388.61201917173685
454.05576902580157
238.2559406228167
432.5085561357752
371.7289219403632
65.3730952574201
162.38991844833336
155.1678886649397
145.26029053717608
248.31624150566833
311.80855945847844
596.0705669121521
185.59598263736547
349.21910446396504
135.61129362915534
123.95200848644974
167.22091961475633
348.4387745374221
55.03814079624964
219.78016624805187
222.75250966750335
270.67880259311124
246.19947798443
236.30990434964156
241.03318189035693
254.6918639226992
143.24656801280761
142.1358690245038
664.8652425810542
353.8460684997523
193.7342360942517
309.3249556259229
164.77645578617913
210.9165703282412
216.64890739638355
216.52061233342658
225.04917611415516
289.52375063082883
69.41881023640904
97.34873815246773
113.76966948705073
164.2191255972137
177.28309197752282
195.41051115901215
113.87288886127371
263.0702402649194
354.08729259456834
170.83780582816797
167.58185195974798
185.5202538617511
335.2606561358163
60.42173593274271
101.60007738507497
143.55041447737213
202.77954401404935
237.44736254675675
64.91482369989428
301.81427002211973
578.2781871427741
130.40550056577473
362.8952766310319
198.41040984928517
179.89397974596653
390.15122408208873
89.62690681062115
198.76719293880484
132.63196543238095
572.7779321085789
428.0624910854726
280.3398354927466
154.24255771862883
278.446100974462
218.4240143225972
641.8888936714242
131.1758470113073
273.824574651152
97.78548237593337
148.2629008283955
201.14189822039702
208.578857627935
232.41900006551595
147.34704596848817
167.3022408665495
62.111781016220704
235.14180370147403
398.29442695790607
352.2533090101233
240.43099906995522
346.26139364332283
127.89890020658656
367.06841189992315
188.42384127884307
221.0512878596988
115.59551122740885
291.9859495786455
56.59797483373958
191.1465095952491
240.92358933184644
308.2429371745681
287.0312901025629
144.41706677291796
170.54477461358138
221.92602583557016
171.23458090493972
199.24827515242222
592.9438058387053
80.0168471940657
107.12839223221745
347.29931990809274
238.86780544268723
201.70042194601024
163.72438216396029
114.70949057928003
129.44341016309966
77.95795572140707
190.64010066047828
35.93885456664719
131.99707050449925
391.8141952184244
124.58747614539935
411.96295724329156
223.08136738813081
88.71326092185076
202.7272374216174
176.90499545075033
393.2050192985435
292.89951912706425
85.75413627577933
501.6323596959457
629.1998212614218
440.7711467867973
223.02770956826777
267.8585981808852
185.50587617292976
231.29523642416382
163.55196220775142
238.45365383295996
229.1224965937904
143.30360919720167
217.89602065383946
86.9579851824371
336.09033086191755
173.9846365288644
357.65243662133594
113.97237509571947
169.19116687591068
324.74612726123365
77.86965121998398
475.86643215032717
628.5149503876141
252.21499507865406
316.39625626486657
296.7808698200074
154.20786144410135
430.5998094830414
187.1066769175537
416.1249980822362
131.28399805178404
35.5689382924977
281.62635471007155
102.93745091155718
183.83631958558632
165.3007104203074
318.58840202345067
254.57050635589755
188.34035661987022
214.80306220390344
231.9709079665711
258.0226357224747
516.4431636795363
61.22869385361704
129.52780167261727
84.48642673791207
218.31618160036638
245.91879291425454
206.95935141529276
132.07372226193345
231.13562384589375
282.5322481548589
393.39436379097896
123.02047069191104
315.41668443274057
177.26057740988088
328.33560326218975
108.38464533710996
192.9347495211507
203.46782366198536
422.9467120553095
69.25932570950913
410.31288009849663
247.44286085325675
2.201743660977794
501.76401642002173
175.06276789614256
66.11804669114738
173.4847903065451
105.92202155843907
331.55316126449696
186.68570333179025
383.89575486837725
238.73842715772867
540.3413758537397
372.641726049664
503.0630700316217
488.31359528088615
158.80200007294937
76.05085300891132
170.844383499663
105.37861266604475
364.8675680460989
269.14166990604
187.66572852641846
200.31036645899556
150.1730094374272
446.4664739514002
109.50972448435317
183.99232178510877
438.40376072813115
335.00496605367215
512.3718967271922
330.7615765042575
137.024842030682
200.2314538964394
303.31866056967505
1678.3991785297133
694.8329433418348
162.3951338553169
511.53736889906935
213.1449497594189
125.9654460079678
304.2633677478855
163.80614697189685
143.7821159958066
110.80184476218852
109.63197784159331
185.06570076766567
96.68142904580692
153.03913869308397
94.66925320697077
187.90149097549087
189.31270364353884
195.9506551754644
282.4841139739572
175.343373414915
116.73422193280909
485.92661941514194
194.3320943773384
198.1118578177068
225.27843821842043
219.38868433675816
130.97974506439016
58.41114351342693
384.1178543032485
308.71966007534945
173.92162435115176
134.71787710608348
177.49362354796907
337.3324357618205
313.3901083650493
170.65198813753958
156.63221944468756
217.29980907224822
368.9921963101206
127.70013141776677
240.898927359671
152.83910025176934
86.82533284330678
390.9885382130265
473.65780576385015
52.50481391512267
216.94240332455095
147.46648411657614
220.29772095917923
230.7875706455295
239.32965433184097
224.3985485776148
187.21667005426025
221.02214239389238
1507.3075694399422
73.49685163454713
161.278943639448
155.41025509442872
207.91105452553714
248.48278297042964
227.78600103710136
199.5345365842271
89.61233482115553
187.5439251700888
591.2655432949424
127.4730461138847
162.2303332235265
1171.405522613294
103.39532209425393
215.2018520001572
216.32425707108374
357.22613419746904
723.5396874294587
195.38271198620433
222.2315539284421
55.53978206864017
325.55802499472577
276.46989323676337
256.52738170664594
338.9652049664679
237.8702377636757
175.35659787403245
53.67152775703738
397.26030809497263
529.0685545751894
346.77183289241526
348.84208148120746
545.5478868938956
92.38354622653068
149.58002045558987
457.9954812026618
464.0394264251238
400.90347087794527
145.46813894708697
171.17128702048757
163.2504792259526
317.8162124804148
204.68344751570837
240.4177901384722
584.8995650697505
109.9952445402498
589.4443781923566
177.29095943175722
197.48170782877213
215.30101909938887
215.92408690465942
191.868295060551
298.02472858109235
149.47179819473558
203.20917325987088
110.73288211653231
159.69640281322492
1097.6255232083913
223.80573788928575
177.39839957112503
195.88033132500107
324.2081197477408
109.93309065292537
334.89465331734124
195.52405815056238
212.75789066980587
178.2835262221248
169.33483986788633
485.9775366782344
299.6344010118324
464.070105623171
350.8853725674059
275.69665369754387
178.80115187468957
103.14914758443616
299.24127668761923
141.80455380564825
113.84722490931499
227.16800540833003
173.12786244494785
27.353299814072514
355.982416663481
758.7089560782885
260.6727259395298
180.3871787198468
118.06638040886396
132.1183775933846
174.01547823809494
109.74054909311197
51.279556285431106
74.17981389976556
361.8116198025588
30.214540106605735
175.03529984129966
778.8503218500824
158.34369141270187
283.426216237694
116.2005597995922
68.92296986680046
299.2476626563606
390.95654646049945
197.30166247842124
46.88557700173754
149.11901843523015
133.09113161454525
220.58180271306367
239.45340814072287
166.37952107211515
305.09613543070253
226.1239905198713
132.57561189533808
568.6316472854322
198.28879717973513
139.26162999075143
266.54481969433135
293.56539556328
956.6700059783726
304.43212385112383
92.216319599642
118.1137449403373
72.52924352048748
101.59801993496727
416.6484579459971
123.96468223049455
222.10230954734106
133.4826174900302
