59.11861499602023
132.9663492195158
107.99817202625513
105.46305216863196
85.4728171112908
21.873746976973106
43.23114986482524
78.9946826189963
42.72080861006029
125.43961627132427
58.83087363572311
89.90286262240215
89.24430417557217
62.75439869826265
173.76107383428652
298.70854562110617
92.5473694085871
113.22129765296106
76.88010715882312
190.599384963448
153.34874625772713
42.725886625287586
76.93904034047472
3.4853110185814313
83.81791092019157
43.05919494966848
74.19163787253105
166.35102122398757
46.42128476698428
118.51604087692647
85.38598466593193
49.63213227278412
72.13235575789291
183.52266565792254
86.22218766552413
97.26623966267583
82.04882945964683
69.58444434347801
101.04075113790027
1.7551674670888109
172.5213837593431
220.04901391712266
97.9444906866714
97.11416384973472
80.08550245234044
183.97172044428726
72.56175584545731
23.485574417994844
66.57233491359182
81.10178540449924
57.7861120706017
115.91527413686491
4.888450927692108
93.76771345871794
106.6676218621363
116.57706153900101
80.62643457465617
102.8439581533402
138.9521134962669
2.2256543379042864
42.02835852361563
67.34501187023365
197.97284167344614
156.09946109093607
51.51037559917024
134.73671546399316
66.80955460279118
67.6453681084061
75.99364782073329
81.3501355390603
63.69603395507828
47.490855804391856
68.71290280037205
89.95590930404839
182.55173313455816
56.12578200360761
162.9192727650881
56.36672331699536
116.99366793054682
140.04139255892525
72.92377441914299
84.2192502921052
102.93922714866767
38.274627951595846
146.5375234216044
38.26188472533253
114.64815840711574
97.77940992978685
68.42444375269464
98.5714771327667
125.22329433302478
57.166695832750946
55.054290471962176
102.0124757827138
99.44377810397188
155.31259591776947
161.91101900267373
41.337474611969576
90.32603780440311
136.16492745926638
74.12721595183797
63.351062223093535
172.17892923841333
85.01330270788418
78.53858492029586
49.904160081622734
84.87039890823358
6.513254673094295
62.12889235908573
57.78527944300425
145.4986440961512
12.212521378182837
113.0861932959194
52.21174522262111
159.0921537019048
43.63316153250877
68.01791418901506
182.50427512659124
115.73768162316024
190.98301592311577
49.452338334712366
71.99935420258714
63.33375394957512
80.29796453864515
65.92563403817286
44.580780137490585
77.7040867427316
67.30123296184779
93.14230079844519
138.16834112887685
141.3637795515391
192.34857631466616
120.37781946137001
30.473600370655994
1949.8115258193923
168.45024215816179
62.68260784538253
90.08022926725856
78.42480354978879
67.67232269669647
81.34679706253068
101.46282400707733
58.58347813070599
243.49743665320182
131.29723608421193
211.81582009354608
86.88306294482993
13.01899487456437
256.9768984565152
50.913968749365615
211.48120537840808
164.14164777505522
83.37098677714224
46.84593521324147
207.39904086003645
104.04602857321085
122.04163668575816
81.5459901192692
81.27842529992127
50.92794868632115
69.29730113484904
74.76385444031875
71.13472923618131
123.18041240680681
43.489459413449474
128.79098644193465
194.53634862755334
60.85854508188341
151.769862175222
119.39707370190936
74.87647162535411
172.95764150308514
4.209663968156447
73.14649407883614
50.29434356330852
51.162981952012714
50.9441166759373
154.60337530154868
90.12633442926544
27.57217135795946
72.1869411057844
83.03246541977944
62.682856208341285
93.95156199219655
48.33881381829215
91.21013850956717
64.94085263179147
71.1845458927889
103.87948305080127
131.65612377860256
89.41332719229679
52.59593718137918
51.66651309202778
17.76075908789109
3.47512392713042
70.30021031020502
45.183039547197545
59.66133657836936
73.2647717408539
49.20751551684207
96.16330215479022
259.0286429701762
74.28802922836613
81.91291868754348
65.61082557709027
79.5545183608742
131.76877839675316
86.58304691821942
71.87580419629234
53.85310009491505
52.490444890975205
82.4522028575712
50.108638385127435
196.77628578649166
262.92272352705237
58.626568089346094
33.08264744912306
105.06284281502597
98.93140104528828
43.059832969285
37.49734162157607
70.71556254253878
60.86612363564422
73.81376877581708
71.49888411339228
102.94210990165324
178.49296547522434
53.526446804581994
60.46199200601317
74.2792485975912
67.20173507504929
52.237435096475615
71.93756264354538
93.74610334225535
82.70795311930112
164.51435171096864
40.657458900268146
73.21815221239515
75.12187247589567
61.19781195773099
76.85215938947266
118.24539182297252
54.68761723497333
183.4344764857772
40.233190629828506
159.36241879948872
100.61276779332972
82.7319878984429
163.6576744571397
78.11819425246567
48.65175986219921
211.3985533660581
103.70282072254379
1.517837231652585
136.9291811187751
39.63675018987913
79.39187899525886
43.73819853707869
50.626413937285065
129.94287981182086
251.4120512681579
170.91592285643262
65.79657912133825
75.3723164868229
189.85105409705088
33.566048472006315
64.22365404241972
114.59208554196894
103.72852066658596
84.11123181426642
165.21993743644336
170.75174664124026
136.28180977307872
257.5857720469945
69.74725018007516
113.54099976875415
227.72704570504783
95.85356231397219
56.435944525233644
57.72132071107809
38.82298939089172
212.97606746666438
67.73273676103021
112.03920659366095
144.3637658020983
61.43186428952348
87.23673121763112
44.32576624718502
88.90550378950309
30.313658107584413
53.07647719032647
84.83038885055358
48.329749762307145
76.52583114103987
125.57591421479611
37.963764287463896
141.0510417352848
60.753189925344536
104.24426284116065
51.531252328984486
59.76398962065004
160.30593473670206
71.70613082820599
175.38933075205762
58.397607458392024
204.34403697018763
49.39410358815162
240.8411217137183
89.63670306140261
107.17420531628147
84.42686760179743
144.52688487893442
70.45173332263148
108.14337887611946
79.20301019237327
132.70549600166262
103.7318996417702
87.53219135352032
52.246624271526
118.0501527360342
90.69804659316178
65.27320221672265
98.35317303806355
8.533616527572388
68.56715203533126
37.07377574983774
24.589624437343907
11.637645445928355
59.500227578289326
54.64922167932961
52.09333336013548
38.23627625576404
45.314254636165956
93.63147198680737
63.81193477850292
86.88651632366964
141.12713877685633
62.91774610320332
115.11036598063009
80.40031113478916
201.04577965989887
87.34358100465043
109.86849524843474
75.3225904592227
78.9127968044698
57.603334075669984
50.46750303803699
99.32859244306945
143.3224571993198
59.578559449129635
154.5824592348687
76.0957245165824
71.21206793540242
137.29223340839155
64.30280611982195
80.47043766622808
65.85886475678289
186.89254916800274
141.6057171761053
105.35262587992142
110.94101754931846
71.8357464110217
64.39688754032761
60.14433905637164
220.14926437765314
97.9965829883517
82.12417534227946
62.18194487366547
102.98271263232029
94.74646324956534
125.47452926802761
68.50239166617732
56.49091237705018
148.22869705994884
57.13285200302476
71.80461847391106
164.57537116547067
79.0111760294661
116.55025523463446
158.2152053369792
70.96472212949955
171.4240581013773
55.58218246720729
4.750342712294052
96.27010487330003
67.46835231089132
74.32595684787663
53.46975080066774
132.4264473885942
73.73568441279609
48.95538403557772
69.85856836823058
128.96603777883743
96.04633242837942
99.52760045949162
75.96317418639694
142.27651187690714
74.64653585005092
106.83365635309741
74.82765769280842
96.40853542364397
35.2122835884169
167.96583825386577
9.911350802108325
8.791777130296513
51.62195106271552
61.16374026623616
81.06295999943909
54.169846547779436
52.87467949161414
61.22220899423111
77.41317866949758
73.18314534151348
68.20628767982012
38.108907916641705
81.65760512132718
1.3854676846233116
56.91769769002947
104.8522860800032
65.9200846536581
131.1738975006135
85.41636965756062
130.49560692618653
107.65871340050886
80.35548485682368
66.20511385181614
55.91181393255254
63.275371584774106
76.51622315032397
55.957741771856774
155.53423961235742
69.21734691635199
223.32433254176132
114.03626326454211
61.65216671518481
139.48467297052267
189.71739910054862
61.3903416574558
146.35397031853927
59.67013390841968
68.06816911985518
176.36392609678762
74.21552833318242
58.624793818513744
61.27363366682508
55.90404686654292
105.84727755142673
75.28069723206278
64.85727378367926
44.21733674825728
88.3601427466747
42.419931022099135
62.82570402637836
73.83187710470644
65.76448259037143
67.91199270944459
64.87720793385323
77.13280714496472
54.33139371667374
103.97083179829352
126.76142718692249
73.20510693296846
149.1715584487829
78.16001445022155
48.591824762886986
13.942961658260925
93.20144250066323
80.19176572205262
81.82859854040808
253.32809888236596
53.29678954049592
63.96983647335305
71.6293176153121
54.43142703101045
122.84184504072076
68.76281288875094
77.57224956909265
39.85124287263629
76.8051197591971
77.51315026296798
57.08497423140924
87.10386643028077
134.75007375488505
75.67515409317252
167.97559909433684
175.88304979180893
65.14815643150625
99.76953923806637
59.75093111407365
87.21620616264302
73.75190044750887
158.5480028539306
10.615378372969683
65.36269237466658
137.57382291554927
89.25842962215397
51.28828220877053
93.64061887808003
45.43308127095553
82.46797336075007
60.60380566211034
49.86396394520886
57.41220393450775
77.11872144106451
101.34643820278124
51.019002857030614
52.18059780460247
96.1994830098462
69.25466645881507
66.13952057445881
62.23833493274168
156.1850077167572
103.48810044954467
66.10688009531563
117.32945375942438
93.07424170005798
61.69807421163891
23.07805258008722
172.13951748060614
89.00639749360285
41.46412732804768
159.91117012507576
77.22290402160112
53.37133274715715
134.62877801600752
85.86522529136793
208.56175177991793
75.77689488920974
71.42156915046117
24.18211309793049
8.03797059124142
79.36326336154282
44.706543314213604
70.58007211299388
50.65305254136349
111.57452877995215
10.509068980065873
203.9119892481278
71.97149425243315
193.3075469531602
128.34284021065693
71.45213011052012
52.365377795068014
77.88692709517554
13.850589615944678
168.75828044548464
83.14450267365217
63.21089178840858
175.08095686008025
64.65612569177281
43.557076545384504
50.72645385336707
73.05859393890591
207.87233586206045
63.845080108943776
152.9107140486286
124.90496230422912
3.385383198019989
71.92476999608061
78.99530347715879
179.679021551079
86.78814209963879
52.01668733054182
62.51689060402265
198.5647145962706
150.13885342706936
73.57187435266555
91.63109941206723
97.50152993858813
50.269664989564234
71.95760216648965
80.45007928667242
92.68410758391636
50.31609130863953
71.21626997090351
39.62404733265044
74.93148374647703
93.51689415529472
68.2111796469855
135.52055712693516
296.31824793858215
125.09998718920784
79.77862250407664
68.05613108417458
92.76414975655047
96.4681978297805
54.1797307531717
68.12002085189948
97.10966154790127
109.28715984292523
69.8658179389981
47.471905247394865
66.05450289997437
61.96059292340398
73.44786152945896
153.93572706123194
159.9493396827206
94.08321000502441
103.25123115815535
251.33724733835157
94.43828886282488
123.44679577627757
174.42201006797575
101.73853573261911
53.223738812905964
77.58014682736162
197.74258230060315
258.7145223620537
82.91439043295672
130.18158947916845
143.4484540130021
53.03130872245737
65.23678711590347
46.62907643332033
131.7969078198312
97.36188164128536
84.96982216410464
60.9437098133897
1.0950181512358141
53.2202709605534
110.90252417961277
73.10277988452731
117.05645129519381
120.11238822905707
91.64363182976362
51.16200014888451
89.46127928871142
203.69952279488672
69.5846729176641
62.18502236871932
133.1119283617505
90.6165056669717
35.93129671349822
56.45057463813738
53.75361343686772
144.08223618216124
73.78676448835165
83.91188991157658
43.44449024617841
43.73869178878449
73.99030606223809
68.50699041941495
96.72399236453649
107.65075655709582
90.5831908484273
65.04905662062437
81.84041316210627
182.8243878863494
129.86390834113683
37.28047404498462
88.61700859609704
59.38248397133042
71.89379459406899
86.64877365318169
44.28790616785549
148.06013695368463
91.12683124165177
57.38631944180524
59.26017982007344
69.19730222241299
248.4221320203468
123.45360993627764
50.077016119545135
68.26222885092821
77.94162366620304
104.26511100172492
176.95535196878987
144.74723470682733
58.1942514077495
64.7353302808722
57.015536906280104
69.42443078859147
42.41765759219547
3.867436230780789
207.42213767941143
75.51367311219829
64.29291025927529
68.22984923828493
71.90474877769475
204.37084824789486
54.22730532679924
145.317521630519
56.75734352302719
122.24106461753824
103.56592877990832
104.24862881090064
179.2588458233691
126.18778061044017
79.69185582374591
71.8077717470192
253.0905074606985
39.8550524947808
212.20392605735975
141.49195840139438
138.78483791521597
50.60240725775005
104.60078648840175
137.39893267654952
93.77804108183406
58.327345868023066
89.39599622204001
174.04485287141765
192.61402476006216
63.85656321702393
136.8880073411224
60.450502088219146
52.989129911537745
65.27506401651151
235.7999635921905
131.35170042009838
102.72223172397916
65.35011606203334
46.3032505115981
45.28000512705305
110.90853080470636
71.06157807518522
89.65189721371763
163.14938648580988
44.75832293462127
67.74500297457767
45.772393341004616
38.96143765141957
47.48996207465115
144.7973077680576
100.64028419135565
43.15184074940923
184.2480254422282
66.41810905089608
59.93729680489202
64.6966743098707
90.01517794686158
57.95833825958853
128.08732637961177
191.84619799166953
95.76036446768954
55.50304945268904
49.00117930440382
69.93781975437605
73.40093591303012
76.40156134066159
109.42524435788566
35.19869038463598
248.1871139085026
125.49742494142566
58.722711901571316
69.78105404617754
163.80230458393103
7.511306765258136
83.82261780366122
60.14998569958387
89.92458327962808
225.04090391333764
52.140983490634994
151.30568225133004
2.5718646641404943
52.654994165021236
54.47284389417347
86.78878836160806
123.5249999857876
58.94108518195296
50.777367198851465
77.85490019893936
71.67590742106495
31.936354756679037
55.61627893004765
63.628857756348054
148.34278183575472
40.04330530386709
127.6726888654601
72.2169006782329
72.36182127861814
44.67299795667198
92.04422646722263
107.7213028376768
154.25122356546154
84.59536070363377
72.58025760651698
74.96952297097133
190.79477239001852
90.29885642142878
90.4382322584345
211.26869528154063
67.99232375864032
226.3966727329748
68.04458882341413
73.38318131945549
205.90775419779968
153.2054820107735
51.87870592092343
48.95382001630684
75.79457512108301
137.39212028151766
144.18471613592246
81.64040541263923
151.97039960292102
87.68240624787867
106.19984975532601
2.946747072469403
84.73792004074488
56.6499634669949
61.80406489336587
123.92373128888076
56.96680307832417
114.06142732764667
81.79539017192519
58.836438667983494
63.42758838510244
74.72690909490909
100.73775058442654
91.87675929673114
164.55206784492313
56.74664260342357
62.76145731090921
186.07277805970205
90.35832776028022
76.65156457581469
66.17986742991242
67.02716304044709
72.55867032837158
63.089082635264226
77.7998771265833
206.08280354112858
79.71414266476684
134.3188195365443
156.7269709313732
55.56382080713015
80.49602674535788
54.03497083380068
97.07407248796393
92.27790218505837
44.660000872858255
80.40879104002578
155.02167078737864
143.54259879882628
156.96652853761142
125.78108040185006
72.80567046597281
93.89489014691172
128.6963748236861
187.9363513294146
64.82419990797801
74.77684144717864
97.5657321367863
165.0132862918502
63.7599945470572
67.53877932090656
164.00557228258234
59.69664240698719
75.53015822073952
143.01383642230195
41.67906690602526
74.8198314398602
65.99484017739412
91.4272981690408
90.89160078801072
84.12717777815935
73.9745204724424
46.53854184216253
97.56335120382748
93.41358167204952
92.58499028157661
60.11876596036587
63.08151297138225
58.15529851665677
105.31419090795109
127.16294376505296
133.2090383466205
52.36896809223095
65.17467084607101
57.65737905884204
181.68083732278774
107.29447369633431
67.70072653369213
62.338224849984904
185.93232332461972
235.59535678019853
101.44138572734144
44.7138985158621
64.07495548610297
45.59120894611482
67.42851703704137
82.76243635841952
175.4445033641665
62.85543167038272
70.45775913229868
47.14535616681893
59.92097278472498
89.08913355220874
35.21629420980916
60.38605781494351
77.28895274418876
48.87414103007322
166.46367025246252
91.97681920018226
77.71766331855193
61.59831848346584
65.21982531703317
70.87844334715241
76.96725812678334
84.69268894674651
2.2903500394009866
88.58067330676232
78.86588780429072
104.3793531018407
45.882650023231044
93.69046061800749
135.99477014557667
114.34657608536844
7.418743263466862
112.66303848931733
69.67288563313896
110.03679286202753
41.14672466706176
172.09048774854452
65.39301350004122
76.19931443683923
203.7546513356376
47.30383579147091
119.57508950043879
63.804640429865586
120.23397652053511
58.88412641840537
56.410997768785286
42.344524640580026
94.11788777878907
115.92465557616865
94.84314743962007
12.805194453072
74.30947321272036
81.39836023800063
223.13872064967902
96.41802873516036
123.04351429944015
24.046530599563685
60.590769933790064
54.906250068624644
110.21839340509244
81.64466372987263
83.39232207961014
170.84452709527932
28.632886229072607
63.42852758456729
266.89849179378933
120.94609103106262
1.103944358259904
68.21764021508704
91.51549838450536
100.13078554325404
51.02521618496855
49.63120390685989
107.37280621303493
54.1157808487955
63.765939195631034
81.47512411971452
74.09920121846723
90.80194472111624
7.221767968102989
57.78167348303799
113.47904209566224
70.56228420581004
153.50847178484568
40.42115387582223
91.49413948356434
148.58478421543964
61.67970219775461
34.65285271025668
55.89431996814833
114.6096736511924
98.08657239002342
55.27981510928085
62.443557963211994
126.98611716900777
89.46844750714509
85.01399563714119
173.5849836372136
43.668721109295234
58.6660564748364
139.154077900293
42.926490391376504
45.260767379024536
144.7373781052654
77.48886726956619
42.93966678409272
147.65701244049487
110.82856865340854
87.05671231868013
79.46724800904488
85.44141046937564
39.6539221193127
80.84141402137887
77.8338444831634
100.42991684583356
65.4294315383832
53.50907615425133
133.64623956674976
43.77223595547745
200.21305974866888
181.3763683564073
75.74964626343017
16.377400272925396
