0.88194739818573
0.893305242061615
0.9483537673950195
0.7318838238716125
1.1833314895629883
0.44358527660369873
0.4876403212547302
0.6592440009117126
0.7719730734825134
0.9009948372840881
0.687701940536499
1.280981421470642
1.0363073348999023
0.7284411191940308
1.02730131149292
1.2970266342163086
0.8258082270622253
0.5597833395004272
0.6441017389297485
0.7374529838562012
0.8242965936660767
0.555562436580658
0.6769915819168091
0.29857587814331055
0.9008151292800903
0.46260514855384827
1.026904582977295
1.1702967882156372
0.3853212594985962
0.8200988173484802
0.7055333852767944
0.5648553371429443
0.6425580382347107
1.2065603733062744
0.8108285665512085
0.46330687403678894
0.6353411674499512
0.6730267405509949
0.7103503346443176
0.3129836618900299
1.110272765159607
1.1896840333938599
0.5020310282707214
0.7698158025741577
0.58570396900177
1.0955458879470825
0.6824986934661865
0.5435863137245178
0.7627081871032715
0.6760988831520081
0.5623731017112732
0.5826624035835266
0.3031088709831238
1.3349918127059937
0.9078746438026428
1.0469642877578735
1.0064505338668823
0.6972472071647644
0.835369884967804
0.3956555128097534
0.5526496767997742
0.8593607544898987
1.4586399793624878
1.2086764574050903
0.5600835680961609
1.0503638982772827
0.7644677758216858
0.7312479019165039
1.2279865741729736
0.8912670016288757
0.6224952936172485
0.50101238489151
0.7304162979125977
1.073502540588379
1.0143345594406128
1.0460436344146729
0.9916712045669556
0.6077811121940613
0.6569129824638367
1.022508978843689
0.568842887878418
0.77489173412323
0.5081249475479126
0.5353723764419556
1.0030995607376099
0.653172492980957
1.0898573398590088
0.9821195006370544
0.5918731093406677
0.8263704180717468
1.1496320962905884
0.5199920535087585
0.47074997425079346
0.8624433875083923
1.0014023780822754
0.8743353486061096
0.9978235363960266
0.8266032338142395
1.3315552473068237
0.8524212837219238
0.952805757522583
0.9208816885948181
1.0175001621246338
0.8701470494270325
0.9411668181419373
0.6970304250717163
0.6530635952949524
0.5847519040107727
0.7425041794776917
0.6125150918960571
0.8838107585906982
0.9405434131622314
0.7139697074890137
0.5392171144485474
1.2414835691452026
1.1087734699249268
0.6029815077781677
1.120863676071167
1.0654457807540894
1.18673574924469
0.7514730095863342
1.0712890625
0.6687191128730774
1.2773648500442505
0.6883990168571472
0.9262754321098328
0.950357973575592
1.020133376121521
0.6530064940452576
0.7006639242172241
1.1459485292434692
1.503722906112671
0.9730508327484131
1.0514464378356934
3.8093349933624268
0.8902610540390015
0.9600076675415039
0.8644395470619202
0.9354960322380066
0.618608295917511
0.8041413426399231
0.713864803314209
1.0733191967010498
1.0391589403152466
0.9228317737579346
1.2709201574325562
0.9710481762886047
0.4994373917579651
1.656229019165039
0.9998172521591187
0.8718016147613525
0.9080491662025452
0.9380571842193604
0.6335849165916443
0.8825885057449341
0.6086581945419312
0.727512776851654
0.8872283697128296
0.6545765995979309
0.625503659248352
0.6348166465759277
0.9052037000656128
0.8124666213989258
0.8140467405319214
0.6569516658782959
1.176530122756958
0.9389938712120056
0.8792476058006287
1.1288704872131348
0.9822573065757751
0.5520418286323547
0.9105051755905151
0.3700324296951294
0.6777249574661255
0.6194557547569275
1.0615253448486328
1.177616000175476
0.9254674911499023
0.5987106561660767
0.949040412902832
0.5807245373725891
0.8175888061523438
0.7314596772193909
0.6609914898872375
0.47796395421028137
1.0239959955215454
0.875880777835846
1.025077223777771
0.5715153217315674
0.8644852042198181
0.6255331039428711
0.6556735038757324
0.523482084274292
0.6740115880966187
0.4549146890640259
0.49604135751724243
0.6612152457237244
0.7401201725006104
0.5324408411979675
0.7949705719947815
0.9141843914985657
1.200318455696106
0.7038145065307617
0.8394860029220581
1.1345592737197876
1.0336675643920898
1.1628234386444092
0.94944167137146
0.8940854072570801
1.1462249755859375
0.617107629776001
0.8262321352958679
0.529041051864624
1.141168475151062
1.2865504026412964
0.5620583891868591
0.7429590225219727
0.7633739113807678
0.7710137367248535
1.0477548837661743
0.7326164245605469
0.7940650582313538
0.5295982956886292
0.8125936985015869
1.2649480104446411
0.8353696465492249
1.0846197605133057
0.6831863522529602
0.9493147730827332
0.8768266439437866
0.8269303441047668
0.5363679528236389
0.7699746489524841
1.0015870332717896
0.8279774785041809
1.000494122505188
0.6186939477920532
0.6335547566413879
0.6893673539161682
0.6534586548805237
0.7291218638420105
0.7603733539581299
0.48947596549987793
1.3206708431243896
0.6194412112236023
0.811760663986206
0.8136608600616455
0.7105963230133057
1.0845829248428345
0.7750294208526611
0.52703857421875
1.0860352516174316
0.7837309837341309
0.3155035972595215
0.8615257740020752
1.0763285160064697
0.8966341614723206
0.9741919636726379
0.6802939772605896
0.8127299547195435
1.34043550491333
0.8646329045295715
0.77541583776474
0.9665035605430603
1.3590583801269531
0.7587279081344604
0.5417287945747375
1.0425053834915161
0.7435741424560547
0.7786896824836731
1.04108464717865
0.9127345085144043
1.1826633214950562
1.5430086851119995
1.188039779663086
0.774235188961029
0.9804009199142456
0.5612171292304993
0.5025056600570679
0.7150341868400574
0.6446662545204163
1.2051036357879639
0.7029334902763367
0.9184232354164124
0.8970505595207214
0.8686942458152771
0.6857690215110779
1.0363095998764038
0.8111517429351807
0.7013995051383972
0.5987846851348877
0.9759212732315063
0.8356142044067383
0.7242122292518616
0.9461132884025574
0.6095153093338013
0.7720772624015808
0.6520370841026306
0.7981904149055481
0.9493585228919983
0.5207899212837219
0.7203649878501892
0.6623954176902771
0.9826400279998779
0.9249465465545654
1.192530870437622
0.7722494602203369
1.3063712120056152
0.7621071338653564
0.8243061900138855
0.9496217966079712
1.0419508218765259
0.506865918636322
0.6182991862297058
0.5270582437515259
0.7628116607666016
0.6608184576034546
0.7502148747444153
0.9034610986709595
1.1773061752319336
1.0610967874526978
0.6464664936065674
0.8154481053352356
0.41149434447288513
0.6783576607704163
0.8512561321258545
0.6645241975784302
0.33179962635040283
0.5332470536231995
0.7143427133560181
0.8683397769927979
0.5863041281700134
1.0795940160751343
0.7116064429283142
0.48278895020484924
0.7080352306365967
0.8958889245986938
0.7196909189224243
0.9859269857406616
1.1509928703308105
1.0094801187515259
0.9370201230049133
0.8619259595870972
1.1251966953277588
0.6426748633384705
0.7004075646400452
0.9626355171203613
0.5114908814430237
0.8638703227043152
0.6178598403930664
1.6132690906524658
0.6540206670761108
0.5615888237953186
1.0183261632919312
0.7672144770622253
1.0741593837738037
0.858657956123352
1.165581226348877
1.0332595109939575
1.2695146799087524
0.9371492862701416
0.6188880801200867
0.7105531692504883
0.6053299903869629
1.145297884941101
0.981022834777832
0.43690553307533264
0.9393706917762756
0.861858606338501
0.9037454724311829
0.942821741104126
0.9325054287910461
0.6494916677474976
0.798163652420044
1.1018718481063843
0.576001763343811
0.9558476209640503
1.2452442646026611
1.2172248363494873
1.1166808605194092
0.8630030155181885
0.9272980093955994
0.5467149019241333
0.4883369207382202
0.828055202960968
0.9058716893196106
0.7389134168624878
0.7033385038375854
0.8287172913551331
0.4052058756351471
1.1100174188613892
0.8234466314315796
1.1050621271133423
0.8134469389915466
0.8636167049407959
0.7161529064178467
0.9914423227310181
0.8302407264709473
0.6431792378425598
0.6703966856002808
0.7097316980361938
0.7562370896339417
1.17110013961792
0.8959543704986572
0.25399377942085266
0.6295042634010315
0.7441475987434387
0.955306887626648
0.6441978216171265
0.6231783032417297
0.6762490272521973
0.8197818994522095
0.8400591611862183
0.6945836544036865
0.6431196928024292
0.7921125292778015
0.38624969124794006
0.6693512201309204
1.0308446884155273
0.667251467704773
0.9720864295959473
0.7338492274284363
0.8350366950035095
0.9751712083816528
0.8036623597145081
0.869721531867981
0.4978081285953522
0.4631526470184326
0.7604865431785583
0.33852940797805786
0.9955251216888428
0.7741426825523376
1.297261118888855
0.9572683572769165
0.7842068076133728
0.9041363000869751
0.8878389000892639
0.9641497135162354
0.9858199954032898
1.0076277256011963
0.9660459160804749
1.2023628950119019
1.1059041023254395
0.6071904897689819
0.45356228947639465
0.7600957155227661
0.6601215600967407
0.9295446276664734
0.9094753265380859
0.9575940370559692
1.0113800764083862
0.5078000426292419
0.46394243836402893
0.7448299527168274
1.0408802032470703
0.9939659833908081
0.9950289726257324
1.1968233585357666
0.8018384575843811
0.841943621635437
0.9587888121604919
0.7633078694343567
1.3373867273330688
0.7548629641532898
1.0371278524398804
0.5118147134780884
0.9057031869888306
1.208585500717163
1.3643958568572998
1.1198970079421997
0.7838804721832275
0.9945479035377502
0.5761351585388184
1.0693250894546509
1.022944450378418
0.8815948367118835
0.7934998273849487
0.5853536128997803
1.2207995653152466
0.8272001147270203
0.7162011861801147
0.7641283273696899
0.9434685111045837
0.659523606300354
1.0743999481201172
1.2926642894744873
0.6787412166595459
0.8329451084136963
0.4926076829433441
0.6741706728935242
0.5028083920478821
1.0388531684875488
0.6370339393615723
0.7583049535751343
1.13595712184906
0.852983295917511
0.6679824590682983
1.037858247756958
0.9789658784866333
0.6717357635498047
0.6865715384483337
0.9482768177986145
0.850877583026886
0.632669985294342
1.2892589569091797
0.5838117599487305
0.5668967962265015
0.5152515769004822
0.6052885055541992
0.690858006477356
0.5272290706634521
1.1045045852661133
0.7701978087425232
1.109285831451416
0.7575157880783081
1.1247495412826538
0.8822651505470276
0.7134760618209839
1.1120208501815796
1.044313669204712
0.9909653663635254
1.1259745359420776
0.5504627823829651
0.5760939717292786
0.9856699705123901
0.7691450715065002
1.1032631397247314
1.040266513824463
0.9431778192520142
0.7219417095184326
0.4234522581100464
1.1400291919708252
0.5643085241317749
0.8424537181854248
0.3235703110694885
0.747800886631012
0.40787559747695923
1.1307951211929321
0.8982929587364197
1.3125605583190918
0.811847448348999
0.8000358939170837
0.6074594259262085
0.7237657308578491
1.0362905263900757
1.5261229276657104
0.6968176364898682
0.6809507608413696
1.1142646074295044
1.0906167030334473
0.810189425945282
0.7041670083999634
0.9941694140434265
1.217611312866211
0.6480526924133301
1.2639422416687012
1.1105173826217651
0.5753880143165588
0.675953209400177
0.5306141972541809
1.1637765169143677
0.8564364910125732
0.6302660703659058
0.6668859720230103
1.2160900831222534
1.1786519289016724
1.0358374118804932
0.7778582572937012
0.8638110756874084
0.7127082943916321
0.8093424439430237
0.6597090363502502
0.7381372451782227
0.7482759952545166
0.7190917134284973
0.558560311794281
0.9266403913497925
0.6896997094154358
0.6004928946495056
1.0609809160232544
0.9990420937538147
0.9719678163528442
1.1329082250595093
1.191259741783142
0.9232656955718994
1.1224033832550049
0.7952576875686646
0.7450452446937561
0.8815006613731384
0.6584250330924988
0.5406625270843506
0.8791641592979431
0.976443350315094
0.7816104888916016
0.9125803112983704
1.4151068925857544
1.1939748525619507
1.0539692640304565
0.7936072945594788
1.2797703742980957
1.2087730169296265
0.8647728562355042
0.955902636051178
1.2587225437164307
0.8644102215766907
0.5700149536132812
1.1716761589050293
1.2929896116256714
0.8132076859474182
0.8059104681015015
1.0863547325134277
1.0235927104949951
1.0950382947921753
0.9398854374885559
1.249081015586853
0.656728982925415
0.9441630840301514
0.7840822339057922
0.3865383565425873
0.45862269401550293
1.1171319484710693
0.9232643842697144
0.8133124709129333
0.8326092958450317
0.6749356985092163
0.8153678774833679
1.028856635093689
0.9113402962684631
0.952824592590332
0.5517377853393555
0.9339686632156372
0.8361894488334656
0.6859121322631836
0.6017023921012878
0.4230121076107025
0.9113026261329651
0.9188759922981262
0.6316531300544739
0.6947192549705505
0.5784300565719604
0.8583073019981384
0.826166033744812
0.9917762279510498
0.8030319809913635
0.6491563320159912
1.3613512516021729
0.7224609851837158
0.7238662838935852
0.8608593344688416
0.5600509643554688
0.7112311720848083
0.7165436148643494
0.6421998143196106
0.7836565971374512
0.70182204246521
0.9048980474472046
0.884057879447937
0.9318200349807739
1.0491201877593994
0.6004835367202759
1.4959577322006226
0.782810628414154
0.5468289256095886
0.7642287611961365
0.8854290843009949
1.06440269947052
0.9593945741653442
1.061713695526123
0.6826251149177551
0.8798282146453857
0.6501672863960266
0.6843842267990112
0.47740915417671204
0.6573561429977417
1.1729377508163452
0.909127950668335
0.6824988722801208
0.6748377680778503
1.030544400215149
1.0578091144561768
0.46705716848373413
0.8980416655540466
0.7385115623474121
1.0387297868728638
1.0457842350006104
0.8181760311126709
1.1863811016082764
0.6698496341705322
0.9516827464103699
0.6724556088447571
1.200270652770996
0.6844595670700073
1.171476125717163
1.0201237201690674
0.9889452457427979
0.8251951932907104
0.5536203980445862
0.8390876650810242
0.8249242305755615
0.7927475571632385
0.7472649216651917
1.0146398544311523
1.0985010862350464
0.9114950299263
1.0689716339111328
0.9285944104194641
0.8908964991569519
1.076427698135376
1.2039488554000854
0.8258113265037537
1.0563169717788696
1.1122345924377441
0.7224171757698059
1.0148338079452515
0.9126893877983093
0.7181537747383118
0.5530772805213928
0.7514051795005798
0.618196427822113
0.993232786655426
0.8918204307556152
1.0303596258163452
1.1380703449249268
0.9929238557815552
0.6306679844856262
0.761517345905304
0.8468835949897766
1.0346649885177612
0.7268192768096924
0.9425076246261597
1.2853986024856567
0.7477419376373291
1.1473873853683472
0.8947234153747559
0.6464943885803223
0.4832441210746765
0.5819413065910339
0.9251415729522705
0.7168207168579102
0.48735061287879944
1.1500405073165894
1.000529170036316
1.4815219640731812
0.7528496384620667
0.6817728281021118
0.8906290531158447
0.642643392086029
0.2773709297180176
0.5480936765670776
0.6327918171882629
0.6872621178627014
1.107852578163147
0.5024113059043884
1.4385238885879517
0.5816918611526489
0.7501940131187439
0.5582036375999451
0.7040828466415405
1.0342239141464233
0.456015020608902
0.626936674118042
0.6322630643844604
1.181749939918518
0.795863687992096
0.5580973625183105
1.0216535329818726
1.0951405763626099
0.7872692346572876
0.8410248756408691
0.5689867734909058
0.6129417419433594
0.4635913372039795
1.1062917709350586
1.0432159900665283
0.872750461101532
0.5881525278091431
1.0174498558044434
0.5793987512588501
1.2054005861282349
0.7332536578178406
1.1118178367614746
1.358851432800293
0.898357629776001
1.094197154045105
0.704841136932373
0.7170301675796509
1.581338882446289
1.1104696989059448
0.5624982118606567
0.6466962695121765
0.501909613609314
0.8682550191879272
0.8133755326271057
0.714789092540741
1.2266528606414795
0.6708259582519531
0.792681872844696
0.41824689507484436
0.6634653806686401
0.6573406457901001
0.943247377872467
1.0659087896347046
0.6867843270301819
0.8794023394584656
0.5024082660675049
1.1360896825790405
0.9221888184547424
0.48943474888801575
0.7476586103439331
0.6329826712608337
1.081567406654358
0.6617704033851624
0.8883606195449829
0.9683446288108826
0.9672310948371887
0.8547754883766174
0.9510578513145447
0.5562708973884583
0.9240659475326538
0.9530276656150818
0.9659667015075684
0.6770936250686646
0.8440183401107788
1.0843710899353027
0.9002857804298401
1.0499125719070435
0.6828698515892029
0.6201207637786865
1.3118630647659302
1.286108136177063
0.8767095804214478
0.7289236783981323
1.313760757446289
0.9459529519081116
1.0269994735717773
0.8678572177886963
0.6905645132064819
0.6856926083564758
1.154215693473816
1.025850534439087
0.7340875267982483
0.8006485104560852
1.1099247932434082
1.181279182434082
0.7422733902931213
0.6070281267166138
1.0726232528686523
0.8053809404373169
0.8406486511230469
0.8985775709152222
1.021767258644104
0.8142889738082886
0.8246932625770569
0.825388491153717
1.012098789215088
0.6721245646476746
0.7549903988838196
0.44672849774360657
0.7965805530548096
0.7577241659164429
0.7188730835914612
1.112410068511963
0.6455612182617188
0.8273582458496094
0.6596484780311584
1.32637619972229
0.9579671621322632
0.8011072874069214
0.8645726442337036
0.8506171703338623
0.9277725219726562
0.9732053875923157
0.6130785942077637
0.4871995747089386
0.920144259929657
1.2290576696395874
0.7044877409934998
0.455797404050827
0.5531235933303833
0.6033352017402649
0.8999038338661194
0.7622848153114319
1.0627546310424805
0.9122670888900757
0.8404266238212585
0.851361095905304
0.7608051300048828
0.9379998445510864
0.966607391834259
0.8594956994056702
0.5865676403045654
0.7001833319664001
0.8912163972854614
0.8938198685646057
0.897797167301178
0.9101871848106384
0.9854515790939331
0.8766528367996216
0.4850635230541229
0.6325122117996216
0.6138486266136169
0.6679728627204895
1.1035641431808472
0.7957782745361328
0.8716574311256409
1.2811858654022217
0.8179082870483398
0.9003204703330994
0.2279418706893921
0.563260555267334
0.5380978584289551
0.8538341522216797
0.5484192967414856
0.9877974390983582
0.6942039132118225
1.2654502391815186
1.0796767473220825
1.0596749782562256
0.6554718613624573
0.8171846270561218
1.4178826808929443
0.6807548999786377
0.539139986038208
0.8766376376152039
0.9979804158210754
0.8145250082015991
0.7428551912307739
0.3466588854789734
0.7340009212493896
0.9256960153579712
1.2875012159347534
0.7447623014450073
1.0781651735305786
1.0037689208984375
1.0202816724777222
0.7827030420303345
0.9100803136825562
0.6708384156227112
0.7998837232589722
1.0941771268844604
0.45239248871803284
0.48022210597991943
1.2899361848831177
1.2857779264450073
0.33303242921829224
1.2448458671569824
0.7249354124069214
0.5900684595108032
0.38460424542427063
1.073883056640625
0.5520375967025757
0.6542394757270813
0.5391612648963928
0.8806931376457214
0.7835285663604736
0.5192468762397766
0.41320356726646423
0.6801564693450928
0.8504065275192261
0.6341951489448547
0.9996457099914551
0.2802463471889496
0.7539897561073303
0.9484794735908508
0.6195701360702515
0.7740594148635864
0.633889377117157
0.9771726727485657
0.5296321511268616
0.5127882361412048
0.5478771924972534
0.5591751337051392
0.9668963551521301
1.2919807434082031
1.1198524236679077
0.5731842517852783
0.7268227934837341
0.9105563163757324
0.5438509583473206
0.7088541388511658
1.1214444637298584
0.6438749432563782
0.5741211175918579
1.3537571430206299
1.099995493888855
0.8714361190795898
1.0785425901412964
0.6298574209213257
0.6499587893486023
0.8021271824836731
1.1744426488876343
0.676965057849884
0.9361767172813416
0.4427123963832855
0.9739400744438171
0.7038089632987976
0.7686011791229248
1.2555686235427856
0.7212117910385132
0.43765223026275635
