95.12547185772928
102.0294903783347
136.88707099812532
62.39115829076872
165.23257994312826
8.443613491480503
84.9711642599557
180.7824701332784
216.16771237311855
108.10468285193149
128.38110956579396
52.565781909481984
86.00822529300613
193.3002002373613
107.7670639075374
161.06234705697523
35.91632322110311
104.79113716725529
61.365444580113646
85.70659420909087
86.09593340643606
46.807994439096696
164.17915023693732
101.95568608287408
189.7952056623557
216.79330231972727
100.94915064280488
113.68963246911025
176.20254091413253
81.8370302873272
130.27916578642404
186.49504569218726
206.75800210066075
70.05705737037214
185.1729782425356
67.81977818140238
102.97097924943803
101.82232497763171
140.6765917776589
168.44528851144705
65.00383069012912
181.64381958206064
99.6832739789448
127.02490182117415
172.78946236302298
60.071061879619705
111.63355596875124
62.69136736622601
62.85894909999042
124.10423182910492
167.40417807047348
148.2777747085769
93.10680694738885
37.07388785825993
105.60769839184982
95.97663397537472
189.73644642909886
125.5233289827306
133.9796360847588
161.5951280730626
147.31354094342439
52.977569781575696
93.78906714434498
69.26428693919233
86.98871595101448
133.34527731239132
19.42551177799655
26.390577254901558
82.3294639921002
128.6497337325551
143.0313061215957
72.09240132127965
19.698480635316596
188.10485354899464
5.894869925989971
148.2438843641789
116.75832470541917
60.70647198858646
107.65424383974634
115.47675593730979
118.42292798458622
171.89870070846152
81.19992363588402
181.0776282028516
146.95228389834034
63.504981658066924
98.75165277931681
90.34924577956679
156.88315905221663
72.61413995177149
102.35121125764738
45.526127490770804
91.68078909054583
175.92928879166368
29.910765022405954
47.2859731460508
79.63654931770189
78.55247709357997
83.9310036632381
83.2258589670913
53.16759771667916
193.0308001126523
99.32941205787708
174.77806129515605
100.81735424750168
75.28017387936414
83.48254545549881
71.92489946521579
138.09454520085606
52.304872633728586
112.50438715193805
203.7819427168157
170.82422677158607
25.91695729415255
47.491780143617554
138.46277823420567
70.08031588529283
70.9560396458528
91.76604392093088
113.89261267002827
175.56001342044144
105.89148940768298
85.13989871654368
271.85689626926273
86.6475012484116
127.11195858416714
107.15047759090234
54.10493480156706
96.7826300714392
98.87231251176395
102.33612459585198
239.81094758309715
63.961139915717645
49.810889936505376
137.65068557530387
156.780708062147
83.1473864191106
100.64385401799309
91.41811756380376
99.58180758444112
39.9988029589532
100.209499953148
230.64719327678785
235.80324736782137
96.44751610523231
41.98774731467615
97.0222121147545
49.02145062333171
77.49455151296236
115.84570337870916
84.4965745807255
111.03774548685837
7.983527671438471
37.52690128847263
107.85439549562224
190.9673836101659
101.05349297397242
177.35049420021812
124.84015318001701
125.76997863011422
141.57667669464087
187.63795200835764
87.61408714710544
39.85458134406913
217.24810396756428
217.28463041287776
186.75774388368364
190.26725435941717
84.17635187647245
110.28106871033903
4.849752218928424
132.08100061613615
76.03907181180222
118.43724862366149
45.5945276692479
89.49852711213138
90.09096257897268
132.85922623994992
290.2297916974181
58.16730968986878
141.62316926238603
117.48244839787108
101.37136581045408
120.1329723135917
48.27299987514524
73.44529713516141
95.36682928892235
43.78983327700827
62.00640835322962
84.47499516516947
108.47371200049606
138.82052564180168
182.3766349678013
122.50620348696339
101.0340352602186
104.45079667935526
167.89198471019927
56.06675626181691
258.71912479814483
38.559775513906885
209.35886882029678
33.54465549676435
75.71581305966994
169.9408797766914
35.0090056113229
121.89059674687063
139.98324290123756
52.4178631943518
167.84972118480857
123.599919088651
117.36175944049579
27.647472377145245
9.726649955047437
52.29234298826131
61.91599037717094
116.50071214731268
80.18934091177017
70.97198188225379
145.12406953823995
51.815669330610824
56.20926910917799
115.42124260865606
28.80959005563264
119.52886582350416
63.96436865055801
99.29093562343647
102.30869473285296
81.58118455393041
99.71687337685972
88.29484918271062
105.36125432913077
74.36267936635355
47.228471763943254
46.64660546126943
122.64355020617054
96.48611826652622
219.65279090043907
61.42878841310056
66.52400678971996
22.068957765617025
149.57199457755505
133.45271052969477
38.395104532800495
96.64441696755632
34.33953561851484
144.07602880993778
78.01051851893877
88.9554958671666
234.3672268668796
279.93874491455153
81.86794733211259
78.80370845713027
48.0622695336922
78.74261615805095
142.84861789804935
93.20359461072366
78.17558778428607
75.08367996934759
80.13288572369484
117.30878053912907
70.85124935059503
85.99897137892455
130.32929141069545
142.771441279788
84.50137305901201
102.45651613491515
270.8714349778245
118.50737573742437
46.60856216928406
105.18588655715665
128.89798395863016
72.78679908311761
56.41099168828074
105.04246481277171
101.10337620142454
124.12447709231007
88.39599761013739
65.95898266422378
66.13670744996733
85.10108610558346
122.53862075357792
99.42269964242455
135.9314714913091
49.659789590507046
200.7171432772313
60.61751650696366
120.97309472084771
112.51634264222531
51.15480136506341
189.41604919243653
88.16285355131036
97.1883364095906
33.47633255116342
68.37806290095016
76.9573951394573
128.20940591456767
81.96752211134898
107.60250649027478
64.71425736616948
158.0097306685728
107.11270326445543
45.90444126806189
143.90710176343427
74.4997750414326
204.8849465533845
117.28433261729634
82.41244258072985
97.6419014734279
81.5100675679487
59.51843855743971
38.36115906720449
74.64374470174711
88.48618261997878
175.53792664792957
97.45432115007354
124.83461652872107
114.25702718864555
172.4005323533412
85.45371849665165
95.56707477148393
133.067335755588
122.84260644105805
1.304278331851956
77.58308579883256
127.47161175752748
111.16449675587016
107.76658537919837
198.65442585219222
66.65695543892467
117.10179591023983
130.28208242495012
84.4084680945868
120.43846951990815
121.21305947343774
90.26808474016957
68.61538468880721
92.50204579222456
76.27738361223818
72.63005149411231
113.19076868396658
228.48729946177224
141.70660244569686
61.19783892890011
171.5411950606182
86.50421278213247
46.06115170816693
66.40093429116757
27.68446377995611
85.11473656466046
293.5334642397148
45.63116321285053
124.15292985310163
185.47356931564153
51.002207796754355
162.51413114507292
90.17085431970249
146.6012037192703
103.12163558926972
201.7400408287426
142.78827141657865
81.05835599915609
136.22875101023396
168.7013669476319
139.85602697934712
41.788664496136136
116.84234423801162
70.32742408812013
107.7634144555929
97.0128779766463
51.32685248143404
63.48886272753427
65.76137943325963
47.3794434244019
54.791189686205236
178.24565856726554
26.928625417034393
224.61863253342548
114.67809053756679
70.21748246147288
35.08257388235976
331.87913788231464
152.40764957259074
241.77932479790508
52.410159488557774
95.24949980517154
51.29540001113461
80.78281439572172
76.92889481543013
79.53539058123071
69.7007234991391
92.85035890335227
78.67016146169286
223.8841806128313
70.8163503057395
101.37504893467165
83.75828858988548
259.9358622373198
196.62522830290345
167.74278892981386
9.081606728714029
30.74248069421006
67.67389827802772
78.59860082763123
92.08785669550622
80.95539150129832
36.196606390069775
49.47412262028565
87.4529793391085
85.91759079991235
153.03291461674254
90.29875788142449
302.66899237607726
139.43481830765427
110.7563150819558
100.13767171612314
141.29064500989924
137.8582081774785
36.38185958833696
68.270270720628
136.26362766072893
66.8725268166515
69.532427427027
194.09436712183637
172.9704671481786
108.26063541719732
217.8829522545739
264.6157269397594
41.70516177761924
134.20213991034524
153.85218419716372
244.8471837477478
48.057328449532896
126.70750337925988
105.51359342068064
28.42476673086729
103.38673339325774
109.0305534534745
56.01275880767952
61.17771722710305
153.98820007960833
131.3218657498416
104.59973540083013
187.72146998582232
158.79649252166908
195.8639295790292
92.25817701961982
94.17830835203864
105.76232008836837
75.63441225298139
137.4642180558994
108.74727126882058
70.57714923996872
76.31932833245827
43.53211859122751
84.17512423040976
73.96087982416566
73.4010611661743
58.62533623760293
48.899706610418974
100.2469295636694
109.9860717354999
111.9526741044625
69.0943241315525
64.50982004392101
49.501959730837335
143.95411092990383
0.8481396498872389
157.5712796638599
28.151421454515933
44.794832293474435
61.21293626597806
137.29305853289318
24.146232905934724
119.25231232536915
226.66137595253494
101.59788229867422
71.19256257116747
63.07524463544955
97.56344376947231
95.79162707441917
118.43590564377877
14.649712986653526
83.762036903948
58.60126846475093
124.40661641381652
75.65783968953029
99.64524571409468
22.260959066082158
94.44519515074802
92.49632422886343
63.967942007635656
86.16015673779029
66.87918965215745
59.52802284847914
110.65649418759446
70.26472900891032
197.2391556625238
173.1381229180313
71.43830668683528
100.6099139542328
60.42229630311284
138.4258599560564
81.67980539184781
72.13969891153626
80.76966557730144
71.00490545847575
106.51548975759299
187.58412075052763
77.55722823087584
205.55570346736255
51.97560474857083
111.76815508602002
88.18706127513558
99.90065308246804
5.398872276247398
70.30431756418189
26.52804221941531
145.883226866595
84.6065753666147
82.69186662443937
42.07262600084052
95.95249311378545
144.95771127136177
133.5076826430044
160.87900086902062
76.6998224730395
94.10063236707218
62.862852691796135
72.84242519338787
144.41854647334992
0.24043911811089078
103.2223561028511
235.78414463456426
115.7537931200327
118.53023011380428
106.08819559916697
134.13876478139898
81.01907332879347
129.31996309709734
41.029226268630005
231.64499112058778
129.00890130790657
166.75748839083863
109.6696039246399
64.30918610700854
80.7086825677706
87.6391279344492
65.80250699421826
101.29612689129655
117.9087344418325
53.452296320035515
124.93762386574281
105.3633071653234
230.1334639057052
213.67664364121478
65.22814798244734
75.83192698186808
142.68693028298745
77.50041239306731
59.50845877592273
104.85185173356415
144.32282514651266
56.00908674390801
101.12147128421087
91.33462438082857
106.93045208669916
101.48256019509299
272.252503371912
62.55127256799748
129.8278981829049
43.88461205057817
286.65747091520933
38.92474746036188
108.29382581178777
138.69669624275727
59.73379702488639
133.43131482297073
128.1982221289075
156.70157222528206
113.51352886674749
114.74519528704943
119.53200689244395
160.11070939832072
253.9827051733744
277.85135570038864
24.518001108676568
113.0062618619167
77.4578519438842
222.84653606332958
67.8449856925709
145.46560229309767
166.0394157258553
119.05399552716051
68.81982583926514
93.59579253514472
84.3920595594728
54.420083117302426
117.30608987510162
136.79464978234844
68.6297229251771
106.69143168676662
54.733866238730926
68.76751288170483
58.84315624289256
120.55209204871176
73.12774541574812
129.58262282114424
203.7513998253846
39.24923213448674
95.65128820519523
92.09027380047218
53.82039701022323
188.53211635862388
94.81047887155968
68.19312445095126
132.88886980131315
159.59873504027473
71.89073868462243
85.73330251193413
97.76286695415311
85.44250273484691
33.39930964621769
156.57155072203523
83.56505017911213
8.21352583525927
45.756293854961854
100.11782765552111
59.512410923151954
90.88394130603182
103.86132357119705
92.17061519629104
168.10189510025418
70.34270976553184
117.63974531082975
34.204845921322466
82.53635663105057
6.716201133826479
164.99056519559247
104.38833497530243
160.62403911014675
155.00047990153416
65.01503936875834
38.37207627164243
106.54940503482361
69.77225965220332
21.182333643458634
335.7163036171406
49.706323301340895
90.65965720881958
115.65708824577898
122.05681971474527
152.07351487378187
162.5704738521042
88.25222486146953
93.22786195091223
182.14135277251106
175.06987504915404
63.36506304720458
209.91897702526327
64.16744789760776
151.88265560524778
47.826320229309665
152.4325060762751
58.452119189427776
168.4969782543641
52.38016996867175
102.00087952520803
92.14721879282921
162.78921926587873
118.73607170932831
118.36240802472793
155.66725782602137
73.384496456319
247.5267461244234
84.44739730031158
74.02126081055083
125.5414180438138
102.1556317905338
69.57554403694962
0.421812946518609
71.39591342918125
37.93442052364146
60.90895790648386
93.65613524651874
111.73033371980877
67.63743820112246
138.38457344824144
103.68086444425396
122.869276377564
87.68879842886437
142.76726358738605
49.78128310995776
81.5476586155142
137.36057282766618
188.1651873901858
100.8348587130412
142.08938482848455
71.04721923665358
165.2710702136414
71.2650237296084
126.22107438955634
76.4361079530895
215.10751097044871
133.9867240358015
137.51986408905503
92.42312343723144
173.81557402621206
135.47053491518824
116.12194965967572
94.78430083869175
156.15631591924617
107.2182266813367
95.40504997743486
131.48217730853906
29.94648052397194
134.02113934179343
103.05575859736099
82.27084379859838
90.07024434307101
71.5128013581836
129.63773560789105
108.79646553576269
115.02937311062094
144.3676292302237
82.16983264684391
91.85663320752163
53.598414317743874
182.66796684181114
105.41294883581332
156.24771026039895
93.21336912455946
71.0231620447201
122.11208859945238
234.17248701862965
25.325657644313797
141.57084940505644
93.03573254318871
90.67496219109672
37.032362320427836
167.93081586044232
56.810381454710814
132.50917448229865
97.8990739723563
88.83035730555905
36.24245963635583
56.86292024051173
63.85151817724124
27.57049959009553
117.22325585310692
42.31914368160641
135.36349320115158
76.37083831122213
57.09492975764587
133.84882986560189
76.66505553218322
95.07124053319455
77.23900468094817
68.22749122034989
156.34645252648264
59.939165385240074
112.17034279911519
80.4419097076287
72.13802579876928
84.95792627288643
83.4733660344364
79.7589172740097
155.07548680416127
61.797752286036065
65.97872117575753
40.57242280894829
96.20653671307694
202.90775670535615
34.83572715647942
115.28595019171824
60.65343849855419
112.39538938186612
131.4228533741603
68.27196625413134
88.88958582795601
92.82839672243396
73.41664149183893
147.20187121842164
58.89109011382591
142.79585608481355
99.9154147241623
94.20103440880412
66.31948540141738
67.13329066098474
54.87769784195246
89.24848049277765
91.30707918230577
184.5830432856325
95.29225061060994
81.12623120259842
180.23198034954703
163.72026911599244
118.15350714630344
180.12197913188706
46.23647482027057
85.33111291212562
96.35818780222122
49.68616344365323
16.960714277607604
98.97962125873963
105.03001889587144
112.03512527670469
58.850798920201406
48.827868923857466
78.8690760852988
32.09306470248988
111.21277419420296
152.8451479582656
112.46424695498362
123.27975761744557
195.25708653306825
95.29084074862797
97.84620773164812
63.57250603853403
159.71733582386935
77.89684204477521
206.92361347555746
55.6108892129622
91.24879164193806
109.4630446041548
113.14921041696859
79.59761390885365
117.16923935802951
86.43704702850381
86.09260010129695
113.68284659784892
1.1508198031899746
96.35967874463128
108.35183001581427
102.30786133852358
198.57527175077024
106.96011315499042
48.6032258531658
79.36366881401868
71.71391413672526
184.68420401785008
58.1682294633669
48.394906950166984
127.51031862469254
198.4660995932174
139.2919676426243
147.90565018241796
143.60421930724624
191.04238670395299
79.39375649602557
93.48341016940904
158.79434402302198
125.04510037521854
245.68999306697796
75.7042838843828
58.02433681280889
136.00579537079025
64.02848946952433
37.76675619720209
98.39929677766024
119.26846980670977
120.97660006234719
123.90948666279424
66.14508658113316
70.81946487440037
167.45151501710828
159.73052318518853
60.55042053614546
77.58992000644706
72.72484663198173
81.41284102321652
81.48266146382436
168.42569311927767
58.29996601403933
165.29324830834082
141.94040225944235
96.78426098581787
148.6243462723522
153.56426534213236
19.182877275061863
180.19465182199986
134.6981713661443
80.11342468592053
86.32457321135246
99.15825959543547
15.147418914001111
38.22496271307061
160.73698116431095
158.9437830820484
77.06882013165148
182.9559132345344
108.28786061125753
105.92707691197302
144.57905001041422
167.7469774613193
121.32294230831309
49.85511767182066
111.40428018826748
63.058893432213864
161.49427716050934
115.56191107205095
82.55842429848109
53.863134225895614
124.4332522875164
112.88202732156694
91.65710845625324
34.78979001004579
139.66125858239332
70.32094591741567
3.016934322952381
64.48757388748498
83.84382219684501
187.83031355796524
162.7034888684901
85.26814650400104
296.03696644604184
100.89688397948537
76.40848954432022
78.09746035748356
67.91901903304415
66.06337925642914
85.65134488229661
171.16614548122442
50.67642174510215
47.747700073309765
81.337145348633
98.56083326049692
67.35918820138146
82.55169552260541
119.50763765374305
81.20966654010024
118.6689417552853
33.46448432439535
126.31371460651461
88.49392165024037
86.45771170379074
136.76154699408008
86.88028750603482
132.393909242905
145.15924167754702
169.5567297756769
37.03454337416825
148.39387498172792
157.93418213663517
75.48570027059242
107.83992070696249
87.15622434851711
78.92199213342643
48.421778734801144
139.03353501366254
92.65460892113626
116.51716002578833
102.21798134416206
104.23968536191141
81.04487537876636
136.12538305076296
53.97242528963792
158.79654193383425
159.9305614124786
123.51493594413763
120.26386725009306
198.6892667879248
165.43429801164368
156.991078939424
88.62673099542558
37.96567726520567
122.2647149379175
184.35053881951004
87.38055242921185
111.27301176995799
58.75540186137467
149.1175421067924
92.03011112995856
46.085456830652824
160.81824273707298
54.746205815467476
34.190580093893836
63.76336001369615
102.4551832339852
74.9049900251855
59.13439909466916
232.28692607800124
77.19457851449383
59.13759198549959
190.96815455182076
120.07788336210717
5.306765149622554
87.9756097394566
24.761056544682287
57.14084363031515
61.606234384675886
103.38960135637433
139.9617915144605
66.33838703226742
132.24186896197241
92.79240190343411
121.1207083967224
61.31908845575955
73.94414704271375
113.31164536491887
100.23075233496918
