12.595585847483
47.684930216899154
34.12982268540714
64.97434320826184
68.74214830709424
40.387610132290504
40.546524477401874
28.17680275951512
47.77000687828379
0.020849738888924677
55.84981344023776
21.993864522351696
84.53029101711856
49.848333856699604
0.13158912628582847
2.4952326274969217
30.71921790944523
74.39683344049045
0.43083100049562206
43.02618242692766
68.91250678736006
34.69797298646774
108.79176603545736
41.18449581737809
49.89417652883772
38.09611213879851
56.96182794202205
53.92437581995628
51.01049741716806
69.90296852610786
72.48648208356954
0.0557718314526395
0.4477325601642516
46.410640219044346
68.85041249603239
56.652277799506955
27.93837781523374
82.84550300596348
74.34589685911685
57.349935360723464
14.078607032228438
120.95452040983974
91.34526848419799
69.66980223829647
31.80874629443466
40.69415163195077
72.11472767147957
15.079503901180773
145.02468314820698
98.31775616620641
0.60961709672561
36.32230333066915
55.7173636576837
34.662887109953964
0.3505603767591346
41.18606076552014
0.1567689853918004
62.29751215703371
5.742070002662962
59.11749709655086
47.35534838688637
54.47021121549545
56.361047518195676
0.4497860445685802
105.19373293653597
87.31407982489307
113.38022900286634
94.71327128113089
38.68724102231505
37.220579287031754
130.54499543423225
85.75512115721845
0.9234837038702632
50.961794942115475
85.42734098001243
55.25741198802323
8.835646765226494
72.48048319898426
90.1642620894778
28.143824856733065
28.92890355478175
1.207777460808163
26.560947282234785
116.77944336377021
40.50500521495814
51.79460642076677
0.390037201099112
70.37835305120076
68.19914929337995
40.30916261089168
35.91048520971481
0.2493973290833489
0.07418749800924651
41.60792727156597
60.373877340334396
58.444269051995896
55.300928404000096
30.618758829569263
75.03637559824354
0.039869597715578076
26.053071073139524
21.288352679672315
0.6954877237040489
28.023186381501173
49.38857419055366
34.81475989101504
92.67823901252068
16.602729280689992
1.7798183489969388
63.2799859227433
56.23549385382608
0.25294452225089953
0.38534524102383766
36.0554418743092
3.8744827427899615
25.145774200628434
48.081339370756275
19.41779569387373
76.26380058487574
0.296916855468588
47.95711265548468
133.314361778263
0.031630616841500724
116.71867123872681
30.125779577908766
0.7681415115141171
0.252399708604926
1.1180584498589639
37.89144878732665
72.04901937740247
17.18758007578773
50.37880758755567
64.48463405382114
95.98744278419939
75.59178884206844
42.55222118179847
66.31052114084376
65.08216535293766
-1
38.697551003986874
34.12280154057854
45.597232079774216
6.9896035511202355
0.08723677870048806
0.08292242202509455
2.9011032437440423
27.719733412362206
31.280064564178943
64.96184018352572
108.37486454067154
63.48430707893697
47.3392884485953
45.30199406874133
128.39808526566864
68.26058508198673
80.53478638609472
68.76677803284443
62.56083265004194
121.22892861701398
69.00293381345611
62.79930001641289
3.8134760886430223
20.671189865438695
59.58837220561607
0.11427166658376753
112.27812331794836
56.99019957883674
90.58989556298616
27.2773286569261
2.1580797368271716
42.304677752970875
71.80239150252686
45.42763193644513
42.61730503829147
42.39427028023118
196.91639593321707
62.65235799916398
0.9108895240534873
42.41758051935278
82.32849247999725
127.87128537041218
50.70894753456719
80.98508771006438
64.69975323930223
83.33714092432994
56.79492920561915
77.55163165397771
89.87711196821537
19.83482238799834
87.62882823412849
0.32199135609441876
14.962363922665203
76.2683750733133
46.28105606055582
49.01234969517783
193.7618431958196
72.06530515411103
119.7903688660564
0.6346707748246038
60.108316082949784
57.859838374472005
0.6611049767372497
28.447676316313583
53.438451639280316
31.216621009703363
60.21338476975085
48.986756622227105
19.741029731712853
86.20486283459655
68.25781797144083
51.461126151482276
67.25486027218618
51.5959629960901
12.885449509581294
67.05823372984027
64.47839377345716
24.023550557660304
63.30354151999494
54.09857747125573
58.74469796622024
93.65064541469434
149.958602854368
86.5320504305031
28.368910073024733
24.263892760352412
7.671903271416327
80.56436614525865
28.65751059388123
114.07571666994866
39.53313373448604
78.55627740784635
30.33865821633763
24.639844780564143
39.935010459699036
11.80575924049848
135.9886457849306
78.32281281610331
102.08274720199583
39.65090494387083
0.8876100728460762
72.47374779869563
7.763272861201415
0.4471851898757664
125.254293466218
92.18223745549585
124.61484896129161
50.07115652406616
19.3421450217217
50.001673628867316
48.28974214409394
0.3559800438920555
0.639278754192255
51.58031398345928
71.54702678380404
93.75136116966388
0.42926154583939313
150.66749023732345
37.28407378083462
66.37658798581928
64.68526252728267
3.6428958215389344
83.96469376297006
52.18351238689622
46.25875157991472
2.9682984322387562
45.707124318266864
0.19474022101297347
46.84795936962577
90.96556047892194
66.86742896145802
0.1757659907585514
32.06668883832142
52.29024700543492
62.52511302501055
66.86501461255267
42.00349342079412
104.8428644818862
69.73578379198885
41.42252807238398
17.3911138244603
44.9680289274003
43.32626900935962
39.12879285622196
0.20628932915558074
68.35990126010088
172.75527775071342
9.059223044413283
40.3626598433191
65.8333567365874
3.950849463949181
85.48309822353302
13.58567368920708
149.2418157046382
99.24202986301431
36.504113702287015
69.54765360366994
74.00938626503641
54.19836135641597
27.68771780108877
15.428098663941565
0.12626956037413556
10.787584293040053
16.56239839303906
72.97998752067751
66.01578609008787
84.39974977277969
58.51735030598966
47.06707104189385
58.78088179316841
72.7524002139169
107.38842429067746
57.79024635055247
46.33311996807645
39.486126331317955
65.08017396519496
43.97462735033776
25.94172323276193
36.07134820921376
45.438824407773026
45.7141678180234
90.159457454804
59.37890733203927
63.17599864524937
77.67579345899289
1.0781691062661956
63.422016332834055
43.74456833526338
66.6437005870295
40.71163552936974
10.8031649060864
78.49936014044161
130.42307141058737
28.156735425054162
60.56625005004007
150.16006912793557
0.8849603638341365
122.39152096500746
10.669753372328415
52.30503606767322
44.83632585814911
43.52175134768398
152.68811594332507
-1
42.91832702104739
55.552472922755975
35.58160732147455
10.738576038656692
2.0070413815352026
52.99059281434984
40.98867745243665
6.005955533486899
72.1219864069096
36.32553040717104
56.28284730466768
44.30256988020296
9.874515944470948
156.70927252173135
30.397181887261013
31.990294908759065
0.4480917494311623
67.60216684155195
249.0234492540365
127.51933289239756
113.83481570340078
62.05781235317735
72.74462708900897
108.63040885004854
44.660151497056006
87.97544774026183
36.47491854043706
21.716256222484162
86.08659855975728
10.034615556930735
66.08233344505157
71.05875125614263
90.70617077019058
102.2445240963681
22.01055463116461
41.67406377330027
22.708393889773518
20.199439838360927
15.979002539245824
46.622538383516286
19.393473941964086
108.17135856061026
0.09193526104860794
0.029833839547489395
57.124417921049435
41.8847147994627
17.657678580760876
37.4238110954692
82.82548533284178
87.38590767604079
0.17935794644958397
48.92925253522106
0.313795090159425
49.52798855200706
36.353573181701165
51.00775580773919
78.97541292048726
54.50534779917981
45.99389434626539
127.47275531294345
92.53760503472392
88.76745882024355
77.45986709408962
132.64899360577567
44.85030749820051
37.512019328070146
67.13930225319908
11.19551158488158
38.67562577643564
103.47190179970491
117.34916417458538
0.13988053288322627
67.81394720212877
63.895504660758725
52.798062936559184
91.02479494105705
23.550389765146647
23.94548567275913
20.272188128989175
50.16686555590209
122.83014428816082
55.10461518095092
62.122828763753624
49.31172902455252
0.4641727438886758
48.06425163528191
39.69126937933657
67.32714698915167
106.2040025472208
35.26725717748917
36.84427126074867
152.0255535509793
29.876542666813418
100.38094156985183
41.02858641083337
129.43397262474068
41.162066511399125
85.9716274645461
97.83496323164721
2.846018166649099
0.14908317794727816
45.832646994696994
0.70387593022379
35.03938908620839
0.1571808942207345
13.587047775646946
55.489441298077814
0.776962154493777
17.616689626917896
99.05205928216304
46.76022027225385
62.389183858466886
39.602657788060206
0.7423203340714841
54.48784847280884
34.798600786989994
92.0385371390431
50.506815065103346
36.77111636225861
67.32295885241976
0.15724566524803793
46.022415897185056
60.97157927365789
0.045675448261284446
27.79006555652206
0.0658969926403989
24.732248174932177
68.66849609079355
60.968243363690014
27.86789303599192
28.766875880320622
152.82396840451753
57.98411645975568
25.53897879013845
0.6063650718622093
-1
31.569040427628945
20.13999442109161
151.322639813825
1.3806014549488848
0.07477335431556392
26.12732902525923
68.65248743650965
0.2043807847017056
54.22863274495418
27.687733677391154
36.7319311715138
39.48464518734066
29.22801840291095
27.145360128304148
20.685061980594195
0.31984090332359205
36.09590650821497
144.29963067312016
120.21318630938069
1.699080141795017
61.16845995829858
134.62463135610088
27.45128504641586
17.548876510011972
72.9718783931691
62.94458676094023
48.643608429006555
64.01718022556044
1.199838529615439
25.042011482138022
1.2640931488743048
56.13265976714005
35.85499873119585
33.45797894198829
41.7942969363159
56.50243263823746
54.37005984848904
0.08097367088426369
121.50579689201668
45.47982919345046
63.63929500797422
63.00320660816801
47.97386211815633
6.892818307773121
97.02749418595224
0.5921227472141254
52.2074302992552
29.282170790360713
76.46884043706889
24.34068436593893
84.27849243752802
16.42830716898424
0.7322126865318047
20.23820698260036
0.14261673980770376
23.431777598799204
71.58443965008716
65.82837990680996
1.5116983109424225
59.600986877621544
53.37171222846923
188.8817743778164
16.83087776192504
129.36907593113636
122.26212993701664
71.97400181117835
42.72828427629484
60.319863691438506
1.1790874878324409
62.795913956217184
28.29131259653669
66.03403736981863
124.72630809938317
45.09095647529925
106.35809275598928
102.56927177984898
40.42707140274656
28.70508411187478
1.0063780249430758
71.51191543327657
1.5010752286324842
17.124367638253197
47.09496025235793
54.25097688194286
33.74451763944579
114.92345537750342
31.35921765093475
66.5854824322892
75.97331315461881
64.7307680242733
63.60046219876771
0.6326357296335732
33.41005673759397
92.38537930440637
92.36285990688728
0.6374385909445085
129.04368917555487
67.85373679799619
0.06429847085542387
0.028242946725053276
8.763273995434787
36.00911954590073
90.69804219561911
0.45565287257413095
52.56443041526368
52.21392168549923
49.05900914541308
66.22211420355626
109.90476947460948
45.593963081387734
33.338062816319194
76.82270400849848
40.271050368300266
23.38656199957317
55.76237662025916
67.35808395045179
70.66253093130646
30.688005106618213
129.08138375567611
76.98624007583143
74.42094228363612
22.12818546092004
31.44952438887182
0.8009250907707057
80.30176568070821
46.626842256865395
42.6209943800168
53.66266435431209
68.65267886485512
48.91898836882459
48.64885539066205
77.89719079486743
26.99877248593645
83.35389411663712
0.49328124513300353
50.65801858114605
62.206602452449054
69.77995597811012
86.71496392651405
36.3266062441175
64.17958918357834
50.495637293032104
42.546973692595884
25.217099405335738
52.072947774426716
0.7169172726978162
0.6300665585029791
61.833598890737214
41.808663778281485
85.80279190196464
41.621518667019096
20.421058229082632
0.5457777896344497
8.394113971058637
129.35825850542813
41.97070665179372
34.69183302706182
206.66504751399503
50.33845803868784
17.034103488658562
123.86791623410373
69.22652319448248
0.23792400348091014
116.33984771326944
81.16466422198924
102.88619619200547
28.420318240022944
0.7138783204013265
80.34126900720275
157.09237503245552
108.374841600693
42.557082997291054
5.361154850771932
56.04795941943317
133.22384647678382
1.1181083817947592
94.3958608665865
49.89294862000866
47.45246902379786
90.4792226106153
16.192185625571586
27.113743043386368
0.26543408521963435
72.58685511846338
108.19841153842977
10.772605313734104
59.25718646794344
53.39152346325638
66.68243156964627
0.5826096390759683
51.69451699246108
66.3258083827891
70.93021901107294
62.77520212622812
71.46904621988197
58.26743957654779
7.191616786009723
95.3792750077703
77.55470520108551
58.77192260364562
29.885030723121904
19.648017507419198
37.3795116582884
72.34681199154844
51.62773285024818
65.92882560063168
0.7470209804485377
92.56077371245458
9.425796657912157
8.715038320137982
67.5186005528726
31.274849787014173
203.09865486710603
58.12739862492119
109.12435252346046
29.265894446020756
40.630830885747265
8.461490836048679
0.11362904053895105
59.786643104571695
28.69115623705336
0.27962865450643215
0.2852855965159817
2.889838666875211
57.9354133896234
120.60320420545163
0.4252288233844589
42.84275347353947
25.34418229002941
64.13358797382806
86.87667956015552
57.60654285519777
42.86566201273737
11.633482647929325
55.43304679546996
66.87810092245473
40.01183532284628
38.841765604159605
54.93770136267054
22.861122767899325
98.15460076702531
79.94605485665534
87.31045437599917
62.96918763283681
51.79486384952784
85.86785487052123
43.29251907098017
69.83482200434356
51.280084690469025
0.19055916174710946
126.28121029402314
58.338257478702374
114.12712858044378
41.48184765513451
46.86251863866427
55.72000555398713
68.68178688994324
88.88350985787629
111.56193043489871
57.78620812031757
56.539020165574804
78.13832852960847
74.85333098443705
28.33295093831827
55.67187893085806
108.73545923633482
74.84460421589982
72.54318954909452
0.3648923152141764
83.38467536906428
94.73383399371104
0.18539717447661486
65.10174333288322
18.563212316182696
15.708624432168348
66.3936841288846
53.828166922645316
60.980404198148825
4.6884833463603774
76.12771907788665
52.59983438136838
45.88468396296589
25.449341295028702
49.328402699536475
14.226429932106408
140.33222247827288
0.7508258600622457
26.696894545103397
67.1850704243626
0.5071471978513156
49.59685962218236
44.43888629413193
42.69943495886024
63.117732172701146
48.92661399238858
47.93353721680851
60.40829435643983
28.319930314152884
41.17084163506722
0.23337547719033003
29.656472009053324
0.11936578910410567
53.67598325764561
1.8363466869997318
68.72655881860656
53.10731714515051
48.927084291133546
54.513782784093074
57.74214706828297
25.147243238476264
72.63375499448715
18.239722612848116
102.7033444100871
107.4528716239199
148.90098687645875
17.03028626873071
0.35921970409863424
0.14991900269627617
0.5332821239631211
28.780486436110458
15.832886523983028
53.771517832106426
56.36964354630393
42.55731460786524
89.41560088184956
59.04421082765688
65.48883352212047
98.39558842369546
60.74791472733838
117.05246653942962
42.08238707312973
79.53396536078932
67.5755693456142
33.22393143313271
80.35458262762064
114.19553183995971
118.52316971455235
0.30207678928907833
58.50144720383512
52.80443414537356
47.98925205233666
62.17750685104047
76.3208344741642
45.89315531197164
42.270941710062566
34.83970409340207
36.71082991676507
20.12229703958803
67.9988734285641
73.21236707004999
0.10282881746627438
27.609505157229396
59.97801035541029
45.07948290424832
115.93386037398984
82.94862942924055
50.13064893342236
129.6319330622541
54.21017252668932
41.720596892942645
96.02871127167569
5.83598270099901
5.748051659367336
24.76194460909488
0.24618936780681247
5.239963414561249
173.68965496594296
15.58515757134709
59.61974724978469
67.03541165234766
42.28840522884896
243.14770761241888
23.05043380085183
34.09595277182153
18.004052144444
31.355229611647744
58.201001586364896
239.76006231413504
54.48772225689195
10.669838151493765
25.440030970588502
22.441542533165308
21.973150011967846
72.21843813264933
49.483720663720966
74.14982968454453
38.35256736739845
114.55842131664782
51.96754213228066
47.43116089573419
6.306880411710856
2.443082987991805
0.136362937977384
124.65584904119999
161.6036756893446
24.781470368255253
69.00638614883977
47.61887901609801
105.11929321558203
85.72432745633219
49.21377198882269
61.287710352957475
0.5288905081553157
55.52938867201533
46.445825231098944
20.591226868205272
44.435584951273185
27.49381165005397
56.005027838437684
42.7024880930049
-1
83.6615020037698
151.8641372935172
31.488311800775612
57.06891048207741
51.6015105577098
11.504611711719884
75.45392414256744
35.470561458115796
74.29153335284073
50.88488460462438
8.804774287772544
38.083776936436344
0.2942066496063126
26.723172573632965
77.8603985857347
17.507820223288007
96.40837316937093
21.102736811288814
0.3194376341120034
0.12299168409830145
44.14550634741111
60.46281050369204
74.43492776834889
62.09373362548371
108.25693269031295
26.62059214149942
34.52123130066507
117.86994685923291
53.12417758530425
62.70357682208158
0.262680089048652
0.2265023566075316
0.6592617502018526
18.331426795412895
6.237116011324179
80.37196345036715
110.35586217416903
15.507806622325058
20.70678967224022
3.4285227944783925
46.45716238874142
32.46709078836726
183.3634818765703
38.44700584952585
97.81290763602587
44.02912825745388
0.951390049036049
35.13369247449189
39.332037044564856
47.68060647375675
135.45586566964403
50.42043712347432
52.04350996755502
51.547956771244344
162.36402624251954
22.25161720219958
16.535661464548305
50.00105507599336
42.55023545655912
63.86657159686654
16.897141037129177
92.36357809422638
44.038988937348556
28.492584607946675
-1
24.702870030473036
36.99596562266214
39.82440726794536
0.2422825177140962
60.83290823502854
53.47056400812548
50.02361293879202
115.97014422156006
145.9634113295128
0.3010876296183709
47.73333649643606
94.35789652621887
93.80898558416695
22.926230328431696
48.53021953344527
51.84813100221372
91.58584133400079
76.92830752680621
5.8853545088641726
0.2935175660739578
26.968920941162185
18.299488678375262
103.96096269218731
145.90156801053138
29.13160753765511
109.58224477326621
37.08757456505201
0.023492000876787485
64.90387153811115
78.91429205632433
22.50499483945063
20.71518062217123
13.030247569932355
1.7007474298197998
-1
62.13491914204381
79.98291017053172
72.65089958581227
105.26565386919077
81.23546036148625
52.93284074901833
29.173152530229043
0.5830754250445963
46.834763486682924
32.25567299411655
