2455.9566415010504
3027.0435224747766
3552.062921201169
2846.6201493713015
2597.677422835597
2736.4427321221888
4964.814880171306
2698.6055342035716
4585.51685277241
2949.078626982136
2454.665004744612
1886.2847460769756
2469.5379198752416
3758.7584828284575
4127.3796944509995
3181.103471597431
4097.067276310702
2022.125948530628
3514.236374221401
4925.370894873336
4396.834003994847
3259.682753472069
2894.6118344247634
3092.8861718772355
4034.3158230872345
3894.92275546466
3093.509815899609
2991.164929867912
3348.0793568803483
2612.5747125722114
2103.356154440963
4318.222125388252
3520.490661651389
4731.340441852985
1963.4674639659017
2246.0741855314554
4227.645507892374
1250.84829158492
4150.289570757821
2567.747627670628
1764.6027776690657
1333.954222664486
3225.296303475884
3232.469577727832
3158.0765964020243
3802.4138692957085
1615.5233235162605
2652.400724425329
4250.105912400719
3264.9378388876685
3777.939368599861
2815.3856285407933
2513.294815501481
2833.822886141542
3339.248487281959
4451.268522980319
3430.921071957594
4360.654639790091
2973.382825380938
4484.462623036411
3775.241418124797
2493.364824747019
3433.865824036878
3337.0908804818455
2433.98674553915
3680.925028181311
3251.040984457128
3376.132573544635
3480.254467141749
3157.5702916398222
4484.907354892949
2355.87671593477
2200.9210444888768
2431.053349774042
3163.516758904314
2664.246245656061
2382.006271863449
2789.985445802246
3512.981333538596
4149.4965220927315
5804.644665794514
1982.4660256652217
3865.1261382001308
2998.4338078154256
2422.686531722797
3831.244810850903
3264.820680425447
3441.3469326094537
4685.852032119191
2914.246763446383
3610.516200453966
4269.576099100601
2394.1771902355517
3850.326258772026
3009.981009020858
3459.1815255071356
1875.1949652743895
2544.166667133605
2514.087067583107
2983.44125049221
3673.491100039485
4345.687124466047
3942.9809258092105
5103.822061942369
4570.725122288377
4039.4085864614112
2541.2103599569023
3191.656319057353
4510.976373773834
4133.561247659786
4688.540734721088
3442.751434563266
2746.949092889607
2722.368054597804
2693.97486189121
3247.7917532768424
2531.6292991628266
2117.451240538466
3641.831281733732
3464.6101902468113
4030.521840915001
3117.4704982109934
3682.887188272476
4493.919714995031
2660.261124494507
2506.7795787430773
3134.3109701047574
2910.0205383190378
3072.297479804327
3527.226279892621
4289.704085897445
3964.9244909157896
3864.788521201668
2717.959481755441
3873.7678082570305
3092.988446585465
2644.426656623575
3294.53197314081
2522.6380993419084
38.69986565779529
4701.431023496613
3283.1077370516145
3441.731841863959
2623.992809244753
4086.0288779204516
4348.82548587733
2884.5432485291453
2566.226894825128
3097.71544379666
2725.257405856276
4951.324404847537
4049.4133153523712
4102.512075820116
3274.74035330589
2272.308375460728
2337.264329038359
3569.883056301333
2124.6199150110683
2261.1460642367756
3685.603962417155
1987.7746631900459
3857.097873367462
5505.308659608641
3369.2980059005954
2845.8196452684097
3779.9397597875927
3509.407081923635
3329.1850178281666
4122.346654519323
2956.271860782958
4025.5880103858235
2358.717399219018
3550.3440282753536
3398.702833114844
1519.3681981185287
4716.703217978892
4425.885661063451
3033.9931943260913
4960.188969753861
2779.8419715973446
3483.142829341943
4693.284726408372
3977.6235288845287
3264.825872906039
4502.94820598465
1324.0333966696094
3318.355150527634
2957.484807729531
1939.2890039044623
3965.909393062482
1726.9906444182234
3225.887309013088
4323.936225040255
4392.079298434884
2571.4493128105896
2465.705496176469
3212.48887697314
4122.953547092432
4080.8512660139095
4713.749113997719
5090.134847031794
3123.764659856004
4483.327426876716
4424.875018207211
4681.915012457042
3177.5500596906836
2590.92809281625
2555.2334771991063
3977.3767539700075
3918.07811780991
2456.459936703581
3455.5612368117363
4706.881033376693
4114.166454040764
2429.7157078332357
3164.0382826940304
3685.646853687578
2854.7304847092
2764.8827368743387
4012.521851924763
2607.734920484182
3833.734484137438
3906.347629706646
3144.0121887676646
1877.2743965417997
3270.670105702299
3953.203904821841
2562.8709495386297
4067.0644254511403
4376.967876141149
3845.029447226804
3584.18443632207
3554.4624869325057
2165.2986013781115
3063.1583074083246
4252.426709349753
1999.4402528893322
2757.0498204625233
3008.6629842881357
2335.5907615345473
3063.9914312965075
2627.1479992066074
3298.251720375124
2554.1240564100085
3610.244712831673
2873.9265438482344
2638.085126231329
3499.659411197123
5278.074257691295
2809.2613388443347
3105.6805543512573
3411.679042232568
2390.6241255638056
3370.3914613984143
4350.616605963416
3838.467443982593
3923.9949516626953
3784.847280307059
2380.2496189398853
3553.627990258478
2464.4156283747657
2056.3746917275475
3882.8122937235285
3212.2891148466597
4250.602704924275
3046.2602923518584
3627.4717410697826
3223.2613227610764
4505.536845823567
2965.7414246383396
2591.197836774155
2396.1298722389533
4204.8037150213195
2772.1060682187535
2649.859739418801
3437.0636749608025
3208.6351284447037
4075.8908506393764
2805.019832025135
2998.665951014586
3186.08838659999
4748.79307486294
3580.1000328781147
3197.256564219364
3801.9885019523604
3931.5110257291276
2400.0296595185523
2777.5800844806645
2872.472829818244
903.2754419526208
2267.6384958988306
4518.18477317516
2246.87552292693
3929.8157321188373
2526.4532999126313
1590.7002360505724
2824.8958108212983
3891.266894096311
3390.6904320134286
2173.76986349014
4639.165478540026
3332.0713974501446
4589.906171885759
3387.117584784492
3134.7650812030006
4040.3222818060667
3318.5755635419864
3430.9777249641556
3912.138787929522
3416.8441886057126
3753.3190103988613
4239.237260474894
2614.7766351480536
4566.373704032496
1447.0925028414815
3360.8110174431195
2391.0972604877816
4305.947122346037
4127.66644734483
2891.430746938492
666.7154952733944
3262.8469174677293
2347.0005739892285
5087.352417845872
3559.717758879736
4720.429066184467
3491.531116267628
2640.3533770221043
2834.615802950746
4061.1492957946
3016.817299057149
4690.154407518411
1932.284644851192
3921.710194339164
2987.8534081723406
4277.072742617243
4057.692430414444
3334.643135734675
2143.092027654967
3985.870497155029
3387.1247253595334
3829.9939853552546
3929.8904695145134
4150.498023553027
3769.3960381691877
2952.136458883832
4013.560295538128
4696.386063910743
3202.4081471940967
2161.99230546722
2643.647211656027
3306.587104973548
2721.6798031146027
4677.561232750646
1621.3156512624168
4245.700404995233
3903.9741606794887
2259.849647588498
4174.271330012436
4401.001791093981
3511.4714707007115
3905.35349539543
2330.1066930837464
3778.2272067130666
2133.720639414868
3035.9000961564793
4723.853155635255
2077.808478177363
3399.3548302973804
4026.643075387927
3227.9932888314706
2925.4078272696615
2764.565309568995
3404.3266442125428
3890.1715036801415
3825.4470145486116
3759.2689059614404
2465.942371217217
2820.4204540428555
2577.9615868125406
2758.616661132819
3680.926654199373
2803.4366065978406
2608.994126126662
3809.0420137311125
3533.901039068763
4292.0818815959
2095.099261645851
3067.4216393283496
1382.7651676770495
4078.4925759238236
2621.6711351033005
4809.061136966128
3775.064949803415
3178.9111646076367
1829.5239984031246
3443.253347966354
3845.6296708053073
2743.852466089479
2666.3668866577145
2464.4884066301315
2997.443674990958
3670.8958362046196
2126.703742602711
3801.65281528257
3234.4899542364938
3660.5433627628963
3006.5129556420097
3353.9062412687545
2710.6105733177897
3710.201696790149
3239.4615667994576
2996.863679267914
2526.408322182087
4609.518688754336
3801.89767120583
4464.156496469423
3725.051207132836
4565.497471219974
1456.0985100387256
2939.4462068653643
3093.2053492598266
1927.8594897361909
2646.0220077748213
4297.995709855887
2370.1953773802466
2983.513765318996
4376.869445184254
2657.4931126789947
4675.136922146193
2521.1006789143744
2341.4115996507085
2957.9760548741383
4508.242980022424
3185.3423894655725
1768.4461808603967
3289.90522956431
3457.8095360349525
2137.2802813503636
2702.7093051999186
4045.924252839721
2595.924320035592
3334.953816653831
3986.969931075744
1901.77421427848
3484.266877283072
2895.6200957977994
3533.7854256662526
4117.768651258944
2126.742391747509
2830.150478140147
3097.8052959641623
3679.146288349343
3277.607365532285
3377.614044095707
3949.881644897887
2717.5427616816787
4174.429016428343
2316.072883097047
4602.650552303323
2634.6677670418626
3555.5668609188974
2422.8017540584756
3994.524292671967
3258.1326155954193
3632.4024671232255
3495.559745683452
2853.608675295867
2622.9739272483866
4780.070464958237
4167.0419754752
3784.247958634437
4131.679452451669
2918.512387273723
2513.5819752251355
3269.9245363895757
2473.485853119177
3245.6591705878122
2914.455243600649
2848.567129719671
3675.239771511586
3796.8434714033365
2599.954051286963
1729.3475386677685
3623.730768663184
3661.2080276905235
2673.7139420908675
2301.996203834839
2888.957774671787
1919.2747982887743
2973.435426057009
3434.6479587176677
2102.416905861946
2586.4496666543337
3376.848583741815
3021.4075504687908
4255.310408929086
2962.227575429497
1976.2857377796122
2673.0706303121046
1958.9038224252188
1868.6157417065174
2564.7556206709205
3715.9093165113404
2295.341426395216
2950.3417406410354
2368.681719292732
3180.645055038933
3605.662130535748
4167.457316941038
2708.2140773856545
2570.1119126843882
3051.9759266610836
3160.3518709734394
3140.4956915142293
2392.561754871231
6007.146434146767
3072.7932027774646
3974.4272225075374
1428.7098110181478
3023.4251885683375
3718.7369312992005
4753.849113848537
2905.6862333646573
2973.1215346575627
2896.7139085102426
2458.5825708345183
3055.0297807685743
3628.6418715365926
2193.4732476043578
3738.346360562285
5368.566331305874
2871.3711674598394
3196.8622297221086
4544.326868933486
3381.066240584119
4089.1068519948576
3336.809356916975
5574.835863661425
4482.117410217572
3219.263367476277
2386.2980894559055
4145.422075368679
3423.292732970684
3900.829191424017
4183.419827139872
4033.1785225415524
3433.9548627028435
3152.196205356494
2838.789520364143
2281.943411828396
4097.525259576135
3158.8693276814183
2916.8392548824304
3789.55192324307
3141.3002235161803
1826.1195926029743
3372.840908494463
4694.606425609399
3608.5782003145773
1899.8914654133316
5305.966606472236
3604.8295148906996
3623.2431939484763
4293.680557002008
2685.423717232233
3572.880834418797
3749.0806315776395
2992.0059727415396
2987.7456777434095
2557.5266597171367
3581.851464348896
2480.0732437053134
3541.19979828918
2732.788109585331
2930.0553981855505
2647.7503385514806
4150.149867852244
4725.252905077306
4473.397200840663
1983.6411639927444
3469.0391451676546
2316.5809824358776
3066.3142316439444
4029.805353151717
2714.845899261981
2899.184025347552
1619.1468602018692
2747.4175838544575
3751.172500368159
2897.3762929311924
4522.56247637862
4132.623024441055
2881.1463653929413
3442.925269550221
4887.108780231052
4203.103208102077
3455.3529501759576
3561.308559330909
3829.3048081704137
4682.075616401061
3421.65830328609
3528.103473014318
4472.525885729207
2069.649487385157
3213.985166949927
3666.181220622314
3187.1628312475127
4514.7127965348955
4024.2357079561193
3301.074118869054
3959.46882078354
2539.5157017297215
3703.4910117965155
4825.657750522071
3432.4550640679736
3526.247270370962
3331.672737009511
3925.7085423209846
3758.8315595496783
4594.963511380049
2500.7864520246403
3395.664434121334
2995.7225165463465
2391.799979379186
3113.6074025806734
2156.632120317983
2974.8951314818296
2353.4029340018924
3736.502645570612
2485.4328622350713
2970.976373763169
4138.406757343255
2579.651573548633
2510.4734779906858
3531.7033232838544
2815.060342927086
4714.601943420555
2326.7106394375696
3963.6562920297706
3217.5405676503183
3084.5190124753835
3226.971691417307
2895.0943979141803
2982.6003020826306
3531.353475598586
4586.990131409488
2190.6508139621656
4551.550254725665
4229.733863278839
3007.723803089063
3973.0599929606833
3436.454818176791
2808.723629462865
4677.486431376619
3922.6937924471135
2187.8769293015434
2878.824795838348
2486.8036175632883
2500.942746450936
2831.989937588506
2763.9814105594387
3366.780992004433
2864.2097401911883
1959.2164344079536
2334.4564567261177
3781.816643075824
4905.971741439506
3661.122538956887
2986.1482709093916
4375.78313962493
3565.9933851252426
3377.256987374862
4107.613139429348
3760.627288102282
2008.583466115793
2808.0982462969887
2630.604407293032
2732.8663548003888
3294.8712581191885
3906.7679204024375
3856.22507089066
2850.246017291628
2329.0680492198458
4247.664590308572
2507.563477381827
3029.185920995789
1934.5218029796933
3279.9384746318215
2396.6030350917945
3532.6866109638618
3685.47687141956
3488.0059791182407
5426.182813694031
3882.679914815491
3068.506169114163
4153.6990813386
3759.9178935807518
2969.244520206735
1524.1717776377063
4047.701829184124
3017.4147654987387
2671.9711528027447
3323.001161085772
4518.0724079627025
3543.1291992124748
3492.717020606899
3895.51726645083
2716.0934313739285
3512.372390448215
3544.214064660358
3180.4729827847086
3814.0450430114042
2358.916561190481
2376.3434945699755
2111.3307857469454
3088.7835744427553
1685.305828017754
2118.001304734976
2799.8433391112208
4075.1720792071633
3914.0128651700943
4081.4051882438116
1650.9788613154617
3942.8332111157256
2400.001219004458
1935.2945665132584
2897.7607480965025
2735.8627346826756
2319.073220600331
2409.692204212321
3687.671991922729
3833.508378734014
2544.076597747959
3236.4787255695214
4523.183139548853
2830.0753626121073
5987.198598115422
2836.8948871367306
2493.5873270924358
2788.720573139376
3585.703614239703
2246.38417364022
2581.731937779806
2723.5834473260775
4953.251922051549
1419.9007245820178
2654.1210740117385
4301.026643776466
4655.597653789785
3026.809053404477
4367.813644714771
3876.9457664476595
2097.3498244560637
4420.722505034754
3578.145569877377
2546.3769229532913
2522.809684544526
1991.0649335205226
3776.9119228585287
2815.262325735243
3978.844776200507
3337.507858082176
2900.6751398670694
1924.983305452576
3378.9484533790273
3204.1013662435244
3591.957879099346
3803.8436785919184
2918.783027343155
5317.138250649369
1849.0344023681585
3346.101494153383
3306.9573853163806
2565.2537091751547
3183.143427372816
3393.269593979131
2338.320114188239
2655.844824392782
2931.090320875063
4123.906326642433
4059.0069071085645
3407.552842369107
3868.961431658017
2741.1039273740375
1548.3079141335238
3471.032633771002
4197.54250886635
4076.8953250910513
2369.330538036
3508.0751616638104
4241.605295342604
2907.8043000873945
5184.522331402701
5132.163494321708
3691.0133025747286
3729.519805368587
2816.8893765959233
2102.6086331022057
2745.6104444523653
3018.2325168668767
3516.8922455032543
3849.5848043925002
3010.9445026903627
4549.354487254992
3351.7534581283794
2302.2567230703653
4095.166317960053
2756.4331515240447
4044.5963818423875
3620.9087398005345
4332.053976366509
4189.998447431167
3874.5987889311227
3386.7528104579583
3900.4383861586634
4041.0139922197654
4218.304758945049
2002.1040809700673
4094.349428082697
1735.8580454683288
3080.557004962104
4277.686214454195
5505.816703524602
2975.2645243861184
2437.461586487922
2714.1263855517195
1972.1995438713682
4388.084505869821
2513.9303186354123
3016.8859798740164
4397.484458850338
2726.6465725306857
2583.827103936807
2798.1620803611104
3940.121080043225
3023.171390943031
3332.8729715874206
3322.070080268017
3924.3983524640653
4199.343783727169
3026.582810189976
3902.2130003571287
3459.0221031378824
3381.1975678778404
2517.757667749511
2685.860167713889
2691.7063861406496
3181.6241657239525
3253.691875484295
3889.9405696763997
2592.4291326919715
4480.1736680511785
3114.1828817445553
2832.483655880359
2318.6557367385244
2822.1886511982575
3985.229859353475
4253.105097535898
4518.866694348539
3785.09063939916
2894.747703358679
4064.6212535668856
3345.220177003021
3081.5404182956745
3058.1865342175647
3229.832096327096
3164.3041427900835
2212.079196680617
3196.0401891770807
4188.104029716119
3158.1540232146817
2048.4909441928085
4307.527633749753
4575.775155333637
2525.3717103174918
3649.628426530291
2208.318309561934
3886.584542403982
4087.0947283102773
3299.361794272684
4482.1912676998645
2145.8403564298596
3316.808039214847
3272.995423126816
2826.303992147776
3586.297178729944
3916.538534256966
2780.592772597601
2461.6881579686847
3344.8504280171887
3922.4713381498823
3931.085342363656
2231.767311371858
2655.121208792208
3743.608070260145
1730.4181407596327
4386.020341774007
3390.9498365659606
1540.3876802454151
3802.2601723035837
2881.0007456768694
5036.284859974351
2732.0803891949563
4115.493795372675
4547.702257383636
2595.1971022456723
3046.9719048132874
3347.030566884003
3875.0398041841177
3905.8943262667212
3269.8631725190185
3661.793736297136
3386.1413228345164
2939.1580849363427
2513.709455416129
4857.835331683717
2157.2359225479972
3821.716096543985
3415.005057612497
3843.927610954864
3790.573566344686
5191.6611194887755
4338.581605665872
3996.2931990228058
4114.205219177618
3493.575456849649
2744.6148170243423
4659.287530383471
3087.8391455929545
2910.11786055452
3253.924748140073
2722.5390300499953
2869.224936244178
2887.127875659712
3963.8527979414553
3796.1389495096137
3444.418604238081
2555.1882457446545
4174.589108975434
2331.725546883189
4508.919738038317
4031.48929408759
4108.507054267953
3010.432676091598
2791.384384994251
3184.4398235315302
2947.466112713917
4503.126018228568
3286.6753077443
3769.2013569155033
3027.764533348162
3618.8803840403953
3232.543026763953
2393.0994761477396
3491.701211398882
3180.650973483432
2980.481390169922
3110.320013970252
4221.824299685965
3316.447449097533
2494.7706893459267
2540.8416594385562
3986.789478567625
3211.3030556073018
4422.849404013942
3993.4480983956464
2713.953457101326
3566.5677760888384
5098.38059558675
3746.9567976275684
2338.7107224702168
4682.860906906588
3154.6221019031937
2863.7609984931405
3213.6197684810236
4889.16428391248
2450.3251953131876
3252.755914437654
3475.962548743541
3076.3514162270803
3110.6125533685504
2729.9482344201588
4385.347786022991
2415.8406007907884
1467.9131905261988
3622.3253330103357
2549.5897964466585
3918.8466161993124
3445.7326160739144
4755.471494999106
3523.3151299058113
4405.5257858412115
3859.9927643150813
3631.603109970715
2413.37076191956
3192.6738721525003
3465.8387633775014
2816.625302050571
3048.943202893749
