232.34214727317183
286.2577384426042
193.1165849984245
277.86415195490065
128.86258954843143
445.7191935351723
200.32488566619423
367.7117381663894
322.52103924943026
149.16295506300534
164.579012901809
247.59498932676104
344.9028690946285
386.7447559214984
519.0917371459303
22.554886655752092
194.68379493694152
47.53225025626193
584.2330365560765
247.79524540211665
148.0270609291499
126.01247007818505
238.52069451135696
320.24099477749877
322.61759093325816
334.008549649219
547.8712618424528
315.6815208735716
144.43215555472912
198.76778799322233
371.9499598242182
143.349410174034
367.7313471978332
157.92102091557902
309.1638010536413
220.97573076957568
291.73578155079275
258.6192883264525
178.28949215027885
389.8330107693352
384.96438383286204
100.6105878035501
91.60602655785279
207.3546881419143
423.46635178205855
568.5693005278016
220.79711650210294
463.2093795192215
295.409643335008
451.05337937874503
135.8372932148208
678.0924071776994
199.07327016467215
412.5955530387764
183.17657714940626
174.41267082223322
207.28173127231202
501.34217960289845
99.33914831844417
313.28638499709024
198.24186564418974
260.8570822065224
275.1271614059348
146.73300001274262
118.42507538361292
276.02704114430793
292.5846748692515
205.93176512126232
624.858331770945
248.76791805959047
142.1441504189912
142.71469337017265
271.3599826683428
127.45537228712915
126.80753976611481
213.55305036683413
199.7616581573402
163.43753393342928
321.66294445858466
389.08500105916727
371.71412660894674
283.228794560574
284.00267098224737
192.53067140298057
194.12874018369362
165.54665076899005
83.61177913243682
171.55420844285783
210.37044163908027
311.16774713085806
798.586452932392
314.9641670655578
239.13113121982732
209.29330096178336
208.25652766313863
281.1988101822505
137.53638942974456
279.36008644039737
66.5670641833517
61.770858667343035
341.6096407736888
454.14569958615425
172.474634516663
135.82677305341085
444.5397495780531
163.13708001618468
814.9981387757779
122.19231295977718
59.02907796982397
128.48094286421212
303.2099023799636
185.0205071835869
94.47230731495134
267.2931456645536
373.506614983965
251.9405726769987
129.1317039151188
732.4059668708863
388.70000800868564
221.22999522772358
256.66914595270424
147.9218099080929
398.2287927996587
172.78326079259483
202.22891778186482
301.6680861226436
200.54928649997316
170.56486715045423
523.205351384422
83.10559214229518
67.56346414964278
127.72306176267881
489.3370972090222
508.5142454923851
301.88564864158985
248.2358783153728
385.06949906056
240.5814654387178
233.03238814738899
288.47542819340805
82.80547131608618
222.35926909939585
208.56380391113345
203.0852166731214
178.5432126646202
188.3176792788846
160.63634767483887
343.5393721285967
272.60789504927135
286.1595506160722
431.7186303501773
119.10266420175557
179.17923905924266
217.41052333252838
110.45666469702736
136.0811083090164
311.92843499455984
348.0922328285439
310.421242314468
70.37130135794827
115.0186746061033
245.63567422865765
95.6201983164094
116.9297595273171
371.7259914654393
117.1320890249337
63.32708447672514
78.23943271667527
99.53181284668752
34.93960147455059
178.7629624842951
192.37195362836766
184.7593474409706
413.1296288252914
172.53839727868387
137.37167232370157
217.61176803818987
216.59635428783048
200.86454622828037
58.917439727765434
523.0391207127554
117.9975723372636
417.3159971459168
201.58722829578033
220.73742022315352
156.25880441900867
231.67423240494205
501.15198712225504
95.03416559344592
131.51669975383274
310.80467067647595
86.83925803881755
150.38384626996944
143.77301117541808
40.11002716326008
268.97224344003655
262.83144401758767
113.40811057112963
219.8769718109746
294.2785430122977
313.2170207696357
103.38967054562603
301.4156744823566
28.80845196039646
283.64381780148176
185.22242782186035
106.94593306315909
87.17398231424677
416.8388365403657
163.44345425596427
376.5134461177321
307.57554444699605
248.27075467006532
301.9248718353242
398.1577594391789
472.09336845934536
222.7861855159221
136.11438139005014
242.0472528222685
241.10537500551894
267.1369959740437
191.00331306372874
296.18128854009353
310.374380362827
55.3936530033807
436.3257173251106
237.20203620575734
96.51662554259453
248.422642267871
152.84970630628217
265.21533147445973
400.50711352742667
174.24954416649385
379.58902305606637
186.04485000810968
210.2544930252362
505.82799602329754
423.42311778448345
108.99103375599192
202.34302156924787
362.14291460509673
46.204408968466744
195.64306675168132
209.63012394735756
310.45197369330674
284.44644799789324
181.74286591816255
654.498139359348
164.8986093773545
336.99581697837215
107.83205394834303
234.80994380510143
272.1508646801889
178.4560792253365
206.16937856284508
454.17038431214587
169.4732049790461
186.9117701398169
283.6235237705629
154.11536417409394
104.42990030055832
243.470606812911
248.00848977193942
305.9439173214286
487.6479944493292
130.79633690088806
92.80112097257933
137.73722390179805
245.0834875453638
81.35571820888424
145.29364491779506
170.96659857733488
68.41624831067648
231.5658450753962
313.68965819415246
458.1324555297425
395.5326109817351
118.65758732944502
48.55624477569192
165.4084988178351
123.68166726941433
95.5025695203495
247.80749048415208
391.1195461502722
194.50188609955626
151.2779474548602
151.32502859674742
443.81509800229503
441.81501872320774
124.37826265128783
296.33107226001766
147.26875422105803
280.97375145237936
336.79718045787786
241.62078882955123
151.52912725080216
651.2465226443992
212.21214495445454
149.60331214474218
176.87841503644026
433.53145185683593
168.51993596969368
138.44074616890785
131.69883447778778
362.7384742217369
160.37784766771875
63.38195228602072
160.222927322508
366.2223806849269
391.45984643918155
499.0152828570859
227.63473648643154
132.55167622845715
442.18390364844527
293.5829777527308
402.1371387299371
634.603251675453
227.4335166728467
156.7835214667907
363.99254650448347
505.6552985011026
188.17564777562046
265.07943849154844
179.17194202696436
246.83015553933524
215.61097471583219
630.2697627520643
287.95912380443735
87.81112503283015
326.9750171175356
157.90877283833117
190.84373625946822
404.04733333836873
286.5976827218324
533.5387207210122
553.8513627952964
129.22208146269492
490.87463095319873
148.05927152167564
337.4820753225992
526.5306459086552
249.41238089317974
169.98060377410889
147.28796130005537
616.7923194121736
133.0839817595187
179.7081145025252
265.8381480588226
277.05026610854384
203.40223044203836
233.6183650186887
278.5808320035952
267.9939638170393
407.67706249490357
184.5901843898243
570.8554166137328
294.9806723065484
266.7396995332654
271.9675700821119
215.36925566244665
354.19073656367794
129.89071456258955
349.6354123197447
245.13855756171463
250.31134793445656
138.87211876160288
123.22264431486445
228.76328339393993
633.6627808566805
204.70697808865546
289.63437587331117
328.87128430156906
272.53435348949176
103.68313850698932
186.7197940162907
283.91535626420756
289.66692137436735
161.92266898805377
102.15526039260254
72.30516438249302
130.24474028242298
200.08101705031623
454.76554254223163
245.22937645556712
231.09873250002644
332.0326070832209
165.7799403093257
150.92305699868277
117.46010656028777
317.1179320986227
225.92675059851481
257.77880847117757
125.24973486929645
120.91157571801116
156.58895088725626
431.8886730760571
325.7269525742483
161.77328663971917
202.44303518206664
122.50045803663687
448.0106474654756
153.31503340281316
187.51494183287002
332.83713899438527
358.5556371224259
172.6555514913612
618.0186876628053
88.29637126869198
235.6424108589401
249.91915037841878
651.7296666868552
339.6165344530752
463.41071123099346
276.93515974687045
221.9500152999307
78.16082401478046
51.122665307630236
152.2619215786445
283.95398800928115
110.43465654167737
500.4182346831158
592.6855942205414
52.67867408761424
166.9124009095939
163.97859041998697
130.48008125547963
281.9031009861821
583.8132284131535
80.57107073433548
247.31759575042437
200.37366002171126
306.14758336309336
200.74207830391407
294.21694681509
123.60360536972492
374.6626803640925
171.35702176520496
173.09631007586674
165.75443589047214
176.42379279070016
255.09935861881382
398.3656323332732
450.3708096058904
328.53934566914586
298.79854299283573
453.7905590588708
531.122205686433
268.13450652713203
509.1156609256289
368.9459225057458
196.21632415216496
233.9474926041018
48.438017943484844
444.8914959946567
118.9328160883485
192.1925016720247
211.2282051718696
169.86921320557713
49.36915583656637
670.1158940161827
167.52890451805146
222.8549698306262
398.49213693827636
202.5457766054957
356.8850936945487
189.45553015055796
106.85447740512036
373.90593755965915
378.76857751128813
507.79004284068264
208.6187285194772
66.86653597745126
135.68466936129124
386.82015783848414
222.75795403796866
598.1659576796588
172.42904706999695
230.88168101762426
129.68356748317126
223.54089634810822
312.8090638818063
423.077088100747
183.4965536187604
155.80785330893707
322.96336853088764
270.8012282814332
230.93365852076423
181.97499383583983
98.22341057969302
139.49814190145497
107.19863227460047
157.78179844568263
180.03484599826362
163.99671843369987
138.86457601694806
44.71034531828972
136.28763410182665
288.56980750915557
514.9211648610453
132.91275325624505
389.24476245343345
213.27842408276786
222.8025100689292
380.8625688273989
269.7569957617326
546.7493675081834
569.4476209087337
150.28337312655577
97.26406534790269
127.49991019426346
118.70272008923341
113.63773836795677
151.04219264035635
509.2079992415733
111.69999223030418
703.1932100448355
262.1572872388928
81.2230322065654
309.7914134272656
52.865855276535505
179.59171525434127
136.05266661452944
479.93477722373166
151.04768399220467
101.1898754284642
254.17694641817968
472.56297810351487
425.7203515840734
335.5211920249913
170.9745203586989
145.3929663865578
136.081867619718
121.06872880870573
299.4512874942444
310.7979157943302
253.1422363342427
261.3279513737663
91.8928267199657
331.4388076846523
160.07891661107473
1339.5895687927098
311.8345385610196
255.78073026849404
536.9276533242818
231.1613028792217
87.57899118776507
295.8773745697825
573.4942521728531
462.251698169948
173.259746841799
313.8383975305167
257.414033336934
405.33278298715743
263.4688092138264
1112.07452803193
187.81332487467444
84.98602717227286
111.69600754780367
451.8688595690491
172.9514899444803
112.51729068073662
315.37312643889715
1186.8107995463022
151.05269826207203
209.83282217296485
240.87407949803173
577.7570763003863
151.99160529141372
130.1387594204655
296.2038102098598
186.08118972790143
399.5046195932237
306.30324665839186
247.54811316934504
224.39970270133196
54.589161905787776
139.61930036541654
462.26934737805544
120.56705640029821
191.00596685102641
314.9996413670937
474.175048319863
128.50125087109575
124.41167507505764
341.9332596569439
496.13123307097754
293.90770747664743
233.97523798148987
530.3290626164425
337.97098801894555
60.922934139658985
341.072024919225
71.00868701452069
115.675405910843
218.52005760993683
388.61209563113187
454.05581257851577
238.25594193640092
432.508575412026
371.72893076280155
65.3730954418264
162.38992078685237
155.1679091179475
145.26029192329975
248.31624533094634
311.80855946176325
596.0705669420709
185.59598299392152
349.2191045210667
135.61129381745567
123.95200848681202
167.22091961475633
348.43877496968054
55.03814140235761
219.7801705038188
222.75252772755422
270.67882133130666
246.19948839924803
236.30990990425553
241.03318194094578
254.6918772500901
143.24656801280753
142.13587324962467
664.8653332410285
353.8460684997524
193.73424411850317
309.32495884685335
164.776457142355
210.91657238854972
216.64890868189883
216.52061233342658
225.0491777810904
289.5237653968143
69.41881023640902
97.34873815246775
113.76966948705069
164.21912560023978
177.28309949729524
195.4105128577808
113.87288906028931
263.0702404410049
354.08729912728404
170.83781275166893
167.58185509593122
185.52025776415314
335.26065671175223
60.421735933281774
101.6000773857446
143.5504177254507
202.77954414537976
237.44736908535438
64.91482454215662
301.8142704770046
578.2781871427736
130.4055008781493
362.8953126719484
198.4104113696609
179.89397990999842
390.15124352291065
89.62690681062111
198.76719733159499
132.63196846794975
572.7779397267565
428.06249289370135
280.3398354927468
154.24255780393366
278.44611681477835
218.42401437562384
641.8889834247595
131.17584715653547
273.82457465128385
97.78548239191989
148.26290082865125
201.14190085662997
208.57887591821884
232.41900264171454
147.34704604047857
167.30224112280968
62.11178139463168
235.14180673679067
398.2944365558806
352.2533264356259
240.43100997831772
346.2614102693314
127.89890020658656
367.0684244462703
188.42384127914718
221.05128819309638
115.5955130148736
291.9859508397021
56.59797486116831
191.14650959524914
240.92358933184636
308.2429371747986
287.0312901025631
144.41706677348847
170.54477461358138
221.92604480051048
171.23458116496923
199.24827591764375
592.9438058387053
80.01684784269794
107.12839913660635
347.2993199080929
238.86780555620646
201.70042195017348
163.7243841074745
114.709490579734
129.4434109933353
77.95795572140739
190.64010080215274
35.93885459305122
131.99715996908085
391.81419540967175
124.58747614539934
411.96295742614507
223.08137682636507
88.71326386837835
202.72723742161742
176.90499573283307
393.20501929854356
292.8995355083258
85.75413634564545
501.63249294992653
629.1999263874116
440.7711582050573
223.02770956827194
267.85859818331727
185.50588812870996
231.29524527429098
163.55196554415264
238.45366712303715
229.1224968199424
143.30360937947947
217.89602291857173
86.95798518243708
336.0903411948995
173.98467735350684
357.65244263674737
113.9723778494175
169.19116766618725
324.7461286693496
77.86965121998394
475.86643215032734
628.5149503876139
252.21499507865482
316.3962663182449
296.7808698200072
154.20786225094452
430.5998354458938
187.10667934546044
416.1249980822361
131.28400466425921
35.568938339412774
281.6263617171701
102.9374543542428
183.83631958559045
165.3007117240285
318.58840202345056
254.5705129516926
188.34079033235804
214.80306220390358
231.97090888043925
258.0226509530981
516.4432527585376
61.228693854052594
129.52780275884854
84.48643075300367
218.31618505474998
245.91913075180952
206.95935141671734
132.07372226316767
231.13563130296268
282.53224977108675
393.39436379259075
123.02047069192929
315.4166917140917
177.260579393263
328.3356032629352
108.384645337886
192.93475541840013
203.46782594463957
422.94675339845816
69.25932574617413
410.31295672308744
247.44286088531274
2.20174366124839
501.76404132112657
175.06277526250764
66.11805470184807
173.4847903068667
105.9220221282398
331.5532235779352
186.68572404027236
383.89578510737385
238.73842741615022
540.3414044963353
372.6417260496639
503.06314346906794
488.31401806660307
158.8020061055494
76.05085300891135
170.84438721813459
105.37861266604587
364.8675710462983
269.1416715857534
187.66573145143158
200.31037475374956
150.17301466184787
446.46650601615704
109.50972483805013
183.99232606340664
438.40376726047265
335.00500187131706
512.3719108418775
330.7615877024106
137.02484203068198
200.23145389643938
303.3186715711029
1678.3991785297162
694.8330218220659
162.39513385531683
511.5373729205847
213.1449500162253
125.96544696705624
304.2634276216032
163.8061469792054
143.782117501389
110.80184680083842
109.63197785052486
185.06570076783345
96.68142906842753
153.03914075971284
94.66925325755736
187.90149097553356
189.3127038779502
195.95066205958977
282.484113973959
175.34337356769015
116.73422209015615
485.9266245962056
194.33209437735653
198.11191856416596
225.27844936246078
219.38868433675805
130.97974900958377
58.411143513433494
384.11786542209956
308.71966734704176
173.92163205977064
134.71787710651805
177.4936272532244
337.33243697416134
313.3901083650493
170.65199304868528
156.6322295549962
217.29981018957884
368.9921963124654
127.70013157779684
240.89894058558406
152.83910033633083
86.82533352441482
390.98853829202307
473.6578859308666
52.504813936376145
216.94241270841854
147.46649152040823
220.29772374844953
230.7875707063328
239.3296556274731
224.39856048915948
187.216670209075
221.02214456403453
1507.311257711484
73.49685178241562
161.2789438563456
155.41025598626342
207.91105479989577
248.48278300615553
227.78600143829013
199.5345419554034
89.61233482115551
187.5439291031992
591.2655455476072
127.47304993223462
162.2303332235264
1171.4055728340306
103.3953224699521
215.20185200015726
216.32425707421336
357.2261352829985
723.5398393023258
195.38273177200347
222.23156307942722
55.539782656984066
325.5580428168604
276.4698937706862
256.5273916365423
338.96521240085224
237.870243427295
175.35659788437974
53.671527757037374
397.26030809497263
529.0685545751894
346.77192756533515
348.84213352362144
545.5478868938956
92.38354686102494
149.5800228738031
457.99554990403414
464.03942642512357
400.903501162538
145.46814123674048
171.17129264267132
163.2504792259526
317.81621942051584
204.68345643139088
240.41779087801433
584.8995650697503
109.99524454024984
589.4443920885548
177.29095943175716
197.4817086537806
215.3010290848559
215.92408690465945
191.86829506056063
298.0247372619608
149.47179819473675
203.2091732598774
110.73288212284204
159.69640410235817
1097.625577648135
223.80577043333457
177.3985018139155
195.88034178241267
324.2091720242931
109.93309127743002
334.89468554670987
195.52405912426062
212.75790208066152
178.28352622212455
169.33484139091243
485.977665285346
299.63440302292145
464.07018271236234
350.8853801824547
275.6966569866379
178.8011518746894
103.14914997134895
299.24159796398385
141.80456067837528
113.84722916086051
227.16800540832995
173.12786244508663
27.353299859701668
355.9824456535774
758.7090977474763
260.67273208110134
180.38718710910254
118.06638041543373
132.1183802664126
174.01548328053386
109.7405491870489
51.27955633443074
74.17981397219147
361.81163398629917
30.214540106757422
175.0352998412996
778.8504802832753
158.34369141270193
283.4262575608536
116.20056088756903
68.92297095285745
299.2476626563607
390.9565609128829
197.3016624784212
46.88557705246713
149.11901844156645
133.09113256500848
220.5818206479379
239.45340885061296
166.37952215535677
305.0961483349946
226.1239949720284
132.57561365660075
568.6316472854321
198.28879765041813
139.2616357554639
266.54481969433635
293.565398180984
956.6700059783726
304.4321645810179
92.21632163770391
118.11374496547992
72.52924362826766
101.59802158015299
416.6484583410242
123.96468368766638
222.10230975545429
133.4826178303294
