826
930
784
884
849
837
1075
847
755
802
859
757
808
830
871
883
829
854
839
867
863
1067
898
847
794
934
985
867
806
868
828
873
843
1166
820
1028
780
985
844
818
873
846
848
849
853
786
868
783
822
1032
791
789
770
874
792
766
839
837
827
964
795
916
831
828
838
954
948
959
821
851
834
845
836
799
862
810
811
832
780
823
794
838
866
852
791
883
824
811
1003
845
907
1049
913
866
885
1004
821
813
837
820
762
821
810
866
824
824
808
866
841
868
870
850
802
786
831
844
869
810
1014
833
795
842
855
872
839
885
827
921
963
851
938
829
928
893
886
827
850
844
769
844
865
1092
899
952
1061
810
880
852
866
948
908
849
776
899
809
857
919
832
827
863
798
897
820
1010
833
831
888
823
807
848
787
850
844
824
855
1162
831
837
798
792
805
809
861
854
814
780
884
877
828
809
866
837
858
824
895
871
831
823
997
814
872
784
842
832
905
848
862
1100
827
827
854
816
1011
967
1240
833
812
861
818
872
776
848
841
845
849
910
861
856
802
700
839
925
1064
849
926
950
854
811
826
770
876
803
980
845
888
841
813
903
798
814
996
830
812
928
929
874
804
826
820
768
903
828
840
833
803
838
867
860
885
769
836
875
791
794
774
829
855
808
822
959
836
876
962
883
769
851
861
826
842
830
1023
811
844
805
767
819
845
822
853
796
816
935
917
815
921
877
816
854
1060
1004
893
863
852
860
838
816
915
860
819
740
897
834
839
835
1062
802
826
850
830
840
861
805
885
839
825
895
828
860
923
828
794
862
887
854
859
879
826
863
835
1028
832
895
989
859
885
883
817
835
765
877
834
781
813
820
847
814
796
883
822
858
1041
839
822
793
865
881
835
847
829
833
871
855
819
801
808
799
843
797
805
832
838
973
811
857
829
833
897
857
801
1071
799
1085
909
853
861
789
819
828
859
824
831
851
813
826
813
853
778
928
832
849
822
784
818
886
862
881
872
894
787
840
996
806
946
878
888
870
935
851
818
852
838
915
850
861
789
845
809
989
869
822
823
860
829
798
865
847
901
795
854
845
861
952
819
1040
996
846
802
840
1039
826
860
839
849
848
823
813
865
891
886
836
844
858
923
815
1043
884
743
876
829
813
823
825
832
794
794
808
874
795
777
759
826
823
958
808
830
1014
902
1003
783
911
824
864
802
845
818
892
907
880
757
944
775
843
805
834
845
768
913
836
793
861
892
705
948
870
816
842
901
872
903
854
873
916
863
843
816
855
808
862
833
938
812
943
819
1042
861
862
857
853
899
796
808
1073
827
845
820
846
909
830
854
877
785
911
788
1072
830
801
834
942
845
807
839
845
879
842
912
861
842
824
845
898
819
1042
777
851
844
883
861
819
851
781
813
866
827
833
947
869
851
897
899
801
1031
846
829
834
840
825
817
841
823
822
820
782
830
850
851
870
957
1073
826
861
899
766
902
1130
812
816
824
861
805
858
929
793
1011
789
828
883
879
885
753
845
791
833
1014
800
817
954
915
803
869
776
870
785
884
885
770
857
822
849
885
838
898
841
809
850
831
796
919
868
949
860
852
968
791
789
821
900
832
884
869
881
803
1007
807
830
821
1017
876
793
858
788
829
896
855
820
893
1006
857
835
877
892
865
858
945
874
814
849
848
794
826
806
887
817
831
879
797
971
829
786
828
906
823
806
810
798
873
927
796
1089
855
924
880
981
838
859
831
795
822
879
799
884
822
804
976
824
820
840
843
862
906
890
806
807
828
865
853
819
826
830
871
986
820
817
971
864
893
846
847
773
1021
882
942
1051
889
934
865
842
810
859
832
843
879
915
806
849
868
793
881
862
790
855
953
1060
752
801
812
857
1000
812
785
808
841
811
913
886
823
818
814
867
753
900
846
889
847
805
860
984
961
898
811
857
773
849
922
809
827
932
851
1079
828
801
822
866
818
844
925
868
878
803
882
857
848
874
855
897
856
851
885
846
833
979
855
828
939
831
954
1038
900
861
806
819
824
822
933
705
865
913
984
760
840
819
818
792
945
830
853
853
876
884
587
961
844
850
830
858
1086
842
877
837
792
853
812
802
866
823
826
792
784
914
786
1037
818
870
870
830
868
1009
831
832
892
866
828
829
850
829
915
819
813
853
811
816
818
1033
808
789
807
968
880
847
827
785
800
957
841
826
997
835
803
874
827
831
816
976
1072
856
817
992
839
861
819
868
836
916
762
852
783
826
852
818
833
851
1031
977
857
832
925
859
888
869
835
828
844
827
872
795
781
846
1007
933
845
787
884
792
1058
918
887
807
832
821
830
959
