0.44484144590449376
0.18165047724578406
0.2680674600027528
0.2250359395211126
0.1218995213868474
0.16807408438935728
0.39792331916427565
0.3717723140596928
0.6369679317624459
0.42465833733188113
0.5992841394711975
0.6327658889278684
0.2701501933528467
0.2461968901125736
0.2415241112255372
0.34404853266514945
0.16927985354506192
0.48137358868525854
0.34740495287054535
0.5331019599907281
0.31393897534919535
0.21731590679003293
0.13894349492523606
0.3429391193724368
0.42578636078466153
0.23975078308397985
0.2522973704940522
0.20310526465413886
0.41493936645877094
0.19883578531685742
0.11573634484876223
0.5415807325509213
0.3998141073661315
0.12621223669072604
0.2898704070652591
0.527847507752273
0.157837199452006
0.6770029688390365
0.382216766437489
0.6169806182293032
0.3299734020065374
0.2775475651722903
0.1788333222402742
0.4813342953524052
0.14575746254210467
0.6143300390982359
0.31206784859826964
0.2767631821760159
0.344512103494921
0.08254894995550167
0.31669215370822673
0.1705698815489129
0.34661327990462903
0.3279138745306646
0.35054549422983794
0.5655553222120837
0.5588389471256331
0.45102402786503754
0.4902422346573387
0.39320701216748394
0.09947945976568909
0.1635386119749837
0.34449947783854096
0.14961219670933765
0.39155587434961686
0.107460204230414
0.880579642795055
0.2349419161435139
0.5200421853716634
0.6660227840735906
0.7488233839606018
0.3459230878030762
0.23013025079781907
0.17355727084311837
0.34266299530665495
0.3277689947719513
0.30588793280867127
0.4556277550870326
0.1469046551866055
0.44106236381017666
0.45204159615268985
0.23514569585756692
0.2499194812613377
0.7439709563461869
0.17027963414244637
0.3966721159153942
0.2756871462681155
0.3414098667501334
0.20948211537063965
0.10488406272813942
0.09363955143536846
0.1311682125933945
0.2550105361192067
0.2902208708506496
0.3482656150165675
0.27639182966807563
0.5983144874369766
0.5445964784892011
0.21834612392293162
0.7105941646857044
0.26129519234355586
0.15783771351479725
0.6094713662708711
0.7764217878176918
0.5688651609085559
0.27766704489240135
0.2129283719210514
0.8854586138863884
0.3855379192203424
0.2890665906326008
0.7097001835360529
0.4389967458250899
0.3974022512500085
0.7269744887760109
0.24108867159574018
0.23417816040047312
0.25018673106974254
0.4839912324031721
0.11640667310792309
0.339347331969152
0.36518810151514886
0.6139404452073449
0.37445586612005716
0.47047079826608657
0.20486110603924126
0.11634211995995102
0.2501921479841755
0.30385614404120864
0.35884573392595664
0.3164286222458413
0.5327030557505479
0.4450541141490372
0.3555943483257543
0.5984226820535707
0.49375088556101665
0.12321292989202359
0.5873703352251366
0.6286603641799493
0.1747120486191273
0.5715495943590432
0.24396576273693069
0.06452357996351142
0.3322859909445089
0.10195000173686519
0.31459882549435747
0.3906289886159876
0.14852378209676428
0.12474378799185902
0.29787658156605046
0.6428481423274395
0.18585067344323025
0.30597859941938327
0.17151058311310202
0.2293201423713783
0.37632274043302794
0.594428904838226
0.37400566013497444
0.31978162817701744
0.32274663219422167
0.4084108469794831
0.533625646751704
0.6213986582528471
0.3868350872527396
0.2543605075711172
0.31495544586578594
0.883365268952361
0.18160187984880177
0.19645950347409938
0.16956067374980782
0.6221792435330309
0.5497022098351605
0.4430351010833409
0.17511860517345387
0.2660713685696944
0.31450746140834457
0.36988778243504217
0.7926309109297177
0.49996203760009605
0.18850506083407342
0.26359031596285915
0.5336571958851586
0.4301837506894987
0.731322956545774
0.41653707554572805
0.4544656653187048
0.4023746926149716
0.5438052213973169
0.5274826783927384
0.2506459815124342
0.15288371637774678
0.4806166885118601
0.23294651607181016
0.11814607856289566
0.37729907285106296
0.3769710982803622
0.09306491964065744
0.21443400146180233
0.46757997274177415
0.0771106492198155
0.19452861470901148
0.46793568974811345
0.2624467478234055
0.14695580277276601
0.21269630287011873
0.4740362797312634
0.2567217230117721
0.5572219888352088
0.2074235209496289
0.2056355066159146
0.41166773459553013
0.46094352562125923
0.11692194974753345
0.20534690323743535
0.18617077059374174
0.17921620239872701
0.3708318140626165
0.7162910752313701
0.07855117649465397
0.44147271997807663
0.5630332384232504
0.27218865179513657
0.20197307022935393
0.4454053318319972
0.3750554693300179
0.49933823134380656
0.34466725299796397
0.25621977264118206
0.0739561584488874
0.19260245030243528
0.9757546208291357
0.1376415230608989
0.6599738377391865
0.2365033061100726
0.5244215525382356
0.6754337424940274
0.18177012005507667
0.29477206009183937
0.41597989374852284
0.11953833468850657
0.2576661736720035
0.21344482888722432
0.6618089243181576
0.23493975348687612
0.15179180972029485
0.45766908982369353
0.20527317413663226
0.21600600947341483
0.1580699216973171
0.27906132090204194
0.20028918340760998
0.07481609455291904
0.21504220898451942
0.16180590032064313
0.43359007377744074
0.2875192515923626
0.4414253202735924
0.444170664884257
0.35461071753069257
0.12127093124902573
0.5340809989064147
0.10851135321551764
0.2038517549928482
0.781089330312125
0.23633968767842642
0.29392355137374204
0.4083196812710566
0.25501252931012536
0.11550726060415331
0.36242651925236186
0.761526003421382
0.6509500465799211
0.6606125414036138
0.24301533197008982
0.6607478631575945
0.1279436015177147
0.43909823228986106
0.14391854608000698
0.18497756763374998
0.12379543270529535
0.28876250906441925
0.49168363564670725
0.2598470082369414
0.42672492725769345
0.44291041244634644
0.5491705632652253
0.47812761017755917
0.22253491579083493
0.20377122661785607
0.3093185324812177
0.25625090576728393
0.11160686351742818
0.12053781769343647
0.15429076760739316
0.3808846431589085
0.16702213628959095
0.2134144586687828
0.5626227586774546
0.26443127222631524
0.5396221702576819
0.7794491043956703
0.6731729884231542
0.6317334948599096
0.10099431146975692
0.4736154119049667
0.37210757756641133
0.23649668976183805
0.6262291982615816
0.28898449118251573
0.21594434251398872
0.25237221741987537
0.4393486460957148
0.2407066454442889
0.4364397279687941
0.22555993306372413
0.25356609148843545
0.8630827182880381
0.4981198422411191
0.20635102823871235
0.378316611998322
0.9240224319296413
0.5877964096743306
0.2178795503842337
0.21507067932336496
0.2646984453649018
0.23757544525690083
0.6614325670767844
0.20834167236741347
0.5170880476052768
0.3289256279509264
0.6672288837979837
0.4381115460305347
0.5819578569356977
0.12326297898451012
0.25220444993253005
0.1950772604629389
0.7970796136749199
0.5686522970368525
0.8124943962503159
0.4268297382065436
0.2974582669149437
0.901817511296893
0.37809430430014046
0.49777496243358615
0.1368629198972147
0.30732884588751946
0.6896834232170519
0.5156865411050906
0.5213169921537065
0.6455338815093097
0.32197042782418905
0.3590481023465635
0.10579806681044086
0.1588269887926134
0.2669020297556399
0.521921972866419
0.31655749197629707
0.2701169350312863
0.318323568062901
0.2097498892629762
0.23605867220055513
0.16804203499528197
0.4804076671163225
0.12229033671703231
0.7120930563552778
0.3532395546472393
0.3466932958216631
0.11470163445948346
0.24673109007561972
0.19247268838166773
0.24745389869216203
0.10432548112972345
0.5196797460326295
0.579352973106562
0.13843284255495586
0.3248832344186863
0.34074192045900337
0.23935139672014588
0.42248727522615875
0.4925841328587504
0.9092640862146658
0.11765613307895026
0.15944548537389155
0.18857565361151102
0.16528773867754534
0.4772526627367329
0.36540744952027776
0.5776723255997692
0.7658994347225492
0.6027792803602956
0.1342703289032629
0.1218049619944653
0.21849717250225142
0.4831138628968033
0.8954341221511811
0.352831403374884
0.6240727501767178
0.3197630700876219
0.18300004514430415
0.47556810451754006
0.19881804795539157
0.32847662943277317
0.2684964742422572
0.16226895172569353
0.877218455985952
0.14607637158110348
0.24046271029058922
0.6388508101379907
0.37556207056168855
0.21022275265402432
0.0924792586336954
0.6920626239725693
0.7534262104653238
0.6260829945463658
0.3773654304467926
0.49897776047832487
0.1743978348635503
0.23932018407358163
0.3586288332758636
0.19237304083565512
0.16832458597811065
0.5727059257262836
0.38277774640119877
0.18493197518689597
0.6796529065918147
0.6745621808649219
0.14002433506817583
0.3397337216281676
0.5674258674959601
0.5107759366379184
0.09564127682033455
0.2327074836957111
0.1104640250485053
0.31721517247739606
0.060845406026311846
0.24435680680472727
0.039497589056914396
0.19701388810189474
0.457510570176912
0.7635701444254658
0.7131499772527764
0.38603797063972806
0.2522805709497683
0.19054082913758214
0.4254436003886379
0.2342479535626893
0.6069446815730163
0.45918063837733414
0.22885307781053643
0.7749075547114509
0.4944260391587312
0.41660640474468985
0.45528644030993504
0.34868411323441767
0.6726725256585345
0.6357690948674992
0.22856020911468156
0.304928155991242
0.25798859008774566
0.31753625134916913
0.09995276842724224
0.43492689759897524
0.12514212864500399
0.5438353427431484
0.08712026224179004
0.36904757119249854
0.330594576645294
0.49346083331828877
0.3289629758162067
0.1269673188312662
0.2807534882478305
0.21682899600384065
0.1548815179216658
0.37416074768027585
0.1308236906647125
0.4781909773408248
0.20641503714804266
0.10575044030026477
0.3876414088929266
0.6990217119558068
0.31965065510092205
0.6992638829068895
0.1075768137902872
0.4674403978843124
0.34368458638942184
0.10460405991848674
0.4053225291907924
0.41821310645548665
0.4296597087333313
0.4751970190834573
0.3230433962663786
0.40027740483967933
0.20233590950391328
0.28602206069634833
0.5153870665631863
0.541013093345049
0.6305689428534504
0.22835785150513846
0.16923679217479617
0.5920278762201314
0.45829481120993576
0.2517171665811114
0.2692826586562034
0.5264975191260601
0.31753057645634997
0.5522372661284345
0.1376401794295476
0.6267100720215903
0.3196054182266902
0.22793737959644614
0.3540787360060515
0.2531536516434291
0.21882464404972143
0.3833620684101138
0.33870388853697186
0.3148356337381076
0.3348912171360826
0.3403376663035856
0.21956140942986427
0.1841436341033224
0.2861396477307543
0.3871809167723672
0.538234257496852
0.13326144216318753
0.17807631334200066
0.23769342222121687
0.12587644536080647
0.46062247833035436
0.5045546585325794
0.6931093259174236
0.5638663806256397
0.16267941586031381
0.17652127295998413
0.4677236395215274
0.4068613015831336
0.21851869541720634
0.3172794426457908
0.20122927870763138
0.482905948389081
0.4707880743666754
0.601363189538994
0.48562699470115384
0.5962052835511157
0.13487405997441043
0.4156092752189821
0.6113980796716896
0.355978371682457
0.12589695534981177
0.20132394564370518
0.792145152155465
0.34416246745898166
0.18427681460696743
0.49222650027588977
0.2942609618656968
0.39870421286823887
0.25295607280633764
0.40514354414701026
0.13258643059371591
0.3481079181737171
0.5739019328746554
0.1288438586450031
0.1814233207927984
0.38630899873981733
0.5689681372720422
0.3669353990649109
0.6113516366910905
0.528921397272324
0.16710989409903088
0.3077255917861393
0.2879899072263143
0.2982532948398953
0.17531557344572962
0.20967776943829833
0.27884892551849844
0.21689086312258943
0.22574034935612047
0.3743448488078508
0.32760171522973064
0.10324586043029521
0.21838897339631547
0.10641532758916052
0.4372783030964834
0.2878705442336952
0.38892888408327353
0.8288803261570823
0.3962861943027
0.3207300316708164
0.37384047708416734
0.35309864573476524
0.4672109019212755
0.4200868032862769
0.446007773637343
0.10383566135746962
0.11120537823319201
0.3003577636628593
0.20666944957692546
0.9231555646933478
0.39332011523546906
0.6339304364640277
0.18669070759889542
0.49556461195323503
0.6643090359681807
0.2474802026016526
0.18764360301702518
0.3686914579704149
0.5173693798580973
0.20503156752407212
0.6825064163910578
0.6595835438371616
0.4621498005169013
0.22912613986396974
0.6430005179020926
0.2618081167833871
0.17269402856041602
0.6265383993488925
0.281721517022061
0.2611343052995023
0.23601306382975473
0.2215402513889138
0.10207547459418988
0.3228823344229375
0.29317766362670616
0.11898857140155854
0.31710968580204923
0.3361677005528145
0.10555517393390337
0.07252708214096824
0.5608266912560067
0.5347914430385011
0.5279462552277451
0.7534651661313817
0.22209146299115062
0.07755883584562094
0.2308078958872417
0.21773136679496333
0.2885348025173861
0.4717650878902504
0.4119965052181192
0.22456741868064994
0.5557509948890388
0.35224444186800347
0.21846559489614586
0.9277288393710718
0.19440454492001696
0.4913648496760911
0.6620586715964842
0.14314794581434287
0.22601258039540306
0.1847101780208629
0.37193762569912525
0.7438699989551123
0.08828903920952265
0.1049792812269578
0.2847110887219688
0.08942527171892864
0.5751772842600499
0.16307954390867727
0.15702686430085375
0.4986441763183252
0.1722281720435792
0.14758080347586264
0.24635873743638018
0.6425615137159378
0.39763083860918846
0.2595850253435118
0.2954863334917533
0.2740158595929284
0.5085331928193343
0.12132133338450879
0.4681693211836081
0.6383734707843945
0.3720671777410247
0.5010679982530758
0.11264480897673504
0.30058822952755343
0.4997130497399132
0.37399976846888683
0.27568402491524824
0.6807643311792517
0.11928357037194849
0.40509251518211087
0.4152635578468863
0.25296706061844465
0.11474179723013146
0.7141214189885208
0.6392281982978001
0.32053400733472664
0.8462459112865253
0.12534157230187
0.4138675239293826
0.2685968035305323
0.31453993258914215
0.24649469667300375
0.34192807903809763
0.20451624306142566
0.20730467432430533
0.3192926592402227
0.5857361174353827
0.26288679823732547
0.2337011758020309
0.07548778813666049
0.7431083658103433
0.33594656337905165
0.25594397542308744
0.4913167355232229
0.2824890187233376
0.14188428968015343
0.19317408017275833
0.69068368426055
0.6066375318480619
0.16572233351005025
0.2462389977741816
0.6747673330386831
0.20019768968215348
0.2920619365388063
0.6689377256477687
0.2928085129088045
0.5112508516305904
0.26319421904726886
0.3128957336249184
0.7808624872037943
0.2916009340186635
0.18945064708286774
0.5620882113422261
0.5194769093150468
0.1353119472076283
0.58208436285286
0.6376054584847809
0.23015983959262387
0.4519870913865738
0.49964175900557345
0.3339827069049554
0.23781725060441672
0.40143688820141077
0.24192482752648375
0.33092953481918036
0.3131291053415382
0.36501511590631425
0.5731619978402894
0.47312110993224477
0.2477240886092105
0.3412065007805556
0.3820885644650775
0.26191865893402294
0.11774936121784456
0.27725245551933914
0.4952914407768497
0.23849457963440027
0.37241223776616067
0.6683595671021781
0.3188867528109851
0.1669284996593757
0.16833136514928643
0.23684735933942855
0.5613763828702045
0.8065784938339648
0.6498332138027436
0.06788195321894222
0.2702179536173876
0.12776256931141955
0.3933463821087774
0.3806713920953927
0.7194779419847366
0.23592666989421884
0.19796103631182052
0.16953194666465288
0.25268219659572677
0.2828242405314561
0.2647694323020672
0.20102079020263325
0.2379709250625552
0.7705237438602948
0.5014671544387538
0.07387104033567608
0.10968284282982564
0.3321035304034746
0.5032945228506552
0.2722739024151995
0.5824457106434789
0.18870783661361407
0.19470285165953782
0.1089462622103465
0.3217332058451375
0.28056095839392353
0.46643164289668426
0.35444806893209374
0.4214587412627948
0.1686909490990371
0.23527643815880978
0.4640176840832412
0.22246756302273993
0.09613931333457174
0.9977233496575607
0.513598224614363
0.5685927752691391
0.16670438349935116
0.14176641971716789
0.43862469429417744
0.5170466043212859
0.3582329608273059
0.7628592862057239
0.3002632029683853
0.18150950002920965
0.2790917683640839
0.49001686902082214
0.4298246282192449
0.49515259405792283
0.20952817874736981
0.29207271269966617
0.4038511387067673
0.3048568432065251
0.1597451215164474
0.27412605586284194
0.29358730391107374
0.15419497243296093
0.22721189436467662
0.3793291590364625
0.5986383795970719
0.14338580096212405
0.27584055195230567
0.29845560604738985
0.5838358566078583
0.3760232638345554
0.175771941473613
0.3732121669590628
0.20983904020126176
0.4397685828501922
0.5502771748530091
0.2171505797127378
0.17752349369819384
0.10111831282411482
0.27650452572921375
0.37814631068244725
0.34358948287554353
0.3310657090438319
0.4260127101087288
0.6984577107262491
0.8062206992424481
0.1522089637612934
0.28707977384783795
0.5293429320926598
0.11944242667676651
0.4755841334886005
0.08837885582552528
0.29244362784911093
0.540494111866635
0.30195866017382667
0.17334647196526257
0.434054153674093
0.7548956691557902
0.8130855273380384
0.4646743984161585
0.5642717398780204
0.1571185672683619
0.8285838047837157
0.7886403943078846
0.23038350980625988
0.2372025360701502
0.252475229349837
0.40987714153853533
0.5268488824605361
0.2186246257263975
0.2964542375836452
0.47759810547728987
0.6005792949870141
0.28915109218190266
0.12931893226741042
0.3177173457436205
0.33625521987488105
0.16203878266069582
0.36540381270201555
0.5360005384704732
0.19178824082283533
0.14150864283303943
0.15607100889335793
0.5461526441851494
0.25663602666343005
0.29271339973473604
0.7034339405952714
0.7202695369070089
0.45622770095867327
0.4106509544918238
0.09340093296325454
0.11401350847408262
0.14251948273067414
0.3759563782406224
0.4440294909554446
0.562421391144209
0.19908771616438947
0.43732758339747163
0.13291786450373172
0.3419913778958981
0.7280611286781339
0.47319903288161175
0.27374709304782363
0.23258669701078594
0.28485013479869037
0.5335597511916533
0.6367455467667119
0.4120525112204097
0.5398962405837222
0.10251641543607853
0.46399105528706275
0.46186171891585936
0.4644553319178411
0.45001177562317735
0.5742485240646813
0.1772888036920348
0.5118082194132015
0.6818893457075236
0.4176413194851572
0.5888660863057729
0.24652150765161118
0.25660822307443115
0.24992123505178557
0.39630776952894614
0.1390295858801166
0.415045871345211
0.6837321757837448
0.44253168492614237
0.3102781802059624
0.6074916907452999
0.4057367885510757
0.6040928048478205
0.48638554737405526
0.371159659509687
0.17667665605722543
0.1145898191684659
0.5482624681733551
0.20843523580439938
0.16996451152494396
0.17266535223757323
0.23890674821619148
0.29494460451269455
0.29048718095238624
0.2937543250215517
0.30054126088052935
0.1666517666953485
0.8495364829742869
0.1802825400824905
0.7126047704445714
0.5878184887598932
0.1891777066236304
0.1845811609071069
0.45975430195233635
0.5773818809345429
0.29639944624126374
0.22345934291619082
0.5239555682094277
0.7002299423070025
0.48030642871379087
0.25505837960311245
0.5465571221250182
0.3834038248627123
0.2922084783760895
0.30077767776645786
0.09932735226470966
0.29438251192657944
0.2466886440557482
0.20567447291905497
0.5006916652982981
0.15121773380656767
0.28052424160419115
0.5725045199453609
0.8299834120437851
0.13917093677266817
0.39621191713115367
0.17869917722907638
0.2990787373352137
0.31966326813323637
0.2280770268118962
0.39479654281556464
0.29679098221868694
0.31207296355526537
0.642428591088617
0.7533803846510149
0.4904318632636308
0.11089187131877652
0.2712413691236548
0.3658735655568196
0.2836046993132374
0.5008986930875747
0.5460822898385868
0.30737366221238693
0.8826564075843296
0.33812711078122276
0.5625015509127052
0.2701455145142372
0.8301078142915211
0.47526356549688387
0.09599694954695184
0.38670959953495343
0.6725253934422082
0.23465499895642247
0.14492497598082787
0.5111679089431049
0.08545481925924973
0.41135636753475047
0.5212190520434004
0.16976588251613714
0.09782153480826962
