1.706102728843689
1.988041877746582
2.2433013916015625
1.673986554145813
2.3784823417663574
2.095327854156494
1.7905832529067993
1.9710496664047241
1.258852243423462
2.2539522647857666
1.6179276704788208
1.5852453708648682
1.9154059886932373
1.9746747016906738
2.165926933288574
1.7252943515777588
2.0417587757110596
1.8919914960861206
2.5910415649414062
2.1944892406463623
2.237666368484497
2.1497373580932617
1.956291913986206
2.1551997661590576
2.170916795730591
1.8768523931503296
2.407191276550293
1.8634915351867676
1.8666998147964478
2.331460952758789
2.455416202545166
1.550794005393982
2.102801561355591
2.1552388668060303
2.176952362060547
1.6468523740768433
2.1048574447631836
1.7859960794448853
2.24635910987854
1.863922357559204
1.6166380643844604
2.321031093597412
2.044963836669922
1.0437747240066528
1.9217830896377563
2.230205535888672
2.029270648956299
1.632326364517212
1.7018561363220215
1.8334014415740967
2.234569549560547
2.1141693592071533
1.7391059398651123
2.1625418663024902
1.654852271080017
2.3825607299804688
1.9000415802001953
1.953133463859558
2.2254881858825684
2.2135748863220215
2.1879100799560547
2.057204246520996
2.213991403579712
1.972193956375122
1.935490608215332
2.572810411453247
2.035632610321045
2.0237467288970947
2.0843281745910645
2.2029502391815186
2.049666404724121
2.149606227874756
1.6977531909942627
1.7806460857391357
2.07936954498291
2.2232768535614014
2.132556438446045
2.436167001724243
1.8684923648834229
1.8285585641860962
1.4394121170043945
2.2750537395477295
1.9705547094345093
1.7123198509216309
1.9014034271240234
1.6797020435333252
1.6313227415084839
2.091378927230835
2.5519988536834717
1.7529616355895996
1.8051481246948242
1.8029106855392456
1.9782320261001587
2.498866319656372
2.2287681102752686
2.037463426589966
2.3555140495300293
2.1160507202148438
2.1351370811462402
2.3078503608703613
2.043090581893921
1.76981782913208
1.5364890098571777
1.9794492721557617
2.0953621864318848
2.0429346561431885
2.386730909347534
1.5335397720336914
1.9931485652923584
1.9077516794204712
1.4336700439453125
1.7048972845077515
1.934914469718933
2.1147620677948
1.9478226900100708
2.0109095573425293
1.6079967021942139
1.9290788173675537
1.8555567264556885
2.041494131088257
1.6306545734405518
1.9971246719360352
1.6357723474502563
2.240434408187866
1.7358688116073608
2.3120131492614746
1.8950306177139282
1.7498066425323486
2.03012752532959
2.109325885772705
1.8680254220962524
1.8639185428619385
1.9088199138641357
2.5814285278320312
1.6543785333633423
2.0402591228485107
1.9383745193481445
2.3379271030426025
2.139927864074707
1.953027606010437
2.028799057006836
1.9523694515228271
1.7557274103164673
2.1425232887268066
2.138124465942383
2.004910707473755
1.9874049425125122
2.3810384273529053
1.921580195426941
2.5014548301696777
2.2836480140686035
1.685052514076233
2.1531786918640137
1.857245683670044
1.7414941787719727
2.2997946739196777
2.0638625621795654
2.5842669010162354
2.5723190307617188
2.1736650466918945
1.8105288743972778
2.375295877456665
2.003413438796997
1.7279807329177856
1.6653313636779785
2.2666287422180176
2.2711470127105713
1.7536362409591675
1.339267611503601
2.0185155868530273
1.4409490823745728
2.047316074371338
1.802659511566162
1.9951735734939575
1.7298463582992554
1.8678101301193237
2.350332498550415
2.181523323059082
1.9086823463439941
0.9646426439285278
2.1304359436035156
2.5721182823181152
1.5019861459732056
2.6892123222351074
1.524466872215271
2.0888612270355225
2.1148629188537598
1.8491512537002563
2.3448574542999268
1.7496845722198486
1.829237699508667
1.9630260467529297
2.293321132659912
1.7738169431686401
1.8283889293670654
1.724528193473816
1.7543305158615112
2.3116700649261475
2.1203134059906006
2.0242037773132324
2.3706114292144775
2.2994303703308105
1.9934306144714355
1.3368148803710938
1.8884857892990112
2.1416232585906982
2.254997968673706
2.6234917640686035
1.6010124683380127
1.5231730937957764
1.6463897228240967
1.944233775138855
1.6630977392196655
1.687106966972351
1.7958143949508667
1.9053667783737183
1.949796438217163
1.9939743280410767
2.428739070892334
1.7976585626602173
2.1389570236206055
1.6961641311645508
1.8267985582351685
2.318082809448242
1.8332778215408325
2.029904842376709
2.1876747608184814
1.9217860698699951
2.5088679790496826
1.7776973247528076
2.34814190864563
2.112408399581909
1.8543661832809448
1.4448975324630737
1.9942506551742554
2.18670654296875
1.9481611251831055
1.7147400379180908
1.9376226663589478
2.178582191467285
2.3706774711608887
1.62009596824646
1.8484083414077759
1.810786247253418
2.0830788612365723
2.048387050628662
1.8706951141357422
2.0487349033355713
1.9857980012893677
1.5404220819473267
1.865059733390808
1.4973926544189453
1.9154739379882812
1.575587272644043
2.2422401905059814
1.9004642963409424
1.9078528881072998
2.3876559734344482
2.0608363151550293
1.7089157104492188
1.8088263273239136
2.369774103164673
1.5377914905548096
2.0617806911468506
1.6068477630615234
2.1641392707824707
1.9442965984344482
2.6364381313323975
2.0641684532165527
2.316697120666504
2.012805461883545
2.3474490642547607
1.603446364402771
2.637235403060913
2.043661117553711
2.310333013534546
1.6702231168746948
1.8140573501586914
2.1674952507019043
1.902760624885559
2.037665367126465
1.865079641342163
2.2058205604553223
1.7439708709716797
1.841871976852417
1.463860034942627
1.980887770652771
1.706900954246521
1.4155794382095337
1.7431851625442505
1.9946082830429077
1.9898067712783813
1.5445867776870728
2.1543805599212646
1.6596559286117554
1.7888370752334595
1.6979644298553467
1.5013840198516846
2.1613540649414062
1.9031851291656494
2.0517916679382324
1.2914621829986572
2.2669730186462402
1.941028118133545
1.5211691856384277
1.9570612907409668
2.361874580383301
1.812044620513916
1.956056833267212
2.0580928325653076
1.8161530494689941
2.0195980072021484
1.777227759361267
2.109510898590088
2.318082809448242
2.047097682952881
1.982518196105957
2.088740825653076
1.9487196207046509
1.5946134328842163
1.5499651432037354
1.8911324739456177
2.2043509483337402
1.902840495109558
2.4522738456726074
2.068800687789917
2.3623623847961426
1.6583691835403442
1.555116057395935
1.842673897743225
1.7453302145004272
2.2432713508605957
1.7062530517578125
1.4663554430007935
2.145519495010376
1.8638050556182861
1.6314809322357178
2.074725866317749
2.1401166915893555
1.9666541814804077
1.611794352531433
2.374779462814331
1.710698127746582
1.7829562425613403
1.5139946937561035
1.5918344259262085
2.6221699714660645
1.8863983154296875
2.255185127258301
2.0392143726348877
1.525151252746582
1.9311747550964355
1.6112556457519531
1.6709178686141968
1.272355318069458
1.9527454376220703
1.9291355609893799
1.9794055223464966
1.8612968921661377
2.1962578296661377
2.1714131832122803
1.8844703435897827
1.9808602333068848
2.0009117126464844
1.6187002658843994
1.898964285850525
2.106813907623291
1.7960330247879028
2.427046298980713
2.2185721397399902
2.4278392791748047
1.7297296524047852
2.0371758937835693
1.8096665143966675
1.7438420057296753
2.1429567337036133
2.1466188430786133
2.036839485168457
1.9456238746643066
2.3333675861358643
1.7510844469070435
1.9294883012771606
1.8786721229553223
1.805397391319275
1.573451280593872
1.8367823362350464
2.310242176055908
2.0145907402038574
2.0860023498535156
2.04549241065979
1.832980751991272
2.337024450302124
1.7924195528030396
2.066814422607422
2.2235562801361084
1.6354023218154907
1.793007493019104
2.4497828483581543
2.3341782093048096
1.7834879159927368
2.100588321685791
2.0086870193481445
1.9824038743972778
1.73624849319458
2.0066845417022705
2.102292537689209
1.2615444660186768
1.7952206134796143
1.515528917312622
1.910688877105713
1.8082906007766724
2.019551992416382
1.3681449890136719
1.7758042812347412
1.6622695922851562
1.9156194925308228
1.820743203163147
1.9197922945022583
1.9723669290542603
1.582932949066162
2.0355780124664307
1.9440996646881104
1.8622726202011108
2.088869571685791
2.252202272415161
1.9016281366348267
1.3190616369247437
2.4880080223083496
1.98621666431427
1.7625240087509155
2.4449379444122314
1.8526610136032104
1.576701045036316
2.263244867324829
0.9873769879341125
1.9131077527999878
2.0290565490722656
2.083606243133545
2.021916389465332
1.7991358041763306
1.59353506565094
1.594487190246582
2.3168728351593018
2.201913595199585
2.1796488761901855
1.8296689987182617
1.636483907699585
1.1241209506988525
2.047175168991089
2.270214080810547
1.7878000736236572
1.762279987335205
1.8532774448394775
1.1402461528778076
2.2485318183898926
2.0111982822418213
2.2114434242248535
1.993200421333313
1.6363080739974976
2.1313555240631104
2.2018895149230957
1.692803978919983
1.7273024320602417
1.8373644351959229
2.5018930435180664
1.788934350013733
2.37319278717041
1.927276611328125
2.09496808052063
1.6902782917022705
2.193977117538452
2.014829635620117
0.8287417888641357
2.2509169578552246
1.700061559677124
2.1391868591308594
2.0050976276397705
2.1415693759918213
1.8022456169128418
2.074721097946167
2.208405017852783
1.5019121170043945
1.3791407346725464
1.705603003501892
1.77611243724823
1.9239853620529175
1.8238190412521362
1.8420673608779907
2.048632860183716
1.9592571258544922
2.2107787132263184
1.5525814294815063
2.0239932537078857
1.573405385017395
2.060267686843872
2.0059030055999756
1.9323430061340332
1.7974426746368408
1.7181384563446045
2.2248599529266357
1.7760823965072632
1.865440011024475
2.206364154815674
1.1772840023040771
2.297795295715332
1.3024605512619019
2.039658546447754
1.80025315284729
1.6961116790771484
1.9639015197753906
1.5963083505630493
2.113492965698242
2.1034607887268066
1.9547107219696045
1.9810978174209595
1.919842004776001
2.228841543197632
1.8246179819107056
1.5574020147323608
2.301722764968872
2.0448076725006104
1.902247428894043
1.9305870532989502
1.8607869148254395
1.5334073305130005
1.9764224290847778
1.6200498342514038
1.644092321395874
1.6863887310028076
2.161360025405884
1.7762694358825684
1.6336697340011597
2.2310783863067627
2.4217467308044434
1.7841426134109497
2.4659392833709717
1.4583760499954224
2.228151798248291
1.6724591255187988
1.5830179452896118
1.3689385652542114
1.8686884641647339
1.6466482877731323
1.7784392833709717
1.9974451065063477
2.0289885997772217
2.1939570903778076
1.8496013879776
1.7956733703613281
2.382075548171997
1.663565993309021
2.0776219367980957
2.348970890045166
2.0468263626098633
2.0921666622161865
2.2390072345733643
1.8670927286148071
1.8989874124526978
1.9130703210830688
1.8143082857131958
1.5627045631408691
1.755031704902649
1.9301189184188843
2.1413652896881104
1.2058935165405273
2.113203763961792
2.378376007080078
2.3226442337036133
2.04166841506958
1.7788927555084229
2.3950228691101074
1.4679569005966187
1.713614583015442
2.264162063598633
2.174673557281494
2.205338954925537
2.1859681606292725
1.9856629371643066
2.0448825359344482
1.9510469436645508
0.9226555228233337
2.0865793228149414
1.950539469718933
1.5449312925338745
2.0236239433288574
1.7382545471191406
3.0199639797210693
1.9409584999084473
2.184356451034546
2.2133755683898926
1.8135123252868652
2.309736728668213
2.194631814956665
2.232067108154297
2.2778799533843994
1.8431451320648193
2.020928382873535
1.8130476474761963
2.1729013919830322
2.091214179992676
2.2497870922088623
1.686570167541504
2.297215223312378
1.6385703086853027
2.1371469497680664
1.539215326309204
2.381442070007324
2.1640233993530273
1.9760236740112305
2.0704538822174072
1.882915735244751
2.0602521896362305
2.10113263130188
1.853704571723938
1.8724679946899414
2.435995101928711
1.556128740310669
1.9005571603775024
1.606332778930664
1.62034010887146
1.3005328178405762
2.2585864067077637
1.9336909055709839
1.9867024421691895
2.1081197261810303
1.901572346687317
1.979746699333191
1.4829041957855225
2.082340955734253
1.3351871967315674
1.9223198890686035
2.4288034439086914
1.9864948987960815
2.178088665008545
2.001065254211426
1.7288320064544678
1.6450735330581665
1.6949583292007446
2.2141339778900146
2.0855231285095215
2.3621973991394043
2.753094434738159
1.1135625839233398
1.6776963472366333
2.4071152210235596
2.1341569423675537
2.147855758666992
1.868481159210205
2.0796940326690674
2.350411891937256
1.6979819536209106
1.7785236835479736
1.8379268646240234
2.5241544246673584
2.240089178085327
2.00243878364563
1.9126454591751099
2.039471387863159
2.450652599334717
1.9166964292526245
2.01059889793396
1.7629470825195312
2.128060817718506
1.7860244512557983
1.8013005256652832
2.1895997524261475
1.754677176475525
1.8149476051330566
2.0039234161376953
2.1448135375976562
2.016101121902466
2.0541441440582275
2.3036868572235107
1.909124732017517
1.110719084739685
1.6810188293457031
2.406442880630493
2.0192060470581055
2.1892316341400146
2.0992238521575928
1.6788923740386963
1.3761762380599976
2.1472573280334473
1.8692946434020996
1.8293956518173218
2.0148489475250244
1.8182178735733032
1.5543099641799927
1.8621370792388916
2.0753233432769775
2.1642837524414062
2.4485061168670654
2.4355995655059814
1.858177900314331
2.106283187866211
1.8200336694717407
1.9045214653015137
1.8002738952636719
2.2425241470336914
2.282266616821289
1.61154043674469
1.9264230728149414
1.967056393623352
1.971350073814392
1.7478951215744019
1.7269448041915894
2.064427137374878
2.1136934757232666
2.170363664627075
2.164407253265381
1.8027507066726685
1.5740736722946167
1.2657396793365479
1.8571137189865112
2.4150400161743164
2.293102979660034
2.2168893814086914
1.7993777990341187
2.321321964263916
1.6133360862731934
1.985087275505066
1.6973793506622314
2.0480597019195557
1.8718585968017578
2.0998847484588623
2.0313494205474854
2.1095590591430664
1.8301328420639038
1.7625665664672852
2.1733341217041016
2.4902360439300537
2.044996976852417
2.2331113815307617
1.9819953441619873
1.6534572839736938
1.839892029762268
1.7262041568756104
1.948016881942749
1.7999166250228882
2.0858678817749023
1.8173774480819702
1.647837519645691
1.8463671207427979
1.8633911609649658
2.222870349884033
1.9884006977081299
1.814642310142517
2.525222063064575
2.191183567047119
2.2832093238830566
2.1362972259521484
2.0806198120117188
2.0868356227874756
1.9228506088256836
1.712201476097107
1.5891722440719604
2.4237937927246094
2.050443172454834
2.080794095993042
1.5559370517730713
2.1940693855285645
1.9962482452392578
1.8601967096328735
1.9729770421981812
1.9865669012069702
2.130545139312744
2.254124164581299
2.040853500366211
2.0323312282562256
2.1771881580352783
2.878145217895508
1.8309836387634277
2.429457187652588
1.665537714958191
2.159235954284668
2.052345037460327
2.1704201698303223
1.014251470565796
1.5634386539459229
2.1383416652679443
1.9920917749404907
1.8340973854064941
1.785735845565796
1.9945321083068848
2.0764760971069336
1.9652531147003174
1.7331502437591553
2.217214822769165
1.8102707862854004
2.062112331390381
2.2866623401641846
1.4243615865707397
2.0446219444274902
2.154475212097168
2.0569300651550293
2.143920660018921
2.3465137481689453
1.9061766862869263
2.1996207237243652
1.83345627784729
1.769790530204773
1.1617333889007568
1.8186192512512207
2.0826733112335205
1.8818212747573853
2.3754279613494873
2.255718946456909
1.7438677549362183
2.014941692352295
1.6639649868011475
1.753201961517334
1.5539571046829224
2.0340874195098877
2.2671470642089844
1.946730375289917
2.384183883666992
2.3702127933502197
2.3946070671081543
2.0354161262512207
1.9645376205444336
1.8540451526641846
0.927170991897583
2.0513830184936523
2.082369565963745
1.936965823173523
1.957655429840088
1.755682110786438
2.010388135910034
1.2617523670196533
2.00282883644104
2.275414228439331
1.80679452419281
1.7427369356155396
2.4878389835357666
1.3230197429656982
1.5375789403915405
2.209684371948242
2.2705581188201904
1.970864176750183
2.1478936672210693
1.6547805070877075
1.8189823627471924
1.6515945196151733
1.126213788986206
1.9452269077301025
1.552214503288269
1.931828498840332
2.421022415161133
1.9009974002838135
1.8431135416030884
1.5632672309875488
1.9520342350006104
2.3815934658050537
1.7026053667068481
2.5803334712982178
2.2263386249542236
2.0781984329223633
1.6429569721221924
2.446139335632324
1.857914924621582
2.388941526412964
2.5133371353149414
2.0258138179779053
1.7379565238952637
1.81880784034729
2.0892529487609863
1.838623046875
2.111241340637207
2.094134569168091
1.9899617433547974
1.799515724182129
2.133300542831421
1.7512259483337402
2.1844642162323
2.0908308029174805
1.8684264421463013
2.021681547164917
1.880656361579895
2.1006243228912354
1.9125851392745972
1.8974403142929077
1.6925040483474731
2.368297576904297
2.7171669006347656
1.8827601671218872
1.7604330778121948
1.990893006324768
2.1456515789031982
1.9893035888671875
1.898768424987793
1.9106683731079102
1.8243240118026733
2.051095724105835
1.5856488943099976
2.0072546005249023
2.493713617324829
1.8453795909881592
2.214107036590576
2.121053695678711
2.054046392440796
2.072136402130127
1.668388843536377
1.9580594301223755
2.2754640579223633
1.8924635648727417
2.5321366786956787
1.8200193643569946
1.9315252304077148
2.1371333599090576
2.3445091247558594
1.941097378730774
1.3094619512557983
2.0263140201568604
1.866377592086792
1.9756664037704468
2.313969373703003
1.7603588104248047
1.5779247283935547
1.5613168478012085
2.08070707321167
2.0460329055786133
2.0821452140808105
2.3989808559417725
0.6427317261695862
2.149141550064087
1.8208858966827393
2.2619757652282715
1.9093714952468872
1.885664701461792
2.522069215774536
2.108062267303467
2.2945055961608887
2.1781606674194336
1.9223136901855469
1.7398583889007568
1.881356954574585
2.275202751159668
2.3117563724517822
2.745638608932495
1.2537378072738647
1.597065806388855
1.7032049894332886
2.166659355163574
2.202552556991577
1.9752269983291626
2.260187864303589
2.3842318058013916
0.9533751010894775
1.9058603048324585
1.8029308319091797
1.9447399377822876
2.717301845550537
1.5631074905395508
1.875951886177063
1.7184544801712036
1.9360854625701904
2.0156209468841553
2.267881393432617
1.5686155557632446
1.6121784448623657
1.590215802192688
2.078073501586914
1.8798977136611938
2.3719937801361084
2.377591133117676
1.915465235710144
1.56309974193573
2.059715509414673
2.0685737133026123
2.0935215950012207
1.9641722440719604
1.5183802843093872
2.2849886417388916
2.0458943843841553
2.627762794494629
2.16609787940979
2.060734272003174
2.2322025299072266
2.1025590896606445
1.5712902545928955
1.7502306699752808
2.080448627471924
2.5355710983276367
2.3107011318206787
1.6814645528793335
2.1906778812408447
2.2418055534362793
1.8237459659576416
1.824030876159668
1.981777548789978
1.7317092418670654
1.9072821140289307
2.3343329429626465
1.8449522256851196
1.5731022357940674
2.3293278217315674
1.834646463394165
1.6433767080307007
1.85704505443573
1.9595770835876465
