0.1178363731014403
0.06534963357966064
0.05484518303134837
0.06030711664210403
0.09448328910032572
0.08745225706134813
0.09935390754529767
0.09836455871537798
0.06902177949832461
0.09022829763981934
0.04983818812986376
0.0933293774455496
0.09708550960436893
0.08851290700260181
0.06126887438124206
0.03742781414244991
0.05027398071754994
0.06923543054966949
0.07617821219656977
0.07839672821270423
0.07488639493810045
0.08239305992977672
0.11356626069434324
0.09348179702759332
0.07352958380445648
0.09039972889000117
0.1051416586449581
0.0912037275152456
0.09551047529209487
0.09402779443587674
0.07304496925098335
0.057963781268679265
0.09226973142639694
0.1323436995476493
0.0933121289194266
0.07820245223703336
0.08298778371154
0.06923673811912513
0.06870795857048669
0.12106142345831139
0.04660191629531923
0.08024362170941461
0.1072675755033686
0.10863999763280642
0.08458290122648525
0.036676536382117875
0.07159566253881565
0.06682399150340299
0.07883242121988851
0.07142743545864245
0.09921913646224924
0.124865531810628
0.10252536297760674
0.10230551270097407
0.046647015961163094
0.09223933136244811
0.0853646155491152
0.1102176360539318
0.11213067687654403
0.046607143957472896
0.09157914832110757
0.08917924745497156
0.09635865217198313
0.11493227222297113
0.038657912558586874
0.07232430985717936
0.10470622656369634
0.07911457601423241
0.09084303418662355
0.043586096818995335
0.026027145132929374
0.049572037323786074
0.08895265661316201
0.08092938398441653
0.10356701015449617
0.09499058555201337
0.1197131513341284
0.052259795375679256
0.13007228384608172
0.050904090375364835
0.05215846371808077
0.09508254089794013
0.05931713490322464
0.08230835760758
0.08058150105368869
0.10248661743199841
0.10278358571787155
0.12203023622411813
0.047491733246584525
0.05215199223743368
0.07645192914282757
0.0848281074865894
0.08664453677221208
0.09277675166470181
0.08484255119568763
0.10416639472004997
0.09259223157324305
0.06528440571346687
0.06429863610656068
0.08146524894459253
0.09886947109278761
0.06886537982930327
0.03470653009965208
0.06398874958797864
0.10555353678262527
0.10280888207484691
0.11533269937447306
0.07325280042970685
0.09782554100272962
0.041843888020703025
0.1208032398445928
0.08956844113176796
0.0870018658902251
0.09678326743087262
0.05452866592082026
0.08336232340556375
0.07153232556852167
0.0680705464142602
0.0819661595418023
0.08746500344319195
0.10661981726947398
0.0523452822663791
0.0716812217768398
0.04601422912980686
0.08451416296927836
0.10664540323454627
0.060463356645043397
0.06451999909782678
0.05580967237169893
0.0744950871987817
0.08833299614128426
0.04919594251449085
0.09211689813822076
0.1031274985218673
0.09106671374615567
0.08504454470805309
0.11135312799894326
0.08017906760961367
0.105349723849206
0.051047725459309065
0.061731065408310665
0.07869407078097544
0.10056555333260882
0.01909200851904096
0.09011484003014641
0.09441624868337366
0.09911956731528639
0.06549683966172962
0.08207711996032176
0.11644164896490355
0.1044116501310643
0.07444688311381543
0.05980778245488697
0.08226100760074267
0.08595142019085568
0.08520297485962322
0.08303614174785191
0.12040533965548313
0.1149269412609255
0.06499931276202275
0.10716335346578357
0.08913949756735108
0.08781005041273349
0.10183264262897584
0.07849663588972863
0.09773580156456141
0.10050613937047226
0.1059331263598412
0.04490953924349168
0.044030484223191446
0.093482445089291
0.09494180767180126
0.07141054965575908
0.09829604047595117
0.10441783537018665
0.09664758863984513
0.08250533140360365
0.11613262215715583
0.09631923624237383
0.06180471487479568
0.0517516803582734
0.09389214304896944
0.09610234668170649
0.05081431753031743
0.0867095680701611
0.0426854011885431
0.09586869116883291
0.10575958246028352
0.09876962949816674
0.09647289372618895
0.0760465455396739
0.0938576452872723
0.062456297928599545
0.10698730576930834
0.07463054927098053
0.044532443623643725
0.09317932155021415
0.09914057281047775
0.10284557409063298
0.11007033470152801
0.11066682907682829
0.10863517586311497
0.1233675733276649
0.0807635391420786
0.0794584642221612
0.066813434040193
0.05578465000380302
0.07400547014751498
0.09403751758702752
0.0994480061091025
0.07399027213054962
0.08838969686663177
0.0862749153967343
0.08860015522343356
0.08181210693023751
0.0636795056889367
0.07587603098365893
0.07326318751668102
0.0845283038700302
0.09189269065530954
0.050282196632568936
0.1019852449295507
0.076581829484022
0.07235329038621001
0.10613298737738024
0.08492930142719624
0.09292717530566644
0.07779407361380854
0.04315336468529792
0.07187099984875718
0.11258141476297596
0.04990714042411388
0.13616018696003196
0.10178880987148879
0.07791004337125343
0.09484693112894
0.04576076971574712
0.10262098267186659
0.05390383029815433
0.04272247948746403
0.07501923543138764
0.08496938171111383
0.04144234567191241
0.054152389395385754
0.0544055099324638
0.1013372553902893
0.09398827335903218
0.08360871275909915
0.08145412408433045
0.05456084352869689
0.0633710967348695
0.08003716259007519
0.07315231436975134
0.10143429020740544
0.05035242840722182
0.11470949465471784
0.04009130811449988
0.09387693308273613
0.08977222831746245
0.09553487145419783
0.06912492838617122
0.042506601361620724
0.09529707286519434
0.06403150354648648
0.07324468870650931
0.044346075426774136
0.11614292129092513
0.0953085845119763
0.07779505666447419
0.08538908943844985
0.10431886526499937
0.03946036365646924
0.10047908396850895
0.07282599330802118
0.13483929914550855
0.10090213262924176
0.07688271021102508
0.09691477330340616
0.06695181810952842
0.10057918879972544
0.09102139814185808
0.04807871109546019
0.08183529095042176
0.09083177715902187
0.07636467602328514
0.08265159351380458
0.07085570303453456
0.08571622886770308
0.08134054427428328
0.06886123223414743
0.11853864341524471
0.12815406556630132
0.10277100229952749
0.09567564392762574
0.04977044101923614
0.07617746571039247
0.08677565929402185
0.0839428591308197
0.0705223495694385
0.07203145627567137
0.09857962414600507
0.09839297626136498
0.08212780382703591
0.09905922927304381
0.08704323951866559
0.10182171267972807
0.05551901114335616
0.09472824354831462
0.09767712573127534
0.07481604553217489
0.06367456390741669
0.05113084581984819
0.09334814036956032
0.1096921716055627
0.10078406128021464
0.10897488834237089
0.05571622131920223
0.10223888723512721
0.041384695368477054
0.08102306911497456
0.10092556470734257
0.055176469915152355
0.03904989891035529
0.10163458765194805
0.09477711821279798
0.09089330312960538
0.09883044069149102
0.08315707184634699
0.07039128148914489
0.09665120634471633
0.04254878831587505
0.0956267254660305
0.09738786653586767
0.036189165314454284
0.0816039411009186
0.048649884441481724
0.0881959393121905
0.045154593484548096
0.09593302804135502
0.10594208324135237
0.0514776860243178
0.09147759136025506
0.05439117376181048
0.0419482675508496
0.11067162056487267
0.1216714054749149
0.0991542186260941
0.09482415707496793
0.08838385008543315
0.07283548322395716
0.09528371605948009
0.04613158433161677
0.07709406406119149
0.03946323206117803
0.08723896908174983
0.050437765263765574
0.05010435783937549
0.05210121157692546
0.06884980789291599
0.09170753363805711
0.07706128062854445
0.10277516388218794
0.05468129725134956
0.08873352801968504
0.0991054848253761
0.05493836704195569
0.08805297853357727
0.08708391156485983
0.07714830360220497
0.08010851939114098
0.05360256714935751
0.1162761668383761
0.09993227535156986
0.041181995660941606
0.04645236568669191
0.10476895538001336
0.10212371631841223
0.05925822315189661
0.10700685974202374
0.07244362382090842
0.1041010654752056
0.1016361823462774
0.04381167731082414
0.09093839958669812
0.08344407421772769
0.09905653872451126
0.09982340644819913
0.07225339329711693
0.09651016884627425
0.08514486669557275
0.09179814281510522
0.10043243297609926
0.08640241013726396
0.07065834208820378
0.066243086056136
0.07967509640036477
0.10852979972383463
0.10326738934466884
0.059938937589969356
0.07531759990439613
0.07627609618096223
0.08104070447954062
0.07307097377700544
0.1172737614750455
0.04234790043193194
0.04841581807684225
0.1045390209217789
0.10490392271432569
0.07022330326942214
0.051178347043910936
0.03815381618738445
0.0773667885733057
0.07160506340414023
0.10168415220325015
0.10213781046543996
0.03980639923433226
0.08602758068827775
0.0828589092629817
0.07678516016485155
0.07879610256376167
0.15020169557577348
0.05009351881720452
0.08560716051504162
0.06649212920265646
0.0944021118095629
0.09705355400397199
0.08387524679536502
0.0536222496582604
0.1030548261131699
0.07542445193070181
0.08195520745241461
0.11633510632890005
0.05759022765931956
0.10781839077345973
0.08375490362852613
0.09022220288598086
0.05945318819942769
0.08906461842044958
0.08517690701766373
0.07712953439651274
0.08613637540988607
0.044758145367883286
0.08759673860321836
0.08661502406053478
0.09433707748447807
0.11225357925045994
0.09066330416366156
0.0547171751918847
0.10700250451619578
0.09708501424716266
0.08592489603084297
0.09142632131309647
0.09525797763560524
0.06453842292907683
0.08671520209901765
0.08069296309953787
0.0639505830637104
0.0631248859918023
0.06660065264010197
0.051888989314891394
0.05138397089525988
0.10857935138893554
0.1563850526060856
0.09805538106700654
0.08610070076064848
0.06428364479400413
0.08963488161865672
0.09525805971795444
0.1102031745954941
0.07674692834818928
0.04774570635132026
0.0443067217177171
0.08043884896024424
0.055512192680570255
0.08974533969943152
0.04389630795829349
0.10177757291478504
0.0569144705185527
0.04798858514056584
0.09026021869711794
0.09576171074893253
0.038227589484045796
0.07585583659789111
0.07376875431797256
0.10878663280923093
0.06140936865172041
0.050472479456867475
0.0870077935342826
0.11152371965570011
0.09109452006833876
0.048730138274028265
0.07245659597367728
0.08222223168974939
0.11604169971395081
0.07824816265719271
0.09921299643578854
0.06939478122360988
0.11390884506565216
0.04950038389352316
0.04910626488433473
0.04752784520957348
0.07455633217114079
0.10234972672457586
0.09265650362123226
0.04984973697963406
0.09495443911665721
0.0884700315684185
0.09696190471221561
0.09887198857294556
0.0552380615283087
0.1063832585870838
0.09267493509167615
0.0899381906528138
0.10222685242132576
0.04480521367840274
0.1163482232012619
0.040575516673084684
0.09835774731718604
0.04886430846519239
0.09977164396173699
0.05042459236727041
0.103308692593538
0.09095219346016357
0.07924805891747863
0.04780941796967658
0.049895053244029486
0.09745750720785004
0.05771944285987952
0.09324117023576174
0.08236429236261475
0.07974548446743566
0.08321243775380982
0.08730409831758872
0.10004214843399087
0.07313062156736343
0.10696239101850989
0.08968439170140373
0.12696139750631813
0.05752741124773327
0.0682117598851945
0.03992090707225041
0.0752501653989994
0.09797393719511859
0.07250786697127959
0.07464273401166224
0.09551206005206375
0.0988529278153443
0.07200734248943036
0.07499472317191969
0.1030722398854683
0.0712779755893579
0.05086548133859394
0.058643394672420183
0.11576770431259752
0.04466512267168864
0.08520347224438765
0.041864945830565
0.11329413256410552
0.057532450453553693
0.10967686041130173
0.07581985786538593
0.10532198651358764
0.10480943269877016
0.08412022444673749
0.08801436069205777
0.04631089828782651
0.08675633694218648
0.07931380984004192
0.07607792451466329
0.08245015594861142
0.09001444078595314
0.060378589331272645
0.07918330294896549
0.06463550764150512
0.0739189439644518
0.10341794415395655
0.08647178506309601
0.08462840793704386
0.07543427287317077
0.09155004758259107
0.09703579454864956
0.08478692780905767
0.09060853122090709
0.08082547562975662
0.10312205678993469
0.0915814923178219
0.04485928814122363
0.10005095307551043
0.10187645902748008
0.10351205858492044
0.10542039113156115
0.09884940942140577
0.09524286415096458
0.08671312991404476
0.09435455441251006
0.09930556769761514
0.04948439771564162
0.07130758442655324
0.08051699885478124
0.08046411414042069
0.09462515876830631
0.10017537040685877
0.10745823566182354
0.08547781735136593
0.050242700696239935
0.06609187344847146
0.09790249044579405
0.10444309838711838
0.08360957604494561
0.08112849847149793
0.11021996533114364
0.11627046286862633
0.072502668445246
0.07420947641448265
0.09945879035061077
0.09906011452487143
0.07780489391145397
0.10249097219474194
0.07982571195115234
0.09436609682799853
0.10927894705704427
0.05869152205082943
0.030821727421040772
0.03627197622873833
0.084163906372132
0.09135213443717527
0.10099559184263333
0.11011170151141716
0.10684290208408107
0.09766447432180733
0.03998902236068553
0.07584185229402877
0.1030007416833695
0.10144223833279818
0.07909822979394988
0.09862011782796268
0.07966597631742024
0.06756475109013818
0.08530864821155613
0.0976203932863885
0.051210014388066084
0.08229185160853737
0.08851587858131126
0.07604564928014075
0.1075038423773833
0.0780600425487243
0.09106305258364994
0.061174339288443846
0.083374667204816
0.07896555433775566
0.04455637787521358
0.1015592346980602
0.09243384952378736
0.036311493309518175
0.0484163371353679
0.05427141330221745
0.10641020285837968
0.1012140062541603
0.1148556129725573
0.08326313913519286
0.11813253371238094
0.08060901358662532
0.062464677701896745
0.0829896275530583
0.09782819781124115
0.08807569129144668
0.041510431238592244
0.12780893234627255
0.06927080680883216
0.034092393217390896
0.09194019446233666
0.07782364476653025
0.1062183682748695
0.07319792134170376
0.07708884043815264
0.07963521527002408
0.10425075866737765
0.09832069313362335
0.09248616460407737
0.0631381551156139
0.10570309665519649
0.11256057477188226
0.07964952655456266
0.08567263649797777
0.08975565584318147
0.08133299451466967
0.09533068067256055
0.03835625756527426
0.04278841843007017
0.07566165006222385
0.07896541624907664
0.09037511738090104
0.04496349633386075
0.04564209703169808
0.09226427747845907
0.09673232627236528
0.1030188892653123
0.08712963935026374
0.09876478536015629
0.06312567964941292
0.04442345892382911
0.06442993158024919
0.07067884230022958
0.05575535507132374
0.08367488375762704
0.03976459965192562
0.09568841431945559
0.07815870331177474
0.03737086251200877
0.07585360759292646
0.11605315686465621
0.04773365569782029
0.07506016999112727
0.10027466879678547
0.102744051356809
0.07080941580727264
0.10994996084212448
0.09262525435880103
0.10567712125041118
0.08502742213695533
0.09036348327837783
0.09578174376853622
0.08162357135382772
0.07246056924348711
0.09029262795972835
0.08279788553346892
0.06487130425198327
0.1060826891161955
0.09024489228123055
0.07916710657805863
0.038577649387704326
0.07955825078234756
0.06583260081660038
0.049313644007949145
0.09803174517683122
0.09290459756624334
0.07008949063817212
0.054640064735598105
0.08748887644485626
0.08546076038536288
0.040658658446361844
0.09166151588399704
0.07987148226065423
0.09384548940870147
0.09017989859644816
0.0778449019992389
0.09629895743703716
0.08976883455171308
0.10995247054166872
0.0455665464769088
0.04956374227231098
0.07424325530821457
0.08783971926678656
0.09749175563304183
0.08022773824528738
0.07937338138251368
0.09769961036145931
0.044124369245318526
0.09051367778401825
0.08766687117986512
0.06659523873658481
0.10306534587189912
0.09601231732681671
0.04657553363711643
0.10622817022439585
0.10118201319324835
0.06495894822686028
0.10105263512173007
0.050162425459592666
0.0710071176328671
0.08638552828626259
0.09026194804910172
0.06479844497013804
0.09946937168622369
0.0476932151066249
0.09206030401604824
0.06552037386958454
0.09093644756878308
0.07014609247313984
0.06903024958748126
0.04372102046977288
0.120892313244637
0.06626701796284622
0.1278371463949835
0.06917650850540871
0.10112889461324834
0.04823217978888651
0.09178467472458968
0.043200647757446774
0.08814875056011796
0.09853610711161533
0.07535144512311412
0.09651286923805931
0.07224436873149455
0.07053355651092828
0.10728241119421657
0.09099032569205827
0.0506732250608483
0.10000342435623137
0.07306259233125975
0.12315722925608523
0.09486429250491514
0.08763482393751328
0.09382898370535148
0.08781673280942008
0.12010802385721386
0.11781462081655192
0.07700428149783112
0.11052602949719324
0.03633005946165912
0.050421376391019644
0.07394472466761909
0.06848534707803745
0.05161547926540808
0.08891749096476625
0.04742256939802189
0.08849272023019883
0.08689716411859735
0.08087319226002865
0.07242202663731627
0.0775963291246186
0.10062843155081877
0.10578020262860102
0.05860973121553857
0.1013378528690983
0.04767901900755082
0.08413935258432408
0.09912200196679825
0.05480847784056313
0.09201260194164619
0.052295396339395575
0.09313507680280406
0.07885163853825224
0.03853527733135944
0.1038474463243125
0.11916471330530658
0.08804108996870097
0.09923671640864738
0.10144494037881606
0.08996873693517789
0.08299081932619534
0.059158204541609284
0.06640876945806555
0.08200875455634142
0.0757058416368432
0.08292884705914635
0.09043942355618875
0.07377092753554831
0.05705277024881055
0.09866942056024035
0.0945285310086676
0.08681699780535891
0.07622966297135834
0.08900510710597838
0.04902627544587684
0.05172189529500386
0.07143382734231762
0.03286517289254266
0.09269756627223223
0.09443753041544135
0.06464884359899027
0.10591569763179692
0.09230169906116584
0.08857092903475762
0.08270551932489723
0.12509581896748462
0.09019416654214892
0.11462892398158019
0.06028478914478395
0.1157140513234831
0.04429513639760918
0.07133087246767082
0.0825007263282093
0.06785554824854924
0.12349305539276444
0.0956238404845872
0.04625876555692429
0.11687332649975948
0.09254852221446884
0.10307030883253603
0.09094949712149429
0.07085260219970964
0.04261439945203609
0.12341498763826611
0.045402277854591076
0.08968204410997029
0.08594278270292845
0.03800916182247453
0.12226277062431352
0.0974196706041719
0.10406454751513088
0.08531328185997919
0.10746334778455305
0.06226692278967393
0.09867004876891679
0.10490695972200895
0.053339703554384
0.06785449760024152
0.06912562676781475
0.03565304865991151
0.06822134910730723
0.08643276111443456
0.05835874443346313
0.08585263910089182
0.09504864304603108
0.09037640841722736
0.04247712958950608
0.10736023834008353
0.11468924132347945
0.11324253543562222
0.10879433820118203
0.08544824880892718
0.09474203093673729
0.06506917162370508
0.0878500766820408
0.09013025244517289
0.09895790196279207
0.09668904529957303
0.09933733060799
0.05443680878068337
0.07452758021539604
0.05974860258280544
0.04129426514691924
0.05237885063035481
0.10448278326559286
0.055236272639437485
0.06093890791455572
0.10899477378667215
0.0885842606007283
0.07129938272341647
0.07982569121760986
0.09980070863427859
0.08385164480204801
0.07901542537577015
0.08412000977314607
0.05479944093436695
0.09091258620602184
0.0716361437170646
0.09667260832750117
0.0758367704374044
0.09774285122417556
0.05277913785876246
0.09226276814394167
0.09087768586949295
0.05712666878161876
0.09347199598763051
0.098140296709749
0.0695657655849985
0.0575823762150377
0.08339851529721912
0.05343643681937187
0.08925355507539111
0.10094033881105983
0.09546850414241326
0.09808402323764726
0.05282918871483905
0.06311372478668084
0.10100847957821964
0.07883212847101179
0.08013274147563017
0.09032145662821152
0.08734012110740151
0.09151964289767532
0.09521529665438559
0.08314182415740046
0.04348540468454795
0.07859673421726322
0.08154770040277419
0.09129421071745392
0.07812826203774288
0.08351857342147277
0.0874768459717166
0.09735240116743271
0.10007478157782128
0.08446804064418895
0.10472231018777334
0.09662686450420482
0.1080961790010404
0.10031018074194786
0.07323602797309633
0.099399790196995
0.039505652518149414
0.1119956092208495
0.04950845574727553
0.041884815357019496
0.08110243645788745
0.09402008078431351
0.051101518375506964
0.06162552072133298
0.08752819781612664
0.0443866960258455
0.07071374650827411
0.10448956183868056
0.0629589248342292
0.0984195132177451
0.04415310547319251
0.06652428850485492
0.08864170070495431
0.08407559306351654
0.09447680180354345
