7
12
4
4
22
8
13
20
9
9
12
7
7
15
5
16
16
8
2
6
2
1
8
2
4
10
13
14
12
15
17
28
13
9
8
13
7
11
17
6
3
5
13
6
12
32
7
7
16
10
11
21
9
3
17
16
2
13
7
5
8
2
4
8
2
29
1
7
5
2
6
13
16
12
20
14
9
14
17
7
10
3
9
11
16
9
13
12
6
4
12
33
6
12
23
10
6
32
2
12
2
9
9
23
19
3
8
10
5
3
0
11
10
7
11
9
4
4
24
5
8
13
10
11
12
8
15
15
12
5
8
9
23
14
1
5
19
12
13
9
13
18
22
12
8
6
5
8
5
5
15
7
7
9
15
3
4
3
5
8
12
2
8
32
19
18
5
21
6
9
5
4
9
9
5
6
8
13
13
13
7
17
3
3
11
8
21
6
2
3
13
17
13
1
8
11
5
2
16
10
13
4
7
2
18
28
18
14
5
10
2
8
8
5
9
6
30
2
10
8
14
18
3
2
12
9
5
7
0
8
15
8
12
5
2
3
37
29
2
5
12
10
20
2
12
5
7
12
4
8
26
15
14
21
2
7
16
13
10
6
10
9
5
11
33
10
6
2
8
3
8
2
20
5
6
15
7
11
4
14
7
3
3
12
15
5
16
3
4
5
4
8
3
7
6
10
8
6
30
19
3
19
16
9
2
8
6
22
20
4
21
13
7
9
12
23
21
3
2
24
22
25
15
7
13
14
10
4
15
7
9
27
17
11
6
9
14
5
1
10
8
4
5
20
8
6
12
11
13
4
16
8
2
15
5
16
8
13
2
28
3
8
14
5
4
6
21
4
4
11
9
13
5
4
9
6
25
7
10
6
10
6
11
7
8
4
9
3
0
35
4
21
0
6
15
17
8
5
8
28
6
7
20
6
10
12
14
10
13
8
5
20
4
28
7
14
6
21
9
26
18
5
27
3
21
16
3
5
10
13
8
10
8
23
14
13
4
6
6
16
16
1
9
3
13
4
13
11
6
9
10
7
10
7
11
10
8
10
8
6
4
8
5
11
2
13
4
12
29
5
12
7
10
17
10
4
4
6
8
13
14
8
7
4
6
12
14
1
7
11
7
17
16
5
14
10
2
10
5
5
9
10
17
7
5
6
11
24
9
10
6
7
5
12
6
4
4
7
14
7
3
3
10
7
5
9
17
18
12
4
17
5
19
17
28
11
6
17
17
3
7
8
9
0
21
2
2
7
8
10
10
6
4
11
3
6
11
6
13
5
22
7
3
18
14
24
5
24
7
11
16
7
11
4
17
8
9
12
9
8
12
25
3
13
12
12
12
6
9
1
5
12
11
10
17
7
2
7
12
12
20
14
13
8
5
22
5
8
5
22
12
20
7
8
9
5
24
11
5
8
6
22
4
11
6
25
8
8
8
12
27
8
13
26
9
7
36
7
16
16
5
26
4
6
13
12
9
4
16
11
10
8
11
13
5
6
33
3
25
2
5
17
7
7
17
1
8
19
4
2
5
4
7
6
11
14
8
16
13
6
6
2
9
13
10
12
5
16
7
9
17
14
12
22
31
16
8
7
17
10
4
12
12
17
15
14
14
33
13
23
4
10
10
6
2
15
13
8
3
3
4
2
3
5
7
4
12
11
7
10
6
7
18
20
4
7
2
9
12
18
6
17
11
12
6
13
17
16
5
6
7
6
5
9
9
4
13
6
5
15
10
20
3
2
3
10
12
12
6
7
9
5
9
28
5
18
12
6
3
14
11
9
10
10
2
6
9
8
5
15
5
12
11
28
9
12
3
9
4
18
7
21
11
7
14
9
16
11
17
4
24
8
12
12
5
7
28
5
5
4
2
23
2
7
11
6
10
19
6
12
5
4
12
10
9
11
5
6
4
7
6
13
11
7
1
1
8
1
3
5
9
13
15
8
24
6
4
7
8
7
7
17
17
9
5
15
10
30
9
22
4
12
15
21
9
7
3
20
13
3
3
3
10
7
11
17
30
17
6
22
5
5
13
4
32
5
4
9
7
17
14
21
14
8
4
18
8
4
20
16
18
4
3
6
5
19
13
3
8
10
7
13
24
4
14
8
4
5
6
23
13
6
7
3
10
15
2
22
7
12
6
6
10
3
10
7
7
8
8
2
3
1
16
14
16
15
12
5
9
4
15
8
13
14
17
27
4
2
17
4
18
3
12
12
17
7
3
25
12
17
2
2
2
10
28
21
1
9
8
8
18
15
5
6
17
9
14
20
15
5
