0.8397272139892804
0.8570409796754779
0.7864952037721342
0.8311152755129951
0.8796359716051092
0.8485573080269286
0.7086109452148759
0.8606959423871048
0.7881626414500299
0.8110488638045775
0.7516637558702047
0.7858058868996658
0.8400617652574958
0.8151462077543873
0.8094996133830139
0.8724786522797847
0.740735541873738
0.8299462044889869
0.8759138446470719
0.8364862802971862
0.7513605867078526
0.8143175009339387
0.7985962737949878
0.7883229331233524
0.8092264907688663
0.7998073664907832
0.7701401642600306
0.7956669377280963
0.2296374915254668
0.8875524191056028
0.8697428953908823
0.8547373279561236
0.8655927944280858
0.7054737980500162
0.812149298704518
0.8856446677516242
0.8814288672066606
0.8032026154781482
0.8883056800461375
0.5143243683825134
0.9030884562372018
0.872223806219836
0.8807759936477919
0.8680476867691256
0.8023964231237177
0.8295986677382574
0.8534939776334828
0.8704850968202293
0.8745452698531534
0.8269414430203403
0.7969425823233953
0.7654484166702763
0.7874519942011688
0.7865443595211057
0.7151450852837394
0.7977311784216803
0.8521440300557686
0.7203161045114037
0.861006839274834
0.7871157480525016
0.8589494088706373
0.6095066051932929
0.7741202835718328
0.859611644875179
0.7752879248408049
0.8127129993331499
0.6796514682011149
0.7689892092022472
0.6225321824613224
0.8230251855805788
0.7651717424475872
0.8138514590943416
0.5874695809126572
0.8221460697295897
0.8329143595694699
0.823013496645363
0.8452566970476245
0.807697859275515
0.6588393476562113
0.7614160860657353
0.845016136767136
0.788449751719902
0.9030411830094581
0.8750706687189762
0.7959736949642808
0.8742571807957417
0.8201755062517941
0.7926667168287624
0.7821818939708908
0.8443608950875288
0.7294935964296851
0.8603450106904736
0.7608994767853152
0.892235051009997
0.6793624274271001
0.842916468707432
0.8359738389708293
0.8533808552336574
0.7200166688992921
0.861660013962454
0.7845645114535567
0.8379233837140684
0.8423702865636371
0.6063250875339985
0.745690130598692
0.7681873487852062
0.834361037326443
0.8701629430508218
0.8728877155516702
0.7592697232147936
0.8903680119548203
0.8443088795446169
0.7842596495092267
0.8190066348070159
0.842213283638946
0.8090274400761048
0.8308376041914738
0.7953654442574358
0.79630887528591
0.7903542139522399
0.7412217818537356
0.7482846311904902
0.7942857445249231
0.7550953344639223
0.8654009542633072
0.8276144087896532
0.7216538414267221
0.8830179551595062
0.6532665159343292
0.7356675968457316
0.8673729868893953
0.8300940020875733
0.7052003865999875
0.8493358438591289
0.9084440707660947
0.7377189732851643
0.8594720137177119
0.855407156479092
0.6926252356787547
0.7867772590647695
0.8417085638637449
0.7774248326570976
0.7738175538000942
0.8409866965239815
0.9040614062647536
0.834805544361479
0.8527092752501773
0.8395796627985868
0.7892987929767673
0.7113220263489259
0.8317713875939394
0.7739817208757975
0.8795804826897767
0.874215181166645
0.8252976364735195
0.8232753578294445
0.7370490836860442
0.8505574738141065
0.8797115020844843
0.7287247126603587
0.8305963624247904
0.733704880236885
0.78335564286209
0.8286005618419873
0.870341260259035
0.6758552423586
0.8800414126397584
0.874701672817629
0.8181809077792308
0.8767960341585478
0.7249651537435355
0.7796399362778126
0.7437175901391581
0.7823493164139335
0.8117847138070793
0.8425114892716936
0.8590016177010591
0.8624380602487958
0.7153329072849538
0.9044615054452814
0.8923393410756595
0.8372878324496864
0.8065536666753932
0.8288710049114545
0.6153946337043148
0.8443024019257719
0.8867646880153213
0.8109129763600614
0.6176368650211811
0.5555416558117915
0.8701313128607281
0.886747287304164
0.9047268231320809
0.8283382631470582
0.8165598356001611
0.8439479184343185
0.808012228114636
0.6369559847183087
0.8755849866568641
0.8167005756477504
0.7771739268612117
0.8625918761207936
0.766234908328082
0.8251405325934857
0.8136410527315487
0.84802246292598
0.889859783449501
0.8727695585595703
0.8775326241666574
0.5811456290682792
0.7990951333863237
0.8227985874420003
0.8065783064186082
0.8215592529674689
0.7895805526576971
0.8331968688737735
0.8306587653643522
0.7271649174817559
0.5775619821848966
0.8380934785588956
0.8394766751547589
0.8034915832000369
0.7442073317430102
0.8870354493868815
0.7957349891917811
0.7663303870257462
0.8528871654377341
0.8127543077360762
0.6451476846354408
0.7761897700730553
0.787279348737264
0.8127056659681101
0.850103417054614
0.7490652354901357
0.8475627831304982
0.8712081814924219
0.7578553153760684
0.8642706299863958
0.8921319462828972
0.8922230544838232
0.8083838571659916
0.8196970068968833
0.7664002740060265
0.8685699466741841
0.8857824976455173
0.8628424981290184
0.8123155573765677
0.8520359149000725
0.8142902924652136
0.629714437572914
0.6071787473058228
0.7965154858999335
0.8245075057548996
0.7332818532164909
0.7839363387698137
0.7804737233511965
0.6086701056285129
0.791258669319014
0.8205972263608343
0.7689466958976061
0.8287966272469043
0.8772171438211027
0.8391315461029857
0.760853130835923
0.8114773953255574
0.7868119990437559
0.884250765470335
0.8173852616805113
0.7773443476902215
0.8033791392660856
0.8211718095896481
0.848529551112581
0.843536869274438
0.9066623856442981
0.7961766225213024
0.8083605926460904
0.8037165412452992
0.8159737554958713
0.8644376258654537
0.7746463008850489
0.8560190355463052
0.8530245019408911
0.8395539638036408
0.7704080415889798
0.860523209237799
0.7934332954435501
0.8691575785755734
0.834646906897721
0.7440202239791116
0.8240859857295074
0.8409179531753288
0.8749309166019104
0.7676615164115255
0.846745826654291
0.7824796783511744
0.8399030548740405
0.801875487429115
0.7971776898997885
0.7565700199001806
0.7903237618570764
0.8100294958510573
0.7804807948819383
0.8175889633320255
0.8408131705420989
0.8767248375428555
0.7550945191413199
0.683578107440543
0.6303270344174294
0.7774104151931565
0.8257855540988162
0.7893791954290668
0.8217289946081869
0.7881791779925998
0.7972724696866957
0.8519816889271052
0.5207828297131805
0.778895370267209
0.8889840291953073
0.8545641822180428
0.8758696334177831
0.8159584921912116
0.7365079522564533
0.6707244106754178
0.787592089292268
0.8515973735800821
0.7581733588882181
0.87966280900293
0.7638384511577632
0.7615778918221666
0.8640488557480226
0.866808737078475
0.8169600207230865
0.8280309938485624
0.8664225413218456
0.7699694403205539
0.8156715528664649
0.8227439917269362
0.753716715533312
0.890924168097171
0.8307854555383011
0.8291024621767122
0.7758654987659618
0.7076182034870385
0.6006054527539567
0.8597993560155098
0.7372762476531345
0.7930550950712716
0.8645953231891956
0.856600454565651
0.8215373648533308
0.8376665276099391
0.8640379299452178
0.8050093868228546
0.7839845323537651
0.826208847997203
0.8352676186280343
0.8582538551285901
0.8670122326747238
0.6942963520072113
0.8568384329921412
0.8502118830308218
0.880720600331362
0.7760656313147803
0.8149471531655601
0.7108562381082131
0.7094884949516038
0.7926980443369012
0.8405032033868034
0.8967971323334514
0.8488584689482255
0.7221872673054017
0.8584471670136777
0.8272092591055114
0.6559102497515038
0.7533799589949453
0.7211479043957973
0.777782940817745
0.8159364148086361
0.7748311341165784
0.8661403414692705
0.8275069773481624
0.6633904384504995
0.8672658922684462
0.773859979343243
0.6635469745749236
0.8075490138262369
0.8006361700677034
0.7541941326362511
0.7163907950803301
0.7788680491434861
0.7754377850376502
0.8832795804808384
0.7417930871263783
0.8308827163906464
0.8758286432625236
0.7405981312747475
0.8289034695063757
0.8508534344914701
0.8770322807676518
0.87781179871835
0.818118256536863
0.8127234383104298
0.8228998250056119
0.8138100489503425
0.6632170419378773
0.8132866980791058
0.8083362646536238
0.8414384275151963
0.8427673207330171
0.8316919525079802
0.8489988093214377
0.859968748853271
0.48696485378583376
0.8629334379793187
0.8358067923132326
0.8656935368312055
0.7965304350757783
0.6812459726606894
0.7791210440880811
0.8591013088257694
0.8557709691464169
0.7891782092871279
0.7004914856193192
0.7800937750592234
0.8606236482309715
0.827642523446645
0.816444218584112
0.8864393131336964
0.745111465696745
0.7528874013770017
0.7418737713621623
0.568631772571706
0.8064879298414102
0.8933579560807423
0.885185490226035
0.8365651983625655
0.8153046850110416
0.836329046472516
0.7913837561527324
0.4894455313332413
0.8232361608743248
0.8647074957283323
0.8279078547767138
0.7826731973013502
0.8114038120467697
0.8093181787309234
0.7544302999209993
0.8408969248817915
0.7469236487460965
0.8317030277514048
0.7820987901543625
0.7285544375075479
0.5863198391679
0.7368022465154683
0.4921564164617187
0.8068914909097691
0.7390356566150802
0.8394720662312467
0.8122258039814159
0.6970795314756055
0.8724045120046724
0.8452816793087374
0.8173185515304411
0.7831826384745619
0.8155424540641606
0.7853465248004474
0.7314448056361963
0.7305469533803954
0.7803243393845549
0.7651019768302582
0.8666247469617939
0.7991571461552318
0.8520708513755035
0.8201360535121883
0.8212576368008306
0.7896118211807861
0.7619013077960984
0.8658783811648867
0.8926581031997275
0.7917656567724181
0.8061078492678612
0.8502207368758097
0.772889935575217
0.6787261847123366
0.8673078768990071
0.8635653391222342
0.7057260520006967
0.8319118420481184
0.8762117029035288
0.8341131987357611
0.7244796406288763
0.7935246937688656
0.8153943337037348
0.6892378190935367
0.7361970060558212
0.7226984915285108
0.8607648927937839
0.801555763559474
0.830255822517783
0.7832026279383336
0.47454229679818477
0.8051881312445424
0.8049540890417675
0.8545029612603121
0.8237623823032252
0.7837134397154335
0.6964599047366803
0.47696897499455304
0.8770778144679032
0.79590189740299
0.8586716531417957
0.8061194998053478
0.8701982442016143
0.8368766457882537
0.8140468625791757
0.8315018500505584
0.8459003310922453
0.6276131800125347
0.826250327315031
0.7048334240055358
0.7415567551447123
0.7965289100752089
0.5220401199490285
0.8518076603878986
0.8319260420539509
0.8103833832258591
0.7360454730179937
0.7960600512860752
0.6971357630267424
0.867468282836539
0.8014539622610084
0.8541262034435552
0.8473648427366078
0.8762751537352307
0.8284881038148534
0.8499264655941172
0.84633131018872
0.7845645288053983
0.7879919994020533
0.868778761474617
0.7264635954975976
0.5316405481180928
0.8589411405948222
0.8170921966488447
0.8183062272493336
0.836908592216064
0.8960035437704813
0.7612726116730295
0.7469356118574658
0.8448413063247837
0.8685061371476653
0.8924757071791742
0.8488605627174785
0.8340594764132117
0.8097686956260393
0.629356575993798
0.7694416951338334
0.8622577619059097
0.8254654457656522
0.8724916349182461
0.7822486772079182
0.7202728300037359
0.7980184344140377
0.8952930203600205
0.7718503824452461
0.77188689293307
0.7684327887176672
0.8621941100420085
0.7781540107514825
0.8175549412527154
0.7644390016025795
0.867236125732169
0.8989416059533126
0.7699540097104368
0.7632286378007307
0.7865102875452907
0.7682905608734859
0.8704665619141927
0.7764579861383059
0.831752930277337
0.6187590692729846
0.8017006001553237
0.8011431124020424
0.5949230923682333
0.8648276311499055
0.7109425024102131
0.7997580971791325
0.9179541981655621
0.8293206916265166
0.8273183066781586
0.7485343470677014
0.7825976255904138
0.8117003730843353
0.8618319714260407
0.8534712557697357
0.8276105453446765
0.7617160974621418
0.7271899194185094
0.8284219294842876
0.7167614524731967
0.7942799214407574
0.8024035324552949
0.830038044312543
0.835160455055638
0.810180841483882
0.8783144127077134
0.7706219795143033
0.867241267582898
0.8282063826727786
0.8326692608532227
0.9178578189843138
0.800853768287457
0.8170505834696778
0.7942799314030227
0.8596412146271963
0.8632633276180293
0.8189475102805277
0.8699641481688123
0.6143589664479803
0.76166682543491
0.824645329654528
0.8425832297601361
0.7686564741136912
0.7375087360052869
0.8041081963723878
0.8720769210120656
0.8759579858029404
0.7898290100428885
0.7494826125352525
0.7108456302561041
0.8388295500678902
0.8143200413223719
0.8044210195984198
0.6239044296900854
0.8653026331541837
0.8768639064920132
0.8444855893267799
0.7726517354335614
0.8526175870457233
0.8212444533085713
0.8170470718241482
0.8644802981283235
0.8783823887022548
0.8446395684736578
0.5100375396854645
0.7968885828883621
0.8711314649722106
0.8746722560123933
0.8038406322145264
0.7730222315701739
0.8343690879803205
0.8583708530590495
0.6895341580700922
0.7803148958687827
0.874936345597003
0.6815710482728768
0.7686434859825282
0.8444746350476704
0.8522570615720821
0.8613417169097344
0.791373861621782
0.8538698892277725
0.8510767397599834
0.7833315023438592
0.8609486871507032
0.8443702910894271
0.745299592120656
0.8865811890047304
0.6776323598998232
0.8178947065721776
0.7522848764854401
0.8089523479046596
0.6940299561425047
0.8634388321172264
0.840768429460792
0.7615584018072217
0.805607914113359
0.8970991662550334
0.7688862745079194
0.829140948707142
0.8447271328365673
0.8036821729893211
0.473947051135863
0.8242093560811707
0.19035674324015586
0.7736730964658879
0.8382108569679092
0.865349258455907
0.8530395626297932
0.8652324755679464
0.8180116633842422
0.7805342846741041
0.8462845771150033
0.8239534297670208
0.8406334209424295
0.8414284695759702
0.7696018795806561
0.7312877447547785
0.8385299453370165
0.784260622942426
0.7804941479799632
0.767165878990081
0.7452526853686652
0.8473641412127906
0.8882414258379268
0.8433722016270252
0.8690296709623593
0.7897914261107117
0.7934755228845757
0.8428794766555108
0.7560570359568072
0.8113511793328514
0.8318358545268012
0.743788193531191
0.7469812862184309
0.8640700162014388
0.7710356250902438
0.8965886784040766
0.8887118451825362
0.8739402489337347
0.8521964484151554
0.850815884991179
0.8068513488083866
0.877348644892247
0.7386202727075706
0.8513899558789588
0.8045751012742565
0.8898663080406358
0.8528781402281775
0.8133132182953842
0.7722116305272818
0.8383056207636312
0.7984964747087557
0.8293979312165887
0.8669706797092913
0.7601202518015167
0.6017202522568063
0.7787126644430777
0.8522017095569492
0.7778318526867634
0.8260307026079616
0.8700952380235467
0.796571307319593
0.7868119705505869
0.850626540920044
0.7255885219773734
0.5025103370071587
0.8403989519255948
0.8550365018542199
0.8071688265522041
0.7396855303883356
0.8324784631689781
0.7384084917514541
0.7847894531484099
0.8694004596161204
0.723761598876921
0.8337256752968432
0.837874484125289
0.6935756319337593
0.8676347550490717
0.8286964960364316
0.8772419816045247
0.7141159817361533
0.8013743922120096
0.8344004919719716
0.863627120438057
0.8280964876631376
0.9018272154129972
0.8190619476952774
0.8202475412218698
0.8062138288895196
0.7552185039373236
0.8622116968661488
0.7411436908356293
0.8833047727944265
0.7747409338690854
0.8693491889430589
0.8075898207874261
0.835484478765786
0.9180890007361368
0.7826449790016115
0.6942065077982732
0.8034193331012556
0.8395192951453186
0.7913727930721643
0.810350747370929
0.8651668334814526
0.7154755293580239
0.7707071385404023
0.5462822440793282
0.847601523956919
0.8184518372621226
0.8312230404394281
0.8154490091636871
0.7337670461531116
0.774576195864239
0.8215660354340737
0.8367249731928794
0.8306578443375259
0.6872914755500712
0.8392134626828878
0.809989408525565
0.7631327387817204
0.8405464613624876
0.8532050835465513
0.8567343110973619
0.7624512922799325
0.86782696724389
0.8507983332844138
0.8808237717642353
0.8060166432997753
0.7426820816395991
0.8701702444475932
0.633719969685128
0.7621137961617472
0.8091939480433945
0.7244960836624115
0.8499972466106487
0.8516341202942331
0.834743442302863
0.6722622888586356
0.6596085684345356
0.8429646427514531
0.8462623390356177
0.6152898363638786
0.7830836002786854
0.7224952653630439
0.8770716180139483
0.8455250135767653
0.7966181997318367
0.7560664912284849
0.82643383722584
0.7269743227523036
0.8746294485441791
0.6786599241504562
0.8763929006890341
0.8127652577848126
0.7155858623204179
0.7445180233427774
0.7271518703980829
0.8689964772503727
0.8135683768695623
0.863745596666547
0.8728809106191235
0.8974137332894663
0.8826365798903937
0.8525427911791639
0.852132914654549
0.8090996283067446
0.8386758971164978
0.8286701109924386
0.8350217085992258
0.7712503312377317
0.8573220008748323
0.7281509307535441
0.6546973932632132
0.7689103092038427
0.801680888855187
0.7679194243163441
0.8019471966896168
0.8532347284081988
0.8319206835920937
0.7786065776801496
0.820106039567628
0.7732213869851986
0.8112789673708253
0.7313782703311913
0.8404744869639811
0.8463742281974038
0.7209103745553291
0.7434430967807579
0.8443388890581518
0.8509500782880837
0.8285525946863905
0.8305064398038331
0.7155440897427894
0.798357801452914
0.7967357026227317
0.8489089770358078
0.7822520246634515
0.7795231128117577
0.8284527322395816
0.8066863329684486
0.8321744754135676
0.884536585136428
0.7893777758446303
0.8654891722696907
0.8751519215366768
0.864264890850638
0.8420937789380696
0.8493688238936061
0.8405525991778123
0.8846189943493636
0.8216671962562804
0.8565391088884511
0.8187526945772404
0.7330031238515584
0.7739757047543434
0.7884539327383573
0.7657183153675751
0.875346250126324
0.7191121333521242
0.8372287447488646
0.828428319131121
0.7716044011508845
0.8215218498041031
0.8598110275287891
0.8074525757366843
0.8808579359638775
0.7793326570248764
0.7486207280318056
0.7911833222931363
0.7823585664607291
0.6802456681517013
0.8510693059909116
0.7403713850335993
0.7518743949288136
0.7286260932374435
0.8661957039241681
0.8797319548604984
0.8580555191060046
0.8386586840351427
0.8384334421263246
0.7913495835462683
0.8592693330036819
0.85826003240921
0.5790551556855341
0.8120268782281767
0.8266705331947234
0.8327338262385289
0.8581500904138235
0.7684315012086289
0.8521268411755493
0.7667227899046186
0.7892738258440434
0.8420117923509792
0.826713622015217
0.7396221879606061
0.8576535961352134
0.8420205107111247
0.7961601980954762
0.8318135526545503
0.8294349704965369
0.7540483899986312
0.8290018455083163
0.8264410632212286
0.8441719832015597
0.740950653516777
0.8477104893983487
0.8248407244905825
0.7821727030391583
0.8468939861315747
0.8282369691736151
0.8607940501004397
0.7827917114912228
0.8076331410184701
0.7543143517154243
0.8830148968376345
0.765651473023838
0.7948308499445778
0.8359052798602822
0.8190071441093356
0.8471022521878259
0.7987211430268986
0.870080768471055
0.795368825263177
0.8698920124621493
0.8754200615604735
0.8388144889187523
0.7065928434615598
0.7612882179743237
0.7694592410614278
0.8231083639692185
0.5555881343361062
0.786928925054184
0.8004342273164651
0.7214754441081508
0.8384118027333752
0.7546970534336663
0.8664119819374501
0.8125724770526999
0.7887114236770677
0.8485532561843301
0.8311968963874461
0.8992596070657688
0.7875738144662898
0.8309864345357095
0.8802262168299366
0.8590189111179349
0.7714323981673882
0.8425966461611778
0.8607437535773946
0.7920999491044347
0.7541962911795868
0.8385634264191746
0.8907423175610858
0.8434923368231495
0.720039405181719
0.7093402924755541
0.7572463212395115
