0.19066830385218272
0.23219114597880966
0.12971611822197535
0.4085855813252152
0.2212418945076028
0.41602628137684555
0.4281738567421324
0.264921318024363
0.2927537383060968
0.3462973145964236
0.47981605052288534
0.3049035006063389
0.2119354461922705
0.4572148482386674
0.4999140285722126
0.030885750177777508
0.15926546773291944
0.43486289870651296
0.33126966840911054
0.2620765240072583
0.23400866483700328
0.28486313750276027
0.283954083916475
0.2832878288019729
0.15253018913374464
0.5014927259246253
0.0936451580270443
0.26024631519445657
0.3015078909509914
0.1651812893352963
0.10560866102795971
0.27566585417864053
0.3259950654696244
0.5556257846468432
0.28792540540827943
0.48288409103030533
0.13425547405958935
0.2470297373337035
0.2567733763627109
0.36354311192072697
0.21218215575046478
0.3362994439870026
0.2826858775522284
0.3947236251768107
0.21208003234782027
0.19391415910206686
0.2914520962849406
0.2720170701402288
0.4264487880795
0.17528968988927995
0.1990448822004711
0.14247456702558708
0.24564633493523244
0.15810908186181177
0.22817813145929366
0.33129436551655134
0.08307058137494876
0.3100763063623905
0.20260774579459498
0.19593326470051647
0.22110208347831434
0.020203563117177234
0.18629166808689115
0.2031737899269806
0.267342106598788
0.18428901501782177
0.34620372752399226
0.2639171731961283
0.0795682646547544
0.319668274753003
0.22028226283405164
0.3688849110699029
0.2245932107952676
0.33442412518638126
0.17139725267622385
0.38630841349844924
0.19302939059299293
0.3035332638891618
0.2904494247003026
0.13421203254273087
0.21088705273810146
0.09059566764770478
0.04552926828437348
0.32663861215812867
0.2174616729765458
0.2130028433765507
0.4326446563844856
0.42532863700987966
0.37295944532213277
0.2795642093201212
0.17096653793839156
0.277967705581503
0.40721718427901415
0.1582681611296103
0.15611157881605617
0.2727532828120773
0.19069765147996662
0.15879212069177434
0.27881343755423904
0.31157389775193817
0.2051230178490089
0.20297736057823274
0.290623392719491
0.232795419480772
0.21174809188736138
0.3639303918705082
0.2092550635219856
0.2775743436145138
0.24449494929579163
0.396731868376471
0.20240742984546164
0.17409382918813437
0.2560403047604873
0.3594580878756171
0.2975845270919553
0.43342208486717165
0.28910023576396604
0.2727304018597387
0.2265735691085806
0.1401836981232331
0.316039006709763
0.14432932996197886
0.3270376186349753
0.2958969871263674
0.1635798491664368
0.23842499616310678
0.18056144820489572
0.08760940576548065
0.1454649332198362
0.09148737329986834
0.3695542479741074
0.25787417444341854
0.2754279741110929
0.2756930122458157
0.3780350026508008
0.25236997331129246
0.15941058314736442
0.44655528301122294
0.3150078329693358
0.20206594064016736
0.3114801004653734
0.23498663040488427
0.33029057455962557
0.2105618711084126
0.3759528538244781
0.3928361584210124
0.2006086825816766
0.34904099212150996
0.1736961721321115
0.406411039723366
0.1738711208660412
0.15274286353888183
0.3090104487665351
0.20064524589276994
0.30239615349099813
0.4627995275688789
0.40494257845762854
0.1345556501643512
0.4435673053738389
0.17347207582269106
0.2414772229739002
0.2554838858840705
0.424756909624549
0.3257525194997901
0.1511559946566114
0.24276363991519095
0.35712043866787774
0.25864191108995416
0.12460320682773521
0.33614728251874104
0.4968028219857226
0.14855186347401758
0.17474616231288412
0.1672245855761225
0.2707426298325733
0.42024210927774136
0.3742002650294563
0.22526798295083228
0.29151523799000795
0.20293308296403645
0.2277307505462009
0.3811456258923107
0.10814078299102398
0.14528620754822136
0.23352172189445525
0.3176011289969263
0.24331633056815263
0.24173432278864157
0.2959594140709609
0.19541436821140346
0.2679763376776001
0.39762307339577346
0.35372501797403155
0.08689739070341664
0.26374175097198455
0.27400795164562414
0.2638487914046209
0.28340026932408713
0.319431233108217
0.32835687168755895
0.2665577256095879
0.21955571432504303
0.2525631729536832
0.2304994519012406
0.33334165604062727
0.3928165934118242
0.2473893585179217
0.23316184593768943
0.4286505229848233
0.32006659550876965
0.04523445647190339
0.32345705895846205
0.25967151835617336
0.13673882315155791
0.11492203197177987
0.2878280139131783
0.22808353212270502
0.29177899827542286
0.28776991994654944
0.21394704558831296
0.37071352388380396
0.3300192272151343
0.39121282067464336
0.17406764756825766
0.27233027142873606
0.3118750301176762
0.2810662038409095
0.25077900411130566
0.1759339678243116
0.2948671425127479
0.2287571511420419
0.2814427704246828
0.12680223835687232
0.23192197286319344
0.3947204986036403
0.23495724451649885
0.2574065439973781
0.39224155267889366
0.3972468234481533
0.45593127546345835
0.14643174662795616
0.3479890642483762
0.23982830909888264
0.13835338643791273
0.18431399234635235
0.19263264864961485
0.24220653573326614
0.025289707424788286
0.4295717358483472
0.31153266050558615
0.23566688294725205
0.19804588995505082
0.24840394215099673
0.4113482739238687
0.30319766575322044
0.307748933337002
0.383102519441096
0.2917062257086184
0.18849308847493154
0.27056508850495814
0.1490070475177562
0.33836165911339244
0.2521956302875375
0.32651545178515634
0.2232695389733841
0.25237918811459487
0.2764191709873959
0.2390483099258404
0.3552286364558249
0.27822427250735543
0.32615522888318005
0.41603084099421417
0.25785291181182424
0.1144824690749611
0.07870718499499568
0.25200444938356664
0.25179951208431356
0.23334495795521695
0.11233691299224813
0.21616004730265168
0.19377161226798728
0.416528429813472
0.29643606267981254
0.3943951519280573
0.35570198857844715
0.3544951174029491
0.182078358323086
0.2942046253462264
0.29361986048814076
0.30918695009671865
0.38600838966342493
0.28408074622190616
0.1790687260294067
0.11965269555945758
0.3030769432930436
0.3117873276154454
0.1374776871613612
0.21106756404560087
0.25165179204159177
0.3116911854335869
0.3181439659978427
0.442212172136896
0.21710349421285458
0.08826674004790408
0.32000630320939627
0.25992582691290644
0.12742872115290266
0.30497545673464527
0.24318544964256036
0.2475187442925703
0.296770612084644
0.21491842518743623
0.34190733399187784
0.15935163033405256
0.20407116923749344
0.3710895923391188
0.0247665759503802
0.22681995306331534
0.22318249019365616
0.13795289136690286
0.23392658835391836
0.20431309890208357
0.2365321233710751
0.38536992158912
0.41999767545113575
0.2509801268868147
0.3620055040323755
0.3402527732284592
0.35175692067241354
0.31377351584023183
0.3829492737615288
0.2097815925031244
0.1879100266673866
0.26719032654607056
0.26989677164949183
0.3389131373325653
0.2192818270883979
0.2551756002936082
0.3943880212612342
0.23099875340241585
0.3428315675308099
0.21525276258523368
0.11865027219686225
0.2095965715382845
0.29756333258224166
0.21059072540460302
0.3123088738874277
0.302973467403531
0.29631492837391055
0.43581111894865715
0.2811511643017676
0.22046097698025344
0.16447986604393328
0.09597808918042626
0.05034627034981522
0.35695723043669986
0.17312635938123272
0.18380490043676556
0.21105365957747094
0.3609061581921583
0.223464204521062
0.15170999860025752
0.2873807741647259
0.2564223549175123
0.335083588611751
0.3383715783855336
0.3868374144113487
0.3697147796324269
0.2455950742138836
0.3133655293509198
0.37506319757426193
0.21780065048046215
0.338111944679071
0.29944308644331735
0.16822010729264095
0.29683160920395796
0.24166089787318082
0.2777147818142777
0.1808605543314982
0.2887896020443336
0.2794076570120159
0.24154961273754608
0.21440697157733507
0.3091062685528112
0.21732030746768433
0.2921766625354069
0.23392067617196777
0.20285471643103378
0.20237638303364186
0.3585740422007482
0.2986419316767786
0.28812334935695894
0.3514980664436473
0.3190923462258751
0.41060138519870865
0.31347457714602905
0.43381817344596724
0.2903331918458733
0.12259208033376695
0.31091368672923264
0.37409518556073684
0.34633450926740883
0.29122545151417506
0.3884765171702578
0.3066271333453178
0.18124142137792795
0.30527008554601465
0.19711830098226046
0.21688020598053545
0.2070096096310417
0.19659338261285145
0.3314678246375169
0.09674409736844591
0.2946671316338884
0.37017375203319536
0.2568743881832804
0.2438396203066007
0.030047811433476977
0.17377785345345897
0.3081033789192405
0.2216611464022907
0.29294767874164007
0.14060766475378933
0.18571353159147475
0.2636917024787878
0.22433505968063602
0.29856754289322845
0.1972205983293433
0.16617929510127316
0.47444114376602653
0.3175537275111713
0.418017067791122
0.30144783762127614
0.17453404535398767
0.4226401463362656
0.29959447842892223
0.15520587299731306
0.241160168706748
0.24343696499705994
0.14363612491132852
0.2562349241120203
0.2955803848459018
0.2689911679956849
0.3164651291519968
0.3145710233305642
0.40748887667686073
0.21444905638102876
0.2997954427858168
0.100557185498544
0.2843772712144144
0.08748031154241949
0.36890312259048286
0.32895828840812785
0.23701471457033177
0.40354060715834866
0.16191752538292872
0.3030471768552743
0.20745500172564355
0.31054259006012475
0.2390770570918742
0.35761975763781584
0.4064422953320177
0.19673435146901772
0.2969564563726557
0.28770144265020753
0.24275155605095308
0.31216420336489825
0.2632829866937651
0.3512197379146131
0.236527969685072
0.3771295678466762
0.34990531032794825
0.4135130224351935
0.27780217195841145
0.08787246545780063
0.2430994961451233
0.283062043713699
0.18818783722029986
0.2918465398335174
0.19547987013545512
0.13988207658681523
0.20482936042768016
0.36678698405390536
0.14053940911881463
0.258383039908066
0.23761590530994248
0.18259899250629757
0.3130747945251992
0.208172420627065
0.22611014240274857
0.16681559190477802
0.36150215994653434
0.1969845886197567
0.28201047679637953
0.20575394901296667
0.22253223208736167
0.5210174971938589
0.27575955665064034
0.27372951295745895
0.26268836481965835
0.09826328746779617
0.27999957493213223
0.14907650918713936
0.19953303582767024
0.3279162385262546
0.22291543003373232
0.1870773317735713
0.1704680428885681
0.2033708335460792
0.3020215084185844
0.2651626733928304
0.1850526270766407
0.2296051612333936
0.2537352540669269
0.28535382145095534
0.43098799410632255
0.45114237150843733
0.1810136631891352
0.27485479097021703
0.17674762849262032
0.3031558769393043
0.3553674694226994
0.337468072660728
0.38513186808686306
0.20449674687823635
0.3261406175285129
0.20607596198516287
0.29948941042151617
0.34581461732048724
0.28437061452954443
0.28639722706206344
0.15542360791567778
0.16907194733252237
0.2367724646317772
0.12318906157841727
0.1997413126892985
0.31337980952337857
0.15495090881602572
0.10529652312990154
0.17361917334806415
0.29616442394759535
0.18688919460326325
0.22501073489485565
0.3696786395372932
0.21840600044245648
0.3342587222231321
0.36231920225792763
0.29817701284242865
0.46415205979089086
0.23734009789293864
0.21349157847533226
0.2279890345221567
0.27678311084509494
0.39040107609810853
0.3567105491966625
0.33563088157716897
0.16896390191647753
0.2428369319107452
0.26049280571871797
0.17822434517672703
0.20887801780199766
0.19829669207755166
0.16011773738368684
0.21740016429039313
0.2496299539810611
0.12565364084752076
0.15867767965591612
0.36401919167248303
0.537247528619376
0.27880667119724173
0.16981188868235014
0.3152862713096256
0.3214543102866506
0.1839831136077862
0.36772121379307077
0.2336892271657192
0.2847816710797962
0.2732377116638348
0.27589662895620887
0.06761768498748617
0.20565909066371513
0.32485019867062476
0.43769966408334515
0.28492159869657907
0.26920186841265475
0.28031730261553867
0.23961124389464433
0.41142015640231216
0.32160719399574644
0.3412729224978751
0.1459692986462025
0.2866934561734982
0.24263483967374785
0.18851013303016403
0.4011734547608123
0.2115942484954419
0.19482590101694508
0.5401120366117157
0.3110023289896739
0.19082826956902538
0.30795128238468583
0.2915817428894689
0.2023357083793866
0.2925546094115708
0.38150339317127335
0.07190297485635141
0.3744044689115998
0.3620826757892487
0.28278069272109013
0.17449346746876665
0.2634241633963087
0.20506939996958565
0.3284817766914834
0.36339912150001463
0.4101716645973836
0.16419424263980772
0.45841588964676216
0.40269661212797764
0.016316327600398303
0.23330678846460434
0.10186043943013795
0.10737322320821589
0.16102011461984206
0.19775581443377543
0.2691544097269564
0.3290518226348777
0.25644714288783543
0.25581975901785614
0.3138721017570556
0.33246377728995563
0.34276068038995805
0.23512094805156045
0.26611718502905074
0.19492011871383333
0.45118786985176473
0.31974743217224544
0.18382347902731191
0.24753236977757634
0.24241861629583578
0.17972656069342682
0.14895545740218663
0.30972868254107905
0.31777250808045426
0.25181516196599135
0.31414653989611147
0.11229874903945182
0.2780210062301983
0.25447721547000857
0.12527266644807133
0.20527412117957874
0.28587608280560106
0.40468816568973853
0.14311621962997903
0.3443014083916257
0.43655056468787906
0.1881984040424496
0.25648859286686293
0.5265590574195421
0.19950059488382188
0.30008246304225805
0.16571439723025344
0.3276218442840086
0.24385518651249086
0.32601135169581236
0.3223418818084755
0.3138677839982419
0.3597391979623313
0.40312221320115343
0.29288683247794284
0.30479965800612197
0.3060388400643995
0.1028662489632584
0.29424489163584905
0.27665494469717417
0.4355669603457679
0.37768125501048583
0.48210524588558623
0.12267010301233487
0.31637183592341145
0.2681362566039742
0.25653697947199994
0.13724672941479582
0.26759526002700396
0.3040523579126657
0.24173926348220692
0.3244130988279424
0.38177623941446903
0.12000034312391028
0.2196669620262154
0.09556137009717847
0.2682284332212248
0.2671600736017184
0.3722936961624547
0.07036848671848234
0.20177633236068132
0.40974117418244366
0.07512530017828853
0.2683668993765473
0.21951916479358258
0.3698555266101426
0.2857968133094714
0.47170126946831503
0.23807271471739178
0.008480694380331066
0.25730118913265154
0.2970376017492904
0.27708804802084697
0.3712416790354832
0.2532113267241552
0.3826670648824111
0.10917029926274797
0.3657260515211124
0.13668650996049847
0.21619908162987958
0.3793983466871291
0.26899075700642466
0.25650738580323995
0.31117611552237306
0.3577597879464361
0.061409503592951734
0.18112608355161608
0.46960481368218937
0.06457370313656305
0.027599606862587833
0.32141519098425914
0.23310644429619265
0.2965694892235947
0.3381858364613613
0.2652832516162149
0.4401869357184012
0.2705615503929283
0.276418930647578
0.42473081861671985
0.35148715228803584
0.27508948848285564
0.18191716143862113
0.045757194439954074
0.15143285987336036
0.3630353441926207
0.05684968235076852
0.1479702969648793
0.44913645541835395
0.2373934300453863
0.3406922895851154
0.2537221362681231
0.25213144815605015
0.12970706524330863
0.15389239442147873
0.2124620025967344
0.2439140864728631
0.3465356108753803
0.39907291495293845
0.45337958273171025
0.250197728111086
0.14246871866873534
0.25595570267613676
0.17952407132039044
0.0802233608089182
0.21295849548362594
0.1537158021985084
0.3233266322931536
0.12933217222050006
0.25191686030145943
0.32708961162548666
0.28655135476542404
0.25323930035375375
0.2890342054247558
0.4285880716277235
0.35821512470367556
0.18783686352923795
0.2405225829656509
0.24089786719756018
0.07859360717717045
0.3036652110339201
0.33833075442953
0.20249044330394037
0.33490197702717506
0.22964552864001486
0.2726989792387579
0.3262090738792915
0.3068811328208198
0.32254580694794066
0.37276566642732506
0.3889449582598749
0.31903203658767143
0.31256624799945776
0.29790090733704505
0.3455936255215233
0.19087564420804942
0.2382871891106142
0.27301558903133577
0.3244793756842072
0.23993908741481665
0.34038957548472226
0.35385954738841097
0.3211705969080929
0.13120508448032828
0.27807744747380425
0.30786334786233344
0.3358959259229486
0.17830306633447274
0.3633122562017794
0.23213298090608275
0.22357405977885308
0.27375919452944086
0.24235581134788572
0.11914460321606317
0.30363030531346785
0.23081452883383083
0.24005997256559358
0.12867156521414488
0.5283957471652786
0.22915770977789499
0.2122551503670768
0.02020201047854
0.24264286348083935
0.3362557830474995
0.44522263857956823
0.16870833193135046
0.07815394246151851
0.30360551694784915
0.27135689170922433
0.3407238456992786
0.32501923697851703
0.32165546380489946
0.27387256866166876
0.24607672394537436
0.3532017160208577
0.23040505286535307
0.14744573277749545
0.3153292346235882
0.25859480625233866
0.38347443863702557
0.2288651379238425
0.15878053920985732
0.3302862328461928
0.3915198824813806
0.33533093453868634
0.2720766112304072
0.184933150008664
0.14465477754592904
0.26008358919464675
0.24758686088501133
0.2884722204931762
0.328816887895389
0.20569895107650646
0.3730498366506057
0.16583863539683996
0.3119022310361014
0.40128433750855247
0.29875548856670797
0.20848412641092773
0.30402481897766614
0.34091841015612645
0.2986025363392525
0.22186355393840326
0.3340009464435492
0.37452834312867667
0.2826029455182301
0.44255368024198055
0.14041528954589713
0.3250211855988364
0.3952497147694962
0.20478199977225725
0.22135417395301019
0.24161011604595672
0.2621150717889022
0.31542111191140704
0.36571382873473224
0.10510183777216686
0.24819531000713882
0.3292873187556086
0.25643741396251113
0.20518822851285964
0.2126922250438333
0.47627217552169465
0.30905626762139443
0.2890672767620029
0.30112474386469756
0.13926743786464565
0.36510153634245646
0.12277488839201636
0.12691155790697167
0.2808189004402249
0.3155092432768022
0.2672340921319165
0.23899152314035632
0.2368368145203666
0.28071685528548473
0.12601898693764557
0.1266428179019276
0.21358562076527415
0.14770513805640048
0.3857894043844695
0.1776725076111044
0.1956843032872042
0.15160378463266952
0.3421907270630131
0.3946275340179391
0.19867983683406581
0.3327107001172752
0.3295672172054423
0.2408998721025718
0.1805462770754027
0.2835415690125543
0.31392316316485
0.16135147371721
0.37922089120091346
0.32373832347173154
0.06664383903334359
0.1894959018426857
0.3478800348753518
0.2717174271701996
0.193060985635099
0.4164144381153129
0.36419570473748436
0.37669527761139826
0.2193890987146544
0.3890429267237601
0.31256422675674694
0.32269134120118403
0.17328366192494646
0.36500982722691144
0.47007242099669044
0.24901724697817004
0.19291691614580553
0.28736356347532216
0.13811055978932968
0.2507082271802848
0.2467927245157242
0.10467737573853389
0.26407368243283186
0.14497790927837248
0.028942646547790916
0.2423650405634439
0.363903054946923
0.1889627335273225
0.31693179632265744
0.2529275047056663
0.18500365855949633
0.18274523661207337
0.466912600976109
0.20817609127858944
0.042397439927598125
0.2398184539770258
0.27038257588039466
0.3777285190201304
0.2731795336188985
0.1299498401342398
0.3422574658631061
0.22851845579745467
0.23241852755230177
0.24261173692729007
0.16970393622733215
0.1237012101494305
0.28626445662648486
0.21341814870582623
0.12768215525886453
0.2914169236458194
0.09334005296084019
0.12287097474423266
0.32945076461366785
0.2907927247344336
0.2870184422573701
0.30466044971689377
0.2927646442477677
0.4129511906402794
0.2936576506631832
0.2810266715986972
0.14520563808454925
0.12223985016613317
0.28278000714845175
0.2305929012875888
0.41808523832948497
0.24851162667063117
0.24380677884172977
0.305648498625183
0.2521585021678827
0.27029282972859114
0.29022533341019513
0.28653979934952106
0.3723015967484644
0.211967566024659
0.08039282442750291
0.36585811905791416
0.28293592234002035
0.21072150493068387
0.15728554650186807
0.18510536996335855
0.1481732026930493
0.3848730375227312
0.3105606443267945
0.1485629310839275
0.3555537587481374
0.21063528938799306
0.17643091178422435
0.236680105472994
0.18300942616202273
0.19085111410611447
0.24743774854346937
