5.1908769607543945
4.667334079742432
4.927278995513916
4.745166301727295
5.250738620758057
5.431227684020996
5.047997951507568
4.699991226196289
4.713086128234863
4.718905448913574
4.999175548553467
4.7275519371032715
4.803378105163574
4.3368964195251465
5.006468296051025
5.861029624938965
4.664604187011719
5.228790760040283
4.158339023590088
2.956681489944458
4.053611755371094
5.071767807006836
5.340621471405029
4.983179569244385
5.309109687805176
4.984935283660889
5.156951427459717
2.0941762924194336
4.759006977081299
3.0689210891723633
5.251260757446289
4.219818592071533
4.798521518707275
4.543139457702637
4.522738456726074
4.788300037384033
3.464557647705078
4.974460124969482
5.6164751052856445
4.87987756729126
4.876300811767578
4.5594987869262695
4.476884841918945
5.351962566375732
5.172645092010498
5.513577461242676
3.899780035018921
4.7055182456970215
5.602908134460449
4.611827373504639
4.835019111633301
4.011861801147461
5.254034996032715
3.526534080505371
5.009441375732422
4.5798468589782715
5.602527618408203
5.479972839355469
5.0478105545043945
4.887106895446777
5.379716873168945
4.884391784667969
5.887078762054443
4.715906143188477
4.744919776916504
4.826750755310059
4.84591817855835
5.457376480102539
5.512799263000488
4.955722808837891
4.642604827880859
4.575229167938232
5.537478446960449
4.967288970947266
4.474043369293213
5.298511505126953
4.818345546722412
4.813953876495361
4.621448993682861
5.1834611892700195
4.9665303230285645
5.23829460144043
4.363883972167969
5.1897993087768555
5.251914024353027
4.7198872566223145
4.87230920791626
5.55780029296875
4.317374229431152
4.998481273651123
4.904932022094727
5.197445869445801
5.221976280212402
4.371534824371338
4.797582149505615
4.8407816886901855
4.432542324066162
5.561313152313232
4.870805263519287
5.079154014587402
5.218465805053711
5.339155673980713
5.511188983917236
4.460689067840576
4.706518173217773
5.46569299697876
4.804251670837402
4.533936500549316
4.973557472229004
5.112168788909912
4.984159469604492
5.2449469566345215
4.696768760681152
4.870314598083496
4.884377479553223
4.590651035308838
4.635007858276367
3.065070152282715
4.7468085289001465
4.9873833656311035
4.253871917724609
4.200427532196045
5.2893900871276855
5.01576042175293
4.935041904449463
4.7390570640563965
5.531278133392334
4.882511615753174
4.9067606925964355
4.8669867515563965
4.960115909576416
3.8157784938812256
5.111691474914551
5.2204694747924805
4.532439231872559
5.460068225860596
5.3138580322265625
5.308834075927734
5.250268459320068
4.842564582824707
5.626284599304199
4.934470176696777
5.025664806365967
4.997061729431152
5.483154296875
5.108269691467285
5.515195369720459
4.116849899291992
4.988998889923096
4.619930267333984
5.54882287979126
3.4631993770599365
4.573788642883301
5.396311283111572
2.6875483989715576
4.911081790924072
5.148376941680908
4.883513450622559
3.175852060317993
4.4782280921936035
4.801654815673828
5.248322010040283
4.967750549316406
5.437466144561768
5.988701343536377
4.600343704223633
4.7382025718688965
3.1876332759857178
5.302350044250488
5.720286846160889
5.239163875579834
5.201910018920898
5.136675834655762
4.897491455078125
5.017740726470947
4.535164833068848
4.57114839553833
4.91771936416626
3.2989776134490967
5.324404716491699
5.535679817199707
5.751757621765137
5.0138092041015625
4.7881035804748535
5.408339500427246
4.3095598220825195
4.734104156494141
5.255843639373779
4.927637100219727
5.198655605316162
5.352205276489258
5.702746868133545
5.186319828033447
3.973829507827759
5.1250786781311035
4.973428249359131
4.811657905578613
5.0340495109558105
3.855255365371704
2.4029431343078613
4.303274154663086
2.7793524265289307
4.942731857299805
4.970195293426514
4.86301326751709
5.104729175567627
5.185133934020996
4.615442276000977
5.113932132720947
4.394798278808594
4.6164751052856445
5.22410774230957
4.657199859619141
5.172869682312012
4.968892574310303
5.1804351806640625
5.388976573944092
5.50637674331665
5.507469177246094
3.145444869995117
4.520493984222412
5.263449192047119
5.205686092376709
5.274777889251709
4.9511308670043945
3.7159059047698975
4.409328460693359
5.148290634155273
4.641692161560059
4.7132487297058105
4.698150157928467
5.387682914733887
4.910495758056641
5.294206142425537
5.158700466156006
4.721899032592773
4.7163987159729
4.779447078704834
4.724123954772949
4.838860988616943
5.127750873565674
5.204635143280029
5.084725379943848
5.129944324493408
4.764205455780029
5.505613803863525
4.642472267150879
5.0916218757629395
5.105785369873047
4.14381217956543
4.218266010284424
6.063288688659668
5.450618267059326
5.172280788421631
4.840343475341797
4.408041477203369
5.283706188201904
4.809331893920898
4.7747602462768555
4.892309665679932
5.321077823638916
5.029887676239014
4.8571038246154785
5.09359884262085
3.835331439971924
4.2741007804870605
5.393790245056152
5.4070234298706055
5.361361980438232
4.982995986938477
4.867341041564941
4.8750152587890625
4.934154510498047
4.279933452606201
5.657641410827637
5.05798864364624
5.1792073249816895
5.2126898765563965
5.362138748168945
5.6829447746276855
4.7934699058532715
3.0726194381713867
5.0939226150512695
5.582312107086182
5.4612860679626465
4.828846454620361
4.057344913482666
4.792273998260498
4.630012035369873
4.969625473022461
4.743639945983887
4.061503887176514
4.814793109893799
5.746737480163574
5.654648303985596
4.920904159545898
5.785819053649902
4.373047828674316
3.404033660888672
4.8230156898498535
4.51201868057251
5.176936626434326
3.408827066421509
5.110531330108643
5.404724597930908
5.253517150878906
2.297459125518799
4.62974739074707
4.854302883148193
4.331758499145508
5.020125865936279
4.787971496582031
4.457342624664307
3.604804515838623
4.478730201721191
5.127992630004883
4.433688640594482
4.937323570251465
5.150383472442627
2.4190196990966797
4.682882785797119
4.96098518371582
4.416106700897217
5.1132307052612305
4.6012983322143555
5.84343957901001
5.990345001220703
3.4066498279571533
4.829996585845947
5.164254188537598
4.794189453125
4.371567726135254
3.655540943145752
5.148192882537842
2.975172281265259
5.1721673011779785
4.445496559143066
4.312329292297363
5.517437934875488
5.2069478034973145
5.102275848388672
4.5628461837768555
4.557693958282471
5.49325704574585
4.893313884735107
2.738961696624756
5.368985176086426
5.2218499183654785
4.229668140411377
4.862030029296875
5.327569484710693
4.950443744659424
5.129348278045654
5.403499126434326
4.771509647369385
3.0733015537261963
3.942657470703125
4.853374481201172
5.442882537841797
3.495891809463501
5.282365798950195
5.486896991729736
5.265690326690674
5.041726112365723
4.957210540771484
3.771979808807373
4.9074387550354
4.717608451843262
4.897832870483398
5.008357524871826
4.756211757659912
5.6114182472229
4.870917797088623
4.806450366973877
5.585638523101807
5.134809970855713
5.819177150726318
5.21688175201416
4.2927961349487305
5.689558982849121
5.305618762969971
4.917576789855957
4.909275054931641
4.751410961151123
5.153366565704346
5.137737274169922
5.452132701873779
3.1643736362457275
4.932444095611572
4.938976287841797
4.3768229484558105
4.483119964599609
4.824028491973877
4.583429336547852
2.167287588119507
4.9767351150512695
3.7350900173187256
5.1072611808776855
4.697474002838135
4.516902923583984
5.753108501434326
4.771886825561523
5.798184394836426
5.190120220184326
4.325319766998291
4.67097806930542
4.078006744384766
4.919679164886475
4.307861328125
4.727348804473877
5.211674213409424
5.157630443572998
3.181814670562744
4.730192184448242
5.292566299438477
5.631912708282471
4.485654354095459
4.949128150939941
4.628089904785156
4.638338565826416
5.668738842010498
5.023253917694092
5.309497356414795
4.6219682693481445
5.171065807342529
4.812928676605225
3.728379964828491
4.822445392608643
4.700423717498779
4.575911998748779
4.782106876373291
4.718143939971924
5.269644737243652
5.542434215545654
3.7226316928863525
4.803035259246826
4.857944011688232
4.645545482635498
4.369816303253174
4.630110263824463
5.574804306030273
4.151012420654297
4.9454803466796875
4.884162425994873
5.0392279624938965
4.360888957977295
4.744206428527832
4.924520969390869
5.532627105712891
5.658095836639404
5.297608852386475
4.639871120452881
4.306267738342285
4.859415054321289
4.491890907287598
5.13185453414917
5.730637550354004
5.119386196136475
4.770796298980713
5.098386287689209
2.1144864559173584
5.062702655792236
4.519821643829346
4.6632609367370605
4.852510929107666
5.473717212677002
4.728855609893799
5.012699604034424
4.65535831451416
4.771623611450195
5.351770401000977
4.821888446807861
4.9425201416015625
5.048498153686523
4.7886834144592285
5.705598831176758
4.684645652770996
5.064530849456787
4.895651340484619
4.87860631942749
5.702033519744873
4.392518520355225
5.4774250984191895
4.889093399047852
4.922450542449951
4.636992931365967
5.450140476226807
4.192327499389648
4.432116985321045
4.540378093719482
3.199460744857788
4.746757507324219
4.966091156005859
5.549074649810791
4.401861190795898
4.004162788391113
4.671422004699707
5.018698215484619
4.754474639892578
4.916783809661865
5.253309726715088
5.405356407165527
4.421891212463379
4.728980541229248
5.757774353027344
4.791688919067383
5.366231918334961
5.334760665893555
4.942437171936035
4.768246173858643
4.527708053588867
4.435192108154297
5.525224208831787
4.538926124572754
5.4249267578125
5.000216007232666
4.458593845367432
4.773383617401123
4.656491279602051
3.011756181716919
2.518472909927368
5.000886917114258
5.222402572631836
4.860010147094727
3.4015772342681885
5.512082099914551
4.982395648956299
4.670691967010498
5.425015926361084
5.251885414123535
4.871286869049072
4.958823204040527
4.600170612335205
5.487361907958984
5.35120964050293
4.928201198577881
5.218315601348877
4.490788459777832
5.12547492980957
5.031863689422607
5.082512378692627
4.873525142669678
5.6870622634887695
5.0048322677612305
4.828407287597656
5.176758289337158
4.629518032073975
4.749709606170654
3.946406126022339
5.412456512451172
5.461942672729492
4.885468006134033
4.9484663009643555
4.943528175354004
4.6452202796936035
5.637342929840088
4.2936601638793945
4.965279579162598
5.279226303100586
3.8545053005218506
6.262851715087891
4.548511028289795
3.764047384262085
4.604613304138184
4.92731237411499
5.261569023132324
5.3831610679626465
4.476851940155029
5.040245532989502
4.808914661407471
6.5639472007751465
2.730722188949585
5.242489814758301
5.42020320892334
4.871950626373291
5.086597442626953
4.908355712890625
4.8914103507995605
5.614011287689209
3.6282358169555664
4.282695770263672
3.9788992404937744
4.762317180633545
4.778965950012207
4.685669422149658
5.341785907745361
5.013544082641602
3.584378957748413
4.097872257232666
5.421873092651367
5.517428874969482
4.254809379577637
4.7587504386901855
5.4738688468933105
5.3087477684021
4.441977500915527
5.405866622924805
5.4132184982299805
4.799304485321045
5.8121442794799805
5.266721725463867
4.747822284698486
4.623315334320068
5.632781028747559
4.778531074523926
3.1121273040771484
4.9740705490112305
4.888016223907471
5.687807559967041
5.049971103668213
5.099001407623291
4.8834919929504395
4.46665620803833
5.089580059051514
5.37442684173584
4.796797752380371
5.0013275146484375
4.760842800140381
4.691215991973877
4.290716648101807
4.6499924659729
4.7500481605529785
2.860813856124878
5.196500778198242
5.028329849243164
4.698026657104492
4.937464714050293
5.2241106033325195
4.827065467834473
4.549606800079346
5.139762878417969
4.569624900817871
5.435419082641602
4.160387992858887
5.05219841003418
5.087666988372803
4.447457790374756
4.887765884399414
5.291270732879639
4.589798450469971
5.565561294555664
4.001894950866699
4.862529277801514
5.360872268676758
4.879396438598633
4.72544002532959
5.226411819458008
4.957717418670654
5.207478046417236
4.705314636230469
4.35780668258667
6.398177146911621
5.673170566558838
4.71327018737793
5.565195083618164
5.390348434448242
5.12047004699707
4.830085277557373
4.623181343078613
5.643514156341553
4.469344615936279
5.478414535522461
5.240346431732178
5.069806098937988
4.83241605758667
5.0513529777526855
5.591500282287598
4.593087673187256
5.124859809875488
5.187407970428467
4.648667335510254
4.828219413757324
5.071958065032959
4.594612121582031
4.7271409034729
5.268471717834473
4.946988582611084
5.167592525482178
3.3955419063568115
4.002551555633545
4.259128570556641
4.144979476928711
4.4759955406188965
5.023709774017334
5.305460453033447
4.626585006713867
5.11133337020874
4.905624866485596
4.7261552810668945
5.052504062652588
3.6466562747955322
5.012844562530518
5.5554518699646
5.022800922393799
5.238479137420654
5.401637077331543
4.656400203704834
5.842055320739746
5.237621307373047
5.6904401779174805
4.551468372344971
5.325592994689941
4.958663463592529
5.806679725646973
5.54847526550293
4.810978889465332
4.783655166625977
5.017814636230469
5.033245086669922
5.27908992767334
4.899616241455078
5.330204486846924
4.608854293823242
4.830806255340576
5.43032169342041
5.336496353149414
3.8941938877105713
5.0092644691467285
4.746367931365967
5.458763122558594
5.381607532501221
4.507323265075684
4.543731689453125
4.859084606170654
4.604760646820068
5.226160049438477
4.73219633102417
4.809292316436768
4.808084964752197
4.667952060699463
5.435920715332031
4.701150894165039
5.033352375030518
4.2904510498046875
4.718498229980469
4.885953426361084
4.037529468536377
4.730651378631592
4.384814739227295
5.600581645965576
5.033514976501465
5.193385601043701
4.788308143615723
5.1713409423828125
5.322632312774658
5.497781753540039
4.942770957946777
4.979064464569092
4.663369178771973
4.8044514656066895
5.255419731140137
5.285454273223877
5.43751335144043
5.347641468048096
4.596485614776611
5.06308650970459
5.181227684020996
5.333349704742432
4.963376522064209
4.410328388214111
4.804180145263672
4.939689636230469
4.733691215515137
5.213359832763672
5.129323959350586
4.845811367034912
4.703994274139404
5.0848541259765625
4.721148490905762
5.230534553527832
4.607842922210693
4.731958866119385
5.579184055328369
5.9544878005981445
4.5266547203063965
4.524762153625488
5.080644130706787
4.618917465209961
4.141866683959961
5.045166969299316
5.047892093658447
5.128871917724609
4.748496055603027
5.136638164520264
4.808570384979248
4.675364971160889
5.19127893447876
4.566631317138672
5.117492198944092
3.9036529064178467
5.820196628570557
5.311201095581055
5.232328414916992
4.95936393737793
4.518302917480469
4.689073085784912
4.758053302764893
5.118854522705078
4.908970832824707
4.668883323669434
5.219597816467285
5.980832576751709
3.0870280265808105
5.040449619293213
5.034902572631836
5.280951023101807
4.456844806671143
5.4750165939331055
4.668648719787598
4.5119171142578125
4.287020683288574
5.404058933258057
4.952158451080322
5.068326473236084
5.091902256011963
5.133893966674805
4.672645092010498
5.2411651611328125
4.372406005859375
5.5735650062561035
3.6276464462280273
5.328524589538574
5.2070746421813965
3.6345860958099365
4.698101997375488
5.120514392852783
5.057652473449707
4.909360408782959
4.509385108947754
4.153288841247559
4.976172924041748
5.644218444824219
5.810405254364014
4.921064376831055
5.213268756866455
5.09921407699585
5.337664604187012
3.079526424407959
5.587952613830566
4.726851940155029
4.751510143280029
5.49284553527832
4.696554660797119
5.084451198577881
4.694714069366455
5.508479118347168
5.203127384185791
4.525744915008545
4.203656196594238
5.038252830505371
5.941012859344482
4.444265365600586
3.8246653079986572
4.987652778625488
4.343050956726074
5.307173728942871
5.455452919006348
4.286396026611328
5.5287322998046875
5.3777689933776855
5.0247979164123535
4.720641613006592
4.829780578613281
3.420041799545288
4.978271007537842
5.2608842849731445
4.735976696014404
5.1999688148498535
4.505352973937988
4.819485187530518
5.280154705047607
4.61890172958374
4.458785533905029
5.774766445159912
5.248134136199951
5.209676742553711
4.780357360839844
6.198600769042969
5.090076923370361
5.080271244049072
4.547531604766846
4.826612949371338
3.3044650554656982
5.102177143096924
5.396523952484131
4.887081623077393
4.383152961730957
5.475077152252197
4.710198879241943
5.1123576164245605
4.7546186447143555
5.0950422286987305
5.349595069885254
4.468825340270996
6.037647247314453
4.3803229331970215
5.331412315368652
5.5188679695129395
5.109861373901367
4.448835849761963
4.563675403594971
4.75507116317749
3.444791555404663
5.024349689483643
5.117520332336426
5.345023155212402
5.560204029083252
5.057101726531982
3.7050154209136963
5.557524681091309
4.834909915924072
4.921730995178223
5.018136501312256
5.470608234405518
5.312407493591309
4.83950662612915
5.1040143966674805
3.321851968765259
3.1856400966644287
4.857637882232666
5.5859456062316895
4.685732841491699
4.74816370010376
5.118015766143799
4.753120422363281
4.508398532867432
4.909498691558838
4.422994613647461
4.389736652374268
4.313610553741455
5.374057769775391
4.217640399932861
4.884140491485596
4.619406700134277
2.6069774627685547
2.992361307144165
4.933501243591309
4.588071823120117
4.314636707305908
4.504291534423828
5.120107173919678
4.520830154418945
2.3612282276153564
5.408534049987793
4.775153636932373
4.97793436050415
5.249967575073242
6.056203365325928
4.779999732971191
4.319280624389648
4.4195027351379395
4.995004653930664
4.701714992523193
5.137797832489014
5.6006999015808105
5.12800407409668
3.0037505626678467
5.3831257820129395
5.155246257781982
4.666961669921875
4.925138473510742
5.247732162475586
4.849301338195801
4.4811906814575195
4.5450119972229
4.527456760406494
5.567395210266113
4.812536716461182
4.811481475830078
5.06005334854126
4.129800796508789
4.9772491455078125
4.430045127868652
4.7610297203063965
5.343936443328857
5.381325721740723
5.0817131996154785
3.1234381198883057
5.394307613372803
4.111568927764893
5.090198040008545
4.494267463684082
4.656022071838379
5.41795539855957
5.506271839141846
5.430426120758057
4.224733829498291
4.85236930847168
4.315835475921631
5.149706840515137
4.88715934753418
5.032285690307617
4.936276435852051
5.045196533203125
3.7295210361480713
4.377288818359375
4.564168453216553
5.003010272979736
5.114615440368652
4.994899272918701
