13.953773316030656
24.112727346199176
14.754271380939487
16.739718535802496
56.53643146962933
44.51073742773461
20.87975391467193
17.14580736732536
47.42605317223884
21.85978846559359
19.655645783694986
68.62939152250378
28.91766551910042
6.622429176267703
18.505422424658942
76.85763112112261
14.09193718847586
13.706923697746372
10.604119306634741
7.887138789641789
14.036720432157187
24.429006190630826
27.765897818947874
24.58099293668982
119.22975215745178
31.87469800608023
13.032874657342118
18.59876594923761
101.46442267350261
8.647181506188911
14.827984465326224
26.30623653589687
18.866058311098715
54.82351894920746
23.662845260490794
45.13607192021691
88.50868849467108
12.973187434374033
114.26331579866681
2.861839447035107
17.65597900951716
50.771401583906695
15.69758077127026
31.339909740812598
93.07116503446906
15.862180873241066
110.60519149544054
33.09786727394924
72.98386627823703
17.503480955016325
13.69160914942518
15.876220151619282
49.29045040781983
136.03933160282338
18.629510127212423
25.486615492043477
71.96494144718524
42.71029364449241
48.92493187671152
26.10488949246799
135.3502087161736
35.559917364343804
34.96187171929584
148.83200605020747
37.47055777942636
65.51143447852292
3.611612471117379
13.287570994493995
27.98883840275535
27.97360403408458
14.763931433683382
15.570580969730608
53.68063657359223
78.76307202686529
14.224637526977444
15.090514022717004
14.585585931344392
117.19787981269644
6.432294393957276
103.9286675053857
5.191902684904202
35.628261726842624
60.741493235110696
20.453426623019446
23.348469060635658
39.15894667953265
14.13487625116355
13.875326455244734
77.39087310126914
44.19553984131234
11.725557365175172
25.373290519600452
63.20148958649375
24.4139726916033
59.04879995498492
23.611365516617397
111.7708565760395
58.32737156750665
53.10589132657148
19.24878829036481
16.26755869151238
13.445197445764775
30.0837744497048
25.98657874506122
56.39232924854969
69.84595723187478
40.96298590896379
28.928845849532326
12.019915652578868
89.31933143978739
23.33517701748714
28.252511184059895
48.843461891447475
271.18221277676525
28.49315366474464
34.41577795006148
18.654728369090904
9.32981307527968
28.49451853146233
76.78494550241058
43.65872266677753
14.362505862751117
15.200793027693098
17.121501811376987
12.619660438451394
14.55945655222961
25.315951915149856
21.668587308208025
11.924294750586329
74.03544237773998
20.561754000917404
38.894155347015186
30.098525710619892
110.4561528405853
10.004234481124136
50.52354501523094
10.148367909954967
72.65317959054134
34.299369602822885
11.066514059239724
42.10826492151388
15.271109601736924
21.641677632998185
9.2296592256945
12.78132536321426
68.43496749794758
31.180811453069996
5.341023684410557
22.39418501644661
13.827154248396932
5.685323762215584
42.825422607302784
82.48957854234375
68.07691050806746
12.576865671008468
74.6172214080512
17.891483219329217
30.509587578204695
20.30525940294124
23.09018005825538
17.894542553411142
27.344597063192683
48.79057155002053
32.21877445306996
97.34345245418275
15.37347477022911
39.79569417156004
49.795679617180845
46.92024363987598
19.386576053527893
13.015305393960453
10.623098872877296
41.17253760909008
19.272129465783262
31.595224274248356
1.5591897741886331
112.71857502183214
34.41306747912281
135.11806127748528
14.01352734022368
45.880961499661524
40.00579378110776
99.79754929795118
6.169970299459798
109.70919419220156
33.80957922089763
68.2012764186366
81.7831166132733
39.9335780076915
13.58492153835545
42.109924693473985
16.986139581669445
42.53476472294218
53.98629013860869
19.752624700764056
52.55465931283196
7.9579064767054275
9.21838773574281
19.808184289460883
56.467025111763895
71.7946255857577
14.106104269017898
11.293555031694314
13.748738206435693
39.60629415175263
9.77569884922344
25.23165055341024
12.75679021780614
40.61059859234095
14.873145284813862
38.19809938401068
41.09621586048868
23.71134833194617
13.306108711929456
62.77265097517359
213.2811266812123
81.09014662898534
163.01497293303865
14.763396496182828
12.204224608407905
165.868616457998
15.894779499654623
11.221950618296534
14.164170416381232
12.378299908022706
24.833523639194812
20.982390225302904
24.64248444902213
24.809853856346535
120.67336067537008
20.443755592853805
9.686376681936812
42.31370303629305
65.55994089082641
30.313363672215495
4.1583922874351895
33.75876927568851
11.246640056055002
12.000617911275471
110.6331643323177
16.529906717702577
67.27792505887578
28.035640107433824
15.465801038679823
32.114961724791435
16.984742280868105
11.298393729651577
27.770678896186986
21.258026148323978
33.7723657393025
14.969207048003154
10.503809074952034
25.62172965165514
19.7130709073602
15.32360238729736
10.917274564125224
44.05920323315295
78.98612090446575
24.68749044722026
77.55391668105752
20.863705187187012
11.546936942566063
22.92539752455022
8.016035255694012
12.589774109078785
73.66782989347296
27.89320839203461
13.324248414795468
11.49323771479795
49.5821869395897
78.18538054146826
393.25638314238046
44.88540131418335
103.57755766574118
28.893244550174774
54.20965064064719
16.402297423838938
9.256451926371545
27.639683905562173
38.393076787979915
22.333847185827334
74.463023211159
41.68581220114216
31.409022237528067
131.60182445693567
24.03426362167789
22.19562003817533
16.716249198943526
66.50028446914898
15.406061574863786
16.826870420178498
14.785341368941486
89.69050728017659
14.066158516836879
138.2778741376142
28.594290787269617
43.61690172901559
24.51627411153139
36.94431561561598
22.69040352249411
14.615294603047225
97.88863173466477
68.68652200131795
83.15721949536514
13.657430760087234
34.2228747355405
21.68520789064412
58.27693025214486
30.011386348570134
44.07515518885022
20.993607425447667
21.13939804980431
41.04893242433606
17.412339764219166
16.388608702282145
20.67750310837424
11.513104108924754
10.834983430335317
31.254190665968522
228.77866332221137
44.49041408194293
46.64359736731544
98.59185167003953
104.92210855351776
40.94509732643835
14.460181151420898
58.24610428556187
86.91473020296104
8.233437139602758
11.858190118605492
21.83456311960621
21.833771131784548
11.116252540139893
53.744532234304025
17.7240022668643
3.8622595688049453
16.156385902939288
36.69949997997595
115.64553923594151
73.38224988845427
110.25402634073292
62.3204123835935
24.431535589759203
22.630686184173445
39.450130593256354
46.19482224370648
98.19729140335451
38.36116503789522
34.41490877485336
20.96505075892585
14.18872553114905
23.001506087231927
37.120042503304816
29.259719575502945
29.488972277856604
18.96087792245571
52.04343839118667
26.26060338810474
63.37715465424923
31.054816903136334
32.06892294376395
26.256564794255493
116.38524068517066
12.449167599264094
16.93995223870137
11.781400606650115
9.730189921438742
49.783788364012516
41.40403690774785
18.813358736112857
30.279840839077
80.21511753056599
15.681127917401948
25.650549060697035
7.730939920698333
51.43247382096422
23.32225487355953
5.522647053290899
25.665601494095323
15.482253429245356
16.49945176065264
51.35812633537861
74.72973610606242
193.45560460062896
16.39054601854426
46.66411704635772
11.297177047410646
14.510597128030621
55.86495339584603
21.487907434539892
67.33635530639472
96.99938386065699
16.903474742313843
35.450869864965526
170.57158340582208
9.255335649367078
16.76175870264294
52.94539244970258
51.97830717969424
16.141421079846218
30.33308805638761
15.189378107655772
14.10125883967298
20.752386767072643
43.84612836696912
47.53542351924512
24.03778717096314
9.69158247611728
23.530833962728316
18.68670239672731
8.739477615299341
55.099585790470286
53.58557919561888
71.39675048895768
52.55762130431256
14.805235466999541
83.85382214681663
29.393535844767964
177.96138599763938
31.75946409011172
54.73375197385114
40.88205537382708
42.858499095668144
16.583841902029363
30.998576801297485
54.97630348965315
15.828904572899173
66.25620806699504
29.017320301643135
61.90963824412062
107.59239861963408
15.72848715071003
23.23216804513651
11.578704357502025
33.09381237924724
56.04376521678731
24.28691583970565
129.3482520952718
34.88575440426002
131.12573555568818
31.52944796051938
51.73469725238355
14.026597785807484
7.966688366359488
30.5461375543692
13.754684500053987
40.64505964745324
10.628659170230412
85.92493620618957
46.468546782407195
22.83089614162044
26.023349658378294
19.548630097343914
74.14237961342565
71.28746286454931
19.89647872263081
55.1503397564086
9.247516574761514
65.93051712186218
26.290087435308134
39.266925533519625
28.69219559207169
117.96406568889118
34.36297399868745
141.17504732531032
21.980713253770457
46.55467213369912
73.03383335830827
33.540433777850915
12.39566415294112
64.36404938287643
21.03592097906548
25.366351984596495
39.30930227676683
27.950010321634597
37.28348040492632
48.93709841913269
11.541649841558122
59.140249155356585
97.19617163934885
20.561608072454767
1.9885063239654983
13.171100338061516
14.409129244327719
19.318810386866993
27.50072176189185
41.00150989743318
54.12447298279228
138.3906602520847
18.191050752679352
14.246429899931657
112.31981618609613
39.745602819148345
16.114187504561183
32.30199711624186
57.39409111912173
34.238576417870036
12.718633409668682
1.2135242926065843
16.222615062404532
8.396352558513856
140.35828511116134
55.97941920072963
63.7974758903626
18.487659247118096
37.04706600891731
30.661742493057705
40.85225742300493
3.806220676871973
22.8907966904047
62.724298343402424
12.031020153090175
7.350105866516591
10.46077228941727
36.495482082774174
23.20590844478838
20.816645520377627
51.146775055663774
7.841220733270017
4.908096527882965
32.52289277989111
115.72100772627387
29.805016369559077
20.00125084953392
29.187237620233603
32.45196901359381
110.91211709080416
17.04081202594842
17.268691542442582
22.562390072431334
25.445195957608814
176.39349676467313
6.125465238232379
22.693953051559237
18.518574999443086
24.004143872669435
10.462119572047609
65.66290436576581
7.95682978140978
14.480156893431094
33.25343346596373
25.15003704353228
16.539207323772725
30.778529903071522
17.88537876824184
18.776308565834245
38.25894185715858
6.596682350539804
49.44080664461016
18.539316495037436
17.23198526399684
7.435818668646253
34.22792056170557
12.184339979929378
25.508727568212088
167.46218660217457
46.896834723658394
85.82020655358487
76.22013508816113
69.33638194518221
47.286610205028474
13.408523240971826
37.34962720052232
12.644702467710859
28.754905975778463
95.02087011646887
39.29744893085048
19.380655731164243
145.46856005175556
14.276614350828657
14.06496066000879
88.99838481113407
72.43434518303692
76.88040066633049
18.47443865965629
80.80619721844305
23.08002391268382
10.496418959855141
11.22377573419929
43.41973660788033
90.81817260475779
8.845287461453239
42.93712859567306
163.06240539425318
75.20924210661384
10.206394104465502
69.39454635385331
49.66943880068061
4.43076310283355
28.791462149557333
11.096741338690464
15.175553840726746
24.128511874898933
96.05138271973458
21.718748717147502
40.033700268827566
48.6512245272986
38.54744181376598
95.8862118633366
71.94948547748042
42.659220883683716
30.287779214590753
10.672454468484064
13.503449237276229
17.401104823572087
41.413693367847614
22.667461899222165
23.419964655728432
55.921338540457064
25.162917946494485
198.47998378846307
156.8607748602708
132.86826700112306
90.99363224775183
17.806385086481797
22.253471785577787
40.15799876488665
12.537364087250305
38.51977538670814
34.11121000081262
8.71724356949491
21.285626418008263
52.24374491905396
18.81755744223647
30.666174282767233
46.38460625367014
48.77995721360926
12.696393133531183
45.85181062574642
35.90375982416331
98.42301652998927
12.077590898627554
21.776691581478985
144.09394704400728
9.283684823913473
27.093770348976808
38.46225925837475
21.63907738566419
114.72471837663319
8.23265226343332
19.45640219873844
71.01104438851875
11.891846390960707
121.22428870424841
13.734409331272872
7.396717806504404
13.694108064068784
47.35190579204703
32.00780030303164
10.539597738025318
1.4134945966360264
18.254789922913154
123.95226859295825
50.006172615256965
32.65128312986784
19.06860029796349
20.307104652457305
54.169100589404835
143.8715550280767
61.935339248356435
25.38690849434749
17.645109313355274
14.643259354275877
18.318266834665103
16.06760563754471
43.86575728065567
219.40170160338698
15.199959192776852
16.25762462058327
24.88409990769751
20.158008294392527
50.6903897982412
9.28534982225871
19.4815822982315
8.086026083595465
36.24266492356666
17.80409506247361
34.89733450808497
11.146001641426208
13.142828480864525
130.24756273399822
106.98786942056226
37.5257256933873
40.854636458623844
22.890716973129344
43.41350699005951
37.4665345413974
13.401786673895062
38.55843951682082
13.561122647211691
39.27330521561902
28.20420219849304
16.043025588029547
36.3684908349555
25.011537138454095
5.387764698342378
30.29568343173644
16.2505348339169
20.949825242491237
55.38816411116394
19.771033312119773
29.915061663183504
127.67802823622206
14.27401563340795
19.7878049552226
42.26211818040276
64.1786929038917
31.626401658038894
103.26022434658051
15.927314280337363
45.0386934761572
16.882643064804775
20.404246531720137
20.85469661308084
15.27773003419804
1.5106629960010862
20.763656538663778
18.3348595634575
32.48009871202364
19.420123207898435
68.59778430342925
30.864824531164892
62.5871649238333
14.916585247703281
276.21353554248105
16.012950841503613
21.45215402993799
31.634953978844667
17.870158154093915
24.48469830838136
37.14710289390333
65.85050376559418
10.229244900472805
58.34276885436248
24.69233900173354
17.54269739919595
12.616170424327183
44.91992595553921
37.616657471124185
16.77680642307084
18.011306737892117
91.22690011929282
62.693880195144544
71.09268400981472
14.853762971782624
42.53168861874677
13.453701461924071
18.012562321281074
18.929720172280305
12.925466643459654
38.78537235750001
178.01899943097217
103.20641357214907
22.969495544869233
26.29268213069352
24.896614619959642
23.22205088094069
23.21119565869828
56.35467483957541
174.30266847073224
37.270317729209374
34.292195247717665
31.6061391658114
7.8075659929350785
12.48538586440792
4.917855985012405
14.7774644613248
17.349763099174304
111.06182708803524
37.32023021344818
255.34984606919522
43.549530016115256
21.291362452038705
112.38381248312578
19.902061189157305
21.137723188709188
11.502873997838591
15.5116493714958
47.757368428344236
52.804403831122016
6.82934462892469
12.630632775276261
19.147932574356446
108.42984116644902
6.403910692112738
9.801645671014345
46.608014738291146
7.813692589433817
7.2443731469951205
20.803695902773008
49.48711823436719
36.154911318070646
38.64819034905539
42.22756857405282
97.52920523565034
72.99914501894114
40.41063713337796
23.81201671691911
8.158318997326573
96.62975623684332
18.69802082423809
60.95270355281198
26.1169086280677
14.298789379200732
12.481437542991427
42.52509587969369
17.04699848130348
49.23795222432602
97.27333271083553
22.72183916981824
19.979062595299514
42.6799819096458
26.518350222924585
10.826486689675205
13.959059369711193
6.727845264357887
18.087747772403034
15.756529969211112
25.22376446185001
30.0187268095652
26.6733685284432
17.990761759910452
19.62595510870321
48.17278163253815
39.61549599195985
51.3901743693063
35.465539325272644
68.77305522998351
117.66353403511314
25.890400066454195
23.92250864521285
15.679210969584831
43.95758865458563
17.40458521464926
30.017677394206267
13.153746007193497
23.240883612304206
20.641678122600016
20.77933734848529
39.18119562887105
41.916094807936624
12.399748317364661
21.839717898558245
6.568843630074227
100.72365678865368
13.053746022929046
44.750622950650026
10.13159261607085
13.578313045689601
60.611536037716625
33.92457940524067
95.63720266043443
10.57488894614252
32.13598021779607
18.293209521639774
107.10441998619719
31.809095467341926
77.19091744506667
24.5229215807683
36.36688504859139
10.63736926238742
44.833574568153644
9.336146149198917
5.216237658555267
21.244785315232072
16.251461010084103
33.403126620748765
16.491544439744306
21.243553936831255
15.319206099956258
17.405485387046856
13.22304153252178
33.75124330062886
13.883534061757844
61.01330774172864
22.82450216576183
47.542463961560166
93.51630960799807
155.57743041775527
47.44660681169481
46.36256066518067
67.21090644593534
35.65237944041618
3.0859735671842246
20.10854124638579
8.667380310628714
23.005323175915617
55.55514773278125
82.45107888585895
25.00853929031746
10.838249969450327
53.549586286619295
63.875515132377345
19.90297859834585
13.613613514679153
9.008913814724544
102.29520192740338
67.55594739574518
13.644697633144753
31.089981923000412
94.76234506932609
62.48376343299194
52.44476383251401
14.332184605425875
12.394230175359912
35.42613427361346
29.374848766799484
12.545320064736382
11.22698683474611
28.68690584807049
249.4941594173221
8.286045272200683
9.430875551628462
52.057524512875474
25.956760430961854
64.80626865444455
17.56434190033418
81.92152363854765
175.77513545649526
11.755239512068833
29.515653125082675
19.987948059578617
199.62345934907066
95.31432259576114
13.530550580024821
91.2638225771561
52.555588369039675
25.266042208370028
18.921510431641867
62.258781625437834
82.46062830448555
40.181705980467335
51.06881171102717
12.59632256893346
26.132276450192396
14.320263024501935
5.565524849349178
22.228720908694978
23.69154323974423
13.931431830919994
31.226451765234376
130.91867181259755
71.44956410241899
13.05287457445385
39.096153116211944
26.8810771228444
30.528403629068745
73.82551391413256
7.395311154074064
32.989660053535836
106.21704175078156
96.92756014660708
77.68826683435704
25.09175198647419
18.44430616149036
19.91069159613432
13.280436152348287
7.284516749201302
10.394878135434576
27.732943642430907
42.96291187511435
229.35403481764865
12.252981224286046
26.538255607418485
40.716215128582434
12.29766574182208
39.33208699346488
11.081083748233297
91.60138585744323
10.397813281335134
33.37564360483998
6.712850960479021
42.503930251375614
15.973743989486646
11.949289611449633
79.95376300055993
111.06819363189423
13.641650477141951
12.15888958339536
8.52233706281631
76.58391797227507
20.105742675017343
14.144828507504148
13.863060428388794
95.51668808390349
154.85384243082257
67.59424340541474
26.052547871362457
63.101618455822546
3.1701310792566013
243.16429773152927
17.191869155744588
66.72639610976441
24.66414273573149
22.874664102660166
135.03831926488593
117.54074566315984
177.6443796493274
31.03460133573804
11.29058534359211
