0.7739071049356525
0.7650024089193435
0.8702770158349922
0.679102174677471
0.8022897925971189
0.8369533478719867
0.7922366054076848
0.7634494729809427
0.6766507715185637
0.7078525857561563
0.7630761718741075
0.8546644710192813
0.761185781094317
0.8321373145929769
0.7897856517128448
0.833694488762179
0.8206112958686886
0.7586840940679962
0.8236574432028891
0.8930715854836822
0.806557917012583
0.7840166352018325
0.8522045042835797
0.7857835216790654
0.7112295569767022
0.7562936488032237
0.8194367703505718
0.8554435615316904
0.7604796783370513
0.8062680495075243
0.8542099890192045
0.8446500561187191
0.8534933918156606
0.7770242003121216
0.7845051487558927
0.8115406945742639
0.8486423755804413
0.8319545699029953
0.8338497710697916
0.6971321768272173
0.8538441823238261
0.8679590216252884
0.8365244525293145
0.7412930380498794
0.7952621100541257
0.8926270501866196
0.7764645452026393
0.7534187131737256
0.8287634209986385
0.7380189840848387
0.6414567490362958
0.8095961512129215
0.8394032349472991
0.7601569891236235
0.8253444548041472
0.7878442923570277
0.7363315131528843
0.8095877461362694
0.8072611891441549
0.8310125209883241
0.8486329326172315
0.7732661206592544
0.8358509393532958
0.8418112958176548
0.7911025049481395
0.8042824227580164
0.8258807288984087
0.8494041317004739
0.6960876581943949
0.824674139629864
0.7791800460306764
0.7122094617653753
0.804581545941329
0.7354364530908047
0.8148901489725469
0.7471910381002465
0.7335900014702266
0.7992967187453628
0.8037592656227455
0.7460376113647395
0.7954850132620044
0.7715930965566484
0.8194400922804329
0.7286287883899606
0.7749312523392753
0.8634500894786983
0.7577799537424481
0.7919508005205473
0.7945044702630398
0.8467685950126167
0.813890904538071
0.8483828769297426
0.798490602031757
0.856044950115996
0.7788046643907708
0.6406175214025291
0.8443352476201496
0.7469441626628468
0.8045118807032681
0.8515243148604859
0.8638614271332363
0.7679276626251279
0.8163780168023307
0.8052747628274551
0.8324464475600655
0.8185458042692083
0.7846180536901668
0.7787436584457634
0.7596639641699053
0.8661266502610636
0.780562247102254
0.8226846304330215
0.6465655570954122
0.8708712472189248
0.8096439656490522
0.827640573933601
0.7532395871226653
0.8615482424191092
0.7361150103417731
0.7162107056449656
0.7924768517508494
0.7898815720657021
0.8156184918058038
0.8687996804111119
0.8125047855645877
0.7113412243602133
0.7293279429446389
0.43584221953087665
0.8173196894969081
0.7359896384165404
0.8084851242784007
0.826743469647131
0.826744653032139
0.8201221177856263
0.8363019574325072
0.8291425770185192
0.8343455901088603
0.7341176819019711
0.8689616374077809
0.8060959510167541
0.802497247464523
0.8119064809433683
0.8173309768022209
0.7191130560304171
0.8165726233141026
0.7955277654942432
0.8428462378759495
0.8184041892111271
0.8124014835458346
0.6865969194842074
0.8804746061915126
0.8296065489267171
0.8558702494350365
0.7416445848423006
0.6464408337295406
0.8417845201730053
0.8278867108828445
0.8195044492138793
0.788439269625556
0.8338893442393898
0.742992916795143
0.8023506826657256
0.8715357594805093
0.8150294007864165
0.8795538073174309
0.7265137757276654
0.8074348314582098
0.8389841753487628
0.7966308179665123
0.8720618040449274
0.7959428607070751
0.7194624830037191
0.8397142529132791
0.8301832945724216
0.8071478714131975
0.8151717263135183
0.8490378390483173
0.6733928688787343
0.8711817375242061
0.8403202905758469
0.8347103916244014
0.7947168246245813
0.8057648235838708
0.7807995695964152
0.7719615614914597
0.7498534734236019
0.8046821823504031
0.6447195707817509
0.7854071490026636
0.7752738901332248
0.8254612336042908
0.741497365839397
0.659609461724209
0.6536042256660134
0.7385986927528038
0.7249170645717903
0.8051247020399896
0.7463476840640035
0.7633502735007259
0.8450132906659293
0.7977519299959817
0.7918221047450673
0.8240080246765221
0.8047994621454386
0.7840084011125266
0.8208522571909138
0.8303073417561904
0.8285330641862061
0.8098191735316468
0.7779606359562306
0.868399840803465
0.71584838087635
0.6174010524238778
0.7863229201208043
0.7673508472683046
0.6747067055964824
0.8109533560630653
0.8369423267238763
0.8487994411376236
0.8275229667713844
0.7437203337081129
0.808071631348287
0.8258326997507379
0.5507350343227018
0.8288313991439056
0.6702148003242564
0.8046508595495165
0.8606054666646632
0.8596797671253549
0.7879292548706068
0.8444417400647198
0.8250422359428462
0.8020939093849437
0.7865006743842358
0.7607907297062118
0.7572027712085894
0.5678298343523136
0.8583218746832284
0.5872902043343291
0.8342088639593259
0.8016385724288989
0.8264198745452229
0.8340358132067316
0.8474569264212377
0.7228239623654349
0.8429400664749884
0.8301260862614072
0.7780649466937262
0.8541538055541595
0.8285412315137883
0.6965526414733796
0.7673287379173974
0.7843337153851757
0.879542485067205
0.8347011542841152
0.8391134555070807
0.8025133287167145
0.6907077015019032
0.748610552340605
0.8612851244622153
0.7204138055473353
0.8556335962031107
0.7945858495689817
0.7842678156718967
0.8142562594479588
0.780344959087502
0.8434048463852208
0.7981775862404333
0.8016523210138934
0.7585540459975733
0.8078745938154865
0.8403540802624769
0.8966327698901093
0.7872861610567489
0.8108505937124351
0.8364134538485414
0.7660338603053105
0.780457806818833
0.7289608801073708
0.6976184235598598
0.775331615927358
0.808559842841402
0.7398310160442949
0.7972621824317183
0.8190836764070507
0.809668692711855
0.8516095549182318
0.7964096760193469
0.8524001117388815
0.8680269027504719
0.7926945925320665
0.8202926970937208
0.88174503552468
0.7648323405429147
0.7865353813202413
0.8787370442445042
0.6723941779389364
0.7947781379681713
0.8031998610658801
0.7479769360445125
0.8053277953334324
0.8070072495652572
0.7695394120641643
0.8620127688827064
0.7932628148905754
0.8207988469604104
0.7010700400648674
0.7438871509839413
0.8582651540955519
0.6808873317638618
0.7190312988602593
0.6942006028647235
0.7909679600195757
0.7197776731643267
0.8397563650231805
0.6051599501431757
0.7602496699601506
0.814399889560576
0.867253890135989
0.834387459487781
0.8385324550937491
0.967633689784553
0.7947093634508497
0.8430934662842202
0.8156904201433184
0.81195614858578
0.8497898332874443
0.83224371785218
0.7499032192707578
0.8649842259800651
0.8572586542022873
0.8716946606078386
0.8691148174454618
0.7335543391981572
0.8397302315175825
0.839820663772788
0.6981904501076713
0.6012464842497066
0.680917235037289
0.8269786486521165
0.6407091626365735
0.6617356211253397
0.8832950869042064
0.7290639854637965
0.8704802144418369
0.5443336102667959
0.7828622579847533
0.8132242134316141
0.7878898575177236
0.7975341221310193
0.825773356152427
0.6793003480668987
0.8246718476239399
0.7651850529525774
0.8204799254696945
0.840257303414079
0.8368009002587864
0.8750214423513777
0.789474759579012
0.5986843405464517
0.803040963190712
0.7378305002337302
0.8103379807696811
0.8756741217603548
0.6760617511215499
0.8542130709114388
0.7536419310127199
0.7645329908818557
0.8436212530454592
0.8547506697852558
0.8494878537909848
0.8300675472358785
0.5904514192387069
0.8035308525921688
0.7791797918787349
0.8419348829276633
0.7625864942024965
0.7983212132952222
0.7494531085758019
0.7638372880619573
0.8648106798859521
0.7997859938486145
0.8433441065810885
0.7651025250732799
0.6636000153069503
0.7823368707971425
0.7987521662605139
0.754956462900361
0.8048559518714966
0.8173816176758794
0.8027543483897761
0.5825415759523245
0.839545566221066
0.8382166716772192
0.7418087745149022
0.7626487266616272
0.8296436195946771
0.7940733311792469
0.7862515852172076
0.7926550868090265
0.7064622717813989
0.8982323792768381
0.8423991955918102
0.7653392988604715
0.8169657697846675
0.8759782498996256
0.8318302337317078
0.8172202578037051
0.7926371832972305
0.8160349091585446
0.799492562140685
0.8808068279918961
0.8305036899623115
0.7834353893811683
0.828679312076682
0.7304436525906726
0.7567059068159194
0.787390193254424
0.7487988727134856
0.889936875520139
0.8107231110652838
0.793975054844678
0.7435766650117019
0.8861403137845223
0.7609097910909757
0.7377506965853183
0.854764926393451
0.7038995669592866
0.8226547188684821
0.7614295423903814
0.8476778355390813
0.8141036521176954
0.8115312950546272
0.8165990596083967
0.7903525801767597
0.866275273997785
0.8578403212241577
0.892856973499434
0.6513153458613248
0.8360748750506745
0.7385426131066827
0.5609873063518397
0.7790211167545165
0.7606625784618144
0.8289244495859441
0.7585513578162306
0.8436734855963586
0.7813148085649705
0.8348432382870361
0.7019939309166853
0.5907344142538953
0.8576376947886486
0.702990963421775
0.8334228461076707
0.7834866075945446
0.802462250629574
0.7516961631123605
0.8216183893582946
0.8670866589681968
0.8325885482760188
0.7692930817412204
0.7550128491735824
0.8485981306834899
0.787887317579559
0.8496969496964109
0.773371824668613
0.8710585097692913
0.883786967805937
0.7745926321881897
0.8207331384682275
0.7600766936387506
0.7596674971831506
0.6888597231967866
0.8408707345859534
0.8309734706466902
0.7767826670718634
0.8363829303176913
0.868598288110238
0.8830069685606315
0.8695412819621738
0.8315123002728626
0.832851864077051
0.8744929306564244
0.8145233813016381
0.8500890645752228
0.8572730495199989
0.8217398317743323
0.8107238396803748
0.7579189035199362
0.8664371624268719
0.7474252166819216
0.838927063490537
0.8500910377698667
0.5976595847972714
0.8529273686562084
0.7539762796874392
0.8019978955131528
0.8436356629710615
0.8732585619465542
0.8182491878275951
0.7788834075749765
0.8178914194128442
0.8456697555770769
0.6337832167375315
0.8494024097884542
0.7623639110793017
0.6601748341095948
0.718529186990782
0.8303381143211861
0.8512687054950676
0.8899591367158125
0.7571903954970566
0.8167848380347309
0.8429503598516601
0.8071362673383018
0.8600819805670152
0.8273414359874645
0.7438239182734916
0.8602847197064296
0.8402317676700124
0.7603395117646288
0.7975736857860706
0.8111121333890311
0.7856061721883303
0.7580089373481784
0.7861216128196502
0.7331819188578785
0.7953898890459232
0.8433016750440063
0.8338712302840741
0.8652006013017857
0.7160609472885493
0.8440890806014146
0.870359163534548
0.7732144609734045
0.8387806986420606
0.8281269684614676
0.8459950519385664
0.8506550806098185
0.8020338204305081
0.6638393291609407
0.8243690354345039
0.8492794440447835
0.8395145674914064
0.7815902153291088
0.8093927658274342
0.8565619836060356
0.8773443871348541
0.8414329790307119
0.7034144871282536
0.8555645393984832
0.7436284027655786
0.8124285239427009
0.815605246854209
0.8284167905346063
0.8278699348002085
0.8090696533430819
0.8147301867602981
0.7634495076205388
0.8540179239586689
0.8663050552899851
0.877431459424139
0.8560974611978489
0.880946407846189
0.7463907959536653
0.8458236555519907
0.771829805165345
0.7431930967825208
0.6232566350630123
0.820431260175162
0.7778427778422431
0.7652842053204434
0.7729657149327056
0.8324128016374923
0.40213092134836537
0.6596409679552048
0.8408461093801044
0.852681167347521
0.7486653486847992
0.8816171179487649
0.6168803766979929
0.7056684721199538
0.8209412535591518
0.7592943473759128
0.7749144367543482
0.8297506936349497
0.8641270329206883
0.8628058002620145
0.8254077008304087
0.8513728440936722
0.7795668960509917
0.7892865337900449
0.8744276061570535
0.7391690485507638
0.6993275055537699
0.8432882377059061
0.883258418924874
0.8049939405957525
0.8087898189046183
0.7813994394333711
0.8185172857742917
0.8303400760117463
0.7913118483553228
0.8334746382575003
0.8128637895528746
0.827195944924902
0.8094474921516543
0.8436773837793539
0.8231095041742865
0.8291402247965333
0.8713807802811999
0.7940501886859794
0.8721080374439163
0.8745097388096439
0.7849067436925699
0.7822046363342893
0.8454925845242249
0.736281578721246
0.8949995903804682
0.8236984863507602
0.8321878819635018
0.8544786947943578
0.8477692458426581
0.7975730211932305
0.6216602955683631
0.8666857256013418
0.8095868293277263
0.7562431979749789
0.8421889166051773
0.7649280657716249
0.7979981488852782
0.7276708549300255
0.8794576284869944
0.7970249678567483
0.8305878250047367
0.851986084900493
0.593215128749271
0.7178452948372619
0.8104400131607479
0.8361996528280469
0.7576672587346502
0.7270927160339697
0.8266390143185245
0.826668869901199
0.84667674959069
0.540404847196607
0.786049494724781
0.7871467330108213
0.756969239163375
0.8051122227405496
0.8054529945529674
0.8691535297085293
0.8191293334031993
0.8829118891334181
0.8350134698423871
0.7678502371906863
0.7927998652086792
0.8275256245834359
0.5833594669156438
0.8552675274204807
0.7691369477131056
0.7780064594564999
0.7524628055103306
0.8029244175067853
0.715901503619431
0.816467774522929
0.7730829157653398
0.5444374416846319
0.7533806231478763
0.8032989501143334
0.8128145823803032
0.7887464563937747
0.6664594430493376
0.8431374113372598
0.7809912615660719
0.8080547089613545
0.8018472394863706
0.8417246112573643
0.722156471399594
0.6603713027794015
0.6491340630201367
0.8820998463791387
0.8536072710261827
0.7514302799811883
0.7847228545322529
0.7713730868903452
0.841713662778504
0.7853523305373511
0.852708503726737
0.6777279082934184
0.8217706703446144
0.8390580213751735
0.6291485775191044
0.7020320010448899
0.7250072228463071
0.6528179816471457
0.831499858255297
0.8736924380116146
0.7794731797136838
0.8329591840839569
0.8584665821367484
0.8574206729277811
0.828637734050953
0.8587763033048614
0.853751365605402
0.8081074233393638
0.8448347773825748
0.712877770757007
0.6884420454657183
0.6819372831970648
0.742677016158453
0.7839915689773551
0.756490458381158
0.838989680132433
0.816382081682623
0.7713238087735383
0.675073787799035
0.8615106932641782
0.8172549011205387
0.7460799217361045
0.7045558666228373
0.8634774500328359
0.8262495064107495
0.8348543678660871
0.7761588302120712
0.8663373570629997
0.8910449745990054
0.7941459384909041
0.6352598408437917
0.7893805872662982
0.7823470167448952
0.8071328298907068
0.8817029109143694
0.8242946117835451
0.7372496380623308
0.7502087977483638
0.7823038410189274
0.8689767676618113
0.8059041197078947
0.8129220766809474
0.8188460640808075
0.8738285943830342
0.7566566952575913
0.8470091837521794
0.8737097755633798
0.8336065507290664
0.8223965622275816
0.7856174143823079
0.7319669363370032
0.801166054858437
0.7231384485066813
0.7584406837638202
0.8158062897172781
0.6370521714226214
0.7979689112158121
0.7839678325104904
0.42974479488099127
0.8397868412524176
0.8594540410496705
0.8247488141776489
0.809818729221265
0.7995342884881902
0.8184613030322634
-1
0.6820892155001473
0.8155085051159199
0.8296430769584799
0.8680392859208604
0.8592889461729593
0.8004698518250926
0.7185508719566356
0.8183798009735075
0.5877984517218617
0.48421582290555065
0.7592007835232801
0.8435163582843108
0.8052553687502273
0.8160603222039844
0.7520210072065925
0.8691489209691265
0.8106661625726216
0.8211767909739836
0.857719452916827
0.8330308638886513
0.8542483187579395
0.8272624334644438
0.8094511591807201
0.8259035726913393
0.8400435957829044
0.8209476972266248
0.8563481705741576
0.8629594243913672
0.8247678943883509
0.6885200181238369
0.812232674628878
0.7816457236054777
0.7931862558464597
0.7609951465773467
0.8704156361200055
0.7849344547332097
0.6808292910713051
0.84725820911552
0.832340439690127
0.8331265845980849
0.7903017955473131
0.8554025142826378
0.8220873153814235
0.7359365245349846
0.7469246650128559
0.6900351200788003
0.8695446166344465
0.8529132013257515
0.6978693162754427
0.7602746367895946
0.7757334662994391
0.8673826634887551
0.7951814680922462
0.827021195016135
0.8484930910225347
0.8849390422085136
0.7600124257872211
0.8268706051780379
0.7610487856772756
0.8399899214229289
0.8665990029136827
0.7729807635365216
0.875153080234188
0.8587988148538457
0.8195455588304076
0.7641453497524662
0.8120806033613452
0.7455445269227047
0.7166901766890461
0.8439247520000297
0.8433922412429695
0.7869004559450792
0.867064819855065
0.7494790751315907
0.8204653999747238
0.7384832103901852
0.7997361304533286
0.68583917156373
0.8919311965249179
0.7653867404644252
0.8047404578337282
0.8839676273539696
0.8985818468658466
0.7154077706910107
0.6463297440268099
0.7614150773145593
0.8524558169740748
0.771466374696601
-1
0.8522195929184204
0.8368906743008004
0.8758583479993716
0.6320355677789569
0.6286583816561284
0.885186982150586
0.8180717847405141
0.79023872744968
0.8117741561379992
0.7849503585301532
0.8686557012640825
0.8112918691308336
0.8874940462356145
0.7672832423965745
0.755383217618226
0.8067431987234828
0.8721517156759885
0.7572265857159123
0.7587456544104136
0.7326640713779802
0.8072729566470216
0.7908683934856857
0.8111220058147108
0.7982417419157996
0.8374138422204713
0.7334222650145819
0.7852907193314198
0.7928279305672987
0.7506104916431477
0.8717178829244908
0.811266282346697
0.8630641214199435
0.7508539221608623
0.7771324872516988
0.7877192311394338
0.6576108440109504
0.8016486922651389
0.8440507101311309
0.8339596627332033
0.8195967376126041
0.7332314053484104
0.8446547804014329
0.8254766973849178
0.7446491733311175
0.7633678623786941
0.8314721972960057
0.8161794887043328
0.8331887774137295
0.7541877016097427
0.7547691251670935
0.8110959344536454
0.8596604998680943
0.768952274991663
0.768755775685765
0.7535083155197104
0.7453834006422051
0.8103695948286604
0.8088006609537335
0.7593558194429053
0.8271101157134161
0.8377153466843172
0.7855467625786585
0.7366007611101785
0.7007013780165818
0.8367839849706269
0.7976051865877518
0.7746796727564518
0.7936146230524082
0.882677811929858
0.7410904907197883
0.8269811796912703
0.8110283045376445
0.7915651951994381
0.5625077783635087
0.8597252698238197
0.777841048574963
0.7873011955111103
0.8261895846136679
0.6790952159828292
0.7709641389750441
0.8192811436500107
0.7586181771860785
0.7325132962552916
0.8381442624083386
0.861487890829974
0.5722979083285498
0.8990693011452762
0.7921842738027218
0.7103298385834504
0.8808464012791191
0.692790919261306
0.7982824617705719
0.8578048342824216
0.8406398154841772
0.8301017895473728
0.648543212745725
0.8021101702810505
0.8176647094387899
0.8842230257385337
0.7903028572056812
0.8609134554140092
0.8541712268772839
0.7954502966088388
0.848751724497298
0.8379832253352
0.8433259539172693
0.7543284324026136
0.8235032536839388
0.7141780718714472
0.7895946289150217
0.8083654001892446
0.8112702443152527
0.8600545246150139
0.8120003445847084
0.8204530236867399
0.8573380235574766
0.7692182960791623
0.7720841478996223
0.7976049445249682
0.7536805753523448
0.8053037832757469
0.8472494229905307
0.6739366619886654
0.8345470364176204
0.7771956409261189
0.8020886727903944
0.8340885081355993
0.8668682801015473
0.7827427304333211
0.7321224061332845
0.815202948477249
0.8708683618401709
0.7984346011929739
0.5618780721051209
0.819530108504367
0.6185609542826436
0.7591530503809194
0.7468803081241555
0.7458272051900673
0.8471085310330337
0.7970212288988956
0.8837873448931184
0.8053226511631997
0.7500953170185161
0.8220720499994794
0.7739091127218454
0.8136318318375344
