1259
1199
1213
1531
1156
1301
989
1247
1266
1243
1320
1293
1305
1268
1346
1181
1284
1340
1191
1117
1477
1106
1233
1283
1369
1304
1255
1283
1534
1009
1203
1283
1285
1254
1233
1315
1241
912
1105
1264
1144
1222
1192
1254
1176
988
1366
1320
1316
1299
1058
1181
1019
1150
1296
1269
1055
1285
1210
1169
1145
1134
1226
1280
1251
1206
1227
1245
1175
1138
1226
1379
1163
1210
964
1209
1260
1252
1290
1323
1273
1494
1238
1213
1226
1246
1294
1221
1329
1249
1216
1145
1227
1146
1104
1373
1173
1195
1245
1249
1172
1104
1009
1032
1214
1259
1183
1118
1234
1143
1162
1069
1303
1254
1062
1236
1261
1295
1331
1229
1271
1245
1336
1336
1291
1220
1221
1215
1213
1161
1577
1209
1171
1296
1282
1376
1335
1145
1301
1342
1155
1092
1202
1249
1289
1240
1262
1589
1320
1229
1307
1154
1206
1201
1245
1286
1292
1226
1316
1311
1256
1263
1178
1226
1127
1244
1279
1233
1318
1341
1010
1278
1602
987
1264
1128
1291
1158
875
1288
1303
1145
1018
1241
1236
1172
1146
1237
1171
1258
1267
1237
1279
905
1257
897
1319
1341
1071
1202
1300
1230
1306
1235
1204
1214
1291
1224
1294
1250
1201
1511
1326
1869
1253
1173
1258
1242
1309
1183
1094
1267
1148
836
1177
1271
1279
1218
1142
1248
1214
1256
1261
1276
1660
1280
1347
1272
1190
1219
1124
1278
1127
1269
1299
1174
1236
1166
1301
1184
1233
1337
1179
1092
1284
894
1200
1271
1124
1309
1286
1289
1491
1126
1211
1309
1070
1073
1131
1561
1257
1249
1240
1294
1324
1237
1192
1214
1219
1213
1254
1274
1345
1280
1273
1356
1228
1278
1263
1051
1365
1070
1104
1073
1269
1182
1181
920
1140
1244
1228
1267
1072
1361
930
1203
1455
1297
1270
1073
1260
1250
1133
1166
1120
1609
1277
1126
1187
1305
1237
1591
1259
1251
1335
990
1311
1153
1214
1248
1227
1199
1235
1329
1342
1283
1287
1271
1280
1218
1227
1299
1217
1146
1132
1177
1210
1307
1328
1220
1200
1259
1130
1308
1314
1273
1174
1289
1277
1324
1242
1003
1249
1276
1232
1327
1229
1245
1251
1129
1315
1267
1320
1310
1123
1276
1271
1252
1366
1232
1292
1124
1175
1148
1250
1355
1063
1222
1294
1159
1229
1237
1110
1230
1244
1218
1233
1263
1262
1210
1204
1160
1183
1256
1247
1200
1284
1224
1251
1021
1209
1117
1213
1328
1259
1205
1239
1293
1173
1255
1206
1222
958
1258
1174
1239
1267
1523
1277
1247
1181
1160
1307
1280
1681
1185
1262
1251
1315
1267
1211
1198
1168
1334
1177
1280
1249
1288
1270
1245
1183
1238
1184
1586
1220
1090
1243
1256
833
1065
811
1258
1568
1239
1312
1846
1264
1240
1260
1168
1260
1309
1114
1140
1272
1039
1045
1148
1216
1201
1239
1574
1197
1267
1295
1295
1248
1235
1230
1486
1244
1066
1453
1334
1269
1259
1310
1188
1256
1272
1180
1153
1206
1313
1036
1246
1277
1153
1246
1233
1210
1231
1093
1218
1209
1182
1259
1072
1193
1262
1369
1169
1253
1361
1319
1134
1280
1181
1313
1168
1142
1145
1230
1638
1227
1188
1197
1286
1297
1292
1239
1297
1204
1287
1185
1235
1292
1181
1259
1064
1146
1267
1292
1233
1231
1266
1210
1294
1145
1145
1149
1191
1206
1277
1593
1301
1117
1247
1278
1097
1175
1224
1164
1268
1253
1151
1297
1267
1157
1196
1267
1301
1233
1226
1543
1218
1193
1219
1276
1201
1220
1276
1301
1259
1292
1254
1140
1304
1193
1051
1173
1253
1259
1185
1249
1233
1258
1313
1239
1194
1265
1187
1310
1270
1220
1214
1266
1134
1147
1353
1193
1274
1255
1197
1244
1292
1201
1263
1242
1213
1318
1023
1175
1226
1312
1289
1324
1188
1321
1069
1192
1220
1259
1215
1216
1674
1267
1106
1067
1249
1488
1188
1178
1265
1261
1302
1226
1234
1343
1326
1284
1204
1317
934
1061
1291
1318
1160
1231
1267
1179
1212
1098
1054
1310
1320
1204
1199
1219
1233
1059
1112
1226
1233
1183
1196
1141
1155
1247
1324
1166
1226
1352
1272
1788
923
1252
1088
1258
1303
1255
1276
1106
1287
1383
1051
1272
1246
1820
1606
1232
1255
1297
1241
1288
1174
1318
1312
1307
1221
1230
955
1178
1104
1603
1312
1372
917
1244
1208
1136
1234
1252
1328
1229
1175
1225
1124
1326
1124
1192
1183
1279
1273
1295
1280
1270
1137
1331
1220
1076
1031
1282
1319
1136
1254
1285
1263
955
1275
1013
1276
1239
1079
1255
1319
1316
1063
1308
1241
1275
1125
1159
1247
1213
1219
1289
1186
1193
1298
1314
1296
1320
1069
1253
1253
1027
1289
1201
1312
1190
1164
1042
1315
1591
1067
1246
1308
1403
1029
1297
1302
1213
1044
1223
969
939
1360
1220
1243
1263
1423
1156
1317
1291
1070
1119
1269
1140
1328
1204
1339
1279
1144
1269
1273
1281
1112
1148
1225
1293
1171
1117
1195
1164
1165
1045
1484
1251
1356
1171
1226
1160
1224
1278
1125
1215
1109
1373
1229
1269
1305
1161
1336
1310
1177
1134
1309
1265
1186
1216
1305
1104
1223
1195
1226
1236
1248
1100
1237
1245
1276
927
1261
1279
1316
1139
1176
1275
1269
1291
1235
1199
1221
1186
1197
1353
1308
1251
1286
1251
1221
1257
1285
1284
1318
1265
1307
1280
1180
1351
998
1256
1257
1300
1309
1198
1258
1210
1284
1333
1123
1213
1238
1215
1211
1288
1270
1245
1349
1118
1263
1208
1236
1623
1257
1502
1291
1238
1229
1312
1289
1312
1195
1142
1185
1282
1251
1258
1177
1207
1298
1238
1181
1214
1196
1729
1301
1185
1071
1230
1209
1306
1155
956
1176
1163
1266
1289
1251
1224
1095
1281
1306
1253
1213
1174
1189
1272
1229
1072
1214
1298
1267
1191
1256
1301
1243
1296
1243
1352
1275
1237
1249
1260
1237
1279
1171
1300
1272
1379
1290
1154
1333
1230
1272
1202
1331
1177
1172
