0.12550106522248383
0.14430994159235314
0.16452771176421502
0.07317918226128188
0.1077321107827454
0.37069861298983875
0.24526254779204212
0.11967353178853697
0.2942589441915596
0.24816235784858126
0.18059048680806078
0.19360484993734844
0.1430042941769126
0.20782962465681246
0.19998481308872598
0.1680192604152418
0.09485722562513581
0.4168634896629351
0.14430808388119395
0.14275763041822204
0.2437370874750182
0.21262554203115205
0.15296129344295656
0.19237390872614618
0.2285953720404284
0.11479947203556473
0.3274914345187084
0.25526474658839404
0.1752780839762989
0.3148028861864505
0.09741248957012953
0.14863756918770824
0.1633306218995757
0.2212647336417345
0.1325590290708975
0.159127321746139
0.07298128170087195
0.24158325032581657
0.497263317825949
0.1584343197665847
0.15052844793394515
0.17199464061403422
0.140018636256161
0.24283491596103743
0.18838037257176077
0.3444269090042775
0.2186016077636564
0.263028607244443
0.17669977162569983
0.09707624596518527
0.1741710574348797
0.10685602753292275
0.10497410674618496
0.14407226296272682
0.09702386852254177
0.10493055303884193
0.40557704024132224
0.30109298406683616
0.07930401578984086
0.12083327031859499
0.10421932880580918
0.1969889787569216
0.16263571968982118
0.04789208937848847
0.2498394062098646
0.14991516858569076
0.11385319848457108
0.18518513901580458
0.2649579516886354
0.23564205465361002
0.061297560787357215
0.2790056584920635
0.09544512631839507
0.19358958302512566
0.25971681579975125
0.05427322678274273
0.06422871711661428
0.1616948855645572
0.1844984367694664
0.2427626798451394
0.09478933628641013
0.13702652021094028
0.1854776441820018
0.06788855418423112
0.25943347981063797
0.11264296814600232
0.26377500884968025
0.09445580144128965
0.15365314941309846
0.05803622435283921
0.20691096036115586
0.18544221012055426
0.13177205633814507
0.12628996200653989
0.08513923318440568
0.16892978808988962
0.17584118107067048
0.1331300756617524
0.16889693329951944
0.0632768445148379
0.03772513444434239
0.06033279729374383
0.05502190244389617
0.1805092306173753
0.27546671414837925
0.08741047545291955
0.20506679806931977
0.16502839473601175
0.2370562311923336
0.17191603929688426
0.14387424840629717
0.13529186986783315
0.13365219593746255
0.29362448459887114
0.21760759881424213
0.10346892510388161
0.22296973790019628
0.12181632065521356
0.15745691274164303
0.12100050844481741
0.17221379888382674
0.2062632873791848
0.2043780106871469
0.07427513348862437
0.10155806208951261
0.24875117636518604
0.14935534548667653
0.20375435133766107
0.12653063214161844
0.09779684209571901
0.1447691936714489
0.3062384186314003
0.04961191256545613
0.12121571112645975
0.08180948198914074
0.19500716063343768
0.08286698267431888
0.08640452789085017
0.30868903879045895
0.37173936108994665
0.1325294384446392
0.08252035796235463
0.18368127580676702
0.04932546116871335
0.08371900349635793
0.2659510244882747
0.12467172633959252
0.13314670213234006
0.27250638593681614
0.23485481716615222
0.1856914870213182
0.06205726971598166
0.2097898052543016
0.13814444848536275
0.12177365406105485
0.19885125310072524
0.2203621470245493
0.23747949105953464
0.22211307385302811
0.1469838203887379
0.16455444853529386
0.2622671129660565
0.16031004081103714
0.053513332000037675
0.10923674042817234
0.1836680627683655
0.11071851955308512
0.1966642802195319
0.11145233285766716
0.1352120135437502
0.10565157691600496
0.15789772717301678
0.12109127348634878
0.1362382205617879
0.22326424930164418
0.14101844164058122
0.10634935461180892
0.16589783583770012
0.1686955277627074
0.06981435374863042
0.06127357884545272
0.12972551366929364
0.11268256189921678
0.23482421881709056
0.15460877508998586
0.08594999949981774
0.0894485833942001
0.2302489414924018
0.3071636951287402
0.1324246068933638
0.29570857073269174
0.04054063840550371
0.1475841536865549
0.207081408325039
0.0449211524067967
0.04599371040541747
0.09688469114811257
0.24097337973335903
0.12506401169188142
0.14765359968571692
0.19239141104055607
0.2798780318413821
0.13033404427737794
0.41072532516772686
0.20079430088090391
0.13801680573341074
0.1542662628146502
0.1144058678211541
0.3325142179054349
0.19964884143700362
0.1382271248246278
0.053512211973944145
0.46583560099459237
0.2401345206336648
0.21935426423544258
0.07673459860876483
0.1606830977828879
0.1814313451908642
0.13019094838198406
0.2677389284731612
0.26565667165944484
0.2271588984948049
0.10224557790367288
0.0625007401835509
0.18803633427199512
0.2849239992637234
0.10450040322120233
0.14240909755536646
0.1610289061612828
0.08212789217091394
0.17783032868770848
0.09592959006916653
0.16153806612370555
0.09223477072305651
0.3251559805019896
0.21142978744125884
0.28757180091245144
0.1751464945150493
0.1473630515332502
0.20351302272231972
0.16173021264960796
0.18530130688503343
0.1056400221331299
0.09286602352934123
0.18037826755385822
0.2600437495937507
0.2201903251583925
0.13943500954543184
0.2539865927108373
0.16638727207787826
0.12836964109636873
0.09666008603298379
0.11321713969199286
0.12968655668615714
0.11611003492785453
0.23527709990958381
0.12048311455642131
0.12865576487068023
0.1156803138319205
0.2106352372070922
0.17986036233694883
0.13057523598161414
0.1533433025175261
0.12519023846894378
0.1682655095225579
0.22310949688501383
0.10754329605288154
0.12923001157320485
0.2950207110293264
0.10631631781931397
0.07090650495806367
0.1106806076213674
0.11476523245824598
0.0886421589628319
0.15312479570142684
0.12844509437553708
0.1485853637492717
0.06955259502563518
0.07427437239422649
0.14351854346742304
0.20207332487375843
0.2240109584034639
0.09735076033135989
0.08318333823074744
0.17919448013730235
0.12958317452289272
0.1336162308766688
0.1842700825438231
0.11703916967115925
0.13606336510913297
0.14749662195348226
0.11917347859680995
0.32545819594177294
0.15468560473735624
0.08276932060775836
0.19252688066519882
0.24155381700877157
0.15040320611625715
0.160142888142486
0.11379716947542265
0.1775731081224764
0.17678579797671712
0.24237822576819387
0.09398642404946086
0.12037849609783352
0.09939888750455263
0.0973370511826518
0.12513603068458615
0.13236643405440407
0.12260809668843231
0.08140230931225305
0.10204643753237741
0.047217956158255525
0.0894950862199556
0.4266389500237063
0.18411943579880963
0.16973174441649408
0.19473836736887407
0.11909180891410145
0.21685669674011682
0.21604297857744661
0.11641546479972177
0.11662277857354013
0.3744447028591696
0.09610313528659084
0.056425512066766284
0.23366349774109832
0.09255139078251204
0.09015051336825022
0.24710593750341003
0.1822866915389462
0.10553319666928793
0.2774403921597192
0.1263369108632078
0.28597604660527226
0.1827048699085357
0.10426963147855879
0.44040842302482247
0.22098040515146766
0.24523824420057944
0.14442377153921301
0.14254226727471664
0.15710665500047324
0.1550411097463602
0.17963707489563152
0.1080533882240913
0.1078346910717984
0.16347875157118577
0.11637711960396621
0.13422739663693403
0.13742105693078888
0.1305192981196812
0.06442689166138976
0.1106071310036187
0.05365501702105609
0.18992801917972288
0.12736194365813108
0.18843056774584122
0.1681787169545786
0.09171491344908113
0.12679586798722936
0.08051224552406483
0.11212659093436307
0.09780867429134431
0.10339834873573904
0.15534994237029964
0.12359266804774534
0.07828013458113811
0.08367065575103487
0.11122131292038819
0.12981618148645765
0.10617073012594641
0.13802122409124432
0.252610950876048
0.0780150057140575
0.1735210203812893
0.22062954573849886
0.100802742925866
0.21425437455418717
0.10471576981939085
0.1380746699320831
0.11334410032365513
0.13518198069204237
0.12336622634581482
0.23827341036779012
0.16921350317164519
0.16033205142635654
0.11856242207666677
0.22086825745193855
0.30749738292939505
0.276847934652083
0.1892323994130437
0.06543660688874921
0.26339230042783185
0.08102861369223749
0.1406458951749439
0.2026652210293912
0.3500264405375191
0.12373269757561908
0.21143134444170747
0.16021663082736257
0.31078946607641966
0.1309858002946744
0.1407875916764919
0.12196099164428151
0.07833312524751376
0.10986207166181954
0.266669732470451
0.3008913097621073
0.18720416208495144
0.1130011265037036
0.20028626027664395
0.07070318250197323
0.14865431707944274
0.10052470683950919
0.135645516663843
0.05636692311315837
0.27640061911479896
0.08861374048717387
0.21493557027776472
0.22927230141941077
0.14939579799550148
0.18209417230578925
0.07170616493644877
0.052678921305272276
0.18769791669543257
0.10782749259912318
0.0541941371938813
0.10573374491373763
0.2718781587607683
0.1387296953175797
0.14548904772663968
0.12174897002292642
0.1971110277137427
0.24219421471721314
0.26422430949002573
0.21928117352612325
0.09214981347727355
0.1891657747577378
0.11119574585687873
0.10654921439255599
0.11939285666288335
0.1273956195903384
0.122861483992948
0.09654297849793221
0.08913355742835048
0.08011776606260688
0.13853829614904573
0.14725576635452428
0.204881412356506
0.05322347444584906
0.3468596036420442
0.29704218454558884
0.14763981382396232
0.34800148458839425
0.07878262572209367
0.06406814595806112
0.08080492579996669
0.18376382913839537
0.11130882661467498
0.2460730289008449
0.11475111625067558
0.1362596053799273
0.11347523918662007
0.08313140584154863
0.25035946890649774
0.1510587857852336
0.15203415153773006
0.14637267401555945
0.1740746108885866
0.14975986084758214
0.19915584683860246
0.13210807285327028
0.152056835765468
0.31390907515264693
0.08876397233018653
0.1310402379090316
0.19184003645773273
0.27730735131121537
0.19520951251355637
0.24422332092453464
0.22190435317195384
0.23471231277117247
0.35245278644814126
0.11106397669662682
0.14563002804555736
0.1856736017801951
0.11146745329859298
0.09250513075210058
0.17864895383555499
0.12468561997952399
0.09953257910344662
0.31911475179603577
0.34538602090518505
0.06343891115634476
0.19451520048568866
0.16427962033035853
0.09983480663475627
0.13774953675948162
0.20550784369546984
0.12847119400013537
0.16606503428646607
0.20141760176760953
0.1796812678115037
0.12715545327051633
0.060910859618364364
0.15530522952249282
0.2627041938967255
0.1105448985890084
0.2679972167739493
0.244118730837414
0.25332399536660416
0.2154598166325567
0.12427205297838537
0.13423311103768382
0.23836691696988493
0.128249048725887
0.30121566181901055
0.2250238271113275
0.037075034423242455
0.08690602565869375
0.07167354682082971
0.21834814892712043
0.13060619345497054
0.09862484711385089
0.13355460840009928
0.16982956786137196
0.19601433679367927
0.3220350836424153
0.24590510026304396
0.09859106172633751
0.14564616521534549
0.22247745373758454
0.211868246734882
0.15039334224818984
0.16274067074661727
0.045006350577205124
0.18198926665589335
0.13848583095131822
0.10764094063903723
0.2734035136358203
0.27437398957698106
0.14561915982995988
0.20555599013488682
0.13884568012487705
0.0778488065284946
0.1297980342567332
0.18753874760014483
0.20944452157567028
0.3601544169575629
0.21701727199311133
0.1059383652981418
0.14545100580640183
0.1870776738081283
0.1206558859248428
0.2969875524220164
0.1625536181002988
0.14129082653453764
0.11229237367443981
0.18380857155104965
0.12979282141249104
0.07898899154635484
0.32333746178386846
0.1754734559401958
0.18928777021688525
0.12050886008931976
0.26384912761455226
0.0940913311342185
0.11290719374104032
0.20625724092508527
0.13683445420283336
0.2802882704039645
0.08802805499168125
0.046059449891305254
0.251869466448853
0.20099777775142164
0.16859056904574152
0.21811073852024285
0.0633724035978992
0.362778201095316
0.21920704410933553
0.15915473841887898
0.12252453717196521
0.05857510339936214
0.03598532689404732
0.19268357626269053
0.09482328648601124
0.09760266368184008
0.12003836167538348
0.2867213164307623
0.13209231057615378
0.31252516137845315
0.18870305231245824
0.07953383898174939
0.12794066944868757
0.23718409342256153
0.18092156368440493
0.18767541116158212
0.08446489810862114
0.10094627657794816
0.13680697951938062
0.12573952018634996
0.1185551276005892
0.13788009865573964
0.12381092218151946
0.1772051684449315
0.12508498979910393
0.16386433535062175
0.25468979247294676
0.1311801365454945
0.3667148384148575
0.127653025836405
0.2220048883993225
0.15724765898287793
0.09514319480185321
0.13267422386366015
0.1435195585594494
0.12062905768754315
0.3464011455575537
0.15319408517608318
0.13337112236435494
0.16120211722846053
0.30929408843891193
0.24645746657995582
0.13806318654124913
0.24825573858064465
0.44889642499704174
0.12491780201141153
0.10259001472142365
0.09763099865642151
0.19770807528388165
0.24433192058306738
0.07542236152676408
0.19644798852667056
0.20102189102202284
0.13416114419718853
0.10586137186092232
0.10323112006509154
0.37574021056983314
0.048957088601508714
0.08958744266991232
0.22154906703618124
0.18371856091240105
0.1120469847102358
0.15041309017679375
0.21546905216538353
0.06789453868566737
0.14075084059169085
0.08965680797381897
0.04977037880560791
0.15787660611662616
0.14744395914170305
0.20001646942270832
0.0823397402960652
0.07449476828445868
0.11916670586067918
0.19657077712387075
0.18105721910533185
0.15177520036317094
0.21712928092114192
0.22436453200336207
0.2190472716127255
0.19325798329084132
0.15656334032154937
0.16582486666875898
0.10824095241141081
0.04995534059551348
0.1966399859282574
0.09382305320597735
0.20622515454618828
0.08741059576880844
0.15506857368879517
0.133496717236392
0.17723217547620973
0.13428864548131547
0.027220356810114123
0.10018419524093893
0.11442954291025624
0.19001055449337076
0.06155980583934789
0.12056542656325751
0.11387366521565263
0.43459235966880005
0.3176756477196245
0.05688623426002952
0.14733109297309763
0.09921654982791714
0.14513021863250214
0.2568865626405175
0.25608061410882527
0.17193417773298153
0.11548930267054099
0.15688705910142778
0.10477178522263006
0.10487241790633765
0.26750527702242627
0.11153439821895202
0.08975860996107872
0.15364319745194144
0.10937993216560295
0.04208882435479901
0.16222544458853452
0.2358208541338961
0.0994646932872723
0.12090343304121737
0.2999282642873687
0.1463931234950278
0.28512360915730767
0.22441004882350124
0.18935693610112833
0.07469209474698241
0.15641146863452535
0.09142108944687144
0.10021673698528663
0.08218498417780883
0.11081519733587347
0.11113753849850784
0.11657425946230422
0.1692452334092904
0.1637670272993734
0.14033857979934128
0.23972782394963202
0.22450486839180828
0.2010702429518871
0.27504918076058005
0.13122768114246047
0.2139817770254359
0.1235545254907649
0.20921912824825234
0.09700663572753929
0.14809502033252422
0.1837863927738269
0.14299276668791527
0.1304226051157468
0.2758418285335857
0.14410837292703246
0.0979023529353455
0.14251284365503547
0.14383424895043834
0.10929038474235699
0.058926642082357636
0.10922693870539872
0.3593250843886733
0.1687861624232993
0.09799768981918108
0.07306177190194654
0.14005354503374737
0.35136791138686935
0.04235909026801791
0.23589677560106964
0.1352497586485804
0.21552462551135357
0.1119800035577294
0.2649934621825399
0.1263582674182329
0.07912627123310126
0.10118770509332808
0.1330149021006112
0.08437752838614698
0.17455581945854168
0.09935966029984063
0.09848359087517206
0.18446619092050262
0.15706371463415217
0.1283263720187589
0.11942973059257789
0.15393147101357726
0.12153241312592036
0.08739332403708466
0.1341050704577968
0.16608815784287295
0.06687082364729176
0.15041634196838768
0.11527761931597937
0.07390077304655494
0.1853814694753642
0.10425003111453544
0.3741452192923584
0.19780466128578914
0.19919772557404766
0.1549626218163307
0.31686960902922506
0.16223738664216672
0.2850768227097597
0.08091435568709156
0.2080779428092891
0.11281270737970513
0.1262716259744863
0.13434751048877838
0.11833279354768764
0.06513002014423538
0.21441376594509715
0.059556026323821634
0.22365198460114416
0.1234930213416306
0.23017563271244748
0.09219965537135046
0.1660098013845712
0.30798002357971965
0.4049794849798887
0.16325907839952639
0.03603828302110557
0.31877350824344125
0.15570370518304724
0.15736379002974088
0.18023245408538072
0.15658421582397766
0.13037594323547932
0.12460222190099926
0.11574468790078028
0.0901531447884165
0.2470507081845782
0.3793812988237507
0.1205463057171171
0.08269498937379358
0.09722739907970773
0.2372285939652063
0.2539028265648471
0.11791801687787769
0.07283410539365474
0.0770450606031997
0.2659963990004608
0.11772688050617983
0.13531512453802425
0.19245688048425036
0.08021667904746434
0.3143556899988531
0.21975746381383088
0.19961756942669587
0.07078257607591484
0.3102088053623036
0.2285935262178395
0.23734782453853995
0.14363905173163188
0.09946474322000602
0.22762837719977083
0.06325270890078989
0.11212475959405416
0.19300886057912128
0.1486525867172949
0.17232522351778373
0.07414837861454007
0.12270952408271686
0.28136275550075274
0.1529139174079262
0.14732645882215512
0.23882546522759418
0.15218092742123862
0.14669552148401704
0.20933830924269056
0.22381381713211182
0.06543770439975978
0.12862105933149917
0.06310834511143124
0.2426435598253644
0.20793107449499415
0.12574302150059316
0.17831673725500075
0.26283944903966183
0.08337297930260472
0.10790546552979774
0.1795051205523971
0.16981678045311002
0.07803306182386502
0.21907106223722123
0.09509953021465113
0.0961317941963793
0.2106473596200447
0.25954270401303736
0.09358347185397246
0.16510336876525736
0.19654787532214965
0.2327752047190233
0.1408422720065406
0.06953136546961736
0.09077838043472236
0.13047574101871123
0.2797749644199026
0.11793148544991305
0.318519343317931
0.22325626876711543
0.3540067959934614
0.06265469189993979
0.11557046010515754
0.23802519510691797
0.1399166101183751
0.20115048257484547
0.16338365817884407
0.2844933210867103
0.1784668191926371
0.20685069983457738
0.04774296702042849
0.1234311182507153
0.1028108381029187
0.13027590734989294
0.09439669520581143
0.21903855189013563
0.12830116901394784
0.08833648880953135
0.18353223501892374
0.21756650678926234
0.22424118730925252
0.16270211640779786
0.05022270020671637
0.12814734213888446
0.14047314711887846
0.18290775166369155
0.1132794885328286
0.0663467179817498
0.1060177267039047
0.0799456174907792
0.1629905721578198
0.08960367539484854
0.19786259492513403
0.15631450355120435
0.3263088966284541
0.23683174562968334
0.14465611901214545
0.16796070420912274
0.1766213031359143
0.13128809300006544
0.09751257324661199
0.06634340868427123
0.27426982604855454
0.09688264140908644
0.190709884239742
0.11881011392087906
0.048219109055656156
0.1739369179107045
0.06649265702058126
0.05374551225324422
0.1285181049970207
0.15358361403584672
0.23867933611642148
0.09811931986129131
0.22096944331973892
0.1114774063798748
0.21431294914609786
0.07501788845362828
0.24449369388955985
0.20621322221690125
0.2644813817668255
0.15888767937406423
0.10280977131914022
0.08099925972445023
0.09520324682745214
0.12040339010734832
0.09637129090516071
0.1165844702455789
0.10956903902940505
0.144445883167835
0.29102146790595057
0.2167498409533836
0.14622026513454042
0.12191240148053727
0.15813707076722353
0.13486035078823203
0.21072459377952477
0.12270067845903479
0.12316468676850417
0.26841392394054436
0.18206759092782807
0.10923306163621363
0.12970059399652992
0.10516034300285292
0.12057109290864743
0.09721294011328221
0.21606421974832288
0.09265366337282717
0.07792048574913733
0.07933858728608022
0.11985330487750816
0.16581621033316446
0.23957806495581435
0.2227322706227329
0.09127556461075137
0.10244088912413167
0.0958082205733865
0.15882551259420033
0.18358489423873303
0.09280875319463222
0.16524226649899398
0.223966999824175
0.10919276759611889
0.24685513736357645
0.2718538773322938
0.2176110285592021
0.17097146835502147
0.11327821402441027
0.2633832752397214
0.2560671486423851
0.16692512748575156
0.2811914106826816
0.21557040973189334
0.14677004816426487
0.08951993257518501
0.0591142893359676
0.27049169478206925
0.09951522362205575
0.12490046276791586
