0.611056833447402
0.6133590509219561
0.6234368977253906
0.5909169082466391
0.5610320019604094
0.6619357943990618
0.6179076449640691
0.5441911996887213
0.43101890428095724
0.6111285494369804
0.5306617048503164
0.613901408204667
0.5990126715757258
0.5916399732106697
0.7056093034429857
0.590152318009149
0.5405163864558311
0.6012152317693267
0.5772694380417178
0.6321324402012694
0.5065712912535733
0.6133199500869674
0.5730203773794589
0.6044227942351781
0.6127900990620627
0.5879220967911633
0.519686585420974
0.5327736847590193
0.5363835196738654
0.6258320417602623
0.48533084783513364
0.5094611938551707
0.5713279236631492
0.5267027497713963
0.5318984441610067
0.5094321941259241
0.6073373541703693
0.5159343214500793
0.7628510733049798
0.5145082147622038
0.6030702424636689
0.530589351479236
0.6281843403720235
0.489004420847046
0.6092023769471517
0.5041668299408848
0.577029799163716
0.5843558516652092
0.5959687844926111
0.4995104374897482
0.5804650407691473
0.5615241906793139
0.5629927086014395
0.5795582233096314
0.5171160175298015
0.5080572991617492
0.5242246065843377
0.6230040653407165
0.4983986787864976
0.5681075736365884
0.6048110969916054
0.6443356083409314
0.6074668311930734
0.5388062345578968
0.5553214780790016
0.6162748840305847
0.6467368944009443
0.6241162206929665
0.5866312100950091
0.5175715367185652
0.631431177011028
0.5635269571630411
0.5649457640960323
0.5224923130153211
0.595921402006708
0.520796807911115
0.6099438550142636
0.5882491947926431
0.4970665727656227
0.5843835609582863
0.41610890718189053
0.5408119714128716
0.5645768036351235
0.5499174633306028
0.5499262990977727
0.4711022880930273
0.6816901272168334
0.5774660064555366
0.5454001803250162
0.478428827919001
0.5093823508812713
0.6866298328909771
0.5454322479573503
0.5160538871339146
0.6012885249683073
0.6164002023284848
0.46726872664951125
0.6901351700611034
0.6260677097601237
0.5415887801492429
0.5887413690881426
0.5528361900293721
0.6176115006836761
0.622999052261402
0.5259169078443737
0.5721676778580045
0.49389939461831234
0.49510741883764
0.6905643514614159
0.6003300239133251
0.5184099435620747
0.4875082834441229
0.5772027383985575
0.5617269982975872
0.5473971783089293
0.664597116736395
0.46399901264384336
0.5978427359037968
0.6341229391137981
0.6207112419814058
0.6101620626189697
0.5194482706776941
0.534452218966329
0.5016582201618067
0.43847286528534196
0.4969309923194394
0.510748464097026
0.5324911389547999
0.5191771257708402
0.6076183596168689
0.6457676758918593
0.5273251762786911
0.56403341443241
0.4937944386383699
0.5402777895565511
0.5816982597514655
0.5963662518321782
0.706385035628503
0.5158722173284493
0.592924270105124
0.5545213660546251
0.4106971026428927
0.6258652056753834
0.5619710991986214
0.44574010142309295
0.6649375199972452
0.6090068177663306
0.5819642196253186
0.6272100504640795
0.5894444184685719
0.6497130631271127
0.5825250394391663
0.6954627677702047
0.563093266516815
0.640556391563575
0.6349928133643074
0.5500977489804102
0.5551524057022108
0.6254985769780868
0.6932898968379124
0.4356022477475361
0.5614936133763324
0.5365132856950092
0.4995656595169592
0.5843229748004086
0.5683070805138343
0.5581633566606066
0.6763422812905111
0.4737003418992329
0.6026355618629053
0.5233955244424351
0.6797948913414217
0.47441058509967104
0.4891056251407847
0.6379779617643051
0.5809256204303834
0.5851357332992074
0.5449170511373579
0.5741754633904573
0.4913870740443641
0.5732360457634501
0.49052814987116367
0.47176921793796445
0.5701174571460419
0.5735086785642303
0.4940915162832762
0.542648394372714
0.5125915124355075
0.5607032127407864
0.6201777281586962
0.6060732311353707
0.5264604269177985
0.6450057925321588
0.5539524900772175
0.4642467057813062
0.5627839585267657
0.6488218192280946
0.5927438767726617
0.6089511604877875
0.6313548044747526
0.6267320864998365
0.5984792126101204
0.6281943944269331
0.3714598900286149
0.5784041747521999
0.6192993704856218
0.5697407418914867
0.6244993406908655
0.5724893588088065
0.601453140066683
0.5562497634212815
0.5245655103020501
0.6465656401776252
0.5565638530047419
0.6070941993747379
0.5470996966445848
0.4889798849359448
0.5532852797506275
0.593820765454479
0.5770404655539952
0.6426172512753293
0.5514475947645862
0.631085178418854
0.5075176494596928
0.6602165036175209
0.5478491166336537
0.4437215479862159
0.5191474275634685
0.605195570047742
0.7016202213068033
0.6919594723162436
0.6484052052318443
0.43361984355466116
0.4426312078918244
0.5837304506009876
0.5808362143953585
0.5291778829116913
0.5842135701599818
0.5164226510735255
0.6764961948294365
0.5335515027534694
0.5927415681218842
0.5883680433585019
0.6793290295252443
0.5900678569582747
0.6269636623884904
0.5952460886801497
0.5198817589706892
0.599142397372719
0.4951175729314431
0.5983867649134562
0.6015539363861709
0.5585108957478226
0.6397392250240415
0.668598559691912
0.5622889237521825
0.4837067308243367
0.5274548225211269
0.5827354568056896
0.5027587720593388
0.671803178678869
0.47156492435654596
0.570763796386162
0.5776116197285095
0.5582459638417265
0.5096178647128
0.5725290834584233
0.5253149068732743
0.6139265247639983
0.4659834254983345
0.678838346955267
0.5531412906501305
0.5662235835368115
0.5578434198766173
0.533534329097942
0.5795580153311098
0.5338526468609955
0.4772068565837376
0.5917887490173416
0.6387411524103671
0.6533622117171249
0.6635816490205566
0.5568429079617361
0.42105571417325627
0.5586769240001449
0.6400340081762508
0.5249089732058874
0.5430967837234516
0.614058580084426
0.5433221761695438
0.5754813519286762
0.5362796528816871
0.5509557539898453
0.5951729758169312
0.5279685095326445
0.6112203682830621
0.5365698530743793
0.6567725204449697
0.5535266006986499
0.5536050390623954
0.6060894614830176
0.573716669692155
0.5229600013491194
0.5275003276221553
0.4181319089231086
0.5558188249986598
0.5670155617996568
0.5018094577264742
0.5607026280561553
0.6386564309005128
0.5568089492177268
0.6663508352794913
0.5735443508277849
0.6332544231045597
0.5923486434785946
0.48278467421274396
0.6843103808596159
0.5764274066016674
0.6601453476141773
0.5017420905687946
0.46674192929926095
0.5948345002388726
0.5463902508650949
0.6113890761652074
0.6158766531411012
0.672508384134433
0.5213982990178153
0.5628797657940857
0.48862049052583756
0.5182472253637557
0.5078723769111697
0.6427892193152099
0.6580406293723614
0.48388018864678106
0.5273080916048436
0.5967114070708612
0.4733675269266743
0.5719730108763372
0.6118169362010728
0.565795100270421
0.4014858294491148
0.5453093635583025
0.5447804365460208
0.6451897656005201
0.4218462838755337
0.7168056115131175
0.5094243799132652
0.5683773951534583
0.5389970930252208
0.6147344709682303
0.5267014532936035
0.6183354595784483
0.6257163089784625
0.5264077821898784
0.5202356880719893
0.5358555353963596
0.48274883591568374
0.5603418355890835
0.5886901188957344
0.5157705303436467
0.6066781035603731
0.5741776903268498
0.49456023592981024
0.4898478230313337
0.5210676495965325
0.5986894263973809
0.553223458025053
0.6535791921863561
0.5646028430241247
0.4931472879111096
0.5622414115773849
0.57843187949085
0.5302161795937084
0.48908558991599904
0.5286583134311427
0.5186257971500968
0.6179181068488092
0.5795815023265793
0.558217768572114
0.6080398180279218
0.5953974663826647
0.6212865672149958
0.6143997754162035
0.6221514850253929
0.5989699225139785
0.5799966444560642
0.5920943763770004
0.45650494823803156
0.5125598052622146
0.5188263102021948
0.6967082530982658
0.6074612604747056
0.5554156977065146
0.5466254824606345
0.5342778461655406
0.6308225217645806
0.6121829489080106
0.5565408168945917
0.6346876533855995
0.5432739319359846
0.6006954028022715
0.575858289823587
0.6138807077524402
0.6110560963932374
0.5441951158870908
0.5117858776558236
0.5311708984631889
0.5768624915460758
0.5108493581004636
0.5031235502252788
0.6349328449953306
0.612719566631242
0.44491893100798996
0.5686924085347311
0.5910726285367749
0.5331275901346793
0.6170249547721145
0.6527972513080001
0.5401780135065888
0.48190166468183426
0.5628458388901624
0.5424853495172348
0.5337010185834778
0.5562520192739595
0.4745839070877254
0.5136092806423846
0.49594989107127885
0.5715525321311098
0.5886913712995101
0.5415699448721882
0.6813362012345073
0.5458450603870512
0.54637892936276
0.6276100500023125
0.4282773093797141
0.6752528152122957
0.6521529953959633
0.6919739945945207
0.5463710198342407
0.5499147897142638
0.6093587067652588
0.6250079735062872
0.5914413588424019
0.5812896559544305
0.5606318398445114
0.5128649260155385
0.5611151868011862
0.4169451379318906
0.6316578529694369
0.5931311272857718
0.5730335692896122
0.62547884260191
0.5827933224637577
0.4588014750741164
0.5676418838420814
0.5085714849184977
0.5276326677969476
0.6125148756084728
0.5625489331687266
0.6760483030182837
0.5840093418847031
0.5783388578398447
0.5216909925032799
0.5993373397481954
0.5559740929531161
0.6344952939414171
0.5667994374500094
0.6497550128310878
0.580116476566684
0.5479264513094058
0.6400964394615886
0.505446372516979
0.524762577879786
0.5316708472795315
0.6543783319029163
0.5451206343171173
0.6050941360116949
0.5854666427828575
0.7153028184712555
0.6116038921957875
0.6389170713636327
0.5785278949685073
0.42803138803592605
0.5821029845900498
0.5042129237766815
0.5624950978915471
0.6018255967741787
0.4889064166484802
0.5566964742683029
0.5451247740505138
0.5720424120956048
0.6341205649851515
0.6003526051952282
0.581120881428171
0.6125549241816128
0.6947684940434256
0.5496520113204191
0.5626427466954418
0.5002296305313495
0.5706317336015346
0.6481732377628915
0.5824971676767812
0.6285343874866586
0.32083848522559955
0.5031260563522786
0.5127879479699603
0.6473902318483853
0.5790138023711691
0.5523369654888626
0.5308709524330022
0.594940609658143
0.5688965241671713
0.5422462928506478
0.6344519070554393
0.546738949507603
0.6081977728237535
0.5443536983634643
0.5815638588949981
0.5523180856302496
0.7098351674009381
0.525099101356604
0.5664533864618524
0.574013689798321
0.6305227598183614
0.5207626447651896
0.528458521284032
0.6071456669642011
0.5778421705882557
0.49578105572331743
0.5669386088457011
0.5942924847278591
0.49064662866695985
0.6801555193101994
0.5515993560745287
0.5981856111410849
0.5828806568033362
0.5095327681904173
0.6083569993541018
0.6254504567996176
0.5705482109059339
0.4871769136086038
0.5799167538140534
0.6259306487198102
0.5998966375395862
0.6173471874470123
0.5094096196274146
0.610098751544898
0.6816351606575913
0.5812901117975589
0.5236099800566288
0.6786282516523297
0.5821239409985448
0.5939225654255559
0.5489162062900923
0.5388488188161429
0.5161184287030439
0.625836401690274
0.6171469401109569
0.5737730162883387
0.6122558063910237
0.5598457133196529
0.5266788990508868
0.5500891710260555
0.6378835929624964
0.45058849348397434
0.5168953015077075
0.6389624094415219
0.6746270599144721
0.5324946940947817
0.6245484353279036
0.6069904970760631
0.5298218842531536
0.49907759779118716
0.5822811083246798
0.697548215944054
0.613328006142038
0.5436110025943237
0.5010202110407658
0.5704051429783731
0.6077996167434161
0.5044683916408528
0.6476899000300088
0.5214758066168611
0.6248853307389863
0.5094042859317461
0.5464351579857947
0.5513989987442907
0.6962704111065242
0.6534347884690819
0.5619786624195988
0.6587458339972091
0.5444663020035985
0.5809399651606181
0.7155278618919968
0.5488275855910973
0.6331310924985014
0.5666773444315885
0.5298249686422362
0.5688098679040682
0.6334287051782712
0.5976751212980058
0.6087333430288054
0.6438189330382827
0.5262599067619828
0.5931137172227289
0.47290307108504237
0.5581099347508764
0.5553886142982136
0.6294475423410488
0.6490438702020305
0.5589801215281457
0.5760755448388892
0.5959543658780352
0.5587623186082467
0.6555023973566693
0.5539227940322722
0.5281354916566856
0.5711205392746517
0.6062728112626952
0.7204960819789121
0.5058983931820633
0.5232085280989129
0.5780700313097384
0.493268631390737
0.5317482666757591
0.5142058303370245
0.6613780190758048
0.508301195474704
0.6236225632621208
0.3784893572475776
0.5526204364949583
0.5672917428756747
0.5232291341280764
0.5106349517616675
0.6177827049441174
0.5431166606429366
0.600338082585326
0.546970559457653
0.5329296845431196
0.6083449187843497
0.5851501044666607
0.5976641291899942
0.32819184710889837
0.5854593938654755
0.5541481516954575
0.5969673043787027
0.6392589938972453
0.661482573226013
0.5944052366094298
0.5634620420132535
0.5658109650208966
0.6724216911617787
0.6316121558501101
0.5933387022690014
0.5407860464071329
0.4884904510025866
0.5348858541854828
0.5669947071426766
0.4985866210448334
0.6132047765658225
0.5245521605746483
0.5852184462023117
0.583034018441537
0.4816043752284359
0.5259289662343204
0.6400372928171792
0.6570793013403687
0.6153120501536772
0.6167358868572836
0.6025426269205906
0.625952763854164
0.6192181912698744
0.5634712416170673
0.5510498251322485
0.5209524773419882
0.5853578785165818
0.5886046300818317
0.6244975641622985
0.5178233267836183
0.5854968343591858
0.6623087822830097
0.30285541570544244
0.5665364233376985
0.5484260214122517
0.5607096802182279
0.5692804948465842
0.6009180832491934
0.48304625452277217
0.5495861860747686
0.6008973824332805
0.5918704087143166
0.5783301312167005
0.5721936487332908
0.5856643866885822
0.6111339243030666
0.5760553706330287
0.5372393793997023
0.5463546533889414
0.5472596509821819
0.6088569002523632
0.5525058947909957
0.6368402163296212
0.49939477873144694
0.5546364599941385
0.48757891120936
0.533043861560079
0.5499517072468096
0.6419303936292892
0.533048258768623
0.551593975146477
0.5228782172650537
0.5563918346818929
0.562149090679185
0.7141171792537333
0.554810973845802
0.5957000842203615
0.4749206502535406
0.6242332602286113
0.5557112978720575
0.4800826665106296
0.6016581219974024
0.6621688911427757
0.6072859853575688
0.5244694375960164
0.5586220970091673
0.5446223443147344
0.5829653832016028
0.5642341540853105
0.6549670342750422
0.6092616794887318
0.638335938949484
0.5538619964596465
0.6045656071685143
0.5473117403942209
0.5861012433109843
0.5871175903436738
0.5821597835082046
0.5921686378378536
0.6175742683543078
0.6745074305225643
0.6425595579486764
0.6966744970960956
0.640582310110513
0.5473505284564797
0.5448361873268706
0.4751585882899907
0.5876324313281728
0.5141570651286691
0.6242951347413537
0.5901208367224956
0.5873286630162255
0.6009814287734361
0.5432578783103508
0.5985555788018879
0.5143861004952636
0.5358567974819871
0.607250043387493
0.5605564623411013
0.5851321326607954
0.595524878398995
0.6169092920859456
0.5467119918592263
0.6249325907912107
0.561909763282618
0.5844094039246737
0.5048633489453367
0.513077398750212
0.5142732967150706
0.626045876798339
0.5295755095496404
0.5106968555307612
0.608642987141441
0.5817352410052523
0.5567211796640603
0.588274149515754
0.5039355782263417
0.5591311093469741
0.5114446800625102
0.5356127997131429
0.6096022632084985
0.6155463987088927
0.6183644458464528
0.6209967255562169
0.6088285681433305
0.561231786265414
0.655304716293932
0.6080867651956368
0.5585771549657572
0.5752740833302388
0.5342385209074924
0.6184273004940412
0.672185788667547
0.6307662774313653
0.608696780011347
0.6179018336440656
0.6090499246868426
0.46238248019031525
0.6234502576333767
0.5797196360086885
0.6696667566730103
0.5172046864827351
0.39902029581578513
0.6102379992230197
0.690137802068408
0.5789364619173855
0.5247595663464759
0.6464621694385078
0.5943129743943647
0.5855172672780289
0.542800092451162
0.6419454873528142
0.4562820602983446
0.6113666023191927
0.7001806667758341
0.5544748537958624
0.6040792015616497
0.6095608030806544
0.5713641209577899
0.7186880306410364
0.43761039351328623
0.6342297770635841
0.3768967089587544
0.6765874492878583
0.6058382352296456
0.5423066116835864
0.641779537354709
0.5800606697652048
0.625674920570233
0.4544606355290841
0.6074619198535874
0.554536145855898
0.6527923802244214
0.6127128335645404
0.6205545570116197
0.44345336173961797
0.6291930741774814
0.5668171008738534
0.5288640758290711
0.5816944313796981
0.5494320019712149
0.6511338657305908
0.5353932242833256
0.5967359893992887
0.42330262151886944
0.621520143681233
0.4532851416451582
0.6525621087659719
0.4993263675962739
0.5618850217960928
0.6139874075816862
0.4707864317561046
0.6755128738976978
0.6977564534664735
0.4930822606793427
0.5053054518825952
0.486243592597072
0.6283420967595019
0.617265169559717
0.533358318716749
0.6137380680657181
0.5537993510429828
0.547067627739695
0.5384530828624493
0.5938934167119556
0.6299655024379479
0.5109463917647848
0.5877323245980444
0.43013380460724837
0.6038203080780618
0.630016143495985
0.5802214631830755
0.5704158231805732
0.6435794528265378
0.5489675458332559
0.558623259045181
0.49703468436670306
0.6390710052630834
0.6199619740114316
0.5622003363525822
0.5142892029490511
0.49311315828280167
0.6536968504786793
0.6491694569257658
0.550113313694178
0.5779359613773607
0.5913271756940872
0.5844309846944797
0.6385294176283456
0.5125380729288438
0.6417197153108329
0.503804911757932
0.5857923229911465
0.5945970697492313
0.47918632589211135
0.6153177656568686
0.5794157033551471
0.539016638304311
0.617644038778735
0.5951369609991015
0.5482961711113651
0.5441767251664767
0.5615157374550885
0.46932011384022865
0.5932098961765786
0.6668692350104706
0.5638193468413364
0.4736514467907835
0.6200178044969351
0.55034305282999
0.6288778558444241
0.5798558216599878
0.5908761671768381
0.5377013322942935
0.5252240000323067
0.5885135386855341
0.5437497042045633
0.5793681478153381
0.553889757309224
0.3203405111749819
0.6232108779876921
0.5665280258054605
0.5823206382477129
0.6445235138400548
0.3990939750643637
0.5615074171948982
0.5955990416216497
0.6381576943036716
0.6936084504683293
0.5831252513162544
0.5781287774134622
0.5830366048180052
0.5982639691512527
0.6178158280571426
0.7250823556183149
0.5082123281686348
0.5666889779441392
0.670532130782817
0.485253540559751
0.6350823111337198
0.4869369600746206
0.6056283394087465
0.5465033296908189
0.4995842195501763
0.6097304349560208
0.5239619286765183
0.6928324643659987
0.49364105896637644
0.4611301359042519
0.5738982310939453
0.5487474602557529
0.7256267387706054
0.5978515730424454
0.535151323588122
0.6308292926824807
0.5800544029391589
0.6774969873545355
0.5238831438182534
0.5762480530587035
0.5994373112058637
0.5589689067243874
0.516922739893636
0.5782014516450296
0.5393048215910348
0.5618609374038187
0.5741650098879905
0.6183722824229667
0.5511425304657906
0.610911784249098
0.4920656762446536
0.5721026989239265
0.6444538983505012
0.6132233182627613
0.6272027231536346
0.5936640093844573
0.5087845909760529
0.6965051867641284
0.6195428637585294
0.6527669944618573
0.6381371786079809
0.5857123294202484
0.6393025937237754
0.6265709026558097
0.6887760616579354
0.5241343371406624
0.5822947892982866
0.5137171456162982
0.5755045408505415
0.4168665896094216
0.6001827719926007
0.572414848237778
0.6027290686328036
0.5727030112915455
0.5164780599324643
0.5846390166058707
0.4834366060892391
0.5486977977090013
0.5815271265080336
0.622206299497287
0.6267681621331467
0.6304412239063846
