0.08162909289374852
0.7270795380859542
0.2841213548473651
0.08761997477921377
0.09061565445796708
0.011646541376462686
0.07207353082270129
0.4673985849691696
0.14697441798584357
0.06350141921522398
0.13246395406266165
0.09417680689477473
0.1262402235224245
0.10884772829469114
0.7130013249923097
0.28218032440139007
0.11426323972596528
0.09689588791010056
0.10140553114427327
0.31647166168332613
0.051772843421868255
0.10968832580718123
0.11264333277947597
0.02258401949006738
0.07917245459155184
0.12495301362685544
0.10252623334193632
0.3285080819456426
0.09099865681625377
0.4526645422150562
0.11266691875976872
0.14743491480689513
0.07524769427979458
0.4747227868994302
0.1400450616869154
0.7774751492776244
0.10027752211905513
0.10539352177444014
0.036901636264356004
0.01173582043574421
0.288323375459101
0.4741694895164138
0.06510375943695551
0.04254672007026503
0.08845499705253158
0.12540507477113913
0.10653451344834451
0.10354825043160557
0.09858177130280324
0.05159081081932133
0.087657338254734
0.09133755596312641
0.025765472341184727
0.04613606953479929
0.24186013515688704
0.3884803840704478
0.10967943185248157
0.17383030732480376
0.6009845561101682
0.008525800635198996
0.12680656831477619
0.11332419471317103
0.25310063869911437
0.35434849860139933
0.14681632618868443
0.059482017374977575
0.12200996785964442
0.1060535856347312
0.12479234627370142
0.05863618164491198
0.07081110951414546
0.13369885231777204
0.12171893036432271
0.08757696793042313
0.44720207662755923
0.10595251149798876
0.4080363320768909
0.08389087926268982
0.10777790253467806
0.41642640321732405
0.07231527466465369
0.1331869782009548
0.07354516648958878
0.09872996981977462
0.24963184109438702
0.11048463520685847
0.11603773439203545
0.3728395191470928
0.1010340349317278
0.6175233173629976
0.25854468713989476
0.0930652659115553
0.15767057249111796
0.12392740694007753
0.08994464019169257
0.06310866177034326
0.60329297199112
0.08252884597579589
0.11490725741358324
0.2982219593843895
0.04489614987456647
0.09696488064403284
0.4895009512826528
0.0758700300628546
0.07926052108478737
0.0760159793332989
0.09818254442826746
0.06243802994765632
0.13296280054300377
0.06950298148007472
0.6769722433349845
0.1494091804474233
0.08652958701681701
0.13533210611533983
0.3795428638270867
0.13408946831225846
0.12070638961355823
0.5639885921534715
0.3767996006564822
0.2379161313940543
0.062189185852498524
0.05784950997192363
0.12065561617467029
0.0741915018567565
0.1391344412924778
0.13121464124819315
0.07968530421987455
0.13481467739793662
0.10802059084280649
0.2471748291901102
0.3051548617940255
0.3201161464202013
0.6037579094789036
0.07112403080808216
0.011824258935182106
0.43855694119302413
0.13268241875244363
0.10913119245689411
0.10502454371978123
0.04345008701154442
0.06991061478650162
0.06319239440704535
0.06211196699334333
0.5337241667891649
0.2280781320294763
0.4471587629766034
0.03264780652401354
0.017131721409975043
0.6467120595016005
0.11167933677377152
0.5222708281883655
0.10246293045763395
0.13049682924908604
0.07670844036059217
0.7151462407890172
0.852089662394425
0.057580055166192114
0.07647919331548038
0.12477839441382917
0.13571739988632023
0.07164568631059319
0.09957668848810466
0.0984401427546992
0.07747250784917788
0.09578213413903312
0.42953019646154006
0.345656030384242
0.06549860995779364
0.31099988764219905
0.39463679265103174
0.05617614508307534
0.37869787179496295
0.023494660608649635
0.07979575376830302
0.09541562343536421
0.10769572971616231
0.11706409597109944
0.4445132345515827
0.07819968431939464
0.06885391929148936
0.1359965187500088
0.08627790080390793
0.1144022931655234
0.09912175814796548
0.18348859749210458
0.0750919617433704
0.1619629164018833
0.11921948886514827
0.4361340970578671
0.4756362452114985
0.09509561811084477
0.047830891577237133
0.09352675097535253
0.08542289824749195
0.056543311902952705
0.11063484507437678
0.13249869952846297
0.1323618659572317
0.08906695619100415
0.11106606365004063
0.16872380993773714
0.49665949713256874
0.0994733011534712
0.11852677040448835
0.08352919801483892
0.06026018588372924
0.3363379771656948
0.04040601841530811
0.10366264393584962
0.12874170577237862
0.11779824654480987
0.039861373443695496
0.12393129204517972
0.5607058301757273
0.37555733727314633
0.08869180922493297
0.07898491172823008
0.060277626972904334
0.04840536983134161
0.06440251711332803
0.07595269516711317
0.10229030955758468
0.09375757710929233
0.12330089348205411
0.09290070644056538
0.10228095982354896
0.30974376343814897
0.07229391746155595
0.07617829223486518
0.12848992042784685
0.13698568825370852
0.12024847452326455
0.11521986060987782
0.041474646766614116
0.06182712827018578
0.750527819702651
0.09129280656815619
0.1263224350357412
0.12277971652191894
0.16056201327735858
0.11242251182324774
0.20852001406024775
0.09930533269053879
0.42774122118972996
0.10581407637367703
0.20841954305474283
0.06730970396000052
0.05447810520656967
0.4030562593162275
0.0905479376469681
0.10848335548087827
0.680011780922015
0.44270682236068604
0.023569006429272118
0.7431272211874878
0.11387211991470048
0.09701115600165412
0.1117500447089962
0.09215345112873173
0.19883184454574898
0.6319840802152187
0.6104569246581143
0.08987292465709014
0.060265364066481884
0.41875305127256174
0.21804831607772365
0.11889714052956699
0.3009625338134617
0.04887977638334901
0.06720786557982508
0.22688210241311374
0.455999247465278
0.22092488448132774
0.09625385039512058
0.06821067717450825
0.06287590589405483
0.24665888358835503
0.09135778919584885
0.16795979233629774
0.12535272656778518
0.062293065936086654
0.48775177415166615
0.07627138270229933
0.08047654190084713
0.36859671379291675
0.05473632470916459
0.8278789906314007
0.17447158772589832
0.0659993418189663
0.11368134012597379
0.11900843740466989
0.07331899931124239
0.17041688519729054
0.08824259894293036
0.3354618461226927
0.15153633035304476
0.5174906624428426
0.06698934780536271
0.09863369807074311
0.07516257879169243
0.14995134838725152
0.46210613226199543
0.1229580743646165
0.17605638690405268
0.10983591183728283
0.45414219572580883
0.12762874776597619
0.6856814393970817
0.08707834237321431
0.04362119068260386
0.0759867821200612
0.5378115121924977
0.08657722950418796
0.6612450291917052
0.06742325689563065
0.43939435990962383
0.03723271626729885
0.059038852100896315
0.1119925422174642
0.03774519026733065
0.11366339172220588
0.08438415473557268
0.32098141117565104
0.06071282209079273
0.11955769280279112
0.1382733963034927
0.05428304305591892
0.06116570355729125
0.06156050342529555
0.13526391322503778
0.0673531329259518
0.1919354436732628
0.13414092176769582
0.053060068624065954
0.09551807206147249
0.05474306713422156
0.11159629025615495
0.07122764359374305
0.22258237162164118
0.0723131767161445
0.43395132515777024
0.10450655856707196
0.10207287115834819
0.06456012566110651
0.12062436660540798
0.15529594460289922
0.12252039377645511
0.07409562915637999
0.5242407348553473
0.10702423967468222
0.29174238273172487
0.08981616141119543
0.13355409213089597
0.34584514187442245
0.12070317684192505
0.10485447417585066
0.06273249754212668
0.33979460847941917
0.37111911864845204
0.34872295125793956
0.10128239061887646
0.1054272598549775
0.1145301297509172
0.12908488633542786
0.31648829476350987
0.07401291280606882
0.1103582921230277
0.06735476549590935
0.2947889460464196
0.0893291110665919
0.17874857296758162
0.11076075742214861
0.12482643989961704
0.819229195577081
0.10033223616551198
0.23580119920340586
0.6924624051762677
0.10442666937551767
0.308645267254298
0.20277289480639732
0.11150298141397082
0.25980195585598487
0.09064879359598908
0.01356228125604501
0.3043278810723874
0.055132783646547855
0.1271011762872277
0.11535871652121181
0.3122409233423557
0.4606494141280336
0.0779202769581581
0.04489141000980792
0.10587026843385369
0.07265119303833208
0.32559300464531316
0.05727759085656431
0.5514035738872878
0.14636213849912927
0.0918072706031613
0.14684787544766925
0.3424783873891416
0.07354262296015107
0.5284446449212387
0.04386866137630308
0.0684276900308336
0.12226182988690858
0.07669173893233575
0.11095256449187656
0.12080918340316901
0.1299872354316359
0.12565586582006902
0.11673840532078918
0.07883363529150922
0.068231125787164
0.10682996227091297
0.08447516149502186
0.041166495803446175
0.0743022040937775
0.21669054360964154
0.13039275526734356
0.5502069300098411
0.09585288605175853
0.027247053538282322
0.26634324933937387
0.16796932450349739
0.06602354195408369
0.07212170190035144
0.08910399995276372
0.11057495119111017
0.0958544824233815
0.5713212854157682
0.14868342417403152
0.6446404509837574
0.27568426238491067
0.10034356110399126
0.6066199843498241
0.5488108721580982
0.1089325641772753
0.4986880180000916
0.06963338850314961
0.08778969427452533
0.26078369007250507
0.050150039969514754
0.15180903446734312
0.12223080794323396
0.08850098754858801
0.0682819421749791
0.10152443274024353
0.06344188926883707
0.06286288204800784
0.0717166671933373
0.12928026675928328
0.1466192341083109
0.11892255217841333
0.11008915493157666
0.09737032580151461
0.108940499743572
0.09809397619076565
0.07524474931438666
0.1390160373934985
0.32936741796838054
0.04246405726447207
0.32509345162694087
0.1384579326845958
0.06957976583856589
0.06753591892822657
0.07214395214542918
0.11212059226491902
0.09248440461476365
0.2566335818431894
0.052129541408103226
0.06792809835237137
0.17295933486082057
0.11077563819772786
0.5021538750646439
0.11790472091268712
0.04569583019820008
0.11567674448730973
0.05107738774264885
0.1273545860496832
0.12925101572561862
0.1295692098910012
0.344079626909724
0.13521575763176405
0.17622600377223127
0.4144541478668729
0.07291661948081252
0.11634827610268297
0.13507332344120002
0.11459692603412941
0.08761626387498667
0.38694943718476843
0.07276000168042968
0.08715620571826756
0.1157055865209619
0.33210705496087267
0.09564007162605738
0.10462499433993805
0.12245714647284744
0.12439061152039126
0.10773729757553169
0.0982629983606853
0.14379860289346724
0.06524737275983221
0.07610751066356378
0.10411051604107448
0.13598570586852415
0.09238536985388997
0.14987243516379042
0.10276657502577313
0.12779101810167498
0.3044743876245094
0.29690863957682506
0.03835863829134873
0.06550330316384675
0.09094972920158943
0.14798631755977892
0.07709643726885344
0.12211891008762335
0.08743298764692481
0.09513954967902913
0.394364662838262
0.056069911568181544
0.10255955271861933
0.4427453134040048
0.0952354972380372
0.517288931460016
0.11861887588261548
0.15223332161758363
0.12419861553459906
0.05613215148763313
0.13477326849149743
0.13060506546090028
0.034963810015442694
0.598283472967695
0.13052971105439068
0.059746508473514114
0.25140996520154185
0.10567291957774438
0.260098957486906
0.026458536090837002
0.12818779239354935
0.08379329253324705
0.07341369051778444
0.06851535195334482
0.484601120752341
0.11771902885406012
0.14387531335009443
0.3155447225710913
0.1007338590869808
0.06736163409894319
0.11561392963603383
0.08924964740179742
0.39709454854057646
0.08268033266813711
0.09993712478364561
0.08688429578803811
0.01854352461444763
0.06084670329815166
0.10322564172056345
0.5533533131731255
0.08905049662438584
0.11805927514143431
0.05380751169036454
0.1997449932989573
0.4100229918152447
0.0728148536789486
0.08168418279746402
0.15365736846430764
0.17652338981729995
0.09240440831309418
0.0762508039113081
0.06734688409119562
0.1044074557770887
0.08406218377543163
0.16368473796110997
0.11789091405224096
0.08598751206271728
0.08846570288252781
0.38677599077944147
0.7089249939991266
0.14792236475982493
0.08498509282840963
0.07859038632544366
0.09648968623879921
0.06821635224690574
0.12040853155988485
0.13183244622496257
0.03325002692676472
0.07267907487416196
0.1118142193228452
0.07005748066635159
0.0934655508843494
0.14681405032531625
0.083048641404311
0.4426106254111971
0.42153910096419583
0.0893143864377562
0.056167318223510225
0.34767667048773004
0.08414773379483978
0.2529051010424553
0.35432226176446097
0.1295244700430514
0.110547191854886
0.07574043056913687
0.5303692590298567
0.44034453940347384
0.09839288891798136
0.060528508538017264
0.44529102454654645
0.08221261926410553
0.12140830949137747
0.08446239692869688
0.5480814754063642
0.30369865085233533
0.067589193978606
0.08485780028385267
0.017364237888236173
0.039358279295903374
0.0710532581603095
0.057898595494503255
0.09948892464023275
0.09156657487709041
0.08596537891258797
0.06893335979142104
0.05572143588486312
0.5360075570647307
0.08690178391665324
0.12319895507590509
0.49226143988519766
0.10226629383033745
0.10753902275358973
0.11921574945930297
0.09024764457065163
0.5763805322180413
0.06959039082858622
0.07056890357990964
0.1788797015214217
0.07200846164559557
0.07255075061511752
0.1090326841996918
0.08240176447981096
0.08442553453194572
0.08136993471377993
0.07726227096490261
0.08256160858286145
0.4338902258412933
0.072045021425251
0.027068987911098918
0.1398991089523652
0.10818646170174454
0.06699841799080905
0.1522757403830499
0.13136514480882883
0.21339689311662025
0.11915816461989422
0.09027557626229696
0.09728511092684743
0.10296575151638658
0.42602587234297756
0.3880425134451481
0.13256022666248862
0.11949241088635403
0.0984111714814463
0.12837208777494116
0.5015001253817856
0.17918194055428646
0.09938561884599557
0.07771349416776675
0.1247787087949413
0.04583028287981977
0.13982994385816372
0.010972076907816129
0.40835484037883785
0.10340829302934977
0.08849435862457822
0.08867227054915919
0.14757975668272522
0.5429415846677388
0.15102914585443955
0.4790547750326027
0.10447517124244944
0.07662086723204638
0.04874820437347749
0.08745681679226637
0.4257522079781225
0.09293541663898972
0.059325779080110566
0.1467755221837188
0.5008766252241004
0.13917093406364575
0.42078421892801826
0.5600869554907557
0.6166347911429273
0.0887488145762954
0.8264410412879025
0.33845788452446207
0.0722223329565054
0.0780970249853219
0.10593262841933761
0.20207512934785207
0.44674445896815845
0.13064737941564986
0.25559485974129836
0.11403181640149666
0.2348375598310061
0.0518227056401549
0.31497765672366734
0.4158371824105359
0.21094656291504169
0.06173866363436514
0.1481982618104257
0.11386389996209503
0.06818170466943027
0.10128306745460004
0.07980368609358446
0.7171873596667023
0.1437361612403529
0.08426868834905893
0.10491158001859316
0.07875260333615818
0.13174030682348867
0.07114056412352625
0.08828083200954312
0.11286280136672198
0.749487834849423
0.13711286363507816
0.12348366661353559
0.1566236329449654
0.10144408568193028
0.13036032677252712
0.08144088066252012
0.7543250530909651
0.08572588809663301
0.054803312571736026
0.08351830525965664
0.10669618753777625
0.1122410687055664
0.054096557733175565
0.4923230685279593
0.13147233357481325
0.321192503525718
0.03850620415413707
0.10359959461465684
0.08559890660719144
0.04917612964128221
0.048088762034101916
0.3564004769474975
0.10930189653625211
0.044619351363697775
0.6273170985214724
0.13500254501640924
0.17695781659636403
0.07196781128089674
0.1448439279522188
0.08792838894521604
0.04919442882831465
0.07658547384505172
0.05429887011745517
0.07461486085532058
0.10635816774399175
0.10837656404310052
0.10428413133466793
0.11306557474812588
0.06568914286144827
0.4510851589310435
0.18460664915227507
0.3867477314597939
0.0733940493444567
0.06179998589022237
0.1495587146640424
0.04660555159370374
0.10046244563356471
0.4463280704756077
0.07729972209908527
0.0960407773120147
0.11045657882660714
0.24278156650996677
0.07677352318092914
0.08107867422058078
0.6842742048364462
0.08657000554307777
0.6467256275046458
0.05417302730955169
0.13737546001118559
0.44773613992311145
0.394439759237203
0.11932440230415485
0.09520941860494322
0.13610968656695688
0.37960492743883023
0.4700528843979753
0.10101258007806088
0.3175242563598497
0.13806780348233136
0.10330848224494585
0.0435982903664798
0.12973063312047242
0.08846509711033246
0.1078956254718371
0.1680578428377265
0.13786785241792013
0.08790252322473695
0.044612270512868916
0.1040581419910653
0.12025936546579616
0.10917316303437787
0.13235267682480273
0.09964697168137679
0.6497870080533868
0.1341592640664885
0.1716486120477154
0.44083970691431845
0.09524940982736717
0.10589039001730666
0.1288449432645951
0.15082643366217532
0.14157730253853354
0.10417088682921158
0.06935503137309627
0.5017065459675575
0.08275822132844833
0.4483000956048874
0.2697380546034346
0.15155673539418604
0.520151937741789
0.14434993045649838
0.12847349980046577
0.13511447037595062
0.1276156388496975
0.13426465960163492
0.48200652884025463
0.5188881638694761
0.47157403311720614
0.49125453127552976
0.10067933769431375
0.06100735032471196
0.19448817778624627
0.32605149996270516
0.07949223740296463
0.10740700816150094
0.07404813018028834
0.630535884290693
0.11360275762255755
0.08201989294515255
0.36491065167224407
0.06451608582012258
0.11134280774701216
0.4482947029300423
0.08524010903905517
0.11738233280933562
0.18018974224899356
0.10456306754250129
0.027330276037612445
0.11205094700658517
0.1294950481885338
0.094031203287212
0.11298653177343855
0.0839481470856464
0.11919642635941441
0.09219463841180853
0.11267704037948284
0.14027662817529668
0.10370633656461459
0.38022326114363725
0.6345142259017772
0.12246541638392563
0.12904839045165595
0.15372143106023206
0.6268282007220627
0.10854072223582852
0.065982432986532
0.08135603973029856
0.42060792695840643
0.592853047098342
0.10060672818413145
0.16243098401686878
0.09845187111425069
0.11241229304698534
0.11943737045799607
0.08958235503751646
0.15632947873103378
0.13929137775359876
0.11900143661300863
0.2174209360276404
0.10400935170614653
0.07056961058207624
0.12082111715326727
0.07363831770942414
0.04240675642631048
0.10824073013197527
0.26333148551293994
0.12552673437807563
0.06000127023412183
0.07212226502979291
0.10428898797386421
0.146880470326399
0.07291567325782407
0.09225872298246161
0.061919461802595825
0.08471169766126527
0.12381607859538049
0.39719312311145094
0.12067296237501819
0.09092714836859683
0.57579143645287
0.07696897310220034
0.06296532777929909
0.2910904107952434
0.10193607251734059
0.1028910078435149
0.10653821967875458
0.43004805465808144
0.09617527815933749
0.1257356698961637
0.42391202856657106
0.0995744336677145
0.10893379456638738
0.06296734775600174
0.13731983310943954
0.13530944418439728
0.1411852740332747
0.1678686113325835
0.07074815244762588
0.09996619587214589
0.0987087635925314
0.07354287443088958
0.08110947360943976
0.10229622546134524
0.3959818187615045
0.03742556129430553
0.12138531523329703
0.052063089994243
0.06678072179266695
0.13459942111372042
0.08664246418781366
0.0935230655086608
0.1389445832452616
0.3084405228293689
0.07077813946688229
0.1535035282030908
0.2857557074412123
0.10353699968943077
0.03099540522090179
0.08551945187626028
0.09586079243905012
0.6587488819137213
0.15147957724217273
0.09861269555765248
0.07359071751590482
0.09075942388267284
0.1340385282042691
0.046384385595955924
0.0513204329267902
0.15001500026509848
0.05498540084612228
0.13798343591295253
0.4615195746007404
0.10841383976167994
0.24648835825721854
0.4173469319448627
0.13570893527433034
0.26906746814644916
0.086224602389511
0.1345477788708415
0.11605384765615892
0.049664605159985394
0.09605771272154755
0.07387517840722961
0.07297141860705376
0.07397724355224113
0.1103077915178279
0.07553191369844275
0.241014995262328
0.07860984404948496
0.12731825467551502
0.5590552317615921
0.13498607945222704
0.1448244298084555
0.4265559627724093
0.1144730762444683
0.08624991143514173
0.19540821707087716
0.20227994178490494
0.11286885931863415
0.1239452900514625
0.05006599340982942
0.166364003180339
0.0969992337112437
0.0778706571686575
0.22552313269716487
0.07240640556338965
0.09915209702647211
0.38693599831743486
0.14418496965434535
0.7778146308622845
0.3355575708766716
0.0651709024021383
0.028587330559510946
