298.3796422213064
261.799732080923
79.73731740326849
253.52653115944665
350.5260080398702
317.45719477847405
248.5418796839065
283.34206109721146
279.3062839264146
297.6140330123938
241.54927897644956
389.08303899711854
224.10640256441516
219.58237074898727
285.5608753685519
11.519583703827138
279.08229042682746
275.28375960286036
226.83262073734062
270.6289004990003
277.4060827580096
238.40344196869071
202.52794820451183
222.3932338404439
286.3106710495896
242.12796067718386
231.16750014944049
233.8441611420024
310.2268674172603
168.077836820146
242.48789916093128
218.37258426456742
203.63227597309805
298.0100177535023
239.44465914182013
317.8301982310065
381.51534451982764
251.43473202291273
307.08933597749
321.71575982709476
245.97615573379798
248.78682477564493
181.52245970940604
313.312382229292
255.8896383596933
195.07276913371052
223.10485248882253
299.7906658071082
329.9553902541098
163.7233799710789
139.64944912080628
192.57800439704994
240.77858847097244
200.37880298676814
210.40270093168374
292.2431809355274
190.71594858240107
381.97747340894955
223.04582686835795
183.54418583255878
296.6109398658878
10.03068083196403
327.6435646653121
238.97323812897127
251.89056239190035
243.51419165221375
214.23751721950367
233.40049932234714
9.822237124850755
286.30412843282045
212.22606635887453
331.2290564956937
280.51898222737475
186.69363251181014
316.2520141397402
271.516305299282
266.56708944143077
207.88079796083287
172.20514198841977
199.30412941404703
288.7115015269382
119.34851453967443
231.11809915153975
322.45536087672224
271.2773280831795
166.91216789796883
347.62920075835206
376.47991761089565
269.053815647159
173.18039564404177
216.89486127045552
382.0240990597231
284.14456484828384
278.1189333496762
289.1822452919968
251.51764994677066
247.63857164997444
216.78460287759188
357.1629266702623
195.32885105673728
190.73687926294167
379.73709571453946
276.9030609083151
284.3412335498476
201.47025764243057
266.49567668557313
210.48015949701664
264.7080816928659
200.2445519617499
199.21075867709732
203.20240612954208
269.88269507968903
220.4808199150553
274.7224290145178
274.30233521698676
283.22313172463583
247.18579504131372
298.31873960651916
303.62734710123954
272.92397226655015
278.5125351540686
157.1401486164702
232.96095710554428
278.8397633619096
249.55856023117371
339.72518175878685
149.95985947260536
16.987624107666726
251.7791189927413
156.73329253227166
266.95894011648375
263.61925327479923
303.70800202558195
245.99943815548707
379.9209584959937
335.4226681582766
225.65700884160327
201.73181180372933
273.18982258973136
223.14485500255623
326.06355760256633
259.27100776957633
265.15384364681876
138.4235534405832
274.4396518720203
267.13290742772637
247.78815719181625
383.4793971802099
288.1151789429613
189.63705271101273
225.05302099426942
183.6865578844011
255.6563120532215
149.3024974261812
303.01329362753137
191.17121376113593
305.3185285121849
223.07401189453304
302.10508191427846
253.1667804168568
233.47127834723545
304.04481102843545
149.69828282514652
253.6764891357916
251.01250009421284
265.59086714889327
268.3118719096117
219.49283761495568
184.7449741085927
313.55456310576426
320.2493290891507
320.5482814591799
254.89509720305318
248.63451458938556
331.20467686468226
347.8818774645256
307.13571262711065
246.76386206343022
215.3387387723887
233.44320050239642
193.36353774273286
255.50737297180623
276.92626305329287
395.44489391239
200.9460437451967
196.90562903375903
285.72343270707825
219.4480509182547
322.1275384229423
276.8856035529726
379.72069010115786
290.5381588298141
277.89713258447097
215.93592551898624
299.88549480862815
275.9656646688108
315.0329402540177
246.02497289499058
235.38848029078463
307.7954380005383
195.7605980276239
273.48607586019966
346.69314527876844
306.152756901057
264.8699827392414
260.19535606123674
331.8699343283052
249.15690857887844
269.409933027604
322.5314933788511
19.392765055661606
275.7530896697578
324.7556924734982
296.94339324845447
230.6403611949082
192.4842272747205
202.3139582765087
352.2261575031883
376.71448713814465
214.71260172269191
269.6493683359344
263.8818037178831
246.06775097447385
358.3234325127368
232.65349868648622
234.41232132420686
211.33329748781864
356.39131483917083
176.45674296922806
307.54981685187147
229.36337991291393
316.9891777372241
173.9526879801022
244.59528171232392
264.9908671825156
289.091803013718
405.16929567936626
185.2897962672959
218.74272465109814
220.03361635487957
272.41180853087343
350.2136182009457
256.9037500019431
197.93605155964772
393.35156115840175
316.55553397005485
234.62993281739818
39.07072019514506
230.0583124865407
306.73263163581527
235.56498994961098
378.1527532274405
226.41172322931763
217.72228324124828
337.52599276866846
298.78951891814137
258.1599101830376
319.5894489307826
304.34949090510474
210.84541791492475
381.9315320800364
264.6468275145384
252.1171939551601
328.38845184001224
197.81410507426554
224.14815811880814
288.06771737781077
188.36011706150177
292.9002559267091
249.9029640094973
410.66764867155956
385.5589925155283
328.7160125843918
52.30819843615045
223.14399751506133
431.2378640110834
212.43372136764725
111.1807086491098
225.31586088863966
424.76820174376525
322.40403830269634
267.84171019483296
265.53344384745157
245.12764509073182
255.43650522284375
275.0768059533622
277.58520340879414
183.25141196416135
273.93718365027354
316.76912168078945
259.38677506329975
215.4315744346899
257.9493471364445
171.92264345781481
190.8876936641386
263.80168764088955
174.838158460207
243.941888503874
266.6533495489031
320.9552118913725
376.09481341705646
385.51726056834025
222.17589602899176
270.7348213833514
274.7641315722295
195.6186391374292
201.6568178800071
212.01286037515464
344.71916048333406
320.96768337813825
215.50931588813023
336.51307657588
317.8333263786795
336.49007705629555
254.8173971759786
326.3930008868831
23.503355615803308
296.7803721406091
210.95084742214112
262.17591738323114
329.32585383054465
205.48961701276923
261.82779967984465
347.58999522939416
197.78711970012625
296.5379915180691
282.6875901687092
277.99461193203996
324.8833737065857
287.16484061785553
291.8263883087203
228.0162935123474
246.85558082547874
324.20940514793216
277.4311123907365
320.29791637103625
188.12006519265304
263.2373606803845
328.4645686722936
239.62521603080816
209.2251995724984
270.10633818084517
266.53034666886293
202.82871718939853
325.54328506630793
350.25153804532675
317.58168228461153
195.62776003266936
354.90138266829916
254.97931492983423
238.2153892664769
278.9174556184379
195.05823110977013
252.51712165672546
110.39053855622261
271.87823372349345
166.3310747817287
271.0911834839713
314.8509540558611
310.7787775417435
241.535260138882
202.71399486553412
278.2823813683031
296.74619074768026
189.6211871580769
316.82019823702825
228.16924337176573
327.2909243461874
249.96267604169893
231.0220912154453
281.45198732389525
263.13110511834424
236.81173067920238
271.26162639418953
334.65288069646596
197.57030130019245
283.1945750485913
352.16567723576475
224.59041996763952
302.13247748759983
264.0098259785397
233.16180163966126
229.63397061722654
238.60128177196003
261.967492043689
221.40125880952345
183.14250654680643
185.36479701909252
255.66931639265218
313.5143322388843
265.8031968887373
331.8368969196285
336.9926591976341
279.08799015954946
299.7712583517413
418.6246597473465
198.5492038636206
252.5233370400158
208.54621483095664
257.4476890889844
218.01040408568892
260.2028815945877
226.69941577418635
230.7258553297321
258.07089840711046
222.23034202704392
221.56882646447423
361.6775812824568
211.04708652925902
288.6205704579809
203.13131898399197
346.73493714854686
175.96263756611347
289.8710367127668
279.2474186923406
200.64501931056498
393.5856911151636
7.175043639037586
184.40174799916133
413.3343239030464
240.19949297731526
358.372108532633
139.54594910409435
248.23853688142285
236.70924307650284
187.23433736226318
286.65042487481696
138.77128896139376
184.823854084672
300.13727261353506
224.03333456805382
176.13400066331968
229.17825515232866
327.8068010148901
315.3468380927624
275.88456682885305
245.58127429347834
258.09846963175835
268.67161223716994
224.92904875224988
255.9288444014297
208.30880736794293
157.82612007989346
301.29759333472623
378.86386821008506
298.2935193398835
211.01295971074242
244.00749928903042
319.24481043785767
276.0318331125834
282.85034848477255
343.46482177528617
268.703231006825
247.70332666133882
208.9146596790739
248.92881495174768
222.80124115412858
266.9134989889412
314.4362984755772
272.757792827206
520.6593426381336
287.52224634888745
228.4311580987537
242.04985167050862
230.55239943445898
237.62644873806477
203.1552403953355
261.6254786237203
266.58779533570697
309.9429024285357
251.46494531179388
364.25249021218303
242.23103250271964
267.9756572136098
19.631003379198056
174.65597412197218
233.63428102005244
276.47810868437534
174.21668053988657
196.26554296651318
340.91117094351387
197.11225802091383
287.90464105640217
140.56142369815925
324.1686993739846
280.74427151901324
273.3132434904171
235.42189074464105
252.896530106641
335.33690699345453
271.6369519999472
280.51657059908916
199.283493287956
297.95328321151044
260.7678612782133
269.81605285715665
243.42561251590817
292.38346117334737
279.6967731866193
355.42284704005436
293.6543579163574
305.62371466889414
301.1202113897878
420.80360573325015
179.7507961105291
271.4677453191095
329.1268248666915
250.86426907288578
184.60272621517134
213.61353257575254
345.34151535303926
360.00819677235177
244.8590962442009
196.13096537239443
208.2770956054046
266.00068970211487
337.4856154752351
231.9399766690223
257.3563181490094
300.62021562193706
208.6110609913786
214.23163558549453
265.0848912299463
231.07363741232265
196.88052101310612
237.0573003996651
256.7256045242768
258.2911662871482
294.20735760667264
181.13201422476334
316.5584527595874
209.20843521953785
432.19667354245183
236.69230306457135
231.57900705640623
316.938557395935
268.4749772457545
229.26789322275357
193.50105742032778
177.90532169847162
288.4684453554808
242.18242850765645
304.21606583603597
260.39703589509736
317.55396050296076
220.12476209207477
213.28843669278828
262.2369225740094
446.38719417978774
224.46856399091536
181.11865844687546
209.26583799571685
275.56821068372346
340.8436015322327
227.15361151901095
251.46624564064504
279.1409960961176
344.0592408830502
384.33943327794617
416.96647538541436
216.48606475657127
221.52910752165465
305.3272945635571
190.43562853114736
254.07948634378587
153.36266868258048
166.83471362899567
187.47861660781768
294.7408347177882
220.8180209560426
148.68684858115182
219.2456634600269
250.4604867003986
180.96073723345236
244.41667464110915
279.9893812168088
207.5942823433025
256.00236593586624
314.99416052353354
267.02239767802917
226.23455537038106
266.8480029246534
330.5138835982459
198.5742148238389
242.44590110420586
209.6215998175954
192.4459466171821
249.7447051979659
223.33121555693822
253.1386666884229
378.89990318320065
223.47916887083656
271.3766714252678
247.69851184327354
241.47823977562234
279.6013376882836
335.03272320989845
325.6142202196456
276.5460677305366
204.37550866493348
237.90564477098957
200.7875750800468
274.0609155797499
291.7742084624448
187.90353587516816
21.177167154584776
239.5575520120759
274.7259870111968
242.88152857572192
327.61393465840183
317.9628591649764
370.18427724260937
294.9423857113742
281.47943451801024
301.167647221785
274.08878946260717
260.4876221886694
256.6728744754536
5.188759911797724
230.4802120982469
221.1493859530891
247.00116351768466
131.3590558485542
192.4675302066231
323.1162970827747
259.02730243591014
265.78617375004995
380.78738029630483
183.610209179963
267.98891527434705
274.787328510437
217.79156045398184
253.58440359596392
236.10680411260606
184.67319204632778
307.50586205780763
422.4242858846098
310.7726184045616
265.6576450791858
230.26018267911618
166.035524040335
197.05985909792022
250.2398662438823
249.00609269955535
228.1335969581136
293.5955843426073
240.38999753213517
205.3934653287443
358.0826834233974
272.00780453165993
248.0873741734609
197.30465095234916
208.1443656914514
263.1142360889883
238.23911575325656
235.00799050526183
332.8957456796363
235.43194114260567
226.59711943586495
280.24628865738276
233.44356238049417
290.9196290082683
291.36623883321727
198.08028139609974
236.92947135842866
294.7883918590327
319.9296943966777
282.54828668965706
293.8180788230334
205.25298701563992
316.46645374483614
191.4388658415971
236.43374557944253
323.06725512444405
193.53724687625427
273.70197820306714
298.4569519338419
316.95675691896935
366.75207433527174
293.0287033491542
312.08588731943786
149.3732765467904
232.5598747263842
244.03415703781835
188.8289959304402
236.07447095779156
277.1391397705667
179.28602521487431
232.00525085987516
227.154064663315
256.5164746640334
446.90396479370423
303.3602927212612
128.4750534844028
271.05845632936484
390.6530009939312
10.24314287375802
216.01645630882655
308.6500777154902
283.5503087703828
201.58589228892316
294.483633930171
201.09671765712758
99.3021854136302
226.26691169534132
220.54699076910143
144.46631830251178
393.4930058381793
442.02782490375967
232.9300327433705
216.84389381686253
265.3713544958243
341.0189674648892
264.8254634396136
168.21309647818725
245.13347554405186
301.395752634886
268.23948250934643
235.73563549258404
7.193546681106256
216.31519101889648
271.68434181202235
105.14636430357355
16.503967088401705
228.4113782689051
247.50335404820683
213.07648530716725
299.24143859543
305.71525653541573
217.25400823345464
216.55130542808408
272.59396107191077
329.7104464709562
245.74540107004879
335.20024823640864
229.85421490029339
198.57796436016122
103.58673782682368
207.34330378815844
80.06565446219894
245.55840258508178
320.52300508338294
243.09181292270455
154.05091637739045
244.50481625176656
288.0019829318788
162.31277178964893
255.7811273363704
348.4309825447074
404.19168903271907
250.96435959721353
272.65899123589526
332.96137919485517
298.8068937260852
273.92499754611174
392.62418483382436
187.33181807845423
31.943373335951463
221.620159198572
177.06870977295785
270.32328972789276
212.47177116911172
219.99921844618495
233.30704375332704
210.93501168369366
129.3807235859442
300.3750592798798
169.33422231327816
340.4173745583196
275.275739293272
218.61009868349586
351.6706468710556
152.9545614469572
241.95613804941348
309.3993267922887
228.67613580485857
288.6612461950325
352.38227599800166
167.52527415722503
395.0754723623216
245.3314102480956
256.8303954560463
457.6128644340521
350.47448142338345
302.12291702921704
317.4876953640444
296.30925850642495
291.438501211853
282.787433990007
208.64329503068615
269.6462466790971
303.7904085770659
279.97679181886235
281.1037148294947
194.32938159501984
219.30559029349558
180.64949238618124
290.89453156291086
224.54797208447692
250.88667989427262
329.6043443407853
273.65607355819105
288.82985254811115
251.7380306629527
332.04773214831954
267.8417444435781
183.5056801671307
299.81250286998073
294.72818264700334
276.9227266218536
241.10488925253125
292.1156676953669
238.74730883602783
210.757360736241
6.606517416925262
244.0294478522994
271.06466486776134
278.42138801901393
219.30283466577293
25.974215922673714
244.97700665012061
175.33291404976887
358.1610156350019
250.75343350513006
243.5443608470153
255.10332111294926
139.9481982460714
295.41914969365826
267.8815616531292
228.06977247007677
299.4415208524074
319.9278411941166
305.0265833869336
182.53237969602048
132.3119708373603
323.4062745768002
316.3630171116025
295.6557959855491
228.05875924986802
279.20410632126703
242.26406068986358
321.9113906324915
247.24301128015114
195.7516745793059
257.7543796981107
317.5705250232314
269.10563447439813
247.83488056976373
243.86856693252255
207.42738550488315
253.9657185763867
219.8697193499174
193.96592197400474
256.1407931690463
288.5866431537962
249.82427790652773
224.74450230335162
298.691760974021
313.19498046708003
342.87751008828957
271.9831581329599
254.69918964345183
212.95327883131654
231.1884428029513
184.9891476285226
247.55142731633006
298.36991473515263
307.5336929256403
281.22077808734775
300.23083255490997
164.871334573938
224.19163277473885
382.521085691979
219.7614714898954
195.1769619841679
232.86146444486567
265.6849617365128
294.704930995344
225.6777181058129
296.9486769858168
278.8724219501247
247.02982300431816
258.07764441147566
239.77889128497802
222.41335283195414
217.25057513953897
335.4442440803288
289.8386623763334
326.8898493967956
199.90836339816101
275.36668745951823
183.15086263811108
236.15648885234202
256.37222193029396
183.25391413283157
192.93841145485163
264.6537676590299
207.6327771721671
182.99260430801465
292.41404667313685
235.39471559881912
249.72924118777968
315.6159188417987
237.02255905893793
243.71753255375398
182.23192515844985
244.20899141513183
218.5753058031086
201.9545470925916
10.558593618147933
388.99455066415146
401.59450833475387
245.99661794742056
242.37148807234868
390.0698950078631
312.12099066110926
329.55976370059716
323.78965954920403
250.22373225500965
335.1213960492244
235.34937766174778
242.99640918392575
323.2472250507136
345.77905961164055
208.8071510681299
245.95494513238302
227.8386975957547
156.4956751106085
174.68723531069745
205.93305458841857
320.8109573539964
213.69606335816027
276.7028725809745
14.016038970044821
299.9558713267679
232.30908303846928
166.5520362186043
195.7864742059357
163.85940284294855
169.80300495104225
319.5173650976496
264.6041886803545
282.3471843556893
83.44794838771892
225.45331373300942
253.28069776940572
244.83821909766186
189.29940830969463
239.74471760564325
201.07192974044855
293.30608975040263
310.56723133689405
204.976621127893
210.9392444454957
216.97222789191966
203.68578757333364
266.07072460635004
190.84568842062174
276.47770466756486
212.3074200249493
176.06536365633409
251.36807241308114
365.24323641447046
246.4014842216047
205.77849464088334
293.90323807371794
328.7844062642121
236.37373850156538
250.7836501484907
232.04235262738754
237.5214757724059
266.82488139984804
258.0551781675979
373.89976391097775
291.57058467314386
332.2266455034306
309.48375266369715
253.8205121270591
249.45066236969438
232.80779707181446
224.59294059996648
287.79542743731554
235.82233113636633
23.642886992903986
326.2703389101554
211.4675776758598
265.1631742155055
237.5021408721241
284.70341631895224
243.09644251390685
368.01314854700195
242.64854241195832
281.3763557768068
308.447122480584
270.6925425848584
223.99866500673977
280.40586091633224
201.96751265350974
183.22714418243305
316.916754482778
