54.31850051879883
80.22404479980469
49.07656478881836
54.116024017333984
59.646697998046875
52.44671630859375
55.564144134521484
53.937713623046875
38.04074478149414
79.89095306396484
62.08189010620117
49.700401306152344
52.6524772644043
54.268890380859375
48.56085968017578
48.937931060791016
63.18656921386719
48.34022903442383
50.756099700927734
53.74270248413086
75.27952575683594
51.65423583984375
58.390785217285156
60.05323028564453
56.47999572753906
59.329673767089844
48.703556060791016
47.211753845214844
49.618553161621094
46.40950012207031
57.125648498535156
47.44228744506836
55.848289489746094
53.13060760498047
56.76011657714844
51.04530715942383
47.84189987182617
50.194698333740234
57.288761138916016
50.49060821533203
71.21797180175781
50.357540130615234
54.31312942504883
62.08049774169922
50.72557067871094
52.90031814575195
46.42430114746094
53.39282989501953
48.61644744873047
57.64010238647461
62.47755432128906
47.364990234375
48.99753189086914
60.51103210449219
56.63774490356445
51.45573425292969
45.2493782043457
48.975868225097656
58.04098892211914
51.366607666015625
57.92863464355469
55.81303024291992
65.64979553222656
53.76401901245117
54.70751953125
54.131317138671875
51.82836151123047
61.06245040893555
58.94784927368164
46.180259704589844
60.170066833496094
43.219173431396484
59.14389419555664
69.35404205322266
52.83623123168945
63.78689956665039
131.23239135742188
53.101158142089844
64.892822265625
56.29418182373047
65.22505187988281
59.80178451538086
60.469478607177734
50.50682067871094
51.614688873291016
61.987545013427734
52.8003044128418
58.743160247802734
52.76557540893555
47.561641693115234
68.11571502685547
51.01422882080078
56.54015350341797
51.96412658691406
62.51320266723633
50.25355911254883
48.24744415283203
65.27364349365234
50.91788864135742
49.8564567565918
65.09397888183594
52.4670524597168
51.698760986328125
50.01144027709961
49.072052001953125
53.28153610229492
39.390602111816406
50.15556335449219
53.39567184448242
47.65119552612305
53.37240982055664
88.99754333496094
60.76680374145508
54.11662673950195
39.90436935424805
64.3366470336914
47.99290084838867
68.6747817993164
45.22315979003906
45.125526428222656
57.1044921875
59.045406341552734
57.013160705566406
53.578521728515625
48.32911682128906
51.4676399230957
35.69268035888672
71.14641571044922
57.36269760131836
74.15153503417969
55.2708625793457
47.94939041137695
48.0073356628418
51.25509262084961
53.50471878051758
58.560279846191406
75.50163269042969
47.20125961303711
45.41280746459961
77.7565689086914
53.01262664794922
63.20043182373047
54.214168548583984
47.311668395996094
51.97666549682617
54.681026458740234
47.081031799316406
49.918365478515625
56.10919952392578
46.59504699707031
45.55055618286133
121.99427795410156
45.68305206298828
49.43610382080078
42.01864242553711
48.82638931274414
56.798851013183594
81.50605010986328
48.72355651855469
38.81327438354492
47.05936050415039
58.88578414916992
48.9974365234375
50.31854248046875
49.20600128173828
45.19226837158203
48.90389633178711
49.854949951171875
68.90144348144531
47.183387756347656
28.03216552734375
53.530643463134766
60.63426208496094
41.781890869140625
63.96255111694336
89.64445495605469
68.06736755371094
47.20566940307617
47.274478912353516
83.0881576538086
48.27825927734375
53.95734405517578
92.84907531738281
43.928890228271484
61.83127975463867
54.068965911865234
58.94380187988281
55.144561767578125
55.50271987915039
61.72500228881836
52.741451263427734
62.649253845214844
52.77388000488281
48.84196472167969
52.307762145996094
39.114219665527344
57.66354751586914
58.447288513183594
53.74870681762695
52.58475875854492
52.35189437866211
49.17523193359375
45.49241638183594
52.73576354980469
56.2884407043457
54.70121383666992
74.0792007446289
48.29851150512695
57.38967514038086
57.113433837890625
56.519981384277344
46.52161407470703
48.41728973388672
41.139739990234375
57.53765869140625
46.991607666015625
51.41805648803711
62.297122955322266
48.021629333496094
55.73703384399414
48.645694732666016
46.66935729980469
47.0584831237793
49.95185470581055
48.48081588745117
57.231483459472656
52.518821716308594
49.89119338989258
55.568790435791016
49.21082305908203
67.21993255615234
53.373008728027344
60.90092468261719
51.16400909423828
52.05369567871094
50.255592346191406
50.461578369140625
53.763816833496094
63.501800537109375
55.79600524902344
49.59018325805664
50.357330322265625
48.527244567871094
109.92508697509766
49.51475524902344
57.263587951660156
50.05712890625
54.24705123901367
43.846046447753906
75.70954895019531
53.97333526611328
60.85755157470703
48.90059280395508
51.60704040527344
54.05422592163086
67.92923736572266
53.193336486816406
48.24213409423828
65.01676940917969
45.99772262573242
47.04253005981445
70.66846466064453
56.9914436340332
51.13618850708008
53.282501220703125
53.997623443603516
60.35595703125
70.23678588867188
43.9102783203125
51.16725540161133
44.62065887451172
47.20573043823242
70.86972045898438
61.85147476196289
46.454044342041016
61.6512336730957
52.45220947265625
50.25704574584961
49.17375564575195
50.270423889160156
48.46413040161133
46.332244873046875
49.70083999633789
48.43084716796875
51.84852981567383
88.51712036132812
78.83325958251953
80.84080505371094
54.939178466796875
74.05459594726562
50.879974365234375
55.661376953125
51.08781051635742
50.58695983886719
45.89281463623047
73.43858337402344
77.70087432861328
52.37386703491211
43.21453857421875
71.481689453125
52.67387771606445
49.955772399902344
46.89857482910156
49.03519821166992
57.87516784667969
50.97900390625
46.17336654663086
54.69123077392578
57.020606994628906
50.860870361328125
57.548404693603516
44.771095275878906
47.27338790893555
23.396244049072266
60.49849319458008
44.997196197509766
51.64023208618164
51.88158416748047
58.55108642578125
49.93421936035156
48.19740676879883
57.76043701171875
58.81147766113281
46.53356170654297
64.97943115234375
60.6602897644043
60.11902618408203
52.85869216918945
44.34477233886719
48.281898498535156
51.42610168457031
47.722843170166016
46.16960144042969
47.02336883544922
53.385826110839844
67.86842346191406
44.302284240722656
62.67210388183594
56.1099739074707
74.52072143554688
49.518211364746094
48.337310791015625
73.36643981933594
66.253662109375
50.80366516113281
51.408546447753906
48.9449348449707
79.85469055175781
77.38953399658203
52.708106994628906
51.517494201660156
51.79340744018555
51.89878463745117
55.12023162841797
52.52424621582031
44.210304260253906
54.90205764770508
63.67514419555664
48.37968826293945
66.52725219726562
58.4851188659668
52.48325729370117
36.877113342285156
87.05342102050781
49.632904052734375
56.40904235839844
36.92560577392578
51.474178314208984
46.76334762573242
58.96311569213867
39.6351203918457
51.97701644897461
47.96901321411133
46.053375244140625
46.07179641723633
59.5716438293457
56.65904235839844
44.5920524597168
47.06074142456055
55.88343811035156
54.74767303466797
52.90812683105469
67.0023193359375
45.39183044433594
57.620399475097656
53.98320770263672
51.3462028503418
48.504920959472656
49.38295364379883
52.364871978759766
46.00801086425781
45.47369384765625
16.628040313720703
62.74736022949219
60.7234992980957
50.06840515136719
55.56452178955078
59.346981048583984
51.63294219970703
103.61127471923828
52.658748626708984
52.846282958984375
47.741947174072266
54.89031982421875
56.94065475463867
55.10393142700195
45.558780670166016
54.16391372680664
43.57720184326172
44.370208740234375
43.82555389404297
58.231422424316406
58.9630126953125
53.6692008972168
46.23460388183594
46.72710037231445
47.56309509277344
49.714969635009766
61.34379196166992
55.25935363769531
45.07693862915039
58.12855529785156
70.37339782714844
60.94184112548828
66.93351745605469
70.26922607421875
57.01146697998047
50.81828689575195
51.76232147216797
53.72193145751953
54.80807876586914
55.89598083496094
51.98119354248047
40.45253372192383
49.77859115600586
57.09465408325195
45.87350845336914
69.60572814941406
66.53150939941406
43.470375061035156
57.29270935058594
52.513946533203125
59.62254333496094
47.436126708984375
60.67173385620117
71.17000579833984
54.50614929199219
50.14308166503906
58.37285614013672
55.5689811706543
59.36353302001953
47.79389190673828
59.81376647949219
36.965919494628906
54.689144134521484
45.8326301574707
50.3366813659668
51.6345329284668
46.72019577026367
47.99140930175781
54.06145477294922
45.664833068847656
74.53328704833984
65.19840240478516
51.0224723815918
57.13334655761719
49.19295883178711
51.213661193847656
73.62849426269531
74.90198516845703
49.207279205322266
52.505126953125
50.4493522644043
66.18576049804688
41.17430114746094
54.37092208862305
50.192779541015625
73.47267150878906
54.45901107788086
69.90736389160156
50.168983459472656
54.791664123535156
60.19297409057617
46.9061279296875
58.829227447509766
50.0318489074707
50.125816345214844
45.61279296875
48.14415740966797
43.73957824707031
55.80704879760742
41.01933288574219
57.8145637512207
76.74962615966797
54.64459228515625
42.00339889526367
55.74638366699219
57.20098876953125
47.048919677734375
42.89950180053711
48.514427185058594
46.58094787597656
62.94099807739258
42.28604507446289
47.01362228393555
49.231571197509766
55.89579391479492
51.47441482543945
49.87409591674805
50.91200637817383
51.8403205871582
68.90339660644531
79.2704849243164
41.997337341308594
46.40019226074219
53.090389251708984
51.14707946777344
50.19977951049805
38.702754974365234
53.064205169677734
51.572574615478516
60.02130889892578
51.17639923095703
63.447940826416016
54.67996597290039
53.95302963256836
48.74990463256836
58.1561164855957
45.76652526855469
47.550086975097656
57.925575256347656
55.759727478027344
47.54046630859375
44.19080352783203
42.97627639770508
74.28834533691406
48.349647521972656
57.51978302001953
54.57121658325195
55.54660415649414
76.03612518310547
62.45656204223633
48.55921173095703
53.63513946533203
54.246028900146484
64.4480209350586
47.694339752197266
53.97511291503906
56.903099060058594
63.76054000854492
49.044857025146484
64.34417724609375
64.68508911132812
69.27210235595703
49.8970832824707
49.565635681152344
46.505001068115234
43.75822830200195
51.545196533203125
48.8493537902832
45.618770599365234
49.2712516784668
52.32344436645508
52.0870361328125
50.30440902709961
56.112701416015625
74.74498748779297
47.75286865234375
48.88055419921875
47.39495086669922
52.750244140625
48.02775573730469
55.915992736816406
59.27584457397461
60.05641555786133
49.82754898071289
61.71310806274414
50.691162109375
55.48147964477539
52.68778991699219
38.78411102294922
55.11995315551758
84.67707061767578
60.0218391418457
66.45231628417969
54.43033981323242
80.5699462890625
49.759029388427734
56.24690628051758
43.86330032348633
49.61531066894531
53.350303649902344
42.65244674682617
47.33533477783203
51.69038009643555
47.3803825378418
53.041259765625
109.46452331542969
60.90958023071289
54.51934051513672
50.93460464477539
61.9376220703125
139.26568603515625
53.79742431640625
57.5400390625
51.066707611083984
54.37236022949219
78.33736419677734
47.41532897949219
51.44868087768555
45.8120002746582
59.28297424316406
46.402099609375
53.89506530761719
83.4283676147461
63.47550964355469
47.455848693847656
49.522220611572266
48.27093505859375
61.0086555480957
52.4251594543457
46.85158157348633
58.58549118041992
64.86136627197266
25.980369567871094
52.5985221862793
53.15531921386719
62.00993728637695
74.66715240478516
43.2103385925293
50.68937683105469
68.68578338623047
47.69056701660156
47.181636810302734
47.13663864135742
48.79722595214844
43.35491943359375
49.292083740234375
49.97184371948242
48.30866241455078
49.20611572265625
41.40388488769531
63.94343948364258
51.1682014465332
47.010311126708984
50.31513595581055
50.31382751464844
48.49710464477539
54.60006332397461
101.7626953125
72.80559539794922
41.95998764038086
50.54045867919922
50.11112594604492
49.892784118652344
52.352317810058594
49.60312271118164
66.94277954101562
60.22609329223633
83.99656677246094
51.48685073852539
50.3726921081543
48.291587829589844
46.72604751586914
49.664794921875
52.837764739990234
57.059932708740234
56.000972747802734
50.39089584350586
56.200462341308594
50.59790802001953
44.724456787109375
55.65123748779297
36.9300422668457
45.70097732543945
50.26240539550781
64.61276245117188
72.59428405761719
74.47595977783203
51.78130340576172
59.6468391418457
66.00027465820312
54.726295471191406
46.70818328857422
54.63042449951172
68.40205383300781
51.41211700439453
48.14596176147461
60.6699333190918
54.664981842041016
63.427005767822266
47.51335144042969
56.46643829345703
42.676326751708984
46.716609954833984
64.45057678222656
48.12485122680664
46.783416748046875
54.84107971191406
49.714134216308594
43.01786804199219
50.57924270629883
48.380287170410156
41.715763092041016
62.15810775756836
57.971397399902344
42.36001968383789
47.44871520996094
46.773414611816406
54.29545593261719
51.41811752319336
52.20297622680664
50.49312210083008
45.11176681518555
52.79130172729492
73.4520034790039
45.1249885559082
70.5706787109375
66.26954650878906
50.90523147583008
54.21868133544922
51.2772216796875
67.48249053955078
51.65741729736328
49.461631774902344
20.75405502319336
45.04117202758789
55.57795715332031
61.24399185180664
45.514217376708984
79.4127426147461
27.748153686523438
104.31689453125
48.38193893432617
69.17400360107422
47.15326690673828
64.39155578613281
58.934810638427734
51.68636703491211
50.04901123046875
47.13147735595703
76.25530242919922
59.1894645690918
66.82965087890625
47.329586029052734
51.007606506347656
59.227535247802734
58.06917190551758
40.6567268371582
79.48521423339844
53.85139083862305
51.10126495361328
46.43914031982422
48.65984344482422
53.08197784423828
50.29447555541992
64.75717163085938
61.58390426635742
49.266544342041016
51.870506286621094
84.40061950683594
73.85630798339844
48.92915344238281
48.03237533569336
45.656517028808594
76.98809814453125
59.756954193115234
48.347625732421875
53.49473571777344
52.8037109375
53.681480407714844
46.69552230834961
63.075836181640625
64.09455108642578
63.263450622558594
53.39556884765625
74.0299072265625
50.6439208984375
44.522254943847656
48.81135559082031
52.303836822509766
68.21195220947266
46.57541275024414
48.5198860168457
62.77946090698242
49.365787506103516
113.0350341796875
58.69059371948242
46.12044906616211
111.96785736083984
78.54914093017578
64.26181030273438
85.53305053710938
40.850128173828125
54.422367095947266
54.8521842956543
51.28486251831055
48.884033203125
52.775569915771484
47.12900161743164
58.54716873168945
52.32731246948242
47.9822883605957
49.236534118652344
47.241634368896484
54.647300720214844
52.32479476928711
65.07780456542969
50.14003372192383
55.83037567138672
57.52107238769531
49.72915267944336
56.450340270996094
47.391754150390625
49.64244079589844
44.571285247802734
65.8795166015625
50.27558898925781
48.07966995239258
68.04523468017578
46.83094024658203
61.25282287597656
48.37316131591797
50.61506652832031
59.16313552856445
48.712890625
51.68623733520508
53.300716400146484
54.615684509277344
46.26106643676758
77.44860076904297
49.30181121826172
53.261024475097656
90.92269897460938
55.950233459472656
48.15058135986328
52.188720703125
52.048309326171875
76.451171875
48.68632888793945
108.36045837402344
55.91986846923828
50.90789794921875
46.257347106933594
52.90941619873047
126.6180419921875
54.270565032958984
49.063541412353516
49.503662109375
55.924373626708984
46.17066955566406
45.872737884521484
45.8585319519043
56.28541946411133
89.1122055053711
50.17599105834961
57.88983154296875
46.8339729309082
52.262107849121094
65.0701904296875
45.18328857421875
50.94402313232422
50.101829528808594
41.23335647583008
52.59143829345703
70.52993774414062
47.75355529785156
80.14851379394531
45.40423583984375
69.62184143066406
63.81282043457031
48.4461784362793
67.68588256835938
46.01239776611328
55.20846939086914
53.433326721191406
58.333194732666016
52.33925247192383
49.7294921875
52.935768127441406
46.30189895629883
64.2724609375
58.27537155151367
56.852535247802734
56.345542907714844
59.74055099487305
50.700462341308594
44.27705764770508
70.31576538085938
54.22489547729492
54.61090087890625
50.85273361206055
45.570865631103516
56.30601119995117
54.10824966430664
51.59096908569336
45.6426887512207
50.87126159667969
80.20073699951172
54.62437057495117
54.07242965698242
57.60222244262695
53.85182571411133
61.11542892456055
49.941162109375
57.14533996582031
45.170772552490234
53.0528564453125
48.870460510253906
72.91180419921875
51.92561721801758
57.334434509277344
49.69343566894531
58.095619201660156
51.587730407714844
47.320281982421875
61.15858840942383
60.38531494140625
49.512454986572266
50.00709915161133
62.14767837524414
45.32802963256836
51.27310562133789
51.17109680175781
87.50810241699219
64.63153076171875
54.18775939941406
49.903202056884766
47.393978118896484
58.14671325683594
49.81316375732422
46.18634796142578
59.27476119995117
58.828216552734375
66.26283264160156
55.56916809082031
52.337093353271484
41.293495178222656
51.01128387451172
51.15268325805664
44.79001235961914
51.772621154785156
47.46128463745117
44.89732360839844
53.872352600097656
45.80942916870117
49.660099029541016
48.289283752441406
52.645809173583984
55.94116973876953
49.2180061340332
48.35731887817383
45.9001350402832
59.335723876953125
46.159950256347656
50.43669128417969
83.10872650146484
55.1627082824707
30.83275032043457
48.65570068359375
51.71078109741211
49.03601837158203
77.72169494628906
56.66835403442383
37.988136291503906
45.900177001953125
50.331905364990234
54.525901794433594
57.970069885253906
53.84254837036133
55.2948112487793
57.8073844909668
57.713130950927734
63.896053314208984
70.51638793945312
53.5767822265625
46.109127044677734
47.77822494506836
89.57859802246094
46.04369354248047
43.78337097167969
50.45917892456055
57.24634552001953
48.987510681152344
54.326507568359375
47.42236328125
63.663944244384766
50.98920440673828
50.9088020324707
51.42166519165039
62.24787902832031
50.230587005615234
46.97473907470703
47.855281829833984
49.367923736572266
50.63544845581055
45.78160095214844
48.382171630859375
61.9932746887207
73.05159759521484
