0.3089861095061386
0.2667608645347251
0.45532764913362295
0.3795813409090363
0.24755372391843275
0.25602686935774344
0.24864544879487732
0.2562184646817852
0.2982940175019878
0.33548893967951177
0.26343638603821884
0.2944518658181979
0.2503921421222671
0.28784596144361074
0.2520289742686339
0.24055449842929905
0.27887319442601666
0.3429122863279315
0.3805984083936529
0.30034221653916027
0.5108833579712028
0.39381404225830624
0.3699259357699123
0.3440015633110332
0.2717677176019518
0.26197554641972187
0.2583188510083504
0.26071157444664034
0.23998663587856234
0.2376277402711549
0.2585509656586197
0.21495364903473962
0.28778891678448065
0.27892055649570874
0.24346545367320338
0.30706917991281396
0.2506698553422778
0.26094051744584557
0.29002275138733735
0.36451565749595705
0.44117038418902926
0.3808796263712696
0.27949903320164393
0.4194365588746565
0.26518934897641844
0.2331634071857112
0.268954939058423
0.30212289754032046
0.2695998300533395
0.2979634691732125
0.2535470785403694
0.2448134437337735
0.3452668908928148
0.3701226302599172
0.27983663975583617
0.33707696830253786
0.6469982549856956
0.2884608718039722
0.27569485645755726
0.3719695519781625
0.3448370169522686
0.5373329006533354
0.3483554970534809
0.32705458984964575
0.3040503200571788
0.21200006078448616
0.35112465993799563
0.2816754446869387
0.3159373937520801
0.27009658330086483
0.3014695244067756
0.26699973710255154
0.26535751464416957
0.2792202170297935
0.2468588562646662
0.27798728025851255
0.32840733058690735
0.2769474299585034
0.24410410976774163
0.26458444941518744
0.34469478714412377
0.33421490191194914
0.2821196485615153
0.2710762675201926
0.2289576408712587
0.3282061446277324
0.2906347093786558
0.2978188358844345
0.2931428329128318
0.3791904703863668
0.2589143786321958
0.21873426613496927
0.2832212069294055
0.3213110548091983
0.25055286178131964
0.2508590815194477
0.2166928851757929
0.23011603096894637
0.6331354069081206
0.2530794611611497
0.3718415813412062
0.3310964015602188
0.2748292452257656
0.256505715224471
0.23696394315553546
0.5365403119544724
0.3058279990516043
0.2844579401346059
0.3506690464560234
0.31047553829850794
-1
0.33927968887936144
0.2980880904189191
0.26484590678867104
0.26458306682050314
0.311706819490127
0.3860598809821072
0.2482067128612439
0.24099158046475155
0.29489012053628894
0.28401263390295034
0.3280797040299329
0.28362908977463064
0.2602602953453841
0.23315833366532435
0.25881203132385056
0.24400056051076324
0.32315897327379917
0.30981701707107456
0.3485172688969769
0.27695204521864975
0.30696246004098493
0.2674324681110198
0.2798394628246541
0.2697947550641931
0.2811243022090916
0.27974710355487803
0.32352910309140503
0.3518445672826865
0.25473370072134377
0.27957372156095706
0.28473286661750896
0.25228644556529456
0.24848283480047362
0.28003040010291164
0.33647844147060013
0.27084480181424386
0.32532003399165904
0.28190466641870093
0.3666354395554757
0.29516696050603525
0.27379705845594154
0.38690645737298285
0.3297029540482041
0.2506171820799368
0.36944893796378675
0.31910415256791924
0.39589052881121267
0.353103476187035
0.3348677603578876
0.28961851673399763
0.3382019333757823
0.32794283099851296
0.2184989186465594
0.24806883842774774
0.2444846953595142
0.27810947559698296
0.26348406880445296
0.3707353858360499
0.24708345155796146
0.25243732187402657
0.27783517140089525
0.2993657978680295
0.25076214739453584
0.34656789231018975
0.3599770302906215
0.298968380146294
0.23897557465270725
0.2745296559790267
0.2601297505542775
0.29593426439568504
0.2500181569745889
0.29810694829412304
0.40250103150772343
0.27269117670237086
0.32876381886053274
0.26353789549516704
0.28598804775760517
0.45817089311123416
0.3598960864223517
0.23473679901272443
0.2668920742997138
0.2413465626888298
0.3091636051746384
0.4135341893181034
0.2728316041874238
0.3582583295801341
0.45511363434622903
0.2502432122138899
0.31640021274973074
0.2719499173432012
0.41147854425358377
0.3284019876205718
0.3571237368259299
0.23509206035366143
0.245436683363648
0.2563438089955861
0.29701027421601456
0.3081117713623185
0.23254847421355876
0.36410476087743093
0.2825105236230551
0.28860929101189575
0.39073615963172503
0.23964764230649704
0.25655934937251484
0.22507188585634696
0.291592435293338
0.2999439746854063
0.24505372742106402
0.2570709820434923
0.24710799475565992
0.38704509883721155
0.3444715470167833
0.3017179993119161
0.2526041741309358
0.4404410218654725
0.31398058991642736
-1
0.25725052487895206
0.30580296675725643
0.30293830312169956
0.26287861915426536
0.4602685476936294
0.3887124829056445
0.4157068917671003
0.20886152418439652
0.22772099754334524
0.4708281266188269
0.43385245541753525
0.2610787804692054
0.2622961430140256
0.26456673336736414
0.2717206959436227
0.32320302251382976
0.39683909785987936
0.3560719728188829
0.3110285530256785
0.36363558613038055
0.2552373665681365
0.23133887369148987
0.2989386864553439
0.25350542248710195
0.27056650668940424
0.5005970847695229
0.36419327563769055
0.24905333737654295
0.2816517055043433
0.2790014536463806
0.40627434737623136
0.31272364896133725
0.34479456205528497
0.28636008866253454
0.3183505618685627
0.22712777971304282
0.32057349679165015
0.3061155976254303
0.3689499084120064
0.23287641558564195
0.2709885105478285
0.2934818446701819
0.289886427118517
0.22847045812230793
0.25218236633510005
0.33348888091382384
0.29665267239636606
0.3931025490997444
0.2832280840977878
0.3725542435237578
0.28809880368090024
0.39554652110755645
0.3748166802137246
0.30849928876352656
0.2773582694354845
0.2550695387883262
0.3866027353765187
0.29365870657817217
0.31249212926949593
0.4367076568751313
0.3506963935368302
0.3091991147977708
0.3568720353320645
0.3430250027144198
0.3200956391806665
0.2633836746658442
0.2565073997966891
0.32082108607644644
0.2682998692960671
0.24923725096250057
0.2676185450125069
0.43038808579141735
0.26661269456004516
0.26989543840656044
0.3240235377244387
0.3561291159079599
0.3024619142755056
0.32343755566378996
0.2356578213254276
0.23734791035935576
0.3644261320418042
0.22954901874732248
0.24159574977688153
0.35052106217400636
0.36583130390078766
0.23830796741377258
0.2563089057197463
0.26130365896742763
0.41905349025355
0.32850554721169
0.22367323189717486
0.28265883776873446
0.26165659696025556
0.327028865611321
0.35342315167515764
0.24355845697033074
0.2686906131179805
0.30027960237733714
0.39950040588927604
0.24904356528627986
0.33754766311564494
0.2567649043984012
0.2519693501064493
0.2364033984015502
0.29161035558854004
0.28117977495618884
0.39114875946445926
0.2955430733358536
0.45082696194738914
0.33791165896165765
0.2818866283203403
0.2831908404424217
0.30279913913041046
0.2682063074312685
0.2626430980034613
0.29924997809303655
0.36507037451066354
0.3230757951318789
0.2642419167056723
0.24804731223712084
0.277814389777987
0.2593202525254344
0.2292185226049711
0.31826632350380746
0.2613117646989235
0.2762913009132275
0.26750607141438665
0.2751972405670372
0.25058867167360777
0.3907104793024112
0.24733301456399087
0.2773421480499976
0.26717280309045766
0.26043473684441204
0.2921690921790214
0.24265423101748487
0.3475371957618296
0.26220175146971997
0.27801492504167313
0.3503446876506792
0.2632346778157365
0.3000704007700803
0.3316690462939753
0.2788217549481324
0.3245094074534007
0.26347541118786233
0.3860606679552304
0.23852103978227968
0.31886031976944085
0.259042392077505
0.41907845797591115
0.24353240988977726
0.3990809566429529
0.33180625615594955
0.2996745946982261
0.3195052448553361
0.36298989106446594
0.2579315166565709
0.5507753296978437
-1
0.22258614546865263
0.28787350982100546
0.24777612344622016
-1
0.3502054247613962
0.2855557701787212
0.29004422828662585
0.27529174533009637
0.249135653251849
0.2776929291300223
0.24503315972441064
0.24476036308779853
0.3579043165174157
0.25241308211567665
0.30762861801715374
0.2946418130283468
0.27307068205339474
0.2554238054127112
0.28564175075736964
0.3064720811133907
0.3020176926706795
0.2723604810966614
0.23767528306885333
0.4512051439293802
0.21223124665762436
0.34447942981661983
0.3049149903570518
0.27207955807850503
0.22302862662382075
0.2760795226692275
0.2459458181917757
0.2388814722963633
0.39225513856638
0.24646815013783674
0.30242634853289885
0.2688347354861598
0.2559782952450894
0.4860702621358487
0.3800403013114978
0.25523730846213083
0.36541160551366036
0.285238664518478
0.2910748394023994
0.28885751321640857
0.2200213212208169
0.28841057343553217
0.31994974502728624
0.401430652600561
0.24567407103406236
0.2812197273304443
0.25790639642231383
0.33185303336700506
0.4036935578732205
0.2929261611136354
0.2725733942451155
0.24774554976745713
0.36232363995151795
0.3083695123717213
0.2848375311826208
0.2717364598237599
0.3077001098964845
0.38583492380355366
0.2931892901906655
0.2551374885670231
0.32227543551203125
0.3160064147941961
0.2835963577459453
0.3088125637499071
0.3068107376371659
0.31809582605223374
0.37067401995923954
0.34085594080001236
0.3421238337755822
0.3231288514571964
0.275124437732769
0.28712008742554823
0.2539496809942577
0.2750398736947533
0.3258999860621924
0.22564100954727728
0.3533438454581415
0.25411494792652967
0.3122801741950933
0.3548908674542826
0.2938943716183794
0.23640076990871914
0.338598829102014
0.3189389717577507
0.34060029413446147
0.29657385440776207
0.24851501380127422
0.2435816493487319
0.3494942118347176
0.2922325064287454
0.3033106234305684
0.3581742082025979
0.29047041301237647
0.27989403399114293
0.35666966989401827
0.296137666971167
0.24864766159184715
0.2531166504259454
0.26810667597040383
0.23254683266710702
0.2891612949482179
0.2503088069603592
0.3020706968732011
0.46581733739462494
0.31899356301621906
0.4068350384680377
0.24650909456255732
0.3207235034064225
0.2521397124428011
0.27670272967357656
0.35317524491523344
0.3792879883742206
0.49509126447945867
0.2704104363247264
0.22379796760625387
0.36270082036481377
0.29167616616494374
0.2834012105382199
0.25334770963398795
0.4380242047789817
0.24515355571538666
0.2678357541932123
0.32108822949276217
0.29858939614358937
0.39360121036804674
0.29972888880567294
0.25545621380345507
0.5780495794408699
0.3985371162897476
0.38207324960211086
0.3549822692830286
0.29978262720125026
0.32148685381359654
0.2772311447193561
0.22780580201144246
0.3449510073311134
0.4404216082228135
0.26046990900556755
0.30678567940772017
0.27610119234054364
0.2512825113027758
0.2559880198697056
0.26217885940889846
0.45478297238941423
0.23810381701678965
0.2515047968572634
0.39350379028408344
0.26895929585151446
0.4013918548305012
0.3005448839156196
-1
0.26829153947394024
0.2603568015317404
0.4161464551385862
0.356135160131014
0.32762213661569034
0.26228362851488146
0.26631567472375556
0.2563474078989718
0.3851473288726355
0.32896677332051727
0.31585809350610045
0.34168440606609835
0.2627192208875644
0.37967780888832775
0.29521182801263535
0.35473370514720626
0.2526752484300609
0.2624847680619316
0.24489887070231997
0.259010530822861
0.2939265995088073
0.24088845563152472
0.2588717422349453
0.23585363591254163
0.3124950444925645
0.28665676298215365
0.2355845580574919
0.2481859269363481
0.33375049804705836
0.25154301661147827
0.2587056036387002
0.3457016228367259
0.26283323017017446
0.30280996693810724
0.3590476221359955
0.31885166178899615
0.269273336891731
0.26236415901387494
0.27097235700324096
0.23597964785227865
0.2938810428216704
0.2776294643697277
0.28285465928534415
0.41088611077789683
0.2639235995267377
0.24900354491649518
0.37959142463702655
0.25848870617034053
0.26985335762393464
0.32331633025949175
0.24272140743228302
0.3191243307176106
0.4270793369564745
0.30742069937614236
0.2781974087154232
0.26409375347683456
0.2404347588842604
0.28589388314113295
0.3271225019698927
0.34890223775696316
0.3317641779520516
0.25411470535487807
0.3683927866772096
0.35757379763370734
0.4605398450636511
0.21319620736578215
0.2736707555487691
0.26235716514613705
0.3954360533705299
0.2853925564075238
0.2768153240586979
0.4686861375900619
0.26039697861406663
0.2890443884754313
0.3975614721831857
0.28184089782070765
0.3354107372101828
0.27733073765050237
0.33233786757042727
0.2408746394547734
0.4113056124316116
0.24007694368205262
0.3270692075029944
0.35684035686058757
0.2527085387381505
0.313887823961422
0.23986241244469247
0.31499564810190395
0.22454597299328766
0.23286553376503433
0.2612927467920335
0.29538549471051945
0.19582039060905077
0.2846857166336343
0.24738365764049716
0.2811562795603162
0.2877992822577171
0.24027070018032765
0.4573214828111035
0.3505991428793559
0.26735308738370755
0.3049540942503216
0.35862060494755765
0.27537616620612726
0.32173833308592503
0.36114279389200565
0.3567555930303865
0.3541243312654029
0.3151171922704942
0.32052773598704165
0.37411927909454107
0.3045887825107177
0.23727907614459792
0.3142722107991119
0.23844322648128846
0.3416788294576899
0.3576781095425469
0.21175545229041387
0.34637738752729147
0.3357413738430798
0.3159298515632194
0.36374757657298695
0.32350410110179684
0.2230357281285295
0.45138120080343225
0.2585432548668414
0.27747528512501346
0.36700805660464264
0.261583180620023
0.35717982693394756
0.3024277236772516
0.3090270521012536
0.31238663915280684
0.23918138933978272
0.2998557132100755
0.3225828073122097
0.3616943368126473
0.4421045401383091
0.34005324486926575
0.2642584973638479
0.21983638841007053
0.27961734565761487
0.48561090613746616
0.27586317162743484
0.2682970825735519
0.29896739145250495
0.26564490347059017
0.21702439121475553
0.2976625864724485
0.22332550749653696
0.22494421401525871
0.3018461468824062
0.3360003780234388
0.351908820234327
0.27120092835773707
0.3383674156350512
0.33434492487713346
0.2738627821089416
0.2612457313250609
0.23722957686515597
0.30000656678895665
0.31684263553598724
0.3016456678296428
0.2308854361812771
0.3048762688379615
0.22629811808722583
0.33466399149319453
0.3136589915144322
0.2734399450178455
0.29564874828900556
0.26119375375552095
0.2504545398251686
0.2907565850603745
0.36344306293817685
0.3974561922304444
0.3635068772422209
0.28397414848456465
0.4720087284387833
0.36580194741953953
0.45207134042278674
0.37673638196851644
0.3682266594697323
0.3163159900081143
0.21975418910996686
0.27049607227690453
0.296389869682923
0.3356384253025223
0.40709899123649185
0.2403658681609688
0.2720330201102926
0.4759843407822052
0.2926392339326693
0.5705178840961815
0.3120264566778046
0.2558821339072189
0.28021411504676474
0.36320578205574433
0.27056925229468454
0.2624804110265503
0.2890021970011041
0.24514060788645103
0.28047998843801764
0.2508166640713526
0.2372987882812454
0.3292699901050088
0.4611911879882094
0.3397078346376246
0.3075070742039039
0.262266162548737
0.2583412225209127
0.31937649485806263
0.3043261852549901
0.24254674915755808
0.3225289281765534
0.29963494379390315
0.23833183190505014
0.2729392583170619
0.2617541404253691
0.3691377893723914
0.31752313923825365
0.25789328308818577
0.28189194659220274
0.2918758741987332
0.3191077984753481
0.38109135874570776
0.38543919850883657
0.2924611081061764
0.3582350279685082
0.2841076818372405
0.24807052358694132
0.3718279600683557
0.24314465513821354
0.25392132933437295
0.39383726926628904
0.4525805106634665
0.28663372472605164
0.2731154901766705
0.3660276410994962
0.2918755110472559
0.2624182218711443
0.4681654787582402
0.344510855515077
0.31732098749577975
0.3415401882452479
0.4346489944232311
0.27588776432642564
0.3703448887589251
0.26577496185543614
0.3731346217601079
0.2643733164966865
0.321264448612465
0.3299633472355467
0.30332115214552186
0.2815781366388265
0.4288287843474454
0.20854225828038236
0.35503963913172437
0.28948953336981276
0.25568060629455003
0.28809761088300645
0.2706416557376716
0.32711900903600893
0.23983563204901717
0.29411580491450523
0.2527007243512858
0.2741117782408122
0.228432264361011
0.35276332400190163
0.3357902730208309
0.24546012682707136
0.3638174922557923
0.25359409692120577
0.22527075103734623
0.489393631167748
0.4813844697825771
0.41772651886466494
0.440561072400273
0.22487655502726422
0.30563939971729787
0.34861865507559703
0.2669802762599937
0.2925896576456982
0.33211515435015837
0.25175749070106496
0.3008285126489076
0.2720743244234579
0.32350472576379874
0.27821568632183385
0.2628053002441647
0.25687489657447965
0.27860692349844474
0.2810267301143772
0.3190281150272234
0.3249397844662491
0.3691245789754525
0.28542351777964997
0.403148072007595
0.2602140459306018
0.37944967959440823
0.25815921012010334
0.34344503894329603
0.5793732947082737
0.304067686122232
0.41450390301374473
0.24012840724582757
0.3644622578359882
0.2815933893618135
0.33045141611074447
0.2720147191810567
0.34080706593600973
0.19112951039092302
0.27675490484983706
0.2816938586912787
0.3501591939455332
0.27511388563229705
0.2629301485233899
0.3280910366997061
0.23711577184603913
0.26684227291650997
0.31866880706246625
0.28402638241084627
0.3090286924480965
0.24378351389597294
0.22923520780168039
0.2826286369634931
0.24839431033113846
0.28977554635341213
0.2643819115989164
0.25605521248307184
0.2643383355391726
0.34398624889092255
0.2798740154851381
0.3867620505083874
0.27246045293020504
0.2398306046525982
0.47119079955242843
0.338655494395116
0.4959289701763846
0.23320492434131668
0.3145952137484617
0.2327687485143406
0.2728743295297252
0.22987107312958965
0.29006264269312576
0.30371428048870913
0.24864159732932078
0.27883849446340014
0.4339651290570731
0.30942203263266926
0.4455452145291606
0.207977672968033
0.31087851760063573
0.45637757131376727
0.2673940385351413
0.24500219506179644
0.24624585070145316
0.24812991816700075
0.2609129143289208
0.2971230481675126
0.29339372022723875
0.27370923215049736
0.22353220710375926
0.2849482852350323
0.35378730185087454
0.24544295478157824
0.2379040198396225
0.2632034919336409
0.4308349482062688
0.5149067143991584
0.3082142981963557
0.25117964862807635
0.27064739696934886
0.24385045242438763
0.3592178994131251
0.29799314494303397
0.30922467763135947
0.400197075830512
0.34238463732202873
0.2334231964372982
0.3567349700052781
0.24740525419667442
0.2613523465978671
0.4175061465004529
0.2414136422470946
0.3457798016404332
0.27178765312323516
0.29658447463344206
0.34353739790464755
0.26499780974426146
0.3264996279907107
0.28351398730137883
0.261630232494826
0.4022548120699726
0.26218680487505397
0.3515777993864645
0.24697493718697258
0.39806631919390584
0.2908818936124471
0.37038315119680354
0.41991697612817314
0.2727242855754263
0.31485067094163605
0.2907641351372042
0.38906144867605663
0.3312283029194168
0.44253519714229284
0.32733177393742374
0.3252687989939719
0.27065877046479747
0.3340922718094249
0.30543989942389976
0.2291514891579591
0.3483485175869121
0.35476324695464456
0.25943607450163453
0.39392466473778787
0.23887033381075118
0.3096270763739934
0.2841694749892925
0.2684520225263585
0.22471448848554393
0.22235308554540228
0.43255480558242115
0.28415045093645797
0.26388683475828534
0.3327007707660731
0.21907934459139508
0.39475040906518255
0.27689190339978315
0.2523672002554112
0.23944585372004917
0.2833011087745185
0.5161713192568179
0.2572195112751753
0.321363127504241
0.29148887581351113
0.5107568156826725
0.3455710445326334
0.3573162560896775
0.2900393831278527
0.2527085703684665
0.2253603378110915
0.4257358821906605
0.3412270737744818
0.27401214294637055
0.2778216969099506
0.25534293723943935
0.2871963355687195
0.304314079826127
0.3651002780618145
0.2624733771058252
0.38368783424942693
0.2628728046035864
0.25507945336750054
0.24771361358679217
0.30739014248743446
