1229
1862
1167
1545
723
1207
1483
1603
1481
2060
1012
1471
1952
1649
2373
1541
1957
1494
1673
1381
1320
1712
1367
1389
2191
1603
1440
1639
1780
1588
1488
1860
1642
1512
2093
1614
1655
1343
1269
1610
1481
1796
1370
1768
1544
1523
1268
924
1267
2514
1883
1300
1523
1305
1466
1276
1637
1265
1396
1012
1350
1360
1453
1456
1364
1553
1627
167
1388
1537
1436
1489
669
1736
1587
1325
1523
1271
1558
1334
1131
1316
1957
1340
1864
2374
1634
1743
716
889
1417
1930
1496
1418
1871
1830
1403
1323
940
1453
1145
1557
1536
1068
1428
1505
1905
1566
1587
1870
1530
1229
1394
1517
1904
1775
1362
1298
1561
1103
1718
1436
1496
1494
1891
1265
2116
1185
1481
1800
790
1919
1241
1402
1081
2938
1289
1402
1136
1441
1473
1616
1667
1462
1517
1524
1217
1421
1567
1267
1285
1561
1264
1284
2022
1520
1421
1539
1335
1459
1547
1790
1478
1806
1545
1640
1041
1763
1814
1725
1281
1685
1200
1424
1618
1840
1454
1488
1449
1590
1817
1430
1668
1385
1135
1135
1491
1378
1925
1195
1503
1317
1436
1606
1391
1117
981
1667
1486
2051
966
1495
1687
1444
1464
1737
1473
1175
458
1731
1334
1702
1524
1841
1601
1572
1095
1963
1216
1049
1760
1478
1941
1421
1765
1287
1606
1432
1106
1422
1171
1408
1560
1485
1392
1347
1593
1172
1407
1290
1622
1304
1242
1511
1302
1283
1668
1291
1999
1256
1978
1641
965
1288
1735
1589
1878
1612
1513
2006
1460
1567
1453
1409
1529
1780
1835
1480
1561
1726
1297
1420
1287
1624
1746
1452
1391
1711
1478
1487
1974
1768
1816
1559
156
1341
1797
1384
1521
1436
1220
1515
1357
1458
1456
1107
1598
1345
1821
1483
1276
1290
1480
2069
2105
746
1534
1655
1160
2053
1550
1432
1406
1512
1595
1355
1421
1652
2253
1412
1770
1994
1507
1724
1390
1577
2139
1607
1934
1600
1973
1904
1536
1502
1476
1931
1410
1426
1439
1783
1798
1392
1433
1577
1592
1437
1134
1353
1360
1842
2032
1589
1214
1267
1556
1341
1594
1321
1700
972
1479
1070
1580
1573
1669
1077
1855
1424
1524
117
1555
1332
1470
1676
1478
1677
1307
1440
1886
1338
1739
1381
1428
1576
1728
1304
1408
1450
2234
1470
1475
1313
1535
1185
1462
2035
1397
1420
1617
1386
1403
2022
1268
1103
1559
2101
1853
1959
1439
2204
1600
1330
1358
1335
1872
1118
1726
1373
1276
1615
1755
1329
941
1044
691
1404
1310
1250
1796
1535
1191
1576
788
1980
1577
1586
1687
1140
1385
2006
1669
1527
1347
1386
1520
1895
1424
1533
1696
1398
1133
1497
1951
1034
1783
1179
1500
1734
1163
1423
2098
1583
1425
546
1909
1820
1801
1449
1905
1646
1500
1379
1203
1529
1381
1331
812
1489
1253
1434
1447
737
1605
1854
1589
1296
1412
1705
692
2159
1213
1252
1461
1384
1140
903
1716
1410
1540
1822
1600
1931
1861
1486
1473
1054
1052
1861
1201
1306
1469
1053
1514
1195
1551
1693
1081
1584
1554
1344
1636
1629
1762
1326
1325
2490
1148
1318
1440
2058
1632
2021
1333
1878
1461
1973
1417
1481
867
1490
1229
1032
1339
2592
1386
1477
1880
1384
2087
1482
1784
1488
1545
1503
2064
1736
1510
1386
2010
1536
1560
1146
2018
1688
1464
1865
1386
1542
1557
2048
1554
1538
1424
1589
1483
1888
1307
1697
1951
2019
1236
1873
1619
1825
1888
1369
1486
1342
1322
1871
1889
1398
1465
1474
1618
1657
1782
1501
1555
1619
1385
1993
1597
906
1428
2150
2364
1724
1644
1669
1509
1083
1511
1625
1627
1442
1703
1960
2120
1546
1541
1560
1394
1532
1559
1378
1912
1351
951
1587
1372
2000
1850
911
1053
1110
1920
2048
2012
2013
1646
1509
1210
1746
1607
1175
1435
1516
1865
2062
1545
1783
1287
1570
1350
584
1246
1389
1962
1505
1429
1504
2382
1636
1594
1507
1330
1524
1506
1623
1566
662
2006
1958
1807
1853
1439
1769
1796
1776
1649
1521
1487
1528
1302
1550
1530
1452
1762
1408
1344
1544
1126
1152
1435
1414
1565
1795
1361
1939
1412
2127
1537
1766
1096
1354
1805
1585
1475
1329
1716
1538
1972
1799
1447
1980
1644
1365
2132
363
1998
1609
1400
1233
1553
1297
1858
1260
1068
1716
1639
1696
1351
1657
1206
111
1668
1189
1506
2012
1931
1594
1405
1776
1300
1234
1791
1628
1214
1861
1456
1410
1394
1564
984
1747
1584
1433
1168
1423
1828
881
1366
1452
1700
1624
1883
1511
1799
1284
1391
1518
1321
1627
1391
2226
1333
1651
1258
1587
1453
1150
1765
1476
1981
1756
1081
1437
1776
1038
1518
1631
1338
1417
1883
1397
1634
1697
968
1387
1516
1725
2011
1314
1353
2014
1664
1077
499
1747
1482
1487
1534
987
1660
1575
1332
1441
2467
1718
1533
1302
1616
970
1420
1971
1367
1590
2381
1323
1743
1890
1778
1291
1428
1385
1669
1502
1099
1359
1326
1535
1470
1507
1943
1182
1450
1274
1625
1210
1911
1665
1244
1486
1350
1433
1962
1080
1650
1315
1354
1481
1443
1699
1993
1245
1692
1733
1890
1538
1303
1435
980
1491
1543
1423
1685
1232
1417
1393
1276
1954
1647
1604
1814
1479
1892
1088
1038
1541
1218
1456
1791
1898
1803
1683
1432
2065
1763
1521
984
2059
2166
861
1368
1488
1817
2357
1476
860
1539
1282
1050
1452
1972
1368
1424
1577
1455
933
1380
2359
1042
1725
1688
1589
1219
1058
1275
1486
1400
1598
1905
1849
1261
1591
1282
1765
1557
420
1365
1639
1821
1207
1505
1453
1562
1254
1454
1921
1476
1691
1374
1693
1326
1451
1866
1387
1266
2241
1757
831
1505
2000
2143
635
1786
1216
1570
166
189
1833
1473
1802
1595
1517
1285
1647
1767
1721
1498
1835
1705
1763
1387
1876
2107
1640
1424
1710
1855
786
1785
1488
1453
1140
1245
1443
2006
532
