28.342090619124
58.654957643183316
47.45671506760235
24.53871196399821
21.24472415157937
40.65445306874108
43.39718290730239
17.662513508480448
190.49044593391034
10.594359079311099
63.312578508263144
26.240058927566345
29.757454445666934
80.65654624083449
3.069040040544478
101.0701684354242
65.19464794118774
14.42936806710922
48.58534969317072
66.04872353493954
12.723207272005974
69.48505735990275
62.06056533834929
28.904228738305566
6.208811592290603
13.226409176765738
23.214157975191636
28.258929035493203
23.773453884608944
152.58538072997763
151.08026350661734
66.28650597906349
33.807493134679035
30.81045395345799
28.995783531323134
41.90830528795171
19.361937371748883
159.3171927331215
37.22562699522603
28.726649953780843
20.407016634177843
38.855476069417065
113.02531429346064
49.869019667899195
47.96726317278159
36.24787494707687
17.371995820516617
58.29722711781244
52.47926596285589
5.025329064869222
136.01146601684803
78.8243037470698
17.28215552266497
114.9061507580077
32.14099112596868
39.37256056166545
54.96458019904854
66.53178260778841
82.48634817634047
23.30361500945845
201.71774128429303
23.796762664147497
24.351840107049192
17.556503032161817
14.458263818584802
38.98472258476828
37.352310433460595
74.05632518199927
99.6982069176869
139.5724598093732
19.24303675976975
82.85181139669932
21.736815321432577
82.53334105656491
36.55349207246358
48.04449331844959
23.438355250904028
34.36699233019229
36.741396120919354
13.275814185347071
22.33872032041543
38.8576778488144
183.6984371454881
25.733838739478717
33.07907218092022
88.0076304328514
21.680208812987395
59.04760785287806
26.74295409290733
24.86785055800587
34.0401113953625
53.25844392265666
51.99961224175466
166.34499682565874
59.40418789609796
180.1172147330532
16.714252313482046
35.620950043259455
58.12475822161759
33.97822664196908
22.134017689553122
21.208577639074626
22.255383706035307
20.442076533418433
66.0135632017402
23.986214018959576
49.78037853221018
178.4431790806976
30.624846026705672
357.70547703635896
38.29961311972301
19.74607071804472
21.915715520547657
125.11946979140535
26.30785830026779
27.327111571110557
20.018796285353826
38.568432105641
19.563803354044904
12.225128452298998
234.60861677999563
9.787091445367848
61.65977951537016
30.79491892363736
51.61366197801105
38.53476112103286
35.16635615655116
25.34631657452501
29.560491251804155
71.2545974610097
28.708154423411983
38.14459561677303
29.927865308896834
26.697319985525034
10.060596878258199
21.852326490067618
66.76359193222613
35.619727896221
56.1280487537265
30.92650386634241
48.534169225124195
65.25710490618401
114.85101103599044
11.093282835708427
34.793399781302966
35.57437461478305
78.3853686911316
20.729328660740872
258.0126164239298
30.17087707130905
37.626059681178376
56.76508249710639
15.590494272866422
53.315093010541496
121.02036996683536
22.264081200354752
95.67120472113128
24.40760536176277
247.5919337558896
35.94688838690177
84.99562174278108
18.346488258597702
25.470011987770853
86.6200210230353
99.39699704630435
34.85250585999311
63.58222611729017
94.0208196810813
57.30203378173466
20.565853192301358
24.204269036651972
44.82295772198384
15.342456908169417
28.114212976471602
75.38048357673202
55.66189435413297
19.11516568109072
15.685326409273076
60.0537926414331
22.774337344916574
316.0199319135521
32.30290994423731
41.38140269625443
24.079030748042413
39.09840259045714
8.463281662499254
22.766879519479037
146.8390367969713
85.74240840152758
38.95259155544169
40.98958463174508
38.412822633657555
37.74430148942289
44.729768040384606
19.427214568941242
49.643396566290996
44.419478861144675
26.64843845557646
72.20992395970916
143.46234830775234
25.572019134338596
25.104610834157388
14.624611407806219
25.132737955833026
33.05912413247444
354.5138023551442
20.961714623121466
20.39040851529579
18.12246613263362
35.305784168853485
21.025253115525118
23.058775110502882
17.18040875604947
110.692851582178
81.36021777128907
15.899394797966858
24.957952781582605
17.922757140528702
18.65695867660998
18.079317117762386
71.2570891618496
55.64803918270505
137.32106745824186
32.128193937658594
29.21627518985931
19.20375244820187
29.903415657425747
21.338014951031756
45.13619383354602
43.96421681685221
12.904548466355404
9.565877390892071
48.449908280537976
152.44959304302006
93.60292723947923
20.760977229186864
87.15393992955718
45.201015903014515
19.754088210403374
91.84149436343172
16.641170027230338
2574.620033578716
21.720021163115565
17.730179314271354
18.008095944888268
24.279654936338996
33.35629054506998
32.499263143117034
34.18927222981529
59.783122199102
36.75612843772856
48.23524396267871
10.518395404121428
61.179501169131285
31.1821659875013
23.6459028208978
68.75580223250664
55.97606239940064
18.830758754703496
37.935038542619054
67.36276328857576
119.36896005491853
9.459539299363996
18.50632467882437
16.13924445695509
78.61481168335764
62.10416270402097
20.969087996634972
55.818573183192534
31.784152753347676
20.874196753315974
30.227383389968757
114.56158350909442
12.67614320459489
49.911977118185206
49.62492773009819
18.267114645946023
122.98724078703766
80.1309441398503
30.491867434940687
92.80034519236168
73.16327416805065
22.234043941143614
62.69599489149928
71.87632717594786
32.59027490740182
140.87292067133325
22.788901816439278
22.686332615274235
33.01653805981566
18.220620133974762
31.09339603456484
28.596638612343433
70.55069262805526
27.352041909669104
12.575055874313213
2.66523517159669
31.18667880956149
67.97262515619494
37.54032999136718
20.804084132808132
11.627741545747762
21.291070593717563
5.189049184171991
38.97655118687895
20.924360533068427
15.765507871791499
37.93968934848372
207.16386094293713
5.4543588013274
37.62178243397274
23.81488702793345
16.509814355406647
9.711780168342985
25.47194642316146
177.82703003925926
20.993635632965503
63.426883696199916
119.90433450807805
25.02144186920804
53.79177654370183
156.4827140763189
23.46936425885101
31.572919678957962
27.82251578188038
8.692556715415861
85.40042961811936
16.18637561469252
29.865449036218905
26.517758663239942
48.815877909034675
23.530510751780174
11.451296039907863
28.777310097496407
17.20552178495666
75.30148932317826
23.760439595980905
39.873814340365264
14.842110524491158
20.738831911946395
19.157554845414634
234.20278480047767
39.48178271202676
18.394225990511682
46.314818261569
11.996512959730342
79.22303612367327
16.94961401999472
43.29693789693273
125.56262304602129
50.93543420510328
42.38471039854976
25.32183021845227
53.9342977383821
104.99678899193006
20.133060425067374
16.826169563779267
23.499562713690395
39.742378453006026
132.1930040630979
109.00129606897355
32.04438874380944
41.00574586707945
47.70541110184501
172.23587695795197
23.335358225939796
15.737574211958014
18.440930561423936
81.00748525771135
93.33324911924004
9.86491769970775
11.217251179585428
13.907270826443526
33.368426671169196
179.72659069732845
96.13178989320276
38.36112295030804
29.119303076277372
37.03391031716772
101.82153009115285
57.40226996883651
13.606543531200241
17.752700768566346
59.343420125448034
38.36479933485578
510.5932629619058
16.20375803905971
40.19361395213643
24.656585699722413
31.865844490563884
27.18578572754787
36.59430871759066
40.1898951722475
26.278983283612924
352.51588021904416
61.87200751870884
27.048233716273913
15.354818339705806
22.68793209542188
57.7339075540285
44.66559017378715
56.72121708094987
14.600500627072677
75.81716286995213
21.13587167882862
77.66226269606955
22.65951145664316
55.242488091465134
150.84776823215935
173.01484582575094
58.07752765200464
11.923146126792782
71.50956826216283
45.61847964561397
11.566435961312136
15.73179873367549
72.77704457170975
24.873947986733874
245.56817084479243
22.371380054107178
56.59241737801046
38.50517272204695
23.476037202938073
49.073877292714386
22.774621294565552
70.82721790548317
39.89762592356607
26.30766878047769
62.30369833909177
25.269094753584383
29.343461052749873
428.26318016116596
23.414764824253574
35.45512203793541
37.91973168656533
25.045129742437716
231.11537007854128
16.71379189025279
40.35467850683418
16.63824638595862
10.538641755938503
14.139510044598653
55.23844775040181
55.84006553854329
36.10131352369819
49.98090171467758
20.37559887307396
78.14613081893319
41.28317221658999
19.98334946104325
41.385625820853654
57.558594596148396
111.50245057709614
41.715712838664615
224.47650036563698
19.666589461086367
29.114457126724346
42.55459764924015
27.67941977181672
39.31897117547763
39.71127646416502
418.74323260245154
39.2856933474158
34.191566405488956
253.391607748784
22.225480197374683
29.28118000427686
13.20034944126847
96.83062975930198
388.6299146083769
90.86397303487468
34.64713912606219
48.02673671064072
33.91891654627315
144.34223972995267
20.755358983307787
13.508851952648833
22.076452026571193
13.174850425402635
18.636650178033562
131.87943266513238
11.426269363711281
53.215966383722076
40.44514072770209
277.7814852052223
32.55525104514435
29.9866257503595
26.583669277445193
27.9483583212115
140.42224778426103
45.21398829301685
20.28462522007926
12.534455855263865
261.5501315472989
16.814482950123683
56.19826566126474
70.45248782566672
30.427949890550913
12.594628113725983
106.213458334981
35.502669777583144
156.72020367729868
43.32771469042788
21.002335246497587
33.75248598196276
15.735511446373968
13.237945078593071
88.69170446398725
27.63964110742858
33.27918761456621
16.622475237154372
16.2796411492453
20.83025219910847
27.378743104849608
21.598848032190745
27.25761852203711
18.915537651558154
48.39798101869058
79.84793072163252
52.91166129944163
33.954020221934584
15.657153117799236
39.224513972373494
28.667855099079446
37.51239073749264
6.613851814382096
12.985735027829934
34.68041933142185
74.05781779453322
9.45895701123466
149.30763821035282
40.313473428757156
48.283906239509115
151.7613803907478
17.580888920667306
98.5300316686964
28.118586576190587
13.698472522384318
71.28602708020007
33.029271278608185
72.44487919738903
19.10468648107881
52.913435020940675
4.412273493133994
30.165706269380824
18.42055279180607
11.270528105189857
89.0615735869326
84.434770790767
11.681960097163158
63.18279977602087
50.11804684803498
9.534931587681534
22.314024843368227
117.45231944910017
107.06863209230531
42.22142510927828
23.255667765599295
24.79481127877125
9.495610471401914
24.52167811427338
132.07081223583646
19.06786852981227
40.556349987448456
31.92985991782452
44.33335721774584
91.73392183890306
34.23925637566808
176.7307458961104
73.38208045031824
25.34155053417283
88.11792022946996
36.30578473673395
30.48291830589717
53.10520554370087
92.6646555176651
30.205599805254643
78.64292462572928
85.4296886376934
22.831257133454944
32.01849771568282
178.36950363248383
167.02182284999898
53.408905365570284
97.07227509293564
17.023346464182307
91.4420897718877
21.279310342638265
19.03983025702954
17.973612879759223
67.34488461736402
32.45882807738834
28.743467915205112
55.141098784297256
32.639215599078995
38.46317083845831
482.0931985549925
14.645680105482217
42.77137913402409
37.3694735899998
36.71100701721594
92.73347004750076
13.820700328415597
31.73169068313353
40.06352369380404
158.7694535432508
28.390081237232035
69.4895667001665
56.282543054272985
26.232690889041482
19.6551935352017
13.672331538339312
31.27518241815213
51.89509596084458
21.142752394375208
13.027248087982818
22.43477300257194
128.57440063512325
16.14279982627047
22.47323716506137
86.7373184774068
41.57010931824395
20.9241327934218
102.22493711094327
11.126322084605109
12.261902585586723
39.329472711651455
20.64243972431161
38.069149036346545
15.211541690467193
40.91832601374643
104.88269749298185
108.63959389385369
43.708800440640125
28.215015368125172
53.184837602659094
110.9998721584299
94.75125990299476
64.52757194184194
151.32038955789508
116.48805336346975
6.860353674324481
15.820927523850939
229.72085412412702
31.871076665574503
21.811802917426036
17.786809515251207
60.09265467510735
16.558523011626153
72.77961959624629
19.812395641407775
32.97622748584183
14.116081700867312
263.1155081585081
29.86168152897356
26.93842706370717
38.80650295123725
25.075006853674715
4.87164256112811
13.686227798012805
55.42026063017931
55.25307691066348
4.968756016361943
41.91945611390807
16.615058801406768
24.673718407855816
44.26737968468195
68.3235504358138
112.59178757873254
50.464735439655726
26.649101509628988
23.83211381209286
51.506434457376244
109.99477809967921
33.507258269700884
33.41061554552336
153.35935864095387
26.59043529368802
120.27619948473749
26.668929009739845
102.75489228455336
124.3838685250953
23.923761919342823
20.056843986348838
15.139892694555034
16.987887536329822
17.7657893514581
24.717149014523198
15.651137444025647
25.572030029628007
20.37981946181116
10.541933335236477
13.211786969216359
14.373261413175177
40.6002486515032
15.265731028090967
30.006807719514025
176.91513269713153
23.241703624396116
37.36422182831024
27.554945507214548
98.19362029911052
12.815816400139502
32.617819648562204
28.592523930453726
26.00386169754816
19.99373693972957
107.67620370801232
230.1792100625268
54.60905078813669
120.72811888563315
27.833874620550397
147.3526721427704
52.685723231773984
64.15225049640995
47.04007244931225
63.895064831460104
46.03975654059169
29.595213050909283
23.170753512503026
15.36935778338066
117.1361449194656
155.7860373116491
25.780036320051167
20.92412029910575
27.385011771434463
43.149782218565385
66.67144236608144
35.96871556128065
39.124139651320306
91.92658545232575
34.58785268398366
43.09282998127668
25.79619596129994
46.410980921008054
159.33728453413656
24.639793724963194
42.072122752859016
40.872113862246486
62.28178773671269
110.61633006458622
85.55581550753722
32.941955454996645
104.20877657150078
33.16468323178201
58.97731811141696
48.93653879028045
80.5213593873292
330.22896572280456
91.81234475139915
46.73551075500357
134.76955180713855
23.489914785703785
43.85685618679909
24.943286782685664
36.692065692055984
12.311355171532975
30.3412960271823
10.572940209082113
96.62231336988441
126.96875821545179
38.00889805444942
208.55933782596847
74.12628971137269
53.09212774196326
15.151193120864345
52.43826669837267
104.16817019119316
56.67772402892634
77.32115939670219
101.86646484217856
23.30217725676735
129.19014294661253
30.545037484087842
17.61687470755995
88.8151372371328
32.1887969017458
63.00799614421028
21.031705679070704
47.96770089472882
30.115885580044218
20.334637122574613
69.66941673678322
194.38851791844928
28.4855469829605
118.03943340983214
14.531381062082321
45.12406446245199
91.06725415284413
32.83521129633595
64.63743214249506
14.46043093584175
13.952343405429799
24.854929168644706
47.671056368062516
27.578780207382966
22.434437311834717
35.5130485732047
22.018358509616036
22.907604417203842
10.179398261582309
47.276061494750294
11.701249688162898
66.39161572515
46.574680605440065
73.34050883564778
34.06811123761252
25.800235984971824
39.24425570164795
15.312095885308631
29.9445877540652
32.72828050483486
42.27844895400062
20.52893538499766
12.486478007771705
19.681603669391293
47.58014350038588
24.91173695271255
9.753659204123206
13.011330439964361
25.553145372271775
51.92513788884535
20.013088255263504
38.079976798968865
11.988399505004647
26.601821564160016
115.0838780061359
72.27129961185602
3.976082661214584
20.323799586482913
50.63287328279969
27.351949807736883
12.771685343811253
12.961144689725122
15.15355329111887
20.66728611391459
91.31318748811186
90.48551961989983
56.28521738656295
49.01953254700499
22.862763859434324
16.831238121885267
23.98653880893987
17.452373652394808
139.69152006492928
18.19723109315398
149.3363376491076
64.44859448432678
7.090212285082645
35.464617122646025
35.37118853389635
538.6299271705271
8.69755767367845
152.0913889928098
28.29975323628959
50.42832382314796
56.40654650731137
70.46269713523051
120.51442761042861
36.72484078229338
59.85958256483369
48.38802734396676
46.6065557686336
109.00312989632997
266.59135183789977
16.023941389921145
52.412379598272125
139.86291438367786
127.55792479879126
26.692526413327695
67.6116059798467
23.606770773531576
13.665479431146823
27.257544294518933
113.92106197605783
22.542696289468182
171.76473649343416
36.89865067856044
90.96588080727314
11.508865801823276
19.29261515552565
213.18294849557185
61.901840043883425
27.43654382478881
44.32426574919077
78.42123346993905
58.45352124223582
24.005688555233615
68.6118293960905
29.183213320355488
258.56381083473167
14.59546583109164
133.86617101370803
23.534017685449914
28.59212305978931
277.36168215661047
31.93398931382347
63.38779206883736
152.37319402366816
24.683630026848913
24.977040752570414
40.0721651393394
24.913486987128216
15.089815894877141
30.696262920338718
34.049622179468855
34.15528043073397
121.68789251770534
20.258955435716157
24.456507286172027
45.16542559016584
95.0777352667645
56.43856504974156
103.88189729826435
34.08063095012169
20.758694472521935
10.02329916682347
126.63364910729143
36.10271056996096
16.18620547417641
37.048039803776064
26.64108970255873
25.8822541235215
16.955919309178793
28.026956564725836
67.96645444549534
25.61804749471914
9.776919226037833
15.549844976616685
25.09303224233544
67.01531568581414
30.862176764721255
60.589810720024225
34.65161632374246
5.478097815265782
31.04086100019795
27.089089165049685
36.18344083807796
14.392750109302531
30.652595821745912
100.24375255256975
36.09602546932951
60.27852355852992
21.54498365346127
18.12082453956068
10.820723233156464
70.04646620567542
24.741063313327608
10.94079362238467
69.79652150688905
27.813839853152228
33.81422315658377
8.73963077978917
33.89369933971284
45.1973052370345
21.37808833329128
67.13332275085939
16.55852628556064
31.5554811343836
32.603496519489326
51.166773139641656
13.61747865068146
24.40599321004928
18.75512461260431
113.96511491004512
18.324748131648448
30.067859402698065
19.34355775465351
21.859641579183908
76.44574501444728
97.3868815284445
30.33941807671706
52.4087521441093
61.67975136119124
45.99591465538322
20.810851082306016
16.82215113839499
9.42626183659656
18.081992557763297
83.74575579738344
18.925146270726145
46.56358300537155
26.115055603776376
88.39458611300249
29.703902727818175
155.5867960676195
48.523813593554245
210.67562198534665
56.970976382903416
18.412192114123407
79.16463951075913
13.269000513833038
32.94539489041408
78.8923191435748
14.353350851133849
22.64752929167124
29.23268138864144
30.479965198541475
104.7501357327018
46.54459776247371
