0.8461187866476153
5.815097845885535
5.285123365585317
2.580134441719757
2.61690936254437
1.3036149381056812
1.6874131942571566
2.366203269073743
2.164252072987098
1.272485242320838
1.437614834511652
192.58077341157684
2.5450706130607275
2.381632103489167
2.030764430235065
1.6195921045012869
2.0260571944886796
3.496061878189873
0.7612946357585835
1.5723493391317354
0.7691922640702853
0.9584023963908511
3.3982562373085647
2.448826236606955
49.67942501569577
3.1375917674791984
1.477258253267425
0.7472902966125572
5.0817552539337365
4.900778676577068
0.6473127695952299
1.4110570262474555
35.848592972260924
2.462388144835947
2.559786613583306
3.533755597835119
6.549525339279676
2.92688191680115
1.283019374006588
0.8703226822189237
8.056425168694973
36.14085271697893
10.513163271745846
0.8016693662741593
1.3250336775581804
50.47871511495683
33.359553541091074
1.3907713119647185
0.752315094808267
1.2110807247648745
1.2614136474437794
1.1445151418745299
2.43282451970675
8.9107229242949
14.876090377727563
3.9939881053622717
1.472723883395864
1.7561575046405897
5.353308910764995
7.248162507926687
4.398601727343358
3.0972304913303836
6.482205548795802
0.7454155528057026
1.8474820919710213
0.7585311120581762
19.781460705492773
0.6750523177482426
3.746742259139386
1.2173837645617565
6.625133861114385
2.429577395530838
39.086282999720275
1.7089212435232868
4.138290158393737
6.86545876511995
0.6829270181045783
1.486885946363963
3.191242157830623
0.7894292424852285
3.28477500519132
2.5839779018607385
3.5404930636580807
2.2533135909361888
7.492326328119803
3.8788080725685252
3.1079881948465107
3.0446294551842605
37.88921691808602
6.376993258257924
15.887208315417556
734.1736651092905
7.629446643404451
1.7864897825387218
1.9523181331928448
1.65213201004788
0.7769468465727672
3.1753979869805513
2.594694412767463
7.702622042946158
1.6931332453068877
27.16634340047859
1.2919674152640246
0.9696843171257621
0.9005415733694183
2.7212286665571286
4.997392435948594
4.522244527973251
1.4082712767900671
4.179427509532212
3.657079061886173
4.029652475288835
1.0858282110680773
3.199025138546595
2.0269226428014337
2.0165520218941166
2.3020764409321735
0.979613862768514
36.10156873480407
1.6994214122459512
1.2756894191162413
3.934443789658804
0.75680176577215
1.6658435958094024
11.480169511763194
10.437909340277844
0.937608675717041
1.6392233998914951
5.124686670642702
0.44908611298895557
0.5346001716157551
1.2681841969608163
1.1903308135145456
3.220953301983906
1.6117105951447916
2.7735847019943547
1.0587556829269036
2.0571441786694513
1.1636717263137912
15.79817767393575
2.5957863266407113
1.8263292505141473
2.2108704136898405
5.994725014751891
2.4136398699457637
1.5988300078706668
1.381721247048251
11.011532237229329
1.6393642388360046
2.3567226188766734
1.573055045196122
7.075946154428725
2.3356506316031616
7.04250873578111
1.7642557562531682
1.3649430402939484
2.954803629700424
57.64367718896103
0.5747503346507887
3.9966444527021854
1.2505495793191763
0.9483807748006907
1.1577321536059493
1.1930502509416128
1.5376385158506276
1.5525788971367367
5.914678501168161
0.8368188306589627
1.1227686479640984
3.74359775767319
9.316319895455866
2.3221880554919676
0.9485856144991692
2.0990296439447462
7.557244941217112
8.070399448147725
0.5266676441866781
2.099231222644038
1.7641042807088534
2.5037039433818227
1.5791321930567443
0.8650339434450756
2.051916539196334
6.635427874576446
1.5145666198087673
20.154869117800736
2.6713997561437184
0.9831973738445342
2.492548446671327
2.6974574338409334
4.076538667804966
3.36168717761393
11.16432427639486
0.6439028026602809
3.4447390541661935
22.478593631364603
57.134497891461564
7.492766026863691
4.799219560303027
1.295810158668837
2.8574169098071134
6.937537589518473
12.209106377758614
2.15170030282947
5.390523169896197
2.408925253388529
1.4231011672431257
0.9769976544024338
1.2926759147353164
13.408752751355342
3.604701035662536
1.6866488477171608
0.6087042582566277
5.865013994203566
1.9990329201229822
5.23710135987638
9.208503236370996
0.9608727695895399
1.1701825128727161
0.845768205971232
1.4622853805879341
5.7780806714420745
3.600558198535502
2.875413092360092
1.0601406368215243
1.686862720159062
1.197300338031395
8.367967715706293
3.255393533597621
7.944722107110566
0.06605875754818524
7.160264513449681
1.1375314615282506
1.825764755173055
1.6119127903523647
9.511893552116552
3.230476278117415
2.3522369499981806
1.28285242684246
8.801763298084099
4.718634751224064
11.887815946296042
1.7213089631394842
1.0238957846015289
1.9341968142419146
1.659968649596932
4.389145627836119
1.9283058570118965
1.8236321204143524
1.6050491860879117
1.4914377047249046
4.002059355698779
5.342971754097617
29.038340869944992
0.7966318541816056
4.236554412337088
6.307342338283117
5.205838177238594
1.0525140340037842
0.7525143484228576
5.162899250132742
6.9649044575140575
2.475390423289399
1.5214992279592707
1.5526245706186603
3.296641707842854
4.679443885604314
7.2064327221940925
1.6256404473024293
6.7122643011539
1.949277609570621
8.677061792486043
3.4266420720331823
10.618351523833907
12.92936820644644
17.076705264830665
1.1136196495102202
2.3930123194405266
1.2230213413771882
16.530774033339096
0.8232089234610764
1.9397182490658953
1.3585858555797259
2.392130961255147
4.57777034886239
2.402161304453539
2.309738543577005
2.0735219751854514
3.077585005704033
1.2198232376994644
3.2707422967126085
1.5624609483202714
1.673290897218393
5.698173278136595
0.8615669124121769
10.17003746864009
2.099040480136333
1.5413378696701425
0.8926046114123666
1.779574811023819
13.533354465069413
5.661427331652272
7.597046715233643
1.252029330838031
1.9317175760650627
1.4185462431673377
8.405839057120811
3.2850029547778288
4.97830007017787
1.2768750684710943
3.061157533714483
2.327726398846829
5.359304010181833
1.8313436821124172
2.18193277517942
3.6400560370533848
3.212094709422681
6.125625229260179
1.1087132376283353
3.0573461994744706
4.523121621830036
1.9234294092868032
5.7888306904965505
0.8378478698456702
5.622614551524501
18.75371357318699
3.3343826337672566
7.023394628068131
0.7477828460099649
3.254459739375452
3.497851732189743
49.71299403116839
2.2601639328575436
1.2904542520679476
4.642586004350484
2.2899330913543583
1.8649322656390135
6.770374963709322
0.666353184048483
11.409463139984332
1.8277434113618747
1.8993962711037498
5.138293445381569
3.91661033041576
4.409668301924643
3.6367941047622505
6.723079473093601
1.2105694126127338
5.7859458637564725
2.5334554731208625
1.2169809137375662
3.386708123209052
2.7309727951906924
1.0334085047921917
4.428886308729085
8.549293543726822
16.047189838699076
10.81010800110749
1.105601523805673
4.468884705177631
16.31519312564942
1.7565408498096657
76.51136619869445
1.3456231915494625
1.0595456159665086
5.271636708389482
2.586243797754998
4.024492398669738
1.743284172162587
1.7290833769812466
2.992339792812233
3.45158879468563
10.38389298030187
8.962968310534388
1.017960862347945
1.825393613970813
8.402783819194894
8.724139895555805
4.505111105888182
2.7288788449850103
9.867021162190463
1.7261698436479882
2.136112673112715
0.16977261676299094
1.9441871376749953
1.9316816603445408
2.149538178344453
10.35846633681796
7.108666649254517
9.197990443006823
2.8095670600114615
4.428039036757148
5.276250301906683
0.8286037514048
3.085481667824972
6.804307267693284
2.214759844099015
11.37541508054685
11.853230545427987
2.8942460337002607
9.01643389641747
2.9107526969561794
0.09768305888050892
2.8276396136368533
0.8634715394977613
0.88232325474085
2.160537996140179
2.319054837016861
1.288025113389765
7.569899445576949
3.3333489856846272
3.2058020704970347
2.3124855321083877
5.703373744931537
1.9443505305670543
6.169415016429666
2.2821198617387712
0.7309245493104755
0.7190501997380266
19.581204302592543
2.2271117204266666
4.708719797986995
9.084220383365663
1.8934384013612116
2.4163709253266847
2.2379352504319834
2.798883973412948
0.9884125052071386
4.200441945012863
2.853909993823795
0.9562302254127102
2.925718733204756
2.1550180788463518
1.7489529272328206
2.2679722520893355
3.873875767446931
1.6162063618315148
1.3182891829147367
2.4675708209605975
4.148197072272554
9.247083547604184
1.0459779340767628
10.197834453000732
4.550917400720601
1.2219146722745848
1.4766543470966218
2.860334220269547
1.5662290488124913
2.0351892591736425
6.1483261525638335
1.7946870126237828
2.3761420475830275
7.546713050893299
1.7446989938469897
5.919058676581183
5.882705886129846
1.3257710495694686
1.8366631003724085
1.9792326746634332
1.248735337325992
1.030976152954624
4.088070139236124
1.6467505783872438
13.655457522211911
2.709070944725513
2.167230674164074
0.8800846801658063
8.813949499976983
2.498441818019984
2.242322231233792
3.251058352474529
16.205225857939844
1.0646477917429253
1.8143283198955606
5.059074242830313
5.462628072256972
0.6325773050078622
1.549377903052574
28.6050018556512
34.151587008671264
0.81617900654852
3.566039665094276
1.4751385779161197
11.396156847688662
2.5778728989842272
4.2989117167319755
1.6213171370675445
2.227399767106825
7.503500355971418
5.941103464617923
1.0072342134757104
5.202734591206569
2.559876666877387
1.3617688445998142
1.018026856417571
1.9796864698265655
0.24079925210085665
1.677688647590546
1.9900635807934672
0.6092317570715899
2.0008868569395486
1.3350240800858773
10.250077436871257
24.26438240425959
18.340938654031184
7.787282209768642
0.6360381150845622
9.995407473698728
0.758346395019646
3.6393858192025466
2.025152046414819
4.165090773113031
2.0550204857194796
6.768822066623714
12.072645608871559
3.1497213413933185
17.031633688087396
1.1318942334415476
7.585280408027678
3.7364727705964254
0.6468267064135734
2.1680302241418206
1.6036377777793824
2.717766051068489
1.5707268108007375
0.8405390142573956
3.1303397453119843
2.742586073144644
2.810782061032542
1.363556382209229
5.784632096596242
2.860819842576439
2.917184914613518
1.9430438439568596
5.818421276659759
7.325691559498406
3.570460100957687
5.106345596912104
1.4079439780185137
0.5515287095369223
2.95967258047715
16.632069527812614
0.6958619965480265
3.8589756552394974
3.064840666956044
1.744216494879683
0.7567198184646843
1.6465685354007564
20.857785459845516
1.1149681997142495
0.8575706503725431
2.7089741690000926
2.571770773580906
2.330836239081669
4.490100776288097
5.9318404920061125
9.398253117886108
1.0110699164343517
3.48083802697339
1.5852612148257492
23.804443938166173
0.8984910460124476
1.485062670151965
5.042525133434778
1.6259136496911977
15.535066400105297
2.578120587999793
1.2914285920377901
4.508853063519961
0.932031590389699
20.465107763243115
2.4776357495844774
2.156953712195624
2.433871198801357
1.1041379066463957
1.1214511387221249
4.89653481275314
1.2833838848819252
1.032067668840773
2.01201907487738
1.659450485452528
3.538847940300624
1.5710094846178633
1.8252184525142787
3.028164471137655
1.351644760075806
4.976718919125723
1.2359163216492828
1.9170795898774264
4.740989861284407
1.949526158339624
1.7246328553943837
10.483522980681597
4.793699361909495
0.8122771346424171
2.020508895261277
2.6820784934861677
4.879810344236069
1.408756357783329
1.038233463101041
3.3271634554260223
1.2843584915817945
9.354355205018788
4.469683267939221
2.557473584625669
8.170260628463703
14.795898781665707
1.1256165576810875
1.937508964671611
2.4607651196876192
15.889210300535396
0.8877905755559126
8.127055046191952
2.1046207091432985
1.7757015145616135
3.161115883221932
4.797852721362854
1.8196991089450338
7.382891110288636
6.512492895412355
3.9006750547974884
11.562020030094336
3.567465946163297
1.6801528017767713
4.149214945438152
0.8760965070467904
4.438298239890318
2.068388073413588
2.402388437140247
2.1236398858331333
3.56759890768774
1.544443558567659
3.321458067217887
0.872814203551489
1.0054268974474185
5.858192550357589
3.810973943635515
2.140160700855132
10.143272180616645
3.0202855236875727
3.217139571058641
2.0871051685334066
8.001943399822684
6.21351372334441
1.432377737124374
1.1931927748558047
4.773820453936036
1.5036771127425383
2.0297947413391406
11.021933125399494
1.225835519669181
1.7962657725597861
10.066724824705373
3.0966628288917097
2.94850144732941
1.2351375835027698
4.6778155889187065
5.508803986625417
4.708770897304198
2.6388260809876707
16.944647462605683
2.378682704364318
2.3896527757588215
3.2708604812852395
3.566142331836134
6.979845631175517
3.901027898060611
1.5399189821077794
1.41285106419026
5.744858296372549
6.7376164605580655
1.8292232483559272
3.206854884531051
1.9896722325018488
0.8492354128238992
2.4900568411208295
3.405213782923689
2.1628666989842427
2.123396255605168
2.1796670640076843
3.7371133053702272
1.2209400808595494
1.8093527011759645
9.420671878844681
2.8684734271234738
1.5271815845290293
2.207421055992785
2.192418933756471
2.371294905610925
1.2410771550480055
1.50668778639951
1.8076506221575606
1.3517825195554576
5.552909205262916
5.682069136358501
6.107594012799701
1.1620314350571652
1.2086889483714591
2.574378713792076
12.95398918691013
3.072219181338937
1.822085470624533
5.023637273740095
1.1525025613796007
1.2137356869573819
1.6403598632670786
4.415488124393827
2.473636250964111
2.0935963255944716
6.820391432843043
1.530903673097766
8.73080191773129
0.6078448456281806
1.284388703404468
2.367855623199118
30.85555693656867
3.2946844862509215
2.457027430959319
1.025900268919015
2.39860315570634
6.517736039617224
5.588562052078209
1.9464370004823088
3.85381802917901
8.90337136447465
1.773354489335864
2.1570303043435493
7.012385955939552
1.023524110311802
1.7891954751092953
1.2584050890808394
3.3875321623098458
2.2205991775115757
1.267922886649909
1.5592027029838538
1.3493612848203327
0.6470421907375952
0.7664290290471026
54.84144820810021
5.7019067781826385
0.9831741139254203
1.9939980993340276
1.130131336290629
1.6660264265709759
3.357489399900523
6.172166797448715
0.8205227414234061
2.345484744333651
2.363119355712242
7.996728063941993
1.2176059896615228
6.124560675138629
1.2012935942114238
3.445052575019814
2.723380274771209
1.6243907873842702
2.0082655060415076
0.9383978916055864
1.3590522550843207
2.3905612468462523
2.2675946584124196
1.7089819407819555
1.6391586634993374
0.9212301089810209
1.0093158257198054
2.726989617760924
7.485263991653361
2.9440158534537835
1.6503128937011782
1.9695535337132644
6.512582085495879
0.6246311985386694
14.857457104347091
2.0271731651141547
3.337771606185232
2.0685475434836706
3.358141938994117
5.647818006873555
6.750674987068444
1.3711819978758963
8.847521277890834
1.4195214661401254
1.6386957896315177
0.6920325212056134
7.725169990474509
25.568455220792835
1.154654764691983
4.819376962849072
0.14743099995798123
2.256377507234148
3.1423367227589845
1.0264616983896462
1.6669001885688481
2.9668551724233887
2.1663702402336407
7.564188580261526
2.420252167530482
3.177742374860419
3.0151465249024088
0.814857049368321
1.0217861466339495
1.9339891882370417
2.487938846933833
1.639789950060468
26.370021113713296
31.05919775163926
25.017510480802
6.051955684887105
3.421220001955857
2.6453819072528098
12.68743110387981
5.086370819842347
1.8222275450675962
16.35587301286791
5.495618983824324
9.30475413043942
0.8104832178714628
10.907085487702181
10.89453537594685
1.0897789824027302
0.8927381969664332
2.749668017774398
0.7024678392497127
1.4390065630835427
3.5573060795099787
2.9242750588387594
2.3755065488322553
1.3514257445135578
1.3362665459496612
0.6936773740028433
1.0822313982424907
1.0183666394913586
0.2445938767754057
3.129705017339367
0.6545351342754967
3.8514237984341797
2.631498759544905
1.1734898018235795
3.5702711103791436
3.60412612573486
3.6771036844293477
1.7709945723053024
1.9613420185410517
1.7023596986892142
0.7527470072583025
0.8843752907360461
2.2536840903594544
5.1764054736067155
17.62929716204382
37.79842461097323
4.4074766880157235
4.932374620583847
0.6644721593257102
1.2511594578565717
1.4400513575450418
0.9753716369895642
4.3361762372427055
2.798335324652356
2.8436151460858214
28.699727204093865
1.857332262029059
3.4021597571273445
2.8068268790688573
2.4958320623129278
3.6123815521178795
0.7892259224074742
1.0214858157878353
5.970322577229913
9.44216374882941
105.03050414891067
2.100876897068025
22.943111123668405
2.4212361845293597
1.6408252098192457
4.702336872518104
5.670419215449089
2.5355142388055114
3.0934411476375256
5.075550656735177
2.8661375082563154
6.967251756112872
6.509124292555264
1.1374355977822337
133.46557241510934
2.962437537056686
0.5268751068936471
2.1473970133991767
11.21270037415834
6.382782725419463
27.897294610805623
2.454754633049303
4.328209796951172
2.678517968831065
29.391392226482907
6.083000546223324
1.2353587703923619
0.46134227418060575
1.301719867934217
25.115783479631613
2.40528115026582
0.8019320604390063
1.9576336449326441
2.230411446759396
1.5652960993278198
2.9188545418425207
1.5025325872174333
14.41957167862822
0.8325803809898448
3.82099607047285
1.4231383539898905
2.3215024694587307
7.480945502527658
0.8658780363295785
1.3797634912624115
2.088506923610995
3.6791546587704262
0.13974756109092382
4.228115674126239
2.723652349534209
2.1139250088787596
6.920497534415553
5.214289074751569
2.88648621548016
2.613832930857324
3.183815453920712
1.678791621138212
2.402510943737485
0.7101198038895857
2.9283419428623603
8.373301853351537
12.476311151621664
2.198814508150336
1.7298682677817407
2.2977152456473373
2.060168478191259
1.019169402029998
1.6421639515094617
2.962811777393964
1.478396093263618
1.7929854961192702
1.8417624158355002
10.126379700468448
3.079016761438349
2.6777270250553546
2.351649721052009
105.10621901182677
1.3287966079776
2.2784067460571684
4.7155484898784215
2.496089099702473
1.9499362771227835
3.535481892819438
1.8315516351411385
6.151945562667818
3.0857711059150286
1.1848677230703168
3.8556528435450335
2.785011447119849
5.119954740219399
3.8317246460663896
1.899695906072055
2.7996339271292094
1.7640148490584882
3.3603555390756825
1.096814559208634
2.941000359476959
4.5989131887195605
3.1447696257607505
2.5737578107381154
3.707218580384726
4.352327879651934
2.859578962999354
10.236574234514658
1.6838025447298264
2.51362555069858
2.8171947255806664
34.78619396193563
6.860318597305146
1.6080614231342782
1.3084460633764776
2.3462639150685667
5.841458072802632
3.0076624535461924
1.6977389991893295
2.4877494226838173
6.65424109174998
1.9760339564878635
2.8911549155884773
1.9951927863885883
1.4848134051588286
2.2236728726704023
1.6851337699886997
8.39072937468512
0.8833205237926097
2.5556722233496196
4.281178398425276
5.042134522586429
4.359079583998499
15.213171339447229
1.7752052531171856
