130.9915281639935
26.392935673652328
24.48401942356177
66.15881031809933
24.764374413263717
98.74655157613478
58.72366331816719
45.34205182861627
23.16777752939959
71.77692395800322
29.583806200975516
35.08080805274625
42.49624404090807
11.68559337517266
30.697494554459297
25.327739119161112
14.585900016373749
28.232069884844773
22.432705568099482
37.13063235948866
18.933579720268423
151.2919632675483
11.037067806924094
43.71302007145513
59.29812203850794
11.701457413795397
2.2271222494921328
63.675589760449135
31.647277234094762
15.150302440517974
57.169883974575
39.37702388708707
20.059459766305643
21.60852092254296
523.1231789770546
24.0022038927517
14.376987739992206
42.88790229335426
3.5805737831916398
38.92161277944225
19.052158283045014
27.740113404168895
83.74185742785095
25.309614776358472
79.99556083062727
1.5598473545499603
112.99045412969345
29.955366759328903
27.244988435466727
57.27444831220942
30.096051307222883
50.68329579067862
29.732352104411802
32.94531993042731
40.13145551831944
33.5185814909445
24.55884972616055
30.07411620702873
44.28610940597011
51.423598636619495
33.05161024890491
21.364383345421277
38.12861306317702
21.09926855731908
13.793791322328385
50.509162230019925
16.444833579024497
170.18435565286782
20.40766222143823
90.61492483348377
36.14087636059435
68.94932457395905
148.01622540767735
31.23921747920557
75.19302297670244
21.568406454159657
11.821417862115164
76.48234947206113
7.858831361254481
202.24217218693005
11.243255179905267
139.0145393364522
33.03699165262215
139.51716365100336
53.070349123985984
43.451051514311004
17.2170749928163
25.255178639470056
16.915453784841375
8.737570000447418
21.001262189523793
45.44530379812634
14.286139728925404
30.86774174608878
10.396739467640408
11.443632972617458
26.465562106468415
44.950318697914476
45.75428739213291
9.470279784341267
114.00378436770653
27.481222063940997
161.02146061491416
30.534628089086137
11.418736237618457
12.933287473723704
75.52870225375365
28.273930738037773
50.82009957268381
11.605060485656983
74.349134117538
21.51814223147711
88.5581486873625
36.23160779420803
25.423285180093888
54.50593468839909
27.957733063782868
16.097210257809692
30.69926266493672
12.589903833518337
66.84298612165935
27.009190841250458
16.542954340622366
22.582267832404877
33.240092759554365
17.1691163800142
7.800100018938036
68.11767772983579
17.02630610172441
111.29968953533388
3.798329002311074
10.204585246207783
111.5678541197563
10.932340573004149
19.062393846601143
24.603681477201516
61.38755787206354
63.682409846057126
218.67990831542204
30.49315397305383
1.8619795782421777
18.26332049871068
20.120962626131657
50.34213029295633
11.866910171904227
31.33311795404212
22.008880061792453
43.25097497866072
20.86022550619563
14.001931722380396
21.07077939897741
157.2797529075835
42.236342593658115
14.36192079907969
13.937699405156394
15.666910656692636
53.06796575211585
20.491091050772866
14.670852988960032
45.86057323518987
23.90072262207305
25.20421815754068
30.613870599082194
14.487029589836421
92.06170950077228
21.264834857168893
115.98365413607446
46.676434188783865
16.125923345057863
20.866153147848866
88.41505344967544
13.055330052627555
36.93493046831734
16.983049003217875
18.767141613841634
117.29132851395822
55.42868797806965
37.32129112072972
12.160703280380028
28.73771156336578
15.235747454992888
16.127329138916068
27.056069316666083
42.40645573008772
54.13104943443271
32.66365656230237
22.699030786380174
3.682509598029388
91.498175642273
198.85070727049245
28.94902302946896
81.38043981946171
8.059492081313454
35.703480027112874
42.57647165595079
6.3718449391456575
88.37577715755522
63.96312011040536
89.3419908064801
14.068589407631652
23.585402732545436
12.203815502964748
27.507511073712326
28.57355730871809
79.14073850125438
17.134170825381464
156.1788640746213
75.92856388445863
51.82361975920386
7.715445626564078
116.23342164030998
464.9196902033386
38.613186786951516
51.889911044479575
63.88904509596545
11.580495568513959
23.29905744476565
26.128291182493946
30.168783881411404
27.657443100782167
28.85208038766881
20.357565575072027
21.860512602331866
13.350442961693147
10.566140939220316
27.287787076414645
23.372065814264268
110.76302204594514
9.113153494535391
29.877770422243692
116.15361830232547
10.845970984871341
54.340013481272194
23.692681052904444
18.776873887986845
38.28756231123839
22.23675005416439
18.790260625942555
35.34615307161142
18.739476100354878
18.67056400487224
18.911313044287038
26.53611348494953
6.93547435698331
37.09271913219135
14.758124726057977
27.79695174777222
16.54956538689366
158.5489676906641
12.910779010692224
36.68075894699656
38.322148172976675
140.35781386287428
14.786801447658656
80.18089649859911
48.720544959983016
55.96167994596617
122.640533948687
36.33552276281979
21.36575186577612
23.24391759639332
33.884476730951526
120.50126893303113
58.51660328857068
114.02028385664019
57.00766376711464
22.358548268889507
13.196627731882812
19.387273164370114
31.87531148290805
9.998805175029045
14.831896203316917
12.391162989283554
16.851743806999963
21.49875515923551
35.65867762058861
12.324403814757634
24.277209772693332
30.143123905737045
17.153794247929966
30.859681113033666
12.245246220528214
72.98501117838067
16.576748886899722
65.30332313401553
32.178061631801604
19.527454369031215
52.327629528579976
12.892474672446578
96.35179466264763
31.52816424966474
78.8988769743797
7.26157953768013
14.950369362821649
182.22367069063208
50.9835277793553
21.50755834848895
36.017114528311374
88.23261720160701
58.9764863271276
134.6125381406066
18.82701255495516
16.83567967770298
47.13279631250035
23.266145861793294
26.104327287107544
17.25953339980886
13.604122105708385
11.464365768489246
187.1449524643101
13.95745406630288
31.92047595366831
22.77768756747127
27.965353244147224
12.13074650495545
62.663909323969584
21.90021819237201
15.600824619672078
15.984629231599637
49.040576945068366
57.93867605711511
8.741160631144817
15.412922291157788
39.56636091794429
143.00846924123928
26.640423730803615
42.68141207163151
191.17221512283737
25.105378741671153
108.42711399662454
65.1703543847167
111.29450884427334
13.220468777837347
36.78722503671949
17.57571123753774
8.788055596245421
6.986829483251347
26.741063200119356
25.408238750456842
62.36621606174283
62.76815596748265
85.54473714188264
25.97923889689399
81.95426050866911
74.49961082821544
46.96278218521207
112.70336271025906
38.50445517779727
34.99094011710821
22.170351482508043
24.275550809245054
34.50123428241863
20.506763434483823
106.98393687986902
9.211303508246274
5.653006480475917
99.80096172754816
16.03421917004871
39.94144987717054
22.18728602224572
31.61799811915909
156.5100928032069
36.15787936007209
10.202565760331051
37.626855981997025
94.25458367699765
31.749958689872155
295.5689391746876
35.04773293328035
14.594138315157013
68.9629620176952
50.5513637045038
9.085169749222139
14.889334412310557
14.242241380625495
9.607269793424178
155.80746254425966
15.147938490311239
52.97919104557944
22.92956144644926
16.580597996725036
41.790884220748
46.76837484505872
34.10456777213516
43.685980211470344
46.374124332354256
104.8585038381024
14.595139351080238
69.6604652994932
21.708051494554688
69.70293950235455
35.42947362988762
110.51635874383598
128.20999629080407
55.87427441301903
20.891007254628285
77.6178748927391
87.72318656161706
20.37982402227821
8.4972667749459
29.249196521486265
15.823447741974375
18.070677737065672
10.140717689090167
95.73833389465389
16.760976877540347
81.89451483812702
125.13756095652002
32.95907559512039
57.76989036430039
17.711775462297464
14.211962239732621
66.5961894079915
49.97332699144443
27.35390442117892
15.032480144670007
15.806322625611577
123.16186974927535
128.10219509864265
24.973024537643507
19.52521515789589
22.395971050683624
53.85961988097895
68.86169163097445
18.02855211333811
28.25897233548964
33.55738191080851
9.312818953523337
32.23176026178427
29.32433082624482
104.76246398531067
77.2810429887895
39.4014248845901
83.40648477838542
22.96776576188291
19.370298730514534
58.88501789000244
82.69583049547043
47.1613568992288
25.05519180238351
21.56737042334396
21.525281960516708
10.138308093369563
141.33414596781947
43.157489906163576
46.679489884880454
59.14160758257954
68.52142216213122
79.55917972571989
17.01166077325687
14.967858948255873
91.78346938637401
42.43141551097162
104.21446598617042
34.84798905444209
8.921101126694678
70.21791172273996
63.66890317948813
26.21717771891597
55.45854970265061
20.404822969101666
9.892232631325873
28.268541220491702
19.054040197519036
11.06714032715401
17.31063484995743
118.29141894610473
96.59655990682097
62.86141844814242
9.641995019305467
110.42494374846083
19.899860243060015
72.90263664656995
17.427051498722754
19.61753713819164
31.41080852945295
7.315891470633134
10.820163823808636
9.26001645400914
43.33806461878988
74.74409918913261
71.93645797760541
29.701708823788888
26.930745263598663
102.15288922897288
103.1074164303594
19.216970240867806
27.740627178510387
22.831170179045035
37.84414125561583
28.887831842882672
35.937388572128185
29.094864064815837
68.21093771464858
56.91890181773131
27.797166337623782
102.81722017178888
22.425278636344622
20.323945224497187
20.888806164822366
107.92026962592648
83.85378447286644
36.83478630658322
9.370159998003896
21.93762854256995
22.533640206633105
294.5804710635169
166.25070731823308
9.583425754191175
76.89713300812848
30.044756166446014
35.41814768071399
24.081486217321146
111.10633450877393
46.304867595018436
24.684380733396452
68.77938120641024
32.058853803497655
18.727592776938547
106.53504173116079
6.263151544156162
30.4677157833785
7.1142365782415
9.896054956796975
43.915589523754306
25.90470124047148
68.29234080532025
28.60727352053188
23.260502995306517
30.07112681155908
226.65214373382787
26.866010939844504
13.71478719027401
81.87859863627388
31.127172437576267
79.62921048186057
6.198410689791221
10.970549424228361
39.81708570186389
28.023857664668753
35.724545858704175
19.21563997266817
12.89703173647583
16.748962435610363
118.24675500009428
28.83822613634362
18.662713906189936
46.107591018615665
18.330271403022813
13.924725299046125
27.202436740586464
20.349914924005805
143.95588931529898
25.578874948756187
27.178801890004546
18.628214188443348
15.44804081064225
28.000662820268474
47.74516596254285
133.6462306810667
125.42048004182739
19.58348538416482
30.03684508984592
6.784474226836514
35.50211348352654
111.09348559807326
103.30429739051397
30.28256316995708
73.28809101438583
27.076489484914926
12.59502729799984
21.44480953897493
67.42436476244664
22.767899000817707
29.302508624138486
26.75453503827333
110.1431630013001
29.41231433353248
92.93401405387895
23.890008199114693
32.73520154020965
373.06692205416624
18.191963588873147
38.82250518353334
38.096927195384616
38.529800097378384
35.65083167516271
723.5772778745776
18.422795958572934
37.86282592626164
145.96832814581953
129.00980327101965
60.56195316330998
33.38323773772877
49.88766045785395
69.76030543220543
22.99100577759444
5.81097102910668
24.1941496625773
21.365385075262584
29.528181388908386
16.682238632424436
26.9274621634671
26.49062592847175
17.71900082748135
98.27561145645659
5.840532124503927
28.353367565796045
18.451523904807033
19.375038819822645
63.646149559762335
2.276074546375602
149.62747914074984
33.198686612228016
263.7437910964537
19.281334805753804
15.386291328385502
15.40025559558874
48.5964185189077
61.4946554118702
15.11672014197715
10.056805118985192
33.81135187822958
18.56118620972698
22.461400412642032
9.832212457163026
20.431417626439824
28.875313007868883
26.499768426608217
10.640342114560507
66.98299936554085
39.704962525590396
62.856892895646794
28.286881197010025
50.34645835814272
26.361731502044215
34.2291356945179
22.907499196929063
104.82187396312456
58.50119218392015
11.055738341080135
40.83322762647969
33.10785064504992
21.554403678585263
46.36841057993626
47.326566519346784
38.60020661812088
183.517003671384
53.35774932075283
22.230336960893993
45.56576012026277
79.84354241374112
46.04790875854905
148.82615312109309
19.356894989674466
5.270888371942372
49.31277408150381
18.128557417969684
20.135966827336627
53.36676957479023
45.30615698104593
49.28776283784128
51.294099329970884
28.655994249616903
14.296772298121732
60.979382690965934
28.695752807758716
19.122310590693992
21.640400892691552
32.20854424879576
16.40261275621997
190.5692564871554
74.32062914136216
44.4608369133813
104.76438116118197
20.18422194933568
27.313438492064783
9.560851403363555
19.463699677156203
24.041799163511854
21.74782865834729
24.58297122448358
17.537333006533398
55.103165544691656
28.340223071336293
12.007876518429775
21.379653906913383
11.546159833514515
13.195848070173382
41.26372649844127
9.921921536604017
51.232715444954565
27.836239228603606
23.71782522227648
104.48986254387823
24.576383387269967
18.61676062154919
57.03786574959666
27.30552294631078
111.09645043382743
55.014236898170644
22.194032422240106
21.402568344702114
8.081205553965635
35.22102665456422
91.34143501894621
14.67437386734834
42.588015510489846
237.7175227266045
60.58728597238025
47.480543528768855
21.186970937465215
34.55580089169533
48.16685968149564
24.425788397173992
68.23364163210645
30.44406842194466
54.01236245352252
20.70778991897851
126.43091721016818
26.73861402063129
173.347378229557
9.516562953426694
114.26698979942009
18.63533025429609
167.41799946049034
52.562215084226196
24.243413158749558
12.588093742522856
16.852028369490103
27.56028982067553
16.881171708236348
27.321095449680374
23.103315122092425
22.68257640611878
26.586581439360007
44.0465827656954
15.681183167200114
31.550216532044566
48.60643839172345
39.99789432469158
262.51771102857913
5.014474608603481
12.988970590212753
30.810678172272343
36.613405644463114
83.32669224603204
4.0111289633098535
5.530263286084805
98.84934807667031
21.413850012711492
39.09515087208787
87.27375027460447
30.642198663099485
42.15555906539896
6.232466619978457
45.23215295495152
10.753146277158821
32.31005664701507
24.87285506004146
9.99756471473169
45.64829338924684
23.000399607781848
28.23869537251098
59.58141938368356
192.8716283497589
44.23771296502944
13.589879243739993
179.7349799365865
13.317669586832945
19.928225482599235
20.510918830277063
16.891705283232543
14.302820778069075
25.578686026843
55.76705675521352
18.79018831570359
14.832428239485397
42.956806400009114
8.54503009292855
22.19214548333623
23.226083397750752
78.01173523628552
26.53642182873242
22.7316880420271
23.087674065102647
53.82695160387326
23.356488376429173
335.8379235553752
69.93083823781993
31.475552132209874
20.30511132493706
70.91337203258554
11.588940549039421
48.809299759749166
8.995646854671739
11.200589019966028
8.918180806091971
13.807399894921184
90.96778704299558
79.05058669516603
21.167690146165963
38.36852336266328
35.940226517148645
80.09165952904613
31.647807523762346
1.7018012949379366
33.717830618868014
24.32993176279598
20.39029344534195
52.09553661560425
117.64793831184636
9.227179340701298
15.927336394903506
128.62684168350543
96.21832839378258
18.27053699750098
16.013147150090525
24.7946781253822
13.199635836351643
51.77384943892867
13.115618514151729
88.495754063359
40.41365008957244
136.50344417987753
60.61190965470245
155.03406986213676
97.8952602777021
43.04853275864324
30.21185822680963
19.701510428467515
109.38868388179182
26.94352061989473
44.73508477224952
38.49964005228807
11.234414286202037
29.42383697715032
11.01087014042682
36.04504989961229
20.845776659505603
19.854770423529285
20.144454764902115
34.53272461410402
21.073487409197686
45.70880316654093
15.639052742073606
23.36355605658803
43.444466631448044
18.431156448743387
70.33892676999102
51.55897629572563
52.37637796390863
13.124339227761007
9.824929833428806
44.26408735211947
31.273106927982678
23.66367950699921
14.503678738874926
76.53765023321722
61.00709981863876
51.906844442205944
55.80212787902882
86.26096978814648
31.35071013018302
16.767380522622116
26.17305522551953
16.81695281832627
9.836790441591024
49.97516989049631
41.69804298666635
101.16438615262022
64.44094722625218
50.06313812579174
245.21507540143858
12.729242430071437
10.492236530176013
19.836772141648765
32.086223778865
41.357367482061946
13.876995088657031
13.525223668575764
31.15080976041109
17.663581375270457
13.347656217343483
17.027288428745845
17.791497871179494
14.226935755518223
1.234183152824741
661.2898863293724
59.53068421594049
28.871343699284633
97.27500642889378
149.3337510794294
36.72614723487442
8.357310910966154
8.64681333881511
14.807886046916652
15.303835050732895
31.865828315925185
8.669196919095155
16.189245626834616
23.531023683494652
39.7860127616825
49.305299717018165
29.985429730365084
55.51615368745142
29.333688302179443
58.32363795886513
14.09889956378327
30.318164169086185
25.207048386065154
20.728557037538582
18.074327628668833
14.674785471620114
102.07792072608308
14.588013490827612
20.709349033996098
77.26851060938253
121.37232099944482
42.86833987617433
18.75943974002371
88.3287462189426
93.99847821548056
62.538522804877616
110.89049617711447
15.980572687340816
7.35495346701481
43.753628620397954
36.00512942746962
14.251129740165142
18.670973703285135
23.123522274615016
13.106011511525852
31.224084443599544
28.244563975336604
17.808836448711883
58.22364772150473
38.0334938858936
98.02019216153532
15.377278931707703
12.206531918089308
20.692790154631464
6.112645552868994
14.68352019501884
92.70833957136645
51.071714546151036
26.21496651477027
24.169808776039293
7.2909904895691895
14.644265928599342
16.668478315953152
56.03435662977529
450.22110580250484
23.272788888962765
34.42423776187082
17.00560158348209
10.73643982309506
6.149568180763124
39.362754449306536
46.21006757605494
77.19088947807198
23.164233171236113
6.4279888358989
16.762693159984238
19.61649745523922
41.12660460601943
147.92158557593243
9.840093297453246
12.615336683573354
42.1946502466553
25.69826714051444
23.531269527247314
18.796765479295768
68.86890416750629
209.49284594013514
41.19170556442894
63.49463478812368
8.518499682248658
17.807893871198743
93.89221725049768
300.4579010876456
119.9517724300381
60.697271411132995
222.71165168974738
17.42945387164781
21.65396679032721
6.789202891784533
52.244490069165465
41.853890623972234
75.14463667297746
608.2412212985154
12.456421254489115
43.82482415356234
229.06624681582142
22.877482932026197
9.196478263459179
28.372932709132915
21.080339750290538
63.86320168431294
90.3226560448325
