0.1793402016411766
0.11804620766997993
0.2374877134176666
0.15465368466439114
0.17394599049860038
0.1519340589211976
0.07422634402995437
0.13490002012424698
0.17706010950805998
0.155774505009395
0.1145319023131174
0.17283405615554637
0.183604640948645
0.1279582373458389
0.12399626897628697
0.1558364432520026
0.10734748350863224
0.10536768565301556
0.08378276764822523
0.16415515503092823
0.08973536545477968
0.12450160744603968
0.11537924924458022
0.11082259930563322
0.11026604267408838
0.058808867038162266
0.11295712908374607
0.1024375878149834
0.1130870954356767
0.12072904710762106
0.06382620830229241
0.11915083967729558
0.13816066132850924
0.12253893709024773
0.05209160831389389
0.11163408185270797
0.1847293480001771
0.10865455841156217
0.11232050449551041
0.1846141689782503
0.10159210529171225
0.14384958240149134
0.12356903622681047
0.11836865573468168
0.1160776656894692
0.1954673452667099
0.1713420585966954
0.08711101270437716
0.1304413766121306
0.15528143160875357
0.07673605222185437
0.058942345949190275
0.14440919809527564
0.1485616555294816
0.18462390393864941
0.13014766586457313
0.11594359785552845
0.19489946056646268
0.09163658184316183
0.11902816649545303
0.12958429590777698
0.14194925609999434
0.19945007056906747
0.14578649823388964
0.12986997190056965
0.130752150973806
0.09034720687046612
0.12738888544481103
0.09673270639036294
0.14132816172694437
0.16956935532661327
0.09262929118246258
0.1509958264847241
0.0720933228483297
0.1003322432503107
0.11314722861145535
0.09238809723985576
0.17365158824492563
0.11366196810610732
0.06690280826239643
0.0820218135177266
0.10982681109544784
0.10619785462716527
0.16221729382708647
0.073326270336292
0.17072231212989916
0.17410578380283406
0.08495101107654869
0.1408466640326758
0.1684798833558753
0.09975084008476207
0.09726907558330135
0.11751268059203492
0.07320163064391909
0.1829883512479681
0.09875339328242105
0.11049908809000428
0.22788630663217627
0.08794569280044862
0.12019264960629313
0.10509258701978083
0.1538013464455299
0.09432540592823685
0.07437228508546123
0.1829959423168566
0.08908644836423114
0.13786947264104854
0.07650900152569552
0.09993149104816264
0.2126777332612866
0.1203530098435541
0.10033517529892617
0.04683408686655691
0.125169886727047
0.09712876452836706
0.14339049573588697
0.09038412838845142
0.20150957530933344
0.2049449221406503
0.12792023919384815
0.14985082554314375
0.10830823557317878
0.1910808996753958
0.2012334724547959
0.17742274746393116
0.1057135745011457
0.09647490901139993
0.09970246442373257
0.045693541803162395
0.18577474984890685
0.12273304560831025
0.093564348613118
0.14337781337412098
0.13302237079384302
0.13921372290236206
0.21422979690797986
0.13219313411605846
0.1392971487748064
0.1726038615100418
0.2222052722729955
0.12751639405507062
0.11399521462234806
0.11653721742080063
0.09933412733810343
0.1425373903527738
0.12138561555775207
0.0424083763416311
0.19579318701385307
0.08924314088035654
0.09010638264945937
0.11623056491670047
0.11013245967483641
0.11842789373262666
0.12349445953157548
0.08514199705397134
0.10926060608518369
0.09686134254996817
0.15701707531240514
0.09579416420939399
0.20514529571384324
0.14702127539028462
0.20980851744323648
0.1915756644056742
0.22420017281574509
0.15475012472850583
0.19759292058257144
0.20752310754884942
0.11996381646685192
0.1899074705877994
0.0867289243206284
0.06730863627201873
0.14954296474139825
0.09612245055795214
0.11203498875817221
0.2073151699424467
0.15926234213462875
0.08700158328304723
0.18898109585128406
0.1892262509286825
0.1689612520433896
0.17407725218999906
0.08317511318699343
0.14469249405017118
0.15410903202810472
0.07091999165475739
0.08140863730350369
0.12058949399502449
0.14570911736551026
0.11276237492563146
0.18876100677699312
0.08916778707249796
0.2349235875898644
0.17594786534804166
0.11185350179702823
0.08502995744608523
0.09027638813559793
0.0883972357775236
0.12402688761295082
0.1376236625191053
0.11117764957610182
0.13203979534982876
0.106716788111492
0.08509845725455689
0.16814807619580222
0.11993594420291002
0.18979534401637368
0.10042385141702381
0.14411762504690714
0.1791884804503182
0.06158619574512865
0.11477916764068391
0.10535240552139127
0.10693258484893652
0.05246921555742289
0.10528971002361401
0.15042950862098378
0.13661603209944834
0.12799024052638358
0.12283947448353251
0.10696070400830845
0.13981329652973143
0.10170555904334838
0.15237114702113022
0.18608397979096006
0.12240571062576427
0.05106292795804578
0.08004000258344439
0.1693836383774554
0.19965343066963753
0.11065331087679257
0.11752713477468982
0.13890280774492525
0.13840353266570526
0.05383135650660865
0.1878604201184932
0.0664680658721496
0.1553266005198815
0.20999755252103866
0.14705497059104639
0.1795417972855134
0.13275800168200602
0.1672192294313719
0.1258225750470728
0.2040111657951997
0.09782590279177615
0.14901418458287427
0.10461270590164157
0.1395696240827892
0.13244970573969467
0.17108592394021174
0.11500908274767115
0.13712252770678182
0.13314259479153073
0.08487375840342946
0.12598291006837423
0.18247529847743924
0.1044191050904812
0.07529929653605918
0.1905033876728007
0.07192999183910863
0.08133943884426008
0.15221552229696236
0.13652583488092193
0.0787769588798176
0.18301574761722095
0.1631112294825881
0.11524254573883769
0.11082641801845627
0.17756046362063718
0.14204620873884213
0.06893486498841957
0.19069478886980454
0.09787165094116416
0.12378166981240081
0.16072379514462978
0.10606513453808547
0.1270826203191991
0.14148957381665914
0.06892501416010653
0.08776113617554257
0.12634917411308189
0.17003815552347415
0.13196308426139308
0.11565685150968083
0.18111437592084248
0.1323861387898785
0.08373825744822026
0.1192976507343951
0.10760940713481115
0.11393236316952984
0.10209302938764678
0.07734129223386631
0.18753006929187732
0.1821721887370649
0.05202025720501055
0.16477188389681413
0.14281728717401432
0.1433977156024497
0.1415018672889425
0.06841372872758214
0.11890819573648424
0.14964595456697755
0.1339230221482086
0.15206285044309273
0.22835780478563317
0.10559714760313624
0.11632240308239196
0.16147247432967315
0.07135277300379989
0.15677153225345006
0.1084932907607476
0.0997094957376466
0.20522857453261664
0.15203112119716666
0.19618232003716052
0.08250529216521335
0.11418449028194613
0.10535196072208995
0.14239244828664707
0.07651519014703864
0.10195224371939596
0.14096223902333244
0.19239044054616206
0.09893911754790015
0.08702503133636645
0.15565950224691097
0.21162652448480873
0.0817889385692317
0.14161082633879069
0.11699890241821
0.145782901419121
0.16173443364239437
0.1513547425174251
0.12421962443752399
0.15934342318680544
0.18905557419050764
0.19234451838054129
0.1397885630102821
0.10119510884717384
0.19085373945063
0.056997724573345544
0.10383370602032967
0.10988606877829837
0.09490778224674104
0.18321409427547974
0.09939941079589701
0.15410077293095673
0.2110488972286332
0.17364263475125538
0.12716130463493952
0.04700739277615143
0.11406650034758195
0.1605371007262877
0.3307712374515763
0.09024503311675816
0.19002701946983092
0.0955841247804544
0.10404500646697785
0.08109784092094614
0.20141470170854858
0.11489755412254395
0.19170133729879876
0.1336674346527381
0.18097596064207647
0.10234838576314939
0.15149355235708614
0.16054318001454135
0.07145204863331625
0.18662104101519225
0.11522217513006575
0.07304178571096362
0.1503283971620179
0.11746910417320984
0.12195387306018293
0.1370972816516809
0.16124063392040724
0.1873404178379255
0.10671730051635508
0.1074741727507645
0.17524811725840544
0.1384369828902577
0.11253498171857321
0.10668414407065423
0.1436860828820461
0.10521190766628943
0.08722273597425866
0.10770218095225015
0.08247521197685136
0.09731967650451108
0.11138397496146477
0.15152343589316103
0.1064254844725898
0.14019507775190954
0.10797201111926623
0.15627529653137473
0.08934884526857886
0.11845223782000083
0.21893694111018153
0.12232302045073637
0.17435132612699114
0.1377762580521716
0.11755582033308352
0.10909899490702411
0.11057592976460166
0.09539273973749396
0.18305605215730156
0.08336999094761599
0.15701155893660376
0.11421892093755544
0.16710487593962653
0.07117958800039578
0.13654762045446195
0.16544547000364912
0.0966373117365308
0.16787525022980626
0.15570349048339163
0.14851598866818913
0.13835510624669073
0.07784920287597442
0.17838456039463085
0.08993284208428436
0.12003458646358085
0.15334925682145528
0.16997924085125923
0.11786570863682017
0.18601747094873716
0.17094720989657355
0.10091591188429663
0.045889927890464276
0.09549066670894812
0.11764768742639677
0.09932304393974777
0.10089667727020345
0.17465528931277005
0.16873074350761802
0.10503074077309456
0.14932228880021237
0.07404413207192694
0.10267271550418436
0.16073552481322265
0.09154758242940102
0.14503029601558687
0.08159104545962945
0.16839494408590208
0.27084307018705206
0.26115609269963164
0.18796008020462843
0.2264516013765081
0.11805945462926214
0.15080801738284946
0.1165980438769416
0.15625731777143348
0.09118861236740931
0.13444535062442667
0.19998807355734338
0.12788444785671918
0.1550791248359342
0.12244426021151736
0.15998913484422567
0.16246984964356698
0.11391546475489205
0.1356470716565134
0.16875501950570096
0.10041954262743603
0.11655696496643743
0.15964047249889643
0.08505755920887531
0.045535643374380846
0.0783987524744601
0.16676476134229806
0.11279659595727477
0.08530297291159183
0.16315151973596256
0.13277186112880346
0.01616660056706392
0.12587137017815123
0.168868133974908
0.08490072893945357
0.1923129860809526
0.1077837431223741
0.13179798493848222
0.10649135729934844
0.12408252417804576
0.1607213987912405
0.19135268430648328
0.06328652663863686
0.15469461369866372
0.1758738483155533
0.13531126802764462
0.16931767432952585
0.17957054895255645
0.1142920165915087
0.06794083659458633
0.11260000651436146
0.11593781008557835
0.17748315724514083
0.07700769663723582
0.15134398388095446
0.11057718005586804
0.12969173110890841
0.11183860692352485
0.11851094412386666
0.17597014536700012
0.12551135602656033
0.06634234983948585
0.09070602393319763
0.09963258729295657
0.08029354444482277
0.10358479356416807
0.21148934416013385
0.21190343862094455
0.09267270538050319
0.13091858859527666
0.07448961491071177
0.15247199624000565
0.07554410635322246
0.14359335823324257
0.11043013827780947
0.10163816019908582
0.10139697413880275
0.15117949251326795
0.11173370738274682
0.10265891914472845
0.09041068907264493
0.16888330152323774
0.14672734861942738
0.15829631581497472
0.12239156308994736
0.2039223386230305
0.20469694152606516
0.10680739109165376
0.16973553886599718
0.17811154021767464
0.15146013072943026
0.09822554040005974
0.110010547314053
0.09093654149524583
0.09388323639640346
0.11472509287249241
0.1498353920125554
0.10071955643805128
0.15378808387772694
0.09813701692062421
0.09710052987532505
0.0922811785080636
0.06328039804832387
0.1906794946932831
0.07335558684043626
0.12597610837180062
0.1249040523493376
0.12529121138291371
0.17776901995871028
0.12115484667239038
0.18659566348906204
0.13500366182444687
0.15756759137652507
0.15540595282709552
0.1449691082247648
0.1221539363625394
0.09123107268769541
0.14289230238845144
0.1058165668392256
0.14317246779929557
0.18325132235798527
0.18376000410951876
0.14477577991110568
0.08932557955135217
0.06510394089374762
0.11692819131027925
0.07387811132083458
0.11155560678446476
0.06135336598729369
0.09182449034823773
0.18085774446370032
0.0634561396760111
0.20158292037935122
0.12246792035587786
0.1847035898931194
0.08359728479729503
0.1297314196649056
0.09316278981085273
0.11335557684290845
0.16948391403774057
0.06803815690476639
0.11495087879153376
0.12062916789651332
0.1294106174595715
0.12880398403549176
0.1689104858618451
0.09786727790582636
0.11727219015334611
0.0916150945144455
0.18931790592915623
0.11983427402572064
0.14695486428257493
0.14292062017487464
0.06047728990440705
0.08754855261657497
0.1308197898303965
0.0968591873418322
0.2283162534496699
0.12184919445480719
0.13433230276895972
0.09897263419742637
0.17923680549352577
0.10760874069854914
0.13481958481953474
0.10184389242143223
0.13343939811029004
0.0441663000686062
0.17858484681731723
0.12976962036063489
0.1533428314279877
0.1632852747210925
0.12304812108226411
0.06916419272462311
0.10094275655222504
0.20703159443201105
0.08118093522147478
0.11166452649999566
0.10775670394668803
0.14431196536774393
0.11279799412013619
0.12518647562028493
0.13631602563282916
0.19059611952159775
0.12029998099967153
0.11193605077103083
0.19100069184665316
0.15520661489839083
0.17077318151789644
0.11958400702626121
0.13142691186254146
0.10690125497813367
0.1440555532259424
0.08533234627681358
0.12437137371181396
0.17839571077371727
0.1500226001923491
0.09514009157743115
0.13222492886282383
0.06328374487371748
0.09370430832638793
0.13004060220516322
0.048437442000695385
0.14489738938548644
0.15742589101322793
0.15589294968567077
0.16395560285805003
0.09203880235595316
0.17688063567687282
0.11227205303419414
0.16802195924902563
0.1538163578878806
0.17368099576842064
0.09794290237951843
0.13690968084337146
0.20007902434377547
0.11250886944110552
0.19851193302015255
0.07896742034944837
0.16667704065696065
0.11249653714335496
0.07330170611951371
0.07431200064702492
0.1725452314265719
0.07292678973235761
0.0833257400131315
0.11631719427653234
0.15954254183600908
0.12099636551946799
0.10707472119946991
0.12958183956567115
0.1006591612189484
0.1985178642663239
0.1083810421576125
0.08079669243098014
0.1169501462393012
0.058494810875205236
0.1670820978907788
0.09029064982144108
0.11666413894919771
0.1496575977683271
0.09884451022377343
0.06467918287247418
0.10091036019939563
0.18117908343046749
0.13499928170755746
0.20720004826559155
0.0991239407399951
0.08824887962039993
0.19256601650340158
0.11772340488134354
0.16696724331236862
0.0925541485696019
0.18990268344245542
0.14410687841845624
0.09622486233917474
0.13875104447780745
0.08747587387344827
0.11629439346303715
0.17748728269218877
0.11941289380116295
0.4129019964619998
0.16792277597124053
0.14075803353200225
0.1342275942073827
0.09367051977017754
0.1565271228679236
0.1492054502735339
0.1908048207347897
0.1307203146560883
0.1427269306080659
0.11705490009642355
0.1437434825095861
0.1788243226675271
0.08465089906663895
0.07086623762891875
0.1263938621507395
0.09835772082087839
0.11622494450994864
0.12498447082928714
0.12857238524379508
0.15622055831412984
0.08225417894081548
0.11779762709467499
0.09216686151861192
0.07708709978543918
0.10337233395177352
0.06370011586605982
0.17476469322816116
0.1376664982761502
0.1881627112487138
0.08189193518536436
0.1203267579198435
0.10356729604122165
0.19311684345795785
0.14435624521630436
0.2405304915814452
0.07967270161252119
0.09114956781615222
0.13878305431741014
0.12822307745420228
0.14743972792539448
0.11138097920543259
0.1388424345562479
0.14152508368806826
0.12166629121645532
0.16417415051394352
0.13622035510988853
0.16516762215916023
0.1698299773241439
0.06743976713496148
0.10300428324636292
0.06561672473906621
0.17692355743821092
0.0932587435846175
0.08243527417951621
0.2014889098206612
0.12955403133924612
0.11322703035266048
0.16419004499975529
0.07040819354604247
0.12374071855323573
0.16938340940536645
0.14761841124767883
0.14380104999662363
0.10170767238831876
0.11236113689869587
0.12099478684360668
0.11889913081503196
0.14012384958839408
0.15747445382608588
0.1757358606206293
0.07331105206111488
0.12345293653470488
0.08886399277862879
0.17803868610746668
0.12278944933179649
0.0722186967898246
0.2357792989401347
0.16525570385085703
0.09023550654350736
0.07951680394993892
0.1693053237669833
0.13537543519040102
0.0877780291564089
0.1309198353856891
0.11294309068184082
0.20619503458609945
0.1857837619627665
0.09161929014788786
0.14361026041243563
0.08221098987387718
0.1666721771787673
0.11030291283550789
0.27182261003033353
0.16200053806284362
0.07956044074167669
0.1616514182499693
0.13957891673420642
0.10766431014812583
0.15735091196153306
0.14457366833299254
0.12551075921731097
0.1782905533403046
0.22089108218239178
0.1051763514675706
0.0727502125462221
0.09531255504912582
0.13031691521295605
0.0992341467143635
0.12693477918376733
0.11298875598892047
0.19339076744950387
0.11879869037670185
0.1368747546683977
0.11346739730800041
0.1316572704866962
0.1467020819699179
0.09482720305664431
0.19700397701455338
0.0700101461315154
0.13958137287565595
0.11183735507514778
0.09433872585030671
0.08488220044840773
0.1631060115894844
0.14931877377315592
0.08712844779442189
0.09735074948670476
0.16000050697514892
0.07511658377755887
0.15362901389029301
0.1032103242416512
0.10185365524373632
0.1293378257229377
0.11346748893656752
0.07871905404507684
0.08524266505035158
0.08160577872300967
0.14148056364120706
0.0860976860905277
0.10470398253958318
0.09107824434964
0.0976957682482025
0.14457387622479975
0.05688947688961956
0.08018047478824193
0.14928813214827374
0.14093507355466145
0.13702323991090612
0.0929122085416327
0.14233042139552385
0.17925382015934407
0.1915435002745598
0.10463497919356672
0.18939668130369924
0.08784540747182211
0.15832038186133907
0.11526390002116269
0.10302157622906445
0.08960450171966812
0.1357433923978958
0.05946063620261433
0.1641116923493698
0.15387176961163046
0.10511267718612981
0.22703101192280034
0.13763630964231793
0.14569453518270342
0.0734152908815545
0.09329560828324747
0.1801905770405428
0.1254262007853015
0.14631733787240767
0.17777116809110238
0.1548013001572726
0.11428593873805486
0.08869534135829062
0.04710549382381923
0.109461054889827
0.22802905746743152
0.09403268739841429
0.11807274344756324
0.1621500136311921
0.13544382493623394
0.13541896169087264
0.16325573406841606
0.18380512173529193
0.15106404129257658
0.1316981742159618
0.1380793291082579
0.18968985769267535
0.2008296580552129
0.17287081494772272
0.10330113175094569
0.11953608004512095
0.07746764602531751
0.09692293002849534
0.09326340207296809
0.07542098511616561
0.10545651619468734
0.1371434719293802
0.11862553048231207
0.21492888463081078
0.06724977271163073
0.08345695268417617
0.2054780279554243
0.15382369116785538
0.15419905656619343
0.14391354708027748
0.10737139215301647
0.07854959191572047
0.09974361842941434
0.16295098834727115
0.11207120210008087
0.055483197434052334
0.12664033136618572
0.18031241944121987
0.12327572836350005
0.15055983326722638
0.09916681896762058
0.054705099595348215
0.1421217703663186
0.13879726626687033
0.12539075141707479
0.10428944190928854
0.1365132401677401
0.20000386391782068
0.1633738890611311
0.11712639976124262
0.14353251644211132
0.1620842556922759
0.11965578295152064
0.12729578076016176
0.19107365889526756
0.10122465872243089
0.15792838181474267
0.10313624850163028
0.1311889384745883
0.0886269902557652
0.113098170074619
0.11416770391926813
0.14259731377624585
0.11863779621607934
0.07524712554978706
0.15150400505310183
0.15261864413003426
0.1150455895476838
0.13808829074625745
0.15723920830816268
0.08464863586744843
0.07777935741472163
0.10789050158482537
0.1774351464881498
0.16825599150311515
0.08218021545718267
0.11328244909093901
0.08251979539788015
0.05474713345603759
0.10809372041163944
0.10405437463442513
0.10423483880613528
0.11437860089122615
0.1572475262784709
0.14470624052420683
0.1194660480159581
0.10778103576487001
0.07385807806350038
0.16630599843636698
0.129570207481226
0.11430761575676154
0.17725791049408524
0.10191959953878751
0.08281455511116347
0.06803580876822525
0.1543679971445602
0.12843570842341462
0.10486801760009712
0.1099952437776906
0.12358584919075954
0.07122425648968393
0.15797167267536574
0.14507657104101693
0.11835703230482694
0.08818415559768239
0.18622904450454048
0.05179692560999938
0.08891610678403764
0.12505164785569467
0.11774469159462961
0.09817922261121063
0.1442792850668736
0.19693729883193048
0.16326688150540572
0.10066479924077555
0.1124113276957747
0.11878078304345827
0.11504821003469486
