374.08111292839106
223.58879830004236
79.73731740326839
264.23463877061147
261.5305553884671
324.35552079887066
292.64801452546345
245.91544280068177
246.5202876994762
243.33344094125732
249.95300783550644
280.49520876510576
309.1019940156131
227.49292142854148
242.50594019150455
11.51958370382714
218.29379700660334
271.14059453423965
261.4303257218488
245.99974686659203
272.26788945413233
226.78228241520927
211.13284649764682
193.6063381639359
286.3106710495887
242.3792390357317
231.16750014943992
210.48420586372788
256.79249467674964
191.06743889646864
200.04211187176287
207.4395735027498
207.82050754339073
302.4256316235123
213.4318591736959
292.84434492587184
248.6019186575245
179.1581762864191
307.0893359774894
318.00429892360376
230.49680374550235
262.200084229683
146.1515347129744
272.6654880447242
221.9507274260513
197.99504216896412
223.10485248882296
245.74965933285313
308.391202160568
163.7233799710785
153.6264597147197
190.30509566491503
200.4507156695922
223.80654209666187
188.71530168387912
272.4816014402068
190.715948582401
305.6813750328047
223.04582686835815
190.17124822101027
250.7780715838154
10.03068083196403
327.64356466531234
221.93584876828564
313.0324225715049
243.5141916522132
219.86561757002056
197.10071080232072
8.358108010265719
248.99957733185457
255.7308373978132
317.23096795378177
295.77202660692393
177.26563414594185
266.8256945554195
254.30870145229684
247.7911268817158
189.68582753255498
166.3888140221472
301.87298949759264
282.8775180134536
106.5973712563076
231.1180991515394
308.44144410222356
271.27732808317927
180.64449591632138
297.6556452738633
300.77913403422866
263.3335855404068
178.21176831839418
207.45354457707379
337.72782772698156
305.8513774995129
202.82053510820697
265.40177377762046
200.40212078363558
218.2903877485754
178.45652150438852
246.34378068730626
172.1244201687828
195.02756869873764
246.00161100685452
227.89943968671977
245.0627123983613
201.47025764243054
196.0905020942622
205.52884376187606
205.92319404343056
208.76599420423756
158.6564912184441
200.39109942026192
269.88269507968846
181.8832664084986
311.15872119038255
282.1863705020946
233.21006529613462
221.46580637014134
244.2054427285394
301.2835336127423
265.6361996096422
247.42955140027203
157.1401486164708
245.68186701372053
254.84182919871895
268.5828424260407
302.29958948752017
149.95985947260516
16.98762410766669
251.7791189927408
156.73329253227172
299.48714751559567
260.54267919037017
270.74907807202965
250.84565379995226
306.4187019080354
264.1279433710577
236.5553737144328
175.1729517847623
220.7358961296002
187.68340021271266
314.87129179416127
220.4649746756622
225.40461220081093
177.1728008704905
266.423467180696
250.02193951353928
247.78815719181605
291.67892235520833
268.90701882402135
152.31383885730818
203.16161187457865
166.69524544004676
211.7283573497237
149.30249742618105
274.5463561482549
181.90878184171564
279.6686000523529
220.7733172049736
307.5862807983484
253.16678041685705
232.3080641827339
273.3222918041718
157.19315147904607
236.88296520107596
251.01250009421224
225.01565230400513
253.73396818441725
208.24245702101916
219.78904757263922
259.4002336745652
312.0850530773646
276.33904577848955
253.3679798125903
248.6345145893857
232.76925014342422
341.1534848664884
243.7743086796872
225.87458698874116
212.92816102961356
196.8942899747591
179.83730980036188
206.2510240226326
247.66517260115532
363.09307752674766
181.83899653664818
207.26671747417905
260.570223251713
184.63256628389513
273.8344441059948
215.59493526351054
319.83245863393523
239.52934159298127
251.04052165449252
215.93592551898595
258.95403023679404
243.24874206760725
315.0329402540174
278.2564150917632
192.9840985849021
263.3859457451261
187.22358487630876
236.59612052655214
309.63280813346745
306.15275690105716
238.3728428521581
219.8307660473839
253.19626093398583
248.5289363665554
244.29600493511202
295.24868802115924
19.392765055661666
243.69870790939217
286.7768577892864
266.0455319001
181.7790264064049
194.94983753734405
202.31395827650866
302.96587930350114
335.9342299698116
190.68347644912978
224.98454594993643
223.8360423609536
220.95727285577445
298.0418071970161
204.9638717364299
217.66336868127934
210.1154714283297
231.81248694801712
176.45674296922815
244.25016824517806
156.51643274342035
288.9295858554604
211.07837897590403
201.16178275671757
244.77832811848054
250.40903250858145
298.3516020267273
168.81564374213096
220.3123491157788
214.87210802001835
272.4118085308739
415.1234485022691
185.56130950617202
180.66862001076132
220.56619854512084
372.1057616305697
245.9247836447597
39.070720195145086
196.5451303713938
286.5076003273355
200.89095835062048
280.0511438708939
216.12550921589482
192.05763883917663
324.740766848919
300.20799005230646
217.03671465411136
251.414408759336
304.34949090510423
179.84545124169736
272.5009442811043
262.07624793799397
239.9153728763424
282.1780076869236
182.94247469558965
178.6921678282799
239.49193978997414
212.14018577793337
317.3667241631669
197.2932796530511
344.39649457167
284.8878556743486
328.7160125843921
43.807333308538055
223.14399751506156
260.44932638844455
243.26822929255604
102.55528345894102
225.3158608886398
322.40883250622267
227.6671716683546
278.0069335974384
229.75701989041173
225.79362228226975
222.10383292668544
276.76976014613984
277.5852034087937
183.251411964161
231.19889051127598
318.88811334946365
242.41286072234274
215.4315744346905
259.3060879362482
171.92264345781487
174.30011697132463
234.04904683348303
171.06196715856117
242.2747095551551
181.53705096341102
280.70845174996845
330.7824378444156
315.2739974356354
198.10466899356365
270.73482138335135
238.57322084191478
203.98802528437136
201.65681788000708
212.0128603751544
289.34043181846704
344.39875340102026
190.1384224310097
347.28426604136405
291.4658154256384
231.45140382453823
212.43644051718118
291.73893354919727
18.069917467735866
296.7803721406092
163.77479886073021
208.34175683977574
214.38957719142303
174.93182483248512
248.73142483555134
312.2631026968936
175.0473030361207
234.612022890885
236.79886294912555
260.6183851520421
326.90419247978457
311.56335613698104
226.76054436451446
224.63451610175747
228.65017051597135
256.65579548152704
301.8723439989406
295.6376915764091
207.17475282411155
226.11709929234013
263.3616932839714
220.49594842087777
164.58915621269227
258.11789888323466
266.5303466688633
222.51934779873872
325.11629393589453
331.0590528424168
295.78504405827886
187.9093748326351
275.26622524665277
238.04458964010445
244.66087583744772
278.91745561843896
220.95165892264845
252.51712165672535
110.3905385562226
282.8288482196716
207.9363599949977
296.8853450393475
269.03872854772675
285.6861070580465
201.56632739211403
230.28453814261286
214.8432546468396
252.21776562822043
173.12843239251322
289.84632189934763
190.98100308823908
347.5462238938051
226.62370794361087
262.64813651634444
251.96106499664833
249.57710988919982
254.61387960765748
231.116502944517
322.26926387286596
180.21415725431913
273.6569867967644
272.12623606817516
208.5534946886915
268.9750345098904
236.60303331112536
201.0818730436069
229.63397061722665
212.649132794166
216.96113675470232
217.3637852093874
177.4639935523315
175.70392787851407
255.669316392652
240.00727066518803
209.262261639854
324.3409018852494
265.33941493258186
271.31546832248347
307.2625047942887
366.3993679958854
188.62845966122376
193.4821693518885
196.966939822619
214.3824584773341
253.54761205002973
264.1199256184105
224.86399972149306
235.24567668600113
266.20027246788
192.9030051001826
236.83241192855775
322.8025824734655
204.71682613799607
297.1599802022455
211.74862267872345
257.0020169829618
142.0303895868979
251.72892069066572
238.6802418847163
200.64501931056526
401.64733678056314
7.17504363903759
180.1593193343421
277.43622895378843
210.5686508230872
261.4559312596259
104.24622590871199
175.88610577301534
248.2491492726306
149.89308607810807
231.1626587306163
138.77128896139394
184.82385408467195
249.24263002231612
253.00601297487998
164.78895863740019
190.1125615933422
301.76931105220683
265.92812335163876
231.50124432422302
226.37514240356754
210.48717013056086
216.97300299831107
224.2764791113558
245.43714091565786
203.13683949313608
154.2278184195954
253.09282223122875
310.12236679826947
277.99309139803364
180.03733122020228
216.65036983895126
256.13349169409264
278.55853520483544
250.26131489027455
289.67941488918564
208.19097308606788
247.30986992906767
192.57293174553686
218.13499724106077
202.00373470759678
263.0734141245841
271.35267185209244
303.38676041597296
362.0028646952183
241.3394924873258
228.4311580987536
213.90238768483093
204.6153453679222
208.11639296773296
187.87363113580827
251.02365751464777
235.36207942588166
308.92616241611705
197.34207439156478
240.68952121125577
229.99378484011712
246.8932792373932
19.631003379198184
174.6559741219722
269.5108723553864
276.47810868437597
159.16324643879898
143.82138542472586
340.9111709435143
181.0736116045359
305.5367868856177
140.56142369815848
272.4876959379281
297.95580512809687
284.5835727807955
226.4983430415066
281.6547462592746
306.62965568245517
271.6369519999477
205.83586257039073
202.36925107716294
257.3331054022915
194.25200191359528
248.85550912126
275.71282105878413
245.4140061066576
248.06170776914496
329.67057730031394
293.65435791635684
327.6897847567144
278.91831440489767
379.03729212544624
175.15041952089322
228.67557367648337
272.9701141198894
250.86426907288498
184.6027262151712
181.88208908341855
294.38719598698003
317.8950718367934
212.42580259602414
187.515560985186
194.96717718126382
188.90536929205516
311.1757805170021
231.93997666902126
215.04345759979512
300.6202156219374
176.28877599511807
162.47964239638003
246.72124241131507
222.78372196171404
210.63554879746846
201.73160249964056
213.5392009608673
320.1826556313102
258.8968084434396
208.99097642110323
235.67048691238134
209.20843521953793
360.2780864812467
218.78651338911553
204.97613401833112
316.93855739593374
237.41641469664444
237.66440936787762
193.50105742032798
190.39679009192324
248.2947157732635
227.5819467208764
282.35524144838394
207.63942446053005
297.8952931222702
202.56657583724848
181.68611210097802
265.8644962100427
394.02892029456757
195.25433707284324
182.32877312669183
226.51110929394395
268.182670039523
268.76028444112654
211.99596029235437
243.0322143261379
255.68995865109258
272.8646884394367
388.4898029634111
416.9664753854153
216.4860647565713
208.25978908766774
255.95343766858306
181.52280238531227
236.72382535539595
153.36266868258014
150.6587575955509
178.45644134372486
294.9570885434657
210.22395070724522
163.43543588572086
207.31950097769933
253.14516716047382
184.38422294460378
199.2792090545358
279.98938121680834
192.52737478238987
266.40402574077
252.58127236971663
267.0223976780292
226.23455537038114
279.7422168882103
277.838358890112
188.37497529355227
233.1271585127636
187.45997128001986
192.44594661718165
214.88458371235913
210.0743937773354
232.30140297081573
323.1253854722307
238.56491954125792
235.67052664147732
240.66246315736498
240.79355206858818
229.6270915151732
276.57377227028627
258.7715123093331
246.9680761506591
170.81248002730513
248.36728728413726
200.78757508004685
261.0070090810578
231.18154944222223
179.16891227438137
21.17716715458454
235.12904791171164
214.9507141096518
209.41108874013685
268.66841863496455
286.08285535613754
297.5762509146825
260.50254621507855
272.27085582375634
291.380739872151
275.25297634118556
254.4554372761113
218.4501059418652
5.188759911797471
220.5321391646299
221.14938595308877
247.0011635176847
152.6229522614744
192.46753020662302
269.54862262128927
232.58005787014878
249.86932146490855
317.26726197748263
175.9452493258343
259.5720491333376
285.52477419936224
194.8594553907419
288.43916939019243
180.15170515407485
165.08296236975494
272.8672999543422
291.6562879952033
366.31915394305304
260.382316261198
230.2601826791164
154.05634207992085
173.8293096489367
278.34245416317805
241.57720220829495
228.13359695811434
270.62862367169424
197.03150813698545
172.4450125384996
358.0826834233979
245.27106587635183
208.72723136555427
188.1280326121898
188.71992065334533
226.75553523392264
216.14512984989466
210.3942758776289
279.9136467683838
235.43194114260587
229.1450564379603
251.6650072138925
233.4435623804939
244.72435012462802
236.35694633387502
192.93556921258133
216.14192139899097
268.19315379214174
280.6906272688658
257.3878526270761
261.68530134895474
205.55684938135676
237.1682765567656
191.43886584159716
271.66116821232725
323.06725512444405
210.835061115739
226.72109913143132
307.4573481824335
316.9567569189691
239.14617576411106
262.8889647612753
230.5803862654887
149.37327654679044
236.32070099531745
204.13578309676936
166.1151903394343
201.98000044344326
243.21706673082747
206.42409421606544
263.60824334426945
228.095269352528
288.1052764945351
290.77616151956977
248.68787684749574
128.47505348440228
271.05845632936496
335.4104231009507
10.243142873758007
210.38305434484553
282.86571704238787
296.8564008661778
207.5216216788445
295.2352060388062
166.41089538282384
99.30218541363006
205.08493465976719
179.01310070905353
121.44535617173248
272.4304216214688
358.81058037000446
208.85243503714216
168.0967936999237
224.81539389617973
341.01896746488876
244.01185914948056
184.0511142714249
236.41875733331156
216.44355507639045
233.63919012636538
274.8767908513537
7.193546681106188
216.3151910188962
204.15700820632767
105.14636430357372
16.50396708840089
166.31440182354726
240.07390478854686
187.1205727728948
272.0442318649944
251.04427984486279
207.41521682313902
217.36718959340752
297.3210530393155
323.4171216670563
206.93889740135495
352.0600996439342
207.04621223194772
198.5779643601614
90.57576494317495
224.42916810122892
80.06565446219831
245.55840258508192
335.0369573558218
233.91004068193106
176.32009808395622
194.28623382838117
288.00198293187793
162.31277178964902
282.42640418774647
273.7130650087192
263.4183699594218
236.06350813829994
246.4851000032254
304.4252827846221
277.89289208400123
273.92499754611214
297.32713496863215
187.33181807845446
35.496745274047875
194.65024959940715
162.39959125891045
219.533806131291
212.4717711691118
233.91810978613603
249.33087761694546
182.92752568429702
142.46906784618926
228.42575164931586
171.7762583853952
242.1297637417109
247.11975004943585
187.21272558747953
336.52063188312945
152.95456144695703
215.91228938206143
255.29823699103252
193.43036241636213
250.74989650288555
282.46690661959906
137.13600338928265
287.48861740598534
196.0083207005356
227.14633159249468
389.5222928646966
302.3022040354989
275.76812599118864
252.904421901609
245.2794156013938
262.4134770312829
223.64365858202524
208.7338212648092
255.48890817872982
281.5160207973245
231.44832708174397
246.05539677061265
166.67645680914669
240.6284512266574
134.12798263266353
328.3139042706834
261.01553562820857
291.6477651946883
343.6321519572321
230.99697129182383
261.43310292992015
214.9561650436441
336.6889271807864
311.9635668330882
191.94307936323634
256.4833601699872
294.72818264700317
274.4447698523887
241.10488925253065
234.0527540443054
238.74730883602788
203.61515769052497
7.404326843371009
212.3240084604385
301.1807150956133
247.84226023198462
175.70178269322741
29.998089492472808
229.63972199923333
152.6324614121843
297.8018785859112
226.30553859717324
228.09243838602117
223.30016859104018
166.55240234058792
299.5587268773027
253.0046516836644
270.81377694436367
312.0595899747877
307.26493469057124
249.8392175086077
162.56061044902398
114.31960711324386
300.9391799469915
296.330679554036
269.4320693041827
260.9295752596645
296.58132365773935
242.26406068986353
305.57400163220393
228.21236253438124
188.83806488685042
218.51937148091173
271.54938580669256
212.99667645725788
247.834880569764
210.64096171935796
179.03254334014062
272.8900967415337
219.86971934991715
182.30491622771962
222.3817802667637
275.6332044006824
233.19935570511402
210.02701343243388
280.369470951804
253.00980353327046
304.5979520178243
230.69361609926867
259.06931884117705
213.42389322311732
186.8440954747837
157.1754165477316
230.76504567416515
246.74662065294476
289.5445936719874
249.40845966088233
300.2308325549105
147.6794059331944
214.239617628143
310.3825782840808
231.96098124522985
177.04459102462235
211.32852874531866
236.80294169642838
302.5048269762306
201.80609117442137
319.75769680598034
268.4654200969471
247.02982300431805
263.62879747247746
212.54309667347064
174.14114215831157
198.72980478823882
285.7459915321016
243.1985932466309
326.8898493967955
199.90836339816082
238.73287030556722
176.4656468254337
212.3583100987677
242.8623919390562
151.45799217143815
172.68091971254702
291.42173132464956
184.6285360060645
158.98318834780935
292.41404667313674
220.5916246174454
218.8746142864817
274.4435593781233
238.97064820380902
223.2763882318964
199.70005212939338
244.2089914151326
252.76964278171351
181.82145798063934
10.55859361814807
324.96071530886627
338.3525353566552
210.2460382160055
242.3714880723481
336.0405251575791
276.74359825113004
241.75953824084252
228.53355618943604
227.38145795363988
266.08026609602916
213.7331414610115
207.37017286234263
260.8767197889903
284.96713026765013
213.22117377112414
262.24622755120646
269.08182905583743
171.8753997429169
161.84119636586905
197.56993941724605
320.8109573539967
221.99795165449484
276.7028725809753
14.01603897004501
266.5713941606935
225.81162278211167
166.5520362186042
164.39727356033546
156.00886931973392
165.311312308645
290.0137771849079
228.08215797070577
247.13293260176405
52.26079154104309
229.88244756835567
238.7322956667993
239.81521840286004
219.74193190873342
217.07486376473994
187.12612468065208
211.80751623613915
299.260067119468
204.9766211278927
171.5055801712948
217.06742902330612
183.23802691713948
278.22368895337456
239.26562211798617
218.63357425729617
212.3074200249496
180.0688321658328
237.21521474891986
351.683867007062
254.63588193906725
191.74135467376132
260.0108505794658
256.25001117476893
211.62402044888307
225.07371303621798
232.0423526273874
342.3383860253861
225.24160657965882
258.05517816759766
284.44444312993977
248.60530963403372
259.11198302800284
348.3348410805491
261.56657192425877
204.93705763151314
187.9287438973938
236.60857573055642
251.20988174121695
214.96389994757956
17.832429941317706
269.12824837254544
216.36728807983033
224.15927115496456
222.3666596038796
215.92140673727886
249.66929411956357
320.913655804139
209.392882403525
253.58310158377716
275.11398342487206
270.69254258485824
222.3046579358707
282.895220630747
213.5420906468085
183.22714418243297
284.9013371187037
