0.29810714642470976
0.38320163717435574
0.45904309174176977
-1
0.35898978698066
0.42097348434769055
0.6354467555359387
0.36300564732414803
0.4411442585263181
0.4031786890034846
0.4502898942862554
0.443542508678252
0.3726652150444037
0.5579886295757166
0.5206822487043544
0.3681212145453836
0.6274570982839409
-1
0.3503904931110052
0.5005058222833088
0.3538716690770598
0.579580948451466
0.4188685259408657
0.4386202957155133
0.4383171901283319
0.5541252957875247
0.5554431571554426
0.5426744099985752
0.3492633569485514
0.37806223245490717
-1
0.4304063656204422
0.30373181521246084
0.7136034211054079
0.5236813517695587
0.42843593037295447
0.4764517236550905
0.5306065317724142
0.3620699337775253
0.5397726891638861
-1
0.521798316042374
0.4247476825114486
-1
0.5394409574791973
0.4517066571908679
-1
-1
0.3753384640926396
-1
-1
0.4772051488998507
0.5130756215594772
0.37399276645884966
0.4176192025461778
0.3886083181622517
0.3858237599590739
-1
0.41939585993539313
0.3351565848872758
0.4540466651200792
0.3134165274396169
0.4440708880003875
-1
0.3774089213154526
-1
-1
0.3521078749351766
0.4081344569555805
0.3435614103908915
0.6380849626977422
-1
0.36602355971357703
0.6641276195353529
0.3195058052792605
0.629940321881252
0.5028620567772597
0.4497507300112491
0.5336302736538618
-1
0.3260742276693644
0.44240769223225923
0.306068177449602
0.5935867211586311
0.3799303159845607
0.4455698063983565
0.3501422853680212
-1
-1
0.42429106346542955
0.5591919594790065
0.35434627432985266
0.34590522286337305
0.406762323910684
0.4685610959209746
0.529355130030136
0.6158585219626805
0.5602580985589718
0.5219110820727745
0.3734339666194244
0.43908667904496923
0.4606698340931559
-1
0.4115098189387545
-1
-1
-1
0.5105509190938734
0.29761645141930954
0.5134978630079945
0.4442336680202456
0.4043886434899405
-1
0.4063222232059029
0.5355767893204317
-1
0.35583257499435517
0.3705483491029756
0.32333942024319695
0.39237088618018867
0.6502824525273208
0.5464664398928889
0.36410155427303
0.35057937162314345
0.47316825789449246
0.5479417903524141
0.2908510844890055
0.5074460576517615
0.5023140679315375
0.7562005960274418
0.3768625178017282
0.46777981330279045
0.49095119964549905
0.49873564079250743
0.4998230014152204
0.44738172492872075
0.598554712672308
0.6717061304726624
0.393281947067784
0.3717763497666601
0.30107905234339566
-1
0.33697476868189113
0.5012218184580822
0.46518553606568996
0.4923236078391471
0.5137953862562871
0.3526667183256944
0.3965918076187724
-1
0.40047728954002776
-1
0.3634322694980059
0.31870181167231865
0.8135102810958388
0.408638641004395
0.492140442414676
0.3727509599494565
0.36999440279734636
0.532078672776765
0.42433371289668237
0.37706880962001643
0.38384034996010086
0.5373001135687863
0.40711690753989477
0.40049061013332415
0.38703357982701514
0.4356798626515105
-1
0.47850613216721716
0.4694334907766389
-1
0.4826440118846191
0.7541865854581062
0.40698782997410976
-1
0.31414443370811973
0.43328509625408707
0.35249935418106326
0.4068666408518348
-1
0.409888117473319
0.4907834939240161
0.5171979976873854
0.38932339663955395
0.5095261599426038
0.34149482116913055
0.4578734132494356
0.3876092011911477
0.3730197510586689
0.38068882052488573
0.343236120656096
0.4932675869003591
0.3609016365774009
0.35163098150880834
0.34350010600408293
-1
0.3268303757167976
-1
-1
0.3616310927937204
0.3873921223922969
0.3187916251338436
0.3298850527900343
0.41546008142142066
0.476522991377032
0.35868881075018666
0.4136118820675068
-1
0.3648457873052507
0.4904498674899318
0.44808931809120156
0.30694813583357156
0.41111232530123876
0.5090804724008844
0.5454807821963384
0.4968339713239244
0.43236583620024116
0.32661864865193563
0.32409921873573583
0.39485187153710527
-1
0.4285254658374291
-1
-1
0.3641211879368573
0.35961203275499953
0.42801899884195616
0.5104465165160785
0.41847854036506205
0.3446334037906596
0.5368861179257626
0.542712799097077
-1
0.5403360072469121
0.36119533379098556
0.4082807903060398
0.3482227471382552
0.6078862562684624
0.3476595213061694
0.3236369392207093
0.3019421813358572
0.4602226084080888
-1
-1
0.7931502738480941
0.32249502540986286
0.39313829190390415
-1
-1
0.31598036156401293
0.5952288527708068
-1
0.43170514959372003
0.390576519918543
-1
0.4159942964615874
-1
0.3753694272524706
0.4439949342809678
0.49830055029270903
0.4596216199235812
0.6095451428091974
0.3445749356765763
0.45642247590415186
0.4699889203607016
0.4360122706549299
-1
0.4057153114223083
0.3284514579631819
0.3785054037694182
0.31785372036884624
0.43312715819543257
0.32517029355532684
0.5510525694395415
0.43088557152917917
0.37320265568170335
0.5126738525651641
0.4055626274328845
0.37395983233087166
0.3876030720823542
0.5528909045381268
0.4933738502368038
-1
0.46092408376177924
0.4422049575613349
0.3929913562416281
0.5983469084747831
-1
0.6115636849928271
0.4345853768994751
-1
0.43065300039304266
0.3666161534315441
0.38888352006407
0.313163655022128
0.489279812744036
0.5088373376058811
0.47980362693443246
0.5656049876137411
0.9663965609092844
0.5002919365062986
0.31143372893701565
0.4557079155086711
0.4690979025210684
0.3857723475554623
0.5932264505327449
0.535987738961377
0.48866965389843764
0.3936319533001502
0.4237397595878115
0.3667654515491092
0.3990405111275014
0.40699764209410344
0.469256012887467
-1
0.293707562123881
0.3893981419252587
0.3013388683316178
0.37898591484257804
0.4048851892394835
0.38829926043959306
-1
0.5023454645824532
0.37826415934493074
0.4400533001472472
0.2724902186858159
0.33697814626098216
0.3750207087624885
0.35242510700595087
0.5456452498723372
0.3413667415246109
-1
0.3711331828624116
0.34114736975709486
0.345844240657581
-1
0.47758279151960986
0.35427590177745216
0.45146511798771677
0.4324024136485053
0.41667312427324255
0.5127275543319685
0.39232330360319945
0.32820133202510293
0.3799459771274195
0.34745236866113377
0.31177002584802777
0.39490212072354025
0.4176721219970415
0.5282447545864241
0.38004785840601407
0.31861086318239745
0.38759983081601046
0.36156918304861985
-1
0.601298325213076
0.5760318181028166
0.33750105435921174
0.42140662758793235
0.5037531367614589
0.5244288106710296
0.5475947102411061
0.31087497956171
0.4724703524123989
-1
0.4134349462466991
0.3307814746326583
0.5761745208212891
0.4016118952323916
0.3422418449542182
0.35806658645362816
0.4633464955101182
0.27463637618749026
0.36048447891789415
0.38731952149023485
0.41660952713672517
0.5363857072424584
0.4565869405101593
0.45940778970091567
0.34148257864842946
0.3888725045542457
0.33813284417948625
0.3025426376607158
0.35715323654411435
-1
0.5578681381668589
0.47949031934821607
0.46475347794730704
0.3709196148275482
0.50756039807548
-1
-1
0.4320279942788806
0.39064820508890485
0.4585147832695454
0.5786132416789118
0.4381346696854669
0.36268911365417233
0.5035410761803372
0.42331239513994934
0.3167201432385419
0.5856427223398454
-1
0.37025776292444185
0.3694188190546759
0.3298136854220557
0.4405419879100994
-1
0.6937789686697515
0.5236370674133815
0.5395230557171371
0.38205850011838255
0.35167271167595926
-1
-1
0.46010489483972916
0.3074343502935125
0.32798155921666333
0.4856694433393557
0.34535953289560073
0.36704143814325524
0.5051628359184337
0.38238494475166707
0.43190948327592305
0.506158568812801
0.25915798242322396
0.3728909460452429
0.48338758774157065
0.43262487824058143
0.4045985772012591
-1
-1
0.3488450998967247
0.5258088907908601
-1
0.46706476642134637
0.3344834946359954
0.4243801729613841
0.5293312369645857
0.3583384181167844
0.5672319356267929
0.37198243746922427
0.43379234642951836
0.36258906736510443
0.40648776890774374
0.5041871556473013
-1
0.3612574132198677
0.3850403380184375
0.4641696186543415
-1
0.5199331629514674
0.4396709593257513
0.47715994070089934
0.32037809512494164
0.5857367834989347
0.3611893828880313
-1
0.45197792713878937
0.49559165023971263
0.3549392867375665
-1
0.5077649605101622
0.390666728662996
0.3674660280575701
0.5162355702447105
0.42229660273707725
0.40538000261056994
-1
0.39278665472454516
0.3003046703161019
-1
0.3341850406597479
0.4110160536079962
0.3047808575885559
0.3343104435412515
0.47603750027726316
-1
0.3256898189371462
0.40678407704614805
0.3637728542589621
0.4665105655979979
0.3813894585778824
0.5123252360767666
0.3418837792492987
0.35432645504216004
0.3284244932625999
0.4653704142871793
-1
-1
0.6528285525418367
0.3941652036829816
0.44940834422442866
0.3747534810656964
-1
0.45871748224008446
0.3137758038089987
0.4966846645847648
0.5731448054178316
0.45947029502660847
0.5207493398883491
0.35008650631528876
0.31106416559723915
0.38939334287122274
0.4568782812639725
0.4117147759084955
0.35869467809764755
0.28679621405530376
0.3418356787491213
0.4815120267346759
0.27462729618881976
0.3029859459066156
0.32070120074456815
0.43592262786709984
0.5160613572308961
0.41818581065036575
0.36927264455806047
0.3844823751885998
0.5070027556126149
-1
0.3957976019136463
0.3477451362155363
0.30962934182787133
0.32011662018210196
0.35584289293432736
0.5001925897776669
-1
0.4356738676450305
0.3336921176663369
0.3747658132332398
0.5815653570689159
0.4931392231138976
0.5282231770770319
0.7208283222916289
0.4113135190592333
0.3737377352753293
0.36977419560939584
0.4102520215255186
0.49158952336089706
0.3873560045718062
0.4660101392891337
0.29603615933036154
0.6006593702138141
0.3711943094159136
-1
0.38917312490267186
0.336349459820939
0.44838278064425346
-1
-1
0.3628731367266674
0.4272677640043062
0.6235320973122013
0.37422479050061763
-1
0.3577370445304417
0.43425850659716214
0.42620632118818
0.3552132583451637
0.3338744753533428
-1
0.4261293188028737
0.6115095530207262
0.3468828511244872
0.3891867514454078
0.4108422362502817
0.3518818780003612
-1
0.5274483598053995
0.4454155217463177
-1
0.5129602684569733
0.4095387545429702
0.5697548019792829
0.655972764992735
0.34698508819065466
0.31745141655729103
-1
0.373335121212121
0.5033680109251004
0.3491582011459403
0.323323726220308
0.3352646013466051
0.5065273882585606
0.3616540906745451
0.3919062356347919
0.4532514159653868
0.3662757170362683
0.5910248181911048
-1
0.43928813041817
0.38012673578585515
0.37831321172720633
0.5187399292061938
-1
0.5485811858968186
-1
0.4618209995902933
0.3302757153057121
0.32327600255700056
0.3761815772180674
0.30241323629372396
0.4140659703442957
-1
0.43361116287113344
0.4568897629629574
0.41522827497732895
0.42359253972107347
0.5053582850755405
0.4502200746980014
0.3580108072700878
0.5207074246349217
0.26452691940311795
0.5631070014925019
0.30979561990697235
0.40046530953305526
0.47781073106483773
0.492453459419644
0.3739833384989195
0.45079682320161546
0.35521741877775276
0.3577954371143681
0.3292011219322246
0.4674134731282923
0.6145547162558296
-1
0.35112734716387584
0.5936897158265912
0.35469932392307757
0.3057180342219806
0.34873292239243864
0.4575437526497889
-1
0.40972308696867865
0.46888010165458205
0.5620539563360238
0.3600714233477656
0.4353683289943381
0.4912386286689463
0.5607783327868283
0.34525032931788946
0.40653917088308167
0.6187699944065981
0.41867679333552466
0.3540372222932543
0.3686084868350934
0.4382568506622585
0.339250173870826
0.3925898615838972
0.484004810904175
0.34432557423133614
0.43157492865226904
0.6221146093077408
0.43314272260228426
0.44298086170475776
0.4177581037321724
0.3109788328439207
0.35996661899101223
-1
0.4481899277613529
0.45133948323546025
0.48378278115048967
0.4596387584158316
0.46384216370091325
0.3631860488945824
0.35847412540946744
0.446809661504516
0.5640940450492848
0.7164822846293637
0.5395439820096826
0.4294131438425124
-1
0.3554700415509341
0.29738290550430496
0.44242785776069093
0.4577214852140373
0.38323067742961126
0.5036029058300636
-1
0.438975170637197
0.6098514843464374
0.37091707183313427
0.5194946050209882
0.3726316434761587
0.2871773533361036
0.3963132745744498
0.411322772546879
0.29894235252211954
0.4297480720100795
0.3457590860542476
0.293897625959532
0.42680415807264765
0.4918011932954752
0.5770947570814609
0.4630087553092484
0.42771100401308415
0.3239514603993992
0.5479780044076292
-1
-1
0.3969185143674139
0.5299477477514863
-1
0.3150484241379999
-1
0.35939021903256296
0.2736753179092411
0.6079497247660549
0.49115340651672706
-1
0.4227726395885655
0.5472494510099338
0.5968366775957024
-1
0.4249892132331471
0.5650418105362268
0.35972892458260186
0.3302640933083745
0.33878107557831777
0.42784685957742963
0.4514004583110711
0.2939425588970991
0.3391808619132373
0.5978126321206679
0.33446083824672646
0.3719806918711947
0.34310257514945286
0.47570074012521524
0.4329361944924227
0.44171618951207736
0.45012385090609175
0.3378708785976127
0.3366247116310424
0.35527068191899475
0.3279724065164407
0.36036582197767375
0.5102980780386204
0.36168661389986906
0.30731172512817806
0.3669465367199154
0.518241172859739
0.5721884510738571
0.36338593744511094
0.42570070045862635
0.313746179238432
0.4544579624680617
0.5699219842455183
0.40626308547085177
0.37668431888243714
-1
0.5769083626324347
0.465856761252194
0.4776620069649798
-1
0.3825208207543543
0.4366570189368777
-1
0.6717451578274531
0.558663498990553
-1
0.3125205518791784
0.40433398787547964
0.36350019596313843
0.6346293857887018
0.39279257035014514
0.358172064865492
0.36840973554857614
0.4924841100420878
0.4385450710913218
0.3905642506867148
0.4380777103749397
0.24888774972217403
0.317943492671962
0.34782400371171784
0.4910716907374627
0.44658621950392985
0.3590742577596214
0.5640001736598631
0.3487330898008967
0.4733202837532069
0.37958113650702036
0.35788274358283395
0.3212999406871172
0.45160187498136173
0.3831783417311522
0.3331081579773693
0.5227296720570396
0.3775176493275163
-1
0.4741006150171737
0.4132508911890775
0.4857744616531696
0.3920738194351623
0.40530563612861525
0.45864803012955413
0.6360052713943614
0.38370812036658997
0.46825777260450463
0.38649721166898376
0.3377194413339363
0.2970562509005443
0.42302781611850304
0.37677842350242374
0.4272281268586151
0.4347479473570742
0.43430078084353985
-1
0.324446613824528
0.5450638282234304
0.32797061177399384
0.45142690960193016
0.3361243183250252
0.43235603048913573
0.524047998819906
0.38555379182315297
0.3599624223609341
0.8024615966571527
0.4733607392571092
0.31100906987453436
0.3832385361835736
0.3680994755332623
0.3199559120991083
0.28807992514533215
0.7426209708066811
0.6149777183076476
0.5367963772806502
0.35165694763692773
-1
0.3564473061678593
0.4136087705769744
0.59873405187105
0.46521522687006145
0.47037867780216314
0.32010654837406816
0.3374149078973473
0.35465995127976585
0.48051123714385563
0.5201681804346097
0.5765328005143477
0.3226631949791434
0.46420747565197146
-1
0.44073193098881813
0.441934135777578
0.6654996681875214
0.5011571034166014
0.46872619700601814
0.26895280720469344
0.3772975432060643
0.38124587707815755
0.50732339648963
0.5118454663756302
0.4205407447591325
-1
0.5238259109861593
0.38743109875712345
0.6436138984628036
0.32934975274437894
0.46979974576887296
0.3631815656395406
0.35270863209738856
0.42481408771315166
-1
-1
-1
-1
0.4720184959226381
-1
0.47006637211758406
0.3614906057787277
0.560090933057513
0.3063254590666458
0.5437253093438401
0.37274138522310823
0.4432996447991979
0.9057298772610967
0.2626323071691764
-1
0.4255025664117974
0.438425327139323
0.5319462205114958
-1
0.3321730016587541
-1
0.42916782761556704
-1
0.3652019089775143
-1
0.4901961488506101
0.45310264921874477
0.37614753577687254
0.3897051837773606
0.36960806562433635
0.41164713639987227
0.19304530404243067
0.5506045657073135
0.4161923857575116
-1
-1
0.5433380301624554
0.3644535787261855
0.28769208644250965
0.38941965055847383
0.3785148061759367
0.5535203649451067
0.3834163234711615
0.46173550071518044
0.6826534696220616
0.4864623409999732
0.3919880767970344
0.29996958805760404
0.5707917136297889
-1
0.42979503473492675
-1
0.38955037646814095
0.35084597573298026
0.38854547320361443
0.5020436880924639
0.3921303068599258
0.40934198869902816
-1
0.7437791837241209
0.4633371129282412
0.5053507736506354
0.3485167192499902
0.2939241122205704
0.4840847188171317
0.33761167909156015
0.4056182492517862
0.5157104412221678
0.4016574051241102
0.4905583695471887
0.588349042684953
0.47377214857043526
0.4633001757814798
0.41355548781116713
0.39309863897067154
0.401681495038633
0.35383846320836204
0.4887642584301212
-1
0.4519800928611565
0.436432228160555
0.3248446255565765
0.3183197074873324
0.36641908084869657
0.36853353615202794
0.4266614483439808
0.38338726558004876
0.4697457074395543
0.3600523075169421
0.37136288491004615
0.3430206584896534
0.330897491265695
-1
0.5290513966485437
0.4024087779546156
0.3192266689564426
0.34037451909529753
0.3696014911727448
0.44945080968198536
0.4561636790069447
0.43446152517451453
0.48932952496495186
0.33784426184391525
-1
0.47876643987448364
0.3826437988000661
0.6239889253960033
0.3361178023181431
-1
0.3094176850075517
0.35849042915447127
0.5433952553769288
0.38713195438076764
-1
0.4111200796122565
-1
0.35649570703844624
0.33698148669604244
0.36598314913452146
-1
0.40403094303988485
0.337802350897724
0.3415449523314091
0.36789796261449964
0.308934298714141
0.42311754608012575
0.5112658319785499
0.42469809421322413
0.36755565674030644
0.5319445306178863
-1
0.3576646786103448
0.38142083285848427
0.3563301087298052
0.3555425589806382
0.3033401894154648
