45
44
46
64
35
49
45
30
12
40
52
55
38
19
35
31
48
67
36
44
61
65
36
25
60
57
38
36
46
52
39
46
33
42
23
18
21
38
43
61
26
50
29
31
37
43
32
61
54
49
51
38
65
60
9
30
69
74
28
41
42
50
35
74
54
44
37
54
41
58
53
38
33
66
30
16
41
42
37
65
43
40
33
28
26
23
23
41
39
20
38
46
29
44
34
60
65
58
43
29
62
26
25
35
18
39
25
27
47
41
43
78
26
33
44
24
47
42
50
28
54
55
54
45
35
34
47
35
72
22
52
69
51
44
27
31
52
61
36
43
78
52
28
39
53
39
28
62
38
45
72
98
41
42
56
8
34
0
28
65
121
7
30
55
64
118
41
59
22
76
19
46
57
40
29
54
37
57
23
26
16
36
68
47
35
33
61
57
41
47
57
24
42
57
39
57
38
62
43
37
27
26
60
30
36
55
45
31
36
42
51
43
86
60
20
43
24
35
57
62
26
35
47
19
31
0
63
76
20
32
46
38
34
54
83
72
40
52
28
46
29
43
25
30
20
64
30
38
31
45
24
36
61
33
38
56
35
51
60
0
36
144
33
75
71
42
57
37
35
43
101
32
29
85
35
16
65
50
80
43
58
23
99
67
52
14
30
37
47
50
51
93
29
36
25
65
87
64
54
58
57
58
34
39
36
12
27
48
73
24
39
22
36
42
78
34
20
38
0
31
47
49
58
26
79
68
62
107
82
46
41
34
42
0
38
51
28
48
114
41
19
44
28
0
51
62
49
99
42
28
32
41
38
42
41
46
44
49
57
37
35
46
45
49
54
39
37
34
13
20
37
35
26
25
50
49
23
52
34
55
36
20
38
0
28
135
41
44
16
29
46
46
23
37
26
0
56
46
27
28
43
44
44
21
63
67
20
61
40
69
42
40
51
46
35
24
60
103
56
57
46
30
41
66
38
40
31
43
43
37
25
69
36
44
71
23
55
63
56
38
38
46
31
124
40
68
31
0
8
65
84
86
31
36
35
20
72
56
41
37
47
55
46
80
45
52
63
64
54
27
37
34
47
46
49
54
55
34
43
74
59
40
68
44
58
24
28
39
52
26
64
28
21
74
42
36
26
28
50
34
46
49
61
30
39
56
38
25
38
54
37
33
66
49
45
52
35
32
61
46
29
37
49
45
48
23
31
67
25
56
38
28
41
44
31
33
24
58
31
22
0
52
53
53
54
30
48
57
46
40
58
46
33
39
54
37
34
68
23
45
39
33
37
59
82
29
58
28
33
28
49
44
53
40
39
24
63
50
43
27
27
0
58
47
41
52
46
52
34
43
29
56
29
26
32
48
74
0
36
49
50
68
77
49
41
41
25
75
26
32
58
45
45
25
47
40
59
39
29
33
59
17
41
45
39
30
43
28
32
15
44
37
57
58
24
32
39
29
34
27
78
35
71
81
45
58
35
54
42
43
0
19
30
77
11
28
35
35
35
52
56
36
28
36
34
54
46
79
71
40
38
75
80
48
43
38
35
44
43
31
82
31
39
48
48
39
66
55
47
24
0
27
44
46
65
97
42
41
39
53
31
26
71
13
47
63
71
29
39
31
89
48
37
37
51
49
61
44
25
40
28
47
41
51
41
28
69
68
0
52
40
49
19
65
29
47
36
68
21
43
45
41
53
36
45
44
32
24
61
38
47
23
85
114
28
42
30
72
43
30
51
57
38
28
61
42
25
36
66
85
61
34
65
24
25
44
32
40
31
33
42
52
53
19
42
38
19
33
26
45
65
34
91
41
40
35
27
40
62
38
34
35
56
51
24
67
105
48
35
47
53
42
46
56
32
47
35
46
35
58
31
47
26
49
35
42
42
28
19
38
39
56
22
34
37
30
76
65
36
40
31
60
20
34
21
25
50
71
83
44
45
39
21
27
29
47
34
35
31
43
43
48
36
25
46
12
0
42
20
34
51
75
47
28
38
121
34
49
44
62
43
22
49
30
30
41
52
86
96
42
31
32
42
50
61
50
38
26
58
39
52
24
58
52
42
38
41
33
28
57
52
34
35
46
24
39
24
32
36
0
30
54
23
36
47
90
25
33
23
41
62
49
40
20
40
42
0
70
36
18
16
0
27
51
63
37
63
0
114
28
42
48
47
42
49
28
61
46
69
50
8
53
39
61
39
23
19
45
34
15
48
31
30
53
50
62
33
63
55
67
39
39
19
46
32
56
20
34
47
50
58
50
58
45
56
27
39
51
73
39
