609.4461339513056
553.6425037580983
569.9842656859921
461.31085977312154
458.1024938348608
104.60497717923435
427.2642449858207
625.227637176194
514.4937363799041
590.0498347633416
437.8813405944144
295.8121669791791
458.39113706964145
572.0482810169133
445.67790297118205
562.2774105717829
420.56905317713836
503.30100874144057
529.042609732849
547.1749041291039
509.9050465235864
349.5997465080782
525.3177378775982
459.8716206180704
671.6297693329524
638.514407959419
444.8604665498829
551.3184504919543
452.433254003874
434.8359139472034
438.84931026338853
763.8956931187878
585.0356685789626
431.07249033029376
548.1675672756129
498.6977882891784
576.0602382329504
629.3618279929673
610.0221258101973
612.9119952385556
436.82129127322764
575.2859277488357
450.8664947757427
560.5136843325616
681.6884199105151
409.9576679626215
585.9863041745473
318.04247869445857
567.0492416998964
526.134502778037
610.060718174113
651.130622248003
502.4704223079182
325.96710519244255
354.4185321569142
426.47102967298116
611.4417790054816
543.4961145740865
431.979947664553
581.4026773562895
578.3253992528192
400.16605051969987
451.39863421063876
339.33533140476567
444.70394825444794
490.9986544162652
305.7930332660527
365.67344845476913
557.725460740059
673.8134493079447
443.83538999795786
429.51739630550327
372.44813037187885
581.4116894916503
78.45915564485388
516.2079695390203
651.3191155161646
356.6883151302492
585.4757470581492
431.3634864501265
486.1786153795337
514.9767421624276
387.2660063688802
565.0441164824749
568.6489200233609
479.8696908767014
384.2759472307685
484.0542628874237
543.6780552896165
354.3519513758156
558.5402254176842
449.47478626580096
526.9474930673925
622.1357594335128
388.3478231596052
402.7778158707319
464.19156725897994
563.420020090668
520.8322888153464
413.7055903080378
511.70747243948927
512.5737595417204
520.8382567037202
584.4626627398071
509.839364735125
441.5725076780465
483.86234415059954
548.9123577400362
437.450271946018
388.00593939499436
462.12390980423925
598.146504166446
476.079140353668
362.5816509256485
333.8043685100429
530.3750006459433
465.8735782075815
449.7037303712674
619.8188016008063
617.8369834339774
389.31767281037367
445.10263560528125
303.203750986676
595.147150637018
538.4964805329516
474.59540729847726
529.0274563954976
376.7741227600582
462.0068036308122
571.0099861659477
456.9287085934954
573.1000910178955
466.4369957892095
559.7332904414047
525.5838624565538
474.9788428209952
360.292425262107
484.7835590001249
500.0680260945304
344.70681369086657
448.8781321870863
511.5775336260528
712.2613098071861
745.4671191796538
640.5195929295925
502.5350684842861
618.127103822373
490.4339966699199
466.44858904968874
690.5597469485358
501.40006220301916
540.5430900407144
62.04788379922898
398.08620397605955
455.77066633865104
618.8277602735902
462.7293198843373
698.318166947124
537.9523032387997
467.1334794850525
552.7579358192379
446.01170887204944
633.9835638248687
380.0029741763219
547.2762444331117
800.2091346537053
483.1363980011242
443.23195725584844
533.7449227701798
386.92205778619797
149.11692762056612
505.97305115251305
444.9028735805197
421.44158279510617
496.39592383685164
450.14308400835495
381.6119997130667
525.0571374082041
527.9332770144332
379.0403482688708
536.779526119797
436.1057128971683
450.6122524655928
343.30753141213955
592.4007962145716
502.1468241095406
627.9140634697159
535.469545639503
567.918881477365
372.932074806411
531.021004387281
453.5966825340973
505.5815643327861
478.03144982739366
452.68747265959604
517.8363452055289
406.4312330266387
698.747189848198
566.9360957541236
432.6932239156581
528.7791833089115
445.7127389061846
395.06049710904546
553.2192484861291
416.4710221458053
537.2211483950172
579.3325059170133
620.8843858066602
540.9887776136019
541.2456011236491
435.88433162749294
380.3606048180043
136.38861622918526
409.2257820270854
474.35756471985985
374.4833920521913
399.02679083487675
450.16705353117294
394.7062064737661
400.37195232369896
422.93889831098596
517.7891705026075
412.5289358577341
720.9499564570158
567.7245482479301
470.3431186110797
422.78589923106296
370.6068875315831
457.3481272016735
379.81470370405873
455.94430937666436
557.1547459391986
430.85177000296625
585.5031208940044
515.840239179253
424.27324026428494
597.7854637635736
427.77952794054477
396.23306781973776
421.2089425859514
502.1812057952869
353.9123031626297
487.28546088555265
407.94136224345556
343.20034323951
605.61044268309
569.5309685104509
572.3524994721552
661.301145853276
491.3649135277632
543.3899715135158
656.8237068855606
318.2486661750717
515.2628441547477
548.3221178040752
486.5936574523963
482.1615963739787
409.77439255985166
560.8280879665645
426.5516858115984
554.2946388287958
571.6296539053533
403.69461097642954
557.2046967679453
472.06408687462346
528.3495828544633
680.7112567736605
499.62434671218307
427.1339765830322
575.074710547381
484.3365087708326
420.28592383745934
425.61120418424036
389.61040859457944
439.6784196552613
501.33792424277976
395.41913661575506
413.0680369519447
577.3763605823158
478.4146604376624
649.3851649211297
467.7379227838815
563.2667680383062
327.2853209973171
527.7065207332566
386.0128731894468
492.0238566026908
622.1462893893366
510.4585473187167
564.4066813115971
424.60149959790317
475.5860911932925
352.6628590701974
458.91837781192055
409.63734235005575
508.30294237481064
535.5974544211722
517.4989465201069
509.6925909691436
500.25407265745457
518.4786523069859
306.7104163853619
454.652116140182
401.76294346328035
529.0858876221672
600.0081325019394
579.8755890928371
540.2947333076509
458.39990257553774
513.0904287765321
395.01850951733445
400.7140947892731
501.7280955597992
549.8640132964015
409.0587395255539
538.9861818428416
395.1848213778638
584.7163810362763
453.7248955795571
457.6579609647317
386.2127132508229
481.0836983502026
39.78951429282533
639.5945841564949
527.9614716881487
509.0125784047539
439.69005403515143
543.660456659039
566.0228224727053
393.22301062076997
517.189149562434
397.4689057329113
530.7076800893217
489.9167353705725
537.7431930331321
528.1956195965663
481.7856736760357
484.1011800820873
502.36215690275185
418.55261670450267
546.6150677571535
507.8466779076303
285.10262928103356
519.7107040404034
490.8026767042107
579.7240160696623
538.4784658276905
237.9787803050569
433.57043803296494
741.2712794950687
371.96778103240723
406.46022725031145
528.3702163079174
380.4980017748129
529.0480815340915
554.641244603168
455.69162271287263
524.7127316265095
535.0692763043003
520.8898900719399
469.4238024388828
526.9403418675781
647.0675314489465
531.9125836364236
460.52114128296245
384.13724464358035
478.99717475350445
356.9996467063686
459.9388500850065
338.5788869401655
458.01683367740293
418.8552382839036
343.1682075887705
480.55024596894685
503.02753378221485
419.1059997595061
660.3212053888698
612.8681751651834
487.09130768056735
365.002164148483
587.2097989521739
373.81629979677734
504.011685206724
568.9584012209934
471.70203178276506
527.6856627670828
578.1222893875288
411.4109324171851
570.7233984825049
348.4391834132308
494.7697965273164
508.85528665413887
545.6334130989508
506.8389060706384
493.99894600933453
347.2348931129318
523.7071482727849
527.4889836884831
448.12399264700775
137.66010849180876
573.4398652345457
469.2290233510717
533.9830587782701
501.8507698024531
539.3285990681038
535.1609627511913
533.159739087723
400.36085601120527
520.6408992683105
592.9382849489772
520.5132221253855
540.7994323886916
452.84316247474965
600.8383811671958
580.6922555041688
565.9508734696824
520.7823054837638
380.21610656238016
446.4235599551479
582.6303990064249
467.75453743768065
656.3196751480825
472.6388244262555
594.8568934508611
378.3287224199441
750.0023737642545
670.1050439003033
303.43916657924245
582.3209113671892
549.3102591375753
506.4420111551363
267.30695334306074
711.5594988300735
576.1373936177988
254.82315128090733
375.82317039669414
541.3559203081293
428.9756636261674
514.2905699445322
680.6411194572022
436.88235613816425
466.8662047709389
650.4604166955681
584.892360723706
639.1554887713469
462.71804263287277
404.40537630976957
454.50706956820386
396.0639360940632
590.916945424846
420.6144224933097
401.6290059190394
535.276633851656
394.54237306099816
372.8012277860601
558.3580785537724
407.7949487974142
519.2565430339322
441.0804332961772
421.43305791169183
574.496804804291
393.26844718875765
281.2084198828556
399.2621240581888
345.2287627562616
599.8480572161662
18.143043693745593
650.4978152143594
371.6101542066399
337.408210639263
471.8034344544804
476.51870577342345
276.8650774982327
461.58821193708457
549.8997750721935
627.389426269661
462.9075191018899
298.79251707249284
452.8562124316748
480.6810587835451
618.7053830433437
172.24206431969554
470.94991043784955
585.7897290463231
599.7375086972881
543.5771941008572
441.73201494687464
215.35285686238456
319.05968095768185
373.74758300454874
399.224699312525
473.8471643574025
447.1664567799401
387.7833974592983
416.6549197728624
444.42262423959056
630.4261344596295
420.52197818074217
460.4160101196695
570.269123752782
458.2412721230644
478.791359886095
488.1908772579232
552.1857757986244
419.00406797056473
387.8908303239379
471.73781923238846
736.425240707006
641.132357488712
447.5192090721615
468.3255490583917
630.0431109271377
464.99631933532527
545.2112070886276
109.87589919627887
459.3113077846701
375.38851701716857
492.4410580887321
477.22308092792935
535.9756665980642
378.4288154944461
480.47962345624154
626.5976704359255
530.2351410390016
554.9743289035227
540.8237079477982
581.8102896551586
322.979562254635
365.7601203821554
557.5970655860755
3.1894069256164026
484.1122416779553
566.1865876954374
490.17471761646635
562.2691742520427
562.2355147106618
509.5678067120057
536.7409355519557
516.4115476128959
376.0301386017266
562.4583139719441
593.3088683662764
684.8683644354418
466.9814649402789
444.16330883383927
594.2299547969214
471.8174521642772
418.42541724458795
557.9648824666664
524.5990547389182
560.2648151298092
436.29624986154096
428.2568104676365
635.6876841612149
677.8558142261003
389.49627683074834
536.0832001425886
424.09879828326376
440.4216907329138
531.6053259093395
475.42741627165924
415.72681440845616
497.6270269824097
524.4013072177645
567.389737910936
538.4377713921032
719.4957004181931
597.4717776290369
360.37182584834835
597.7961103122597
459.5544905341233
629.0382435421103
361.22552278851373
372.8416323556769
629.2019249557685
477.9686123921099
689.1073001160727
494.85938027248295
508.49885463542904
504.4105801656372
504.2717903152817
633.7452605554971
705.4609913231366
462.24116771698425
733.2717070285659
387.6384016675572
537.756835541221
432.789286009328
607.0082919570248
365.16213778260857
438.38601118474526
650.6274175171077
499.64523148384905
471.57077482549863
445.3834622888667
467.2099031752915
468.6599607658503
471.90453942000573
550.1154337959138
439.75104900803905
452.56129112388555
498.8939440218682
414.1564431878784
338.0909210616105
510.84410099760714
491.48813793288264
580.7841959481412
595.7538918984999
336.96099014845265
495.64875616708923
542.9434529891466
330.6398878812517
656.8957544429269
504.08509478914624
529.5846738924693
618.1797370389121
516.6706042972709
463.38776648189923
597.3586568347314
470.6135916640394
522.5563464240737
333.54174129295325
509.194599025289
775.8372400019229
87.83165600456074
389.1959823170431
433.84224975252334
461.485927395437
541.3243812459513
423.4146685698728
470.7508203688628
654.4467316097403
416.0916769157122
503.6329629565725
454.99827538258324
406.67101985813724
127.84255968679716
494.5802627124891
656.6394312134923
437.31979497254855
493.75534182156713
338.07027173349667
418.7780138815695
440.88346465969187
589.8592841395821
252.96919996392296
548.0119187446306
426.1032079110929
491.03026318585086
523.8512395704269
601.9666286791385
534.0953899173238
561.6533033861912
368.7047965880463
468.875737916787
680.4503990786998
498.8496006952672
461.44486969896946
573.2808740869403
556.6572488384676
608.4306742863538
553.0745262586312
525.7743884645472
522.1428722145295
702.898582620919
374.7357618170384
402.17530233287096
388.6053996050097
521.2904153027856
554.8455198772764
481.2450801930726
567.9863629830552
361.81561433521694
564.8915585845729
337.2977582114321
744.8212667852512
476.83692466579953
413.0608149683629
429.647735193499
30.035501370002958
424.1062347430075
448.28430159928354
621.4072869695659
494.2535043773328
558.1548882467886
648.6086367195501
397.8988385014446
489.7704216778572
488.2612693975232
570.0029726646098
497.550495216963
468.15741610677475
519.5353959007389
611.9613380626461
502.9716754626076
449.8879622201561
474.5609410525364
420.26115506866114
488.89442100584444
503.8469925665852
475.62630877553295
606.7563616501633
708.3435861058172
642.1809826902
803.6457802691318
763.181105539769
604.9676595659307
352.29069664585535
559.6965605797855
583.5626653348849
484.45066421017964
502.44998641671145
585.9505536213732
549.7108634243663
413.9581082013264
481.6317021161495
457.8618513205055
446.01818405635305
429.8201168506417
376.7512664349625
716.7828107686689
608.3565321644617
495.9434979426764
574.0868666722399
528.6194899074504
412.07465846406683
449.31278760264917
639.5684373885905
592.0160938030107
466.1827358568257
438.329441749687
520.1919511151889
593.1911496730947
656.3512426137228
542.0604133464602
475.24501977044554
577.8724139754714
382.57845359508303
421.66436916166015
543.0227407046888
518.4101714339287
463.61735201979866
362.4147098636136
464.8744954538873
244.3497398076298
550.3336515419762
313.59157334866217
523.2427522344882
421.9149818569883
388.4030916141189
502.24039698620334
519.597031357408
485.03238968259046
416.46457422025907
619.3324839862207
361.64359667564486
407.13327948870364
580.0668523030643
564.0367177030653
440.4583175786949
469.8335068210549
344.0436062401587
550.5060184317875
340.4228468398909
437.6217393150467
432.7992261852464
575.9873205809722
416.38842671297226
539.7214636826933
458.4838288678276
548.4407486522368
790.5228402988802
429.4329626444563
500.00578369914723
424.3944317717477
459.18560861613497
582.5351116920083
480.94526689927477
474.4469489880383
456.12186225681313
590.4296503554926
652.1080977599831
377.33833107014897
457.9940489527229
554.611459313145
585.7103902310689
504.21861702984734
401.8376228004937
389.1436420111871
418.09331715582323
583.9132456198265
734.774746785748
384.2327330495898
381.7351542725454
606.2479231449751
533.8545657474585
551.0516469863711
635.1332715846421
496.6768819351393
391.0792211821089
518.4704714646197
464.7382301073447
347.7831559832117
439.01026206122697
441.3340133738504
419.6901134784417
427.50440794179184
282.0179490554413
439.48582117714693
363.6942411738385
555.9883163692382
550.4304875292785
618.1272987035994
490.09359032798557
509.3899601870156
580.7920057255319
576.2235984788914
453.2016012947186
691.0076269011092
470.11282955781377
476.23981159216333
344.68817349402684
524.0938018918107
441.55526254439405
389.5686259454552
610.2008792051853
513.7168827828631
489.77489139042115
475.4789230815738
551.9892359074829
17.57057177093984
486.50846595537115
419.05445414265535
491.9694306826632
632.9048188150064
587.482100145176
410.84194951624795
700.3559239094513
471.0722639871088
615.7462862716797
487.35219262629136
306.26332623127684
639.0642250579073
458.045874319792
447.5608505516105
512.6611370298613
620.255553376089
532.3856730064402
415.4169959729504
449.2198651889098
596.2079409245947
518.465468646747
556.6355944622288
262.87557395958726
573.41498980013
365.4713484599207
445.3183312537322
351.6708066492764
510.74047167598945
516.2187104957106
539.1808209025317
517.6720552971793
405.23542801643794
523.3984970461656
518.2247382372386
579.1565795546862
281.32098902513997
301.8390885566935
360.315325475139
459.566649186239
498.96971590349347
602.4701764888968
549.3651200099387
433.4603757683181
423.10741132639146
430.7894871838138
461.7459306302406
460.7937250002102
248.40411267837297
599.3249989373867
480.4107629474876
403.5407690272238
549.5530100922384
493.62784575314595
162.47289912512193
503.9718405465883
533.2401334878498
489.94556220432344
430.2593280922393
552.2016066134828
533.747767290316
593.9545215369748
495.8766592041721
522.6830136856306
464.8917520189097
417.7438664874471
632.6864576445083
446.79589694529136
480.57453606621135
538.238939122067
426.9583513004225
438.4489531306121
439.7597037331693
523.1487760748897
513.9750726745311
424.48524331166675
737.8992885369126
376.3164583687278
72.98848936393956
618.7931599503908
547.6386591994335
523.0284930543353
469.91231224148544
543.8588738067841
549.5160665083254
456.01324109332825
481.37629812129336
521.6251649844623
401.20540684319974
527.4592840559568
455.2867538635366
515.0428152327937
534.7219937037843
331.4276316398908
582.1175045330095
512.0620006842395
539.158542227678
425.3823209263735
516.1357584080645
391.94504766027853
545.1231672701812
375.33662729845946
428.06050674280203
471.81020934842394
563.6034660227402
588.8061321136589
330.55120815332106
457.6434899587067
431.7151114457114
438.45028650846666
416.69619078616813
608.7300750587942
600.4846588215158
674.5680189719695
410.7239232367079
433.63765690183726
518.6991557277578
430.7704463527191
495.461001818219
397.87561926007174
479.9643431392985
472.5675226351921
345.8524039293149
517.8148859228658
516.9350115241301
482.1583327045648
556.6317411423736
523.0497767063719
549.25136420758
572.9919644725612
463.0084329135134
666.3657864398491
487.677551806788
600.9842810981818
342.24043668473405
455.5900116051134
454.16059483766844
379.8876031667334
479.4819549559621
344.63866779981004
515.3951781855615
451.55871745702206
634.0074698219505
440.9340570448625
630.2472649585482
722.0496571170314
378.909816815184
432.4564064571334
719.745485390491
358.2038691661189
625.0382963253711
418.7071449676228
404.0090404190759
505.1312350646421
617.782518395881
86.55868998870838
367.4244891800393
442.0212728531193
571.64280755072
481.08954396064325
521.1931584635148
586.4587904080788
543.3887990116328
467.0161543312327
426.2452854734923
572.165974000059
437.44906217872233
532.1427704641261
451.8947223450247
463.64351507178
