299.0623066071052
651.8477190387842
532.3411421823823
508.4873632169629
386.25948976121333
308.3665648897434
300.633598538534
334.48903464349274
444.4452065149016
358.66047398604184
446.4315903456072
453.83364598631636
391.10266990891483
339.9044420067062
544.3796282237528
659.717966377158
344.8129536340692
480.6989635833881
142.81595416024683
127.53980819725587
341.1008972195653
577.364844023914
479.55263302561417
363.95772419129395
530.1180136746189
450.93257097707493
583.8134905810175
195.70588451736933
399.268350184659
118.17503261012239
727.6203200225376
206.42777027041026
392.8163585384576
287.4187550013265
429.87404514384775
386.14797783491326
327.5320739595115
367.1418627851313
429.6867088018188
366.5519222130521
381.9134984322449
487.77504057064334
371.7296682587597
522.5525824553098
473.07838887549406
464.4037456101936
241.71353808770886
304.2299507653039
494.1138907000031
380.24478138932255
471.6958852119783
226.9408508844268
379.8376106742017
259.70303399110645
456.10634666010975
405.9588043973901
446.649015054252
311.7098369491186
599.5289308629765
622.4271646286666
644.3000986116352
480.22182923936634
385.91960468035785
452.7708362866687
435.1782043274609
291.2457353941027
327.55775734482927
352.64912626714295
389.6481071930259
437.93211762327286
507.06889120950717
466.31215896677935
612.4478096791631
432.64857360011695
461.78886090897015
524.5861916611071
475.3558727068994
403.43519359262154
412.6036032506594
460.6998996458037
455.0904523402259
503.41545811561707
389.4214819840179
513.5489387392023
493.5686499522826
342.36899127531495
496.9329752226116
448.33998660443757
332.03403931958434
358.1152456972561
523.5312086929623
609.46412561699
391.3421403668512
409.9299511499756
348.70080229793115
568.1250162609599
410.150327003744
559.4689847786112
445.67752590743015
535.3352055705341
593.4552905221212
350.2970980802452
354.3220566182211
193.0433616652965
386.1747842522384
401.0140711413196
490.00631575735383
351.1942864658096
432.8164069058314
502.43982320903643
593.4414718906623
498.509967241635
419.6076828649934
301.6918885706512
386.7800870076826
451.7699228434087
482.44699135621977
388.8960657038056
493.03455893871455
404.45281675787993
457.05220557102825
265.7045335218367
634.4998815952235
462.4549084570868
391.72603188656706
449.2253439250132
528.7550145401453
426.01923915370924
441.736229169975
604.7949790241157
424.35028739871063
278.75116463279903
313.7563926401486
483.36046285051265
330.93689819688126
478.51699861797624
483.7051843860794
660.0933833739945
514.3790795205601
367.29961707908353
386.5452943888037
315.16385414669145
248.63421711877976
498.2441566094067
574.8293132940555
384.2952391522229
476.8057022288077
341.3942999442732
406.07963777112354
275.215379622828
585.5788340911276
153.42242297889524
521.15879945134
381.59416243125213
150.51332038980507
438.8167023816149
525.45890120872
458.1411781193358
155.56095707067274
203.37014315510103
361.4671163217405
344.1205500538651
581.0852412763372
473.7156894358553
584.0182196115411
567.7599055969099
172.95812135008003
259.4270240757544
576.6383727748055
350.19452322161084
526.8577103870894
290.7154970939919
610.6881798338895
327.90787204857224
485.61306683661985
393.8672734720895
480.6035511751088
457.3342766267786
294.6396539957496
291.68525996185235
312.46641036336314
517.9374420753054
504.5452995332183
365.2510774333428
336.7547933271099
319.73876736285786
387.9080046198993
371.9475410698702
369.26729407719665
392.6169482016189
338.6819708961811
434.5227254157539
507.9032443755763
231.83807763785558
484.0995619004672
378.23003758305447
260.84693916034774
570.6840269680879
269.1021653449877
146.531345526139
237.52192732210307
331.03493899600875
492.59884530791163
455.7483037102916
772.3882628114529
577.976622043044
652.0338142299095
309.2901630293114
587.8949107271885
277.1216104671343
297.91609921760335
371.1539618726804
482.6772894222754
484.8904043982525
559.6536437986413
441.841558603986
589.1162747450234
491.66303179290117
516.8585161174068
122.04262132810061
703.8602904558815
344.189233311141
490.6461879873796
484.39577398475393
343.75961572351196
47.626519396364465
465.07182872449573
392.00310260658205
451.8289955043889
333.53600628882555
378.90381498958266
606.3534979975428
270.09639540641973
424.2733192543585
470.39412772784175
320.23885328736446
296.21418921018187
298.45398296952226
297.3100729161866
525.5505425851144
440.5979766201782
602.5372527581117
417.05273861402793
466.05996071752764
454.4338866394166
466.67822606819226
395.66520756297183
465.7512410492621
268.3306395726209
226.17135098273036
418.689384154315
422.1776791333216
821.9524201803558
466.5370007125472
484.36744563008705
324.8456396913227
453.41826459226337
457.66150483934456
430.3045648887647
388.9086605131011
445.13629444753667
309.8498857571779
461.0339490439863
314.8935168190101
217.90906369491543
356.9545625039802
312.2792104495766
374.36495853291655
536.3156305890183
332.79132025906813
295.17220455447017
463.4780054036693
565.6310815301663
424.0848109272277
534.7408111135554
352.67970177860286
560.2441646845336
456.01446352036646
508.07760772204443
459.4831642043089
358.305282646629
98.141276340014
425.6411624327229
602.7185936375589
348.67721436744154
550.8404312636538
259.48959835032366
376.0470820402771
439.75565721575066
707.3797473474452
646.2689782835887
455.16102729870283
511.6215051355976
421.43306506618023
401.26714099807594
283.9675097681288
388.95345456154905
195.8011128717515
77.5931971643137
363.2123544413105
233.6651004769516
370.54385064227023
209.4232629692562
548.194375479338
498.0410470632992
481.29702908856865
118.01408117268987
246.50041918267272
591.1507649330226
415.38036973802735
294.1013454704088
540.083518102283
378.78248931527656
185.2991963045472
493.119731033042
326.9461289861639
309.9186941526859
351.57231205984976
548.1046457441893
151.90218778385378
266.5181527483094
363.1926576486577
311.14802165029135
450.4483393858545
372.10999412325083
488.25960576489024
561.5888719412422
267.7880717704728
361.35701162478216
385.6943090606394
461.8170289552366
357.5430358288746
167.5223399292496
478.83095881026463
137.64732070732197
478.8113979432251
439.7410840612979
325.3150958269867
356.8357529854599
388.58853848129655
392.3750688852581
487.49062797770546
413.3502201192919
458.29805406652036
469.57033327460584
184.97119372881312
564.5342249399606
491.99562440106877
255.50054832229947
344.30979014245514
401.9023687353045
296.0837889795894
392.04528448713324
574.923487281615
373.1881147325345
255.65326354637958
183.69460661639934
424.9149070536631
389.1414821393503
183.74808056634285
454.2752476579634
564.3177240618405
549.3173023302344
365.707167332824
349.6274055320531
283.50138938544825
326.5369394618102
376.66857750367745
452.1133551112604
379.602413975743
580.7074319485781
742.2183422777873
452.01731264262907
474.62684147181113
545.0166929457804
697.596458846761
396.1484427405551
352.67653287270485
387.37406681817697
396.6463145459313
473.189411834288
480.9246852553301
314.69606483294905
484.0211693991843
518.5825621752608
505.86847435799586
361.6174881678015
171.0590015108942
345.4977768649747
405.6483472900439
261.8657651758695
294.5987603574552
519.3952967461629
472.5006742766951
168.0852284422888
595.8517105587363
285.48343746374815
318.87308481684533
372.56762758890846
544.5187017956656
608.0510892570182
438.6872459221265
317.51336080420765
662.2429269650447
406.829211948761
561.4780745232139
398.92176154765275
399.5596218801181
320.36644978953933
602.1571490430235
373.1339967452888
405.95097643095687
315.39304465444644
733.3180775909879
542.771205035592
335.3147730514376
496.4423006743176
385.1647665564595
369.61543453617503
38.488221971112026
389.1430904355496
588.5725086657261
34.3686202577733
283.94344179714
414.984231846831
401.70685765470034
257.3087563521096
364.2988111891767
315.2861370584317
392.4503356550863
579.4625996359473
508.74874512653423
481.63151698833013
483.73973004468246
185.08906528687365
334.12987032429197
597.7602861031788
493.3466402709524
350.4126822039537
240.4692619124127
476.85560126964026
387.14535686645377
490.6902804979427
412.7154801994755
478.6581604501766
584.2372891095301
615.8014198126473
438.16482364381284
580.4462074814526
453.45859091680626
400.33333107622764
431.92802951087833
297.1421769095066
424.15400712764995
247.73916912130616
367.58007437547906
456.4159581312553
434.1817477462573
344.9948243982255
439.93994032765875
240.63455328605488
356.02488786393764
510.93833741160915
326.04381576485986
443.3482496495715
569.3708941593245
604.3066345140056
401.2108320743989
522.4863952662681
519.5666943983538
343.7407922503119
383.28260534512515
313.7959091321163
566.4505773726174
341.2519469548536
529.8035566445412
374.1155547388227
353.55799261601277
477.83601692189535
557.7385340115147
415.3641472421859
233.29069667548467
368.49516243474756
479.2201825368859
387.0925232233382
404.09176720049226
526.6193403632434
351.54177065583076
531.7597064643919
467.27453787917347
218.01736513602788
314.64302705600363
402.7687948883008
496.92993136363395
518.8700972372473
410.3766004149264
346.09407114763746
413.36329665579837
339.1859357278211
500.23389021333537
413.6465094898303
639.8729671427545
222.35438076046765
375.71401576104927
420.2841960665304
381.4110107914192
395.27317718679063
448.6678590022797
429.7712078396307
412.4458111149459
472.1264577738331
355.6996144453
453.89537449255073
556.0842766917873
375.93299737395256
389.9997439320861
329.0156291438819
361.41994945038925
256.1626863817944
338.82421896067166
225.70595892679987
357.3332451874064
418.2795793899826
405.4471582802402
222.28207889962974
357.62378652815113
770.2549105081765
463.7420107497508
448.0565106405239
505.1462801218158
695.3115654895814
397.7402903267485
327.31010893794985
651.0348701123933
468.8104055952433
427.0798182470123
513.3780502542801
514.9177876938186
390.6925157242125
358.1920367899742
417.43504727439273
340.8969895994233
500.28276996750924
391.89818087462766
303.7468595689436
552.745477521245
522.8491780948626
347.17221981934205
238.7739209713327
337.8225017478427
579.8550038047587
267.33014095279617
473.23900096375417
591.8921566368117
449.56387427486396
526.3282522741708
399.61365575534137
475.3040237620849
265.2875989293495
538.910628242181
380.3594015089114
387.023457493196
213.72146575086774
385.85818414732717
292.74104818701227
530.0181415353455
449.416921639185
432.2739333586997
565.6291996886246
372.2137268520455
804.8529025252335
104.5460356002544
677.4849493705252
416.9071440425289
317.3669969410329
446.1833757473468
348.7983057592925
543.8275453986323
497.03184739202203
127.32961144301774
437.047041162557
208.1162999163544
297.09432972180326
543.3538591468009
543.5038380873789
431.7834654844927
393.36986825673796
280.64512490778236
233.84198561635353
338.93671055493684
497.2829696018101
481.4404175206529
378.5765945452227
549.7506468162873
417.9493687735258
328.5946380400746
357.47579834189736
439.73060278976186
438.4001879529381
363.8536616887696
413.5638180645706
471.51784326521914
552.6027379276659
391.77207827849656
652.046943844505
222.15306879142628
337.68765720699037
419.63811038294733
460.31844980709207
488.9850696006841
527.9367755265378
326.67565502291905
286.93791892428874
604.9207428284386
532.5861077740894
366.6555484497127
101.78525940704289
497.19030922855296
438.9620366877159
365.7919688526804
303.1263890481278
447.3525503868342
259.16226352918517
401.6646864607347
573.153222972413
405.7218972142996
356.05037131628023
483.40994634157147
463.96872322815926
414.6637831388938
345.84521976325374
331.83518121189337
501.50587217840325
309.9145172198948
413.90722889314145
703.5168536023149
505.3750747643888
534.7161513549906
506.77759132715465
455.711632376519
323.93294318392685
31.0629187585218
403.70444420900776
482.6223017237931
491.8749600415913
402.12883489202187
507.4158584201093
317.74187177642347
367.1036446269284
184.4956894946056
663.103299064893
595.5647844544703
486.19032635678894
342.6748354880241
379.76975307114134
356.39757446198445
327.95718436277707
643.357141762747
337.9689157710522
553.2236523298106
324.0608148328982
428.00159461429115
560.3484414290513
328.49602079227856
455.42992402235683
420.4705445013301
1000.3883712292334
443.73563265539224
508.8276387794899
448.78266629979413
413.3029650802785
313.09344264116254
378.1258227953502
607.0348933943525
343.67040678917283
310.2359347870807
322.1898256769387
450.5026800555607
237.0762351533456
170.73681558055281
234.49105053327926
229.90061788303558
412.38550220177507
306.658601468015
605.5479600547559
246.237464135115
292.85995901099017
337.6769666346036
379.94164720315047
268.24174298352364
213.4889914531305
495.6974099518169
365.87139651095555
576.2255307931634
539.201027326202
476.81062805517007
430.91555610871546
375.4667588654528
365.0743774711782
514.3339952056374
371.1315756171041
592.4588878476121
365.28622683599485
580.6241399591003
548.0761460035964
340.0201616959239
508.16942431372416
598.3515330570408
526.4330272632161
486.53302337831957
346.16593534940904
420.4957962927354
467.8875330857817
520.9656368560119
571.1229406989723
333.7723922026778
197.55830484319884
342.28402101644747
433.2110134013384
553.4342029161988
311.9053301196504
661.4385359819092
473.0215032114559
296.52702015439286
535.7492368148762
446.9647696334191
360.07777465844896
508.75645120164717
463.63111583519475
584.5571250073758
344.7976626998489
419.647240299266
466.3820860389653
464.2941060992073
399.38691796882824
442.6253449275357
295.6920365077518
316.29058892290874
259.6953938002532
521.3973074769765
324.44662137335354
323.0994910829038
425.9145093387006
318.4591986364953
513.2291979734014
407.97438223034993
429.75326341235393
388.6783973073409
443.75888005819377
568.9405419579921
506.31668805259966
712.0320982735424
371.2909422080851
323.29064518039536
366.2754615314812
481.06917852574213
411.53141346623846
487.19735665685465
413.49921185333454
294.1380179050195
491.5655288408135
230.6842506808458
437.1020023266678
556.6543631820066
619.5900614571589
316.5545683522711
516.463790880882
447.61063188138786
518.7137247458128
523.7769154693414
354.0403192963904
425.57147222332327
708.7820226821118
626.4732373581637
554.627017411364
323.0480163108442
426.85553849888066
339.75936226061725
571.8189451417113
511.0694969675911
382.05870182817745
532.7232642188213
462.5393843590713
479.31149355726984
342.54824806287553
363.53812017917795
401.48938761525324
576.7769585533468
620.0755162679868
155.91648600297316
621.3388137977486
488.08669834497385
347.1636927919072
360.8130386427878
263.60279532674326
390.99738229248186
369.4439194833907
367.01664354357183
387.6561313701892
519.5932482422652
524.6765666805998
413.0338032242493
307.7126543193167
459.07602826703373
322.18169968119633
473.262506232727
484.6614248694588
709.204639440051
533.0396098019423
387.013838958149
479.7687068385159
385.66379074343274
399.9090158735078
599.1271500802532
499.8877051012386
357.8393385518487
553.0745926646459
382.13093457168094
330.6050548860879
463.878887527674
164.25636171933166
392.03830135422373
248.85676070857886
216.95561930556005
342.5046613831157
485.82600196342224
554.5859996084844
474.8665978202249
508.1664897717298
248.4226920515325
438.52974038713546
410.6032447974502
547.6507881815023
361.32901417028427
517.3081622805021
477.88757342706316
541.0656904474359
398.43782609802685
537.6731050399197
546.5010381221522
494.1697835077157
463.9601715808908
362.31198565562465
444.9128142899807
267.35901269666584
585.0292617047564
391.99305959849397
418.6275638238207
389.81167525395006
665.4991450233538
625.5528799770908
268.05142304574014
319.38889133090396
333.9141429228613
338.1367766340107
475.7801660935675
505.562394628274
483.716960932072
698.5449812010826
372.78455230487435
389.43503205535603
430.86518493741914
291.83428204219837
264.8974935540455
301.22114884683623
347.95533159918955
384.1263698396164
397.56172194631523
378.1354253118718
473.9746608895326
663.3471356242366
497.06623033871233
488.454626313185
608.1943814283745
407.7042676135989
398.68790607288764
354.54355058980076
602.4279995710132
286.2234308468362
438.04234006384206
297.44451960605755
294.4081758164106
212.72746258618676
509.37239614990307
289.2933857753511
486.7522798739351
476.7144176314585
618.7840189702475
428.16591745660793
438.9159077002226
531.3191141357232
369.5232550809077
377.0207862841565
328.3477389379411
619.2032593787533
393.21723099323765
501.608328275819
316.66379526657124
494.9767185318312
408.4674854688873
347.26594360844973
72.7997858358772
187.4651733958518
463.1651715158543
581.9934536795942
398.83811290328805
570.2454735218595
564.6038806929489
203.46857748806025
332.8914333330462
341.5741761358233
402.7497281711397
504.93122887817566
426.0929727135624
449.93367251138244
330.89395466122824
383.1876352424071
164.74143920600713
202.04533076419975
539.580990545272
469.6534804306944
485.8162353033742
416.0669218424161
730.8996677986983
346.80696444429213
322.11945891143597
499.05629519027826
296.6917071265375
346.45747230442896
360.85777906636804
417.65721498119245
476.28721909974576
367.17315958023704
220.9957781763277
173.36174064333244
238.87083584201022
431.33663551237186
324.749463832627
434.75207094992845
553.4521825792386
479.18887308706445
507.92140368762114
267.2177226622728
707.0728313377081
517.2778862711531
479.8854462602529
269.53021299001284
506.0805120623867
288.56556531967925
92.26139927282709
481.9707970367207
397.64362980453274
387.56900416299635
550.7920868915577
653.3413188991441
580.3752763805472
46.05565305288047
467.62316199111604
310.0038339909744
459.8635162038631
393.62622618439104
389.9607396088582
370.64112602347825
217.67839924322578
352.23169476897857
488.8711476266606
531.5323347327334
484.1764297957673
434.8252525424764
489.639901802241
263.36492645722643
451.25628698703423
408.80375679069385
368.8230334156719
304.1063197851375
495.93297605355616
447.5916790740053
117.67587043799955
556.8137971664291
331.82429088430354
410.942657248859
422.2743316643216
404.6415747599006
517.7720673349382
343.7120344057278
318.33822798990775
271.9193494176045
353.29428070136487
238.807057397109
398.6868781345947
435.11611819618093
461.2457753253729
361.8722565267117
409.90159420247005
284.5231352892792
394.53228298211957
326.14752800746555
601.1347003598761
553.6532313539518
575.2588965587295
