28.342090619124004
58.654957643183316
47.4567150676024
24.538711963998193
21.24472415157937
40.654453068741205
43.39718290730233
17.662513508480455
190.4904459339104
10.594359079311117
63.31257850826311
26.240058927566317
29.757454445666916
80.65654624083434
3.0690400405444804
101.07016843542443
65.19464794118778
14.429368067109213
48.585349693170706
66.0487235349396
12.723207272005958
69.48505735990273
62.060565338349285
28.9042287383056
6.208811592290608
13.226409176765717
23.214157975191608
28.258929035493217
23.77345388460893
152.58538072997757
151.0802635066173
66.28650597906363
33.80749313467908
30.810453953457955
28.995783531323127
41.90830528795179
19.36193737174883
159.31719273312137
37.22562699522601
28.726649953780832
20.407016634177793
38.85547606941704
113.02531429346064
49.869019667899195
47.96726317278157
36.24787494707686
17.37199582051663
58.29722711781256
52.47926596285591
5.025329064869212
136.0114660168478
78.82430374706988
17.282155522664976
114.90615075800781
32.140991125968704
39.3725605616654
54.96458019904846
66.53178260778844
82.48634817634044
23.303615009458426
201.71774128429325
23.796762664147536
24.351840107049156
17.556503032161796
14.458263818584832
38.98472258476826
37.35231043346072
74.05632518199921
99.6982069176869
139.57245980937333
19.243036759769748
82.8518113966992
21.736815321432598
82.53334105656495
36.55349207246362
48.04449331844956
23.438355250904014
34.36699233019227
36.74139612091937
13.275814185347059
22.33872032041543
38.857677848814426
183.6984371454881
25.733838739478752
33.07907218092023
88.00763043285139
21.68020881298737
59.047607852878144
26.742954092907304
24.86785055800588
34.04011139536253
53.258443922656674
51.99961224175456
166.3449968256587
59.404187896097916
180.11721473305337
16.714252313482046
35.620950043259505
58.12475822161773
33.97822664196906
22.13401768955309
21.208577639074598
22.255383706035353
20.442076533418426
66.01356320174025
23.98621401895959
49.78037853221006
178.44317908069755
30.624846026705715
357.7054770363594
38.299613119723006
19.746070718044674
21.915715520547668
125.11946979140548
26.30785830026779
27.327111571110564
20.018796285353854
38.56843210564094
19.56380335404492
12.225128452298998
234.60861677999577
9.787091445367835
61.65977951537013
30.794918923637322
51.61366197801111
38.534761121032844
35.1663561565512
25.346316574525023
29.560491251804205
71.25459746100967
28.708154423411965
38.14459561677312
29.927865308896816
26.697319985525017
10.06059687825821
21.85232649006763
66.76359193222623
35.61972789622103
56.128048753726524
30.9265038663424
48.53416922512418
65.25710490618391
114.85101103599048
11.093282835708449
34.793399781302924
35.57437461478304
78.38536869113169
20.729328660740883
258.0126164239298
30.170877071309032
37.62605968117838
56.76508249710635
15.590494272866428
53.31509301054159
121.02036996683537
22.26408120035476
95.67120472113126
24.407605361762737
247.59193375588956
35.94688838690187
84.99562174278107
18.34648825859771
25.470011987770867
86.6200210230353
99.39699704630434
34.85250585999309
63.582226117290126
94.02081968108163
57.30203378173469
20.565853192301333
24.204269036651958
44.82295772198379
15.342456908169414
28.114212976471613
75.38048357673183
55.661894354133
19.115165681090748
15.685326409273072
60.05379264143289
22.77433734491655
316.0199319135511
32.30290994423733
41.38140269625446
24.079030748042474
39.09840259045715
8.463281662499249
22.766879519478987
146.8390367969713
85.74240840152758
38.952591555441686
40.989584631745025
38.41282263365757
37.74430148942292
44.729768040384556
19.427214568941245
49.643396566290996
44.4194788611447
26.648438455576443
72.20992395970912
143.46234830775234
25.572019134338596
25.1046108341574
14.624611407806274
25.132737955833047
33.059124132474395
354.51380235514483
20.961714623121484
20.390408515295803
18.12246613263362
35.30578416885352
21.02525311552512
23.05877511050289
17.18040875604948
110.692851582178
81.36021777128899
15.899394797966877
24.957952781582595
17.922757140528702
18.65695867661
18.079317117762386
71.2570891618497
55.64803918270494
137.32106745824217
32.12819393765861
29.216275189859335
19.20375244820188
29.903415657425725
21.338014951031745
45.13619383354599
43.96421681685217
12.904548466355411
9.565877390892089
48.449908280537976
152.44959304301986
93.6029272394794
20.76097722918687
87.15393992955721
45.201015903014586
19.754088210403385
91.84149436343172
16.641170027230324
2574.6200335787157
21.72002116311551
17.730179314271357
18.008095944888275
24.279654936338936
33.356290545070024
32.499263143117
34.189272229815295
59.78312219910207
36.756128437728584
48.235243962678666
10.518395404121422
61.17950116913128
31.182165987501303
23.645902820897795
68.75580223250667
55.976062399400625
18.830758754703506
37.935038542619004
67.36276328857576
119.36896005491866
9.459539299363989
18.50632467882438
16.139244456955137
78.61481168335753
62.10416270402093
20.96908799663501
55.81857318319249
31.78415275334772
20.87419675331598
30.227383389968775
114.56158350909453
12.676143204594897
49.91197711818517
49.62492773009819
18.267114645946023
122.9872407870375
80.13094413985029
30.491867434940712
92.80034519236159
73.16327416805068
22.23404394114361
62.6959948914992
71.87632717594795
32.59027490740182
140.87292067133353
22.78890181643925
22.686332615274267
33.01653805981568
18.220620133974766
31.093396034564876
28.596638612343426
70.55069262805526
27.352041909669154
12.575055874313216
2.6652351715966933
31.18667880956149
67.97262515619484
37.54032999136711
20.80408413280813
11.62774154574777
21.291070593717546
5.189049184171993
38.976551186878886
20.924360533068437
15.765507871791483
37.93968934848371
207.1638609429369
5.454358801327402
37.62178243397273
23.814887027933445
16.50981435540665
9.711780168342985
25.47194642316146
177.82703003925937
20.993635632965464
63.42688369619995
119.9043345080779
25.021441869208022
53.791776543701786
156.4827140763185
23.469364258851034
31.57291967895787
27.822515781880373
8.692556715415877
85.40042961811945
16.186375614692498
29.86544903621892
26.51775866323994
48.81587790903462
23.53051075178016
11.451296039907847
28.777310097496372
17.20552178495667
75.30148932317816
23.760439595980905
39.87381434036528
14.842110524491142
20.73883191194641
19.1575548454146
234.2027848004772
39.481782712026764
18.39422599051166
46.31481826156904
11.996512959730344
79.22303612367325
16.94961401999472
43.29693789693275
125.56262304602132
50.93543420510328
42.38471039854981
25.321830218452355
53.93429773838212
104.99678899193003
20.133060425067345
16.826169563779267
23.499562713690384
39.742378453006005
132.19300406309804
109.00129606897352
32.0443887438095
41.00574586707942
47.70541110184503
172.23587695795234
23.335358225939817
15.737574211958014
18.44093056142395
81.00748525771127
93.33324911923998
9.864917699707735
11.217251179585405
13.907270826443527
33.36842667116922
179.72659069732836
96.13178989320285
38.36112295030799
29.11930307627744
37.033910317167724
101.82153009115274
57.402269968836464
13.606543531200257
17.75270076856634
59.34342012544815
38.3647993348557
510.59326296190625
16.203758039059704
40.19361395213645
24.65658569972247
31.86584449056391
27.18578572754787
36.59430871759068
40.18989517224747
26.278983283612952
352.51588021904416
61.87200751870887
27.048233716273906
15.354818339705815
22.687932095421925
57.73390755402846
44.66559017378717
56.72121708094973
14.600500627072707
75.8171628699521
21.13587167882856
77.66226269606973
22.659511456643134
55.24248809146513
150.84776823215967
173.01484582575114
58.07752765200471
11.923146126792803
71.50956826216273
45.61847964561394
11.566435961312134
15.731798733675488
72.77704457171
24.873947986733864
245.56817084479283
22.371380054107156
56.592417378010545
38.50517272204701
23.476037202938038
49.07387729271447
22.774621294565573
70.82721790548325
39.897625923566174
26.3076687804777
62.303698339091795
25.26909475358435
29.343461052749927
428.26318016116727
23.414764824253574
35.45512203793541
37.919731686565264
25.045129742437727
231.11537007854153
16.713791890252782
40.35467850683415
16.63824638595861
10.538641755938498
14.139510044598666
55.23844775040174
55.84006553854325
36.1013135236982
49.980901714677636
20.375598873073972
78.14613081893307
41.28317221658992
19.98334946104326
41.38562582085362
57.558594596148296
111.50245057709604
41.71571283866466
224.4765003656373
19.666589461086378
29.11445712672436
42.55459764924013
27.67941977181676
39.318971175477635
39.71127646416494
418.74323260245126
39.28569334741577
34.191566405488935
253.3916077487841
22.225480197374665
29.281180004276855
13.200349441268502
96.83062975930196
388.62991460837605
90.86397303487455
34.64713912606219
48.02673671064077
33.91891654627317
144.34223972995272
20.75535898330779
13.508851952648875
22.076452026571193
13.174850425402624
18.636650178033484
131.87943266513224
11.426269363711254
53.21596638372202
40.445140727702075
277.78148520522217
32.5552510451443
29.986625750359476
26.583669277445207
27.94835832121152
140.422247784261
45.21398829301686
20.28462522007923
12.534455855263888
261.55013154729863
16.814482950123693
56.19826566126479
70.45248782566671
30.427949890550913
12.594628113725998
106.21345833498111
35.50266977758317
156.72020367729905
43.32771469042791
21.002335246497605
33.75248598196278
15.735511446373998
13.23794507859309
88.69170446398743
27.639641107428552
33.279187614566204
16.62247523715438
16.279641149245293
20.83025219910843
27.378743104849633
21.598848032190755
27.257618522037045
18.915537651558125
48.39798101869066
79.84793072163248
52.91166129944156
33.95402022193454
15.657153117799194
39.224513972373536
28.667855099079514
37.51239073749267
6.613851814382092
12.985735027829932
34.68041933142183
74.05781779453326
9.45895701123464
149.3076382103535
40.31347342875719
48.28390623950912
151.76138039074786
17.58088892066729
98.53003166869638
28.118586576190594
13.698472522384312
71.28602708020014
33.02927127860822
72.44487919738907
19.10468648107886
52.913435020940696
4.412273493133996
30.165706269380866
18.420552791806063
11.270528105189848
89.06157358693267
84.43477079076688
11.681960097163163
63.18279977602095
50.11804684803502
9.534931587681516
22.314024843368212
117.4523194491002
107.06863209230526
42.2214251092783
23.25566776559933
24.794811278771235
9.495610471401939
24.52167811427338
132.07081223583657
19.067868529812294
40.55634998744847
31.929859917824523
44.33335721774585
91.73392183890307
34.239256375668084
176.73074589611056
73.38208045031833
25.341550534172836
88.11792022946997
36.305784736734026
30.482918305897204
53.105205543700926
92.66465551766521
30.205599805254664
78.64292462572939
85.42968863769329
22.83125713345497
32.01849771568282
178.36950363248386
167.02182284999893
53.40890536557028
97.0722750929358
17.02334646418233
91.44208977188778
21.279310342638308
19.039830257029536
17.973612879759223
67.34488461736404
32.45882807738829
28.743467915205084
55.141098784297235
32.639215599079
38.463170838458296
482.09319855499194
14.645680105482219
42.77137913402406
37.369473589999735
36.71100701721597
92.73347004750069
13.820700328415601
31.731690683133536
40.06352369380402
158.76945354325053
28.390081237232042
69.48956670016659
56.282543054273034
26.232690889041464
19.65519353520167
13.672331538339291
31.275182418152156
51.895095960844486
21.142752394375243
13.027248087982812
22.43477300257196
128.5744006351232
16.14279982627047
22.473237165061416
86.73731847740684
41.57010931824396
20.924132793421784
102.2249371109432
11.126322084605096
12.261902585586718
39.3294727116515
20.64243972431162
38.06914903634648
15.211541690467238
40.91832601374639
104.88269749298185
108.63959389385356
43.708800440640175
28.215015368125215
53.184837602659115
110.99987215842982
94.75125990299473
64.52757194184197
151.32038955789508
116.48805336347004
6.860353674324475
15.820927523850946
229.72085412412716
31.871076665574524
21.811802917426018
17.78680951525121
60.09265467510744
16.55852301162618
72.77961959624629
19.812395641407754
32.976227485841804
14.116081700867296
263.11550815850825
29.861681528973506
26.938427063707202
38.80650295123731
25.075006853674687
4.871642561128107
13.686227798012823
55.42026063017936
55.25307691066347
4.96875601636194
41.91945611390815
16.615058801406782
24.673718407855834
44.267379684681885
68.32355043581381
112.59178757873248
50.46473543965569
26.64910150962903
23.832113812092846
51.50643445737624
109.99477809967928
33.507258269700955
33.41061554552338
153.3593586409541
26.590435293688014
120.2761994847375
26.668929009739877
102.75489228455359
124.38386852509527
23.923761919342816
20.056843986348824
15.139892694555048
16.987887536329787
17.765789351458075
24.717149014523223
15.651137444025602
25.57203002962803
20.379819461811145
10.541933335236475
13.21178696921637
14.373261413175166
40.60024865150326
15.265731028090938
30.00680771951395
176.91513269713118
23.24170362439611
37.364221828310235
27.554945507214505
98.19362029911058
12.815816400139493
32.61781964856224
28.592523930453716
26.003861697548174
19.99373693972957
107.67620370801235
230.179210062527
54.609050788136685
120.72811888563302
27.8338746205504
147.35267214277053
52.68572323177407
64.15225049640999
47.04007244931231
63.89506483146
46.03975654059167
29.595213050909297
23.17075351250305
15.36935778338068
117.13614491946562
155.78603731164895
25.780036320051167
20.924120299105734
27.3850117714344
43.14978221856537
66.67144236608148
35.96871556128069
39.12413965132029
91.9265854523256
34.587852683983684
43.09282998127667
25.796195961300004
46.4109809210081
159.3372845341361
24.639793724963234
42.07212275285899
40.87211386224652
62.281787736712666
110.61633006458614
85.55581550753719
32.94195545499664
104.20877657150072
33.16468323178204
58.97731811141692
48.93653879028048
80.52135938732914
330.2289657228046
91.81234475139911
46.73551075500356
134.76955180713864
23.489914785703817
43.856856186799135
24.943286782685664
36.69206569205602
12.311355171532975
30.34129602718228
10.572940209082116
96.62231336988425
126.9687582154517
38.008898054449396
208.5593378259687
74.12628971137272
53.09212774196328
15.151193120864354
52.438266698372786
104.16817019119323
56.67772402892631
77.32115939670216
101.86646484217859
23.302177256767397
129.19014294661258
30.545037484087835
17.616874707559983
88.81513723713289
32.188796901745754
63.00799614421023
21.03170567907069
47.96770089472884
30.115885580044242
20.334637122574613
69.66941673678323
194.3885179184492
28.4855469829605
118.03943340983237
14.531381062082344
45.12406446245201
91.06725415284406
32.83521129633591
64.6374321424951
14.460430935841762
13.95234340542978
24.8549291686447
47.671056368062466
27.578780207382966
22.434437311834728
35.51304857320472
22.018358509616014
22.90760441720384
10.179398261582286
47.27606149475018
11.701249688162854
66.39161572514999
46.57468060544009
73.34050883564774
34.068111237612484
25.80023598497183
39.24425570164799
15.31209588530864
29.9445877540652
32.72828050483488
42.27844895400064
20.528935384997666
12.486478007771671
19.68160366939129
47.58014350038593
24.911736952712488
9.7536592041232
13.011330439964382
25.55314537227177
51.925137888845406
20.013088255263497
38.079976798968794
11.988399505004638
26.601821564160016
115.08387800613572
72.271299611856
3.976082661214587
20.323799586482924
50.63287328279969
27.351949807736638
12.771685343811255
12.961144689725119
15.15355329111887
20.6672861139146
91.31318748811194
90.48551961989963
56.28521738656296
49.01953254700499
22.862763859434303
16.831238121885256
23.986538808939894
17.452373652394794
139.69152006492945
18.197231093153928
149.33633764910738
64.4485944843269
7.090212285082655
35.464617122646
35.37118853389642
538.6299271705261
8.697557673678459
152.09138899280987
28.299753236289604
50.42832382314794
56.40654650731137
70.46269713523058
120.51442761042856
36.72484078229339
59.85958256483369
48.388027343966826
46.6065557686336
109.00312989633002
266.59135183790005
16.023941389921106
52.412379598272125
139.8629143836778
127.5579247987913
26.692526413327656
67.61160597984657
23.606770773531583
13.665479431146823
27.25754429451895
113.92106197605776
22.542696289468154
171.76473649343396
36.89865067856042
90.96588080727314
11.508865801823246
19.292615155525638
213.1829484955723
61.901840043883276
27.43654382478879
44.324265749190744
78.42123346993904
58.45352124223588
24.00568855523363
68.61182939609043
29.183213320355502
258.5638108347321
14.595465831091635
133.86617101370794
23.534017685449925
28.59212305978929
277.36168215661087
31.93398931382351
63.387792068837385
152.37319402366805
24.683630026848917
24.977040752570353
40.072165139339376
24.91348698712822
15.089815894877168
30.696262920338658
34.04962217946883
34.1552804307339
121.68789251770538
20.25895543571616
24.456507286172037
45.16542559016577
95.07773526676425
56.43856504974158
103.88189729826426
34.080630950121595
20.75869447252196
10.02329916682347
126.63364910729145
36.10271056996096
16.18620547417644
37.048039803776014
26.641089702558713
25.88225412352153
16.955919309178793
28.02695656472587
67.96645444549536
25.618047494719143
9.77691922603784
15.549844976616704
25.09303224233544
67.01531568581413
30.86217676472127
60.58981072002426
34.65161632374239
5.478097815265784
31.04086100019796
27.089089165049693
36.183440838077914
14.392750109302519
30.652595821745916
100.2437525525699
36.09602546932952
60.27852355852987
21.544983653461298
18.12082453956065
10.82072323315646
70.04646620567536
24.74106331332765
10.940793622384668
69.79652150688894
27.813839853152253
33.81422315658377
8.739630779789177
33.89369933971285
45.19730523703439
21.378088333291256
67.1333227508594
16.55852628556062
31.55548113438361
32.60349651948932
51.166773139641684
13.617478650681466
24.40599321004933
18.7551246126043
113.96511491004512
18.324748131648455
30.067859402698055
19.34355775465347
21.859641579183876
76.4457450144473
97.3868815284444
30.33941807671707
52.408752144109215
61.67975136119132
45.99591465538326
20.810851082306066
16.822151138394982
9.42626183659656
18.08199255776331
83.74575579738345
18.925146270726138
46.56358300537155
26.115055603776376
88.39458611300259
29.703902727818143
155.58679606761922
48.523813593554266
210.67562198534665
56.97097638290341
18.412192114123375
79.16463951075903
13.26900051383304
32.94539489041411
78.89231914357485
14.353350851133857
22.647529291671255
29.232681388641453
30.47996519854149
104.75013573270184
46.54459776247373
