1.5333144351382078
1.0731816264447998
0.11589627883923495
0.7076859264306703
8.836187554376595
0.8133589939210574
1.7510495054164887
16.70425335184177
0.04975820802676176
18.775590245266997
1.365021802250181
1.096699858049923
1.5829911843957483
1.9384933138527916
73.46423651112332
1.340863661159225
0.43292665551265025
0.41835907608560213
10.637269177764113
0.6799897289049979
1.4342883476645083
13.452624632247852
0.5916483742714744
4.654922406432526
0.4840193705184766
1.7059463341807006
1.439112211501475
2.1137643298796736
3.4123295030761205
2.2698881737410477
0.9624975477578124
9.963332518603915
0.5028455795921666
31.673921433616936
0.784052901923457
1.5913068615324348
1.3161888945613784
0.891656656280378
4.04149773418366
1.7614155301114296
0.8924506995717958
1.252370440525031
1.1620104066952568
0.743277177516714
2.9918216033232437
1.094057899972715
1.2498964661990128
1.6896749013104093
2.2251149469797147
0.6331211268409446
3.0704307144133125
3.64353762980368
0.939443286415796
4.3451045924110945
1.4443482638695897
3.222172816546319
1.715406307329208
0.6003099928205476
5.685220194408185
3.487335028454426
0.6762182663688273
0.5768780066980324
1.049187450517829
0.4995236022200326
0.9892629625699841
0.5549149494211274
0.7046843561848296
0.785391643605099
0.7902868559740058
1.5975400213354087
0.48992510339629625
0.6936383507542146
0.9713769286785586
2.200099222267544
1.030492626830798
0.6764238790278407
0.8255999147892652
20.249639761301506
13.712996193939329
0.4592150284297181
0.9618362295812147
2.3921170117275867
1.6264623850301148
0.5943250557810161
4.713095360466179
1.6725489633684465
1.1799074889359393
1.2569317859057956
0.390846604922184
19.968361549466703
0.8628125798918347
1.6167894432882872
1.7553450618321202
0.8017228158591533
0.5665638194171417
0.852445742432054
2.0892728740406956
0.11384340247451112
0.39442806211307335
0.582894502243938
12.454119580101205
5.414044592989618
0.5904013019139607
1.02036726473486
2.9728178281828037
3.7262242603080664
0.8413349782264046
1.027284977145169
5.711539343973756
1.0097683379084441
0.8754793273634077
1.0055598628156601
2.9412872569041286
2.9507539936801095
0.9148646912494214
0.8841790473509858
3.509048075345088
0.917728078416344
0.7054460359491048
1.7665229538242009
0.5984783590374304
18.529006237117095
0.6672258478981792
2.039829364179947
1.1321008117584574
1.3009944346522884
1.0396057873774966
0.7644034112388095
0.8844877283224652
0.83528850959501
1.469866565126853
2.873036237573359
4.945874222151064
0.5961974002572138
0.4233754057803957
1.050152342079808
0.6111860369187382
0.7480237258475373
0.7475184735445676
1.2562406566300626
0.6705691272837888
1.2912965052809908
1.191195356428387
0.9800153678832118
91.29361091757053
6.32567130184848
1.0648440052914028
7.2132247600274155
1.3704597527624847
1.4635908282502517
0.9638545629960021
0.6484498442195021
0.811383200627063
2.8476845114851446
1.4726426947672844
0.8580726793063292
1.0504349811171152
1.4795657151551216
1.7322506666045174
1.3829469900354443
0.555754304195425
0.5664606147967702
4.208844568223208
0.8198667288514345
1.3018941916806523
2.28810156820685
1.9643165194664605
0.8334042908405765
1.32844129789346
1.111525752311523
2.405436628888579
0.7174375331632996
1.6348919307308813
0.4399204050956836
0.5366337065581959
68.65023789308665
0.5852833872303156
0.47166007457062165
2.447950721061559
2.4998197053950784
0.9662966589051785
1.1557906958906476
1.5971669938571567
2.739500708895496
0.6645209529960048
0.607040087531398
0.9111814956033254
0.5475846718843242
0.35278761937493686
1.6331371565302364
0.7606382638647514
1.1754608821391095
0.6029118248586772
6.880015411453476
1.5188137860733038
3.0654820240642144
0.440693069364846
0.6419779403152865
1.2305499739444854
0.9196834962036664
1.0744499796981262
1.0296065894918514
5.358810818743875
0.3863365845386551
1.7785182668607655
1.7401843640293273
0.2763988939123287
0.3751726308731727
6.740565291306042
1.0994664441116486
0.5688261610772417
1.4493230965333257
1.2493965288694326
0.8198903663014901
0.34427723396834775
0.3218143268715519
0.7821314218940026
0.8444759389047091
1.283654497901917
0.8508070925936861
0.7245051631315491
0.9801172928499768
0.44124598661217956
0.5816879839027067
1.4396102116011722
1.8841443978976338
1.4372662321553338
0.6150820258211329
5.377027937240242
17.72577118651626
0.499588519576776
1.299946352366167
1.1334874384490232
0.5058771210982183
0.660312946939794
0.912722235420313
0.873935646088426
0.2565922384436275
0.8362398700452625
8.884065052555831
0.7330735901091029
0.4630222177607503
1.6488517866549752
0.8243916742725146
0.46261283994090896
1.987486528226722
0.975910989161172
1.5707487554008788
3.0482306117051574
0.5024760339007608
3.3455584098637807
8.7374512050615
0.997541488931328
2.136224612364414
2.287134048304418
0.30805072317505583
0.4611530468253827
0.8897310412940536
1.2277293099929156
0.9832045211604289
0.7964478750039883
0.4936956078428292
2.354276147803552
1.4967195313871682
4.380565941294494
0.32905824012828394
1.1331031646790235
3.083001934558632
0.8526294012451392
0.9540370765752391
2.4087345824887914
1.9265399052637058
9.959875305785935
6.903620270759883
2.172227609421117
1.945065764135527
1.03690672475037
2.594148347448931
1.5093077894282394
0.3897486869417643
3.3209998207569287
1.3355856290343289
27.492394394835628
4.10285017243324
6.09330047364112
1.0339748705481737
0.8643878117975211
1.1554675463272204
0.3156734843967218
3.714527931918438
0.9503410490414042
2.615915844429991
0.7651541279529387
0.992450282502172
5.051882209578899
0.5100049019931964
0.5518218880104595
0.5614496000216187
0.9262594341901874
1.068621126244897
2.3717581860255663
1.1744875972638134
3.677512645137982
0.4338156256664784
2.8161569237535855
0.9572776513408406
55.49883072086918
1.0373642514824422
0.48942161026084174
0.7659114154358567
0.9835765215494681
0.4551233140811611
0.6515198669326483
1.0904784136722547
2.734993277736775
5.525502926790537
0.8443878687148721
7.956043822569055
1.560849641818544
2.584262388101182
1.7970654716223828
1.0082816118725204
1.5744804167498072
1.1052843262882166
1.02821683143094
3.030456925745011
2.0102291612946863
0.8485293391002683
0.9670956600106568
1.1987089452769473
0.5832577149201832
1.2344859024122072
2.2087279045007002
0.8600871449657044
3.276316077416977
1.2453659509994746
3.8269147355877737
16.60037353846152
1.2740122236729656
1.5106115167735925
16.331035069114673
1.2888241630272654
3.1299777599930194
1.1383975420653696
0.4335292908368583
9.725156828852992
1.4768468576427183
0.6417900323792278
1.7591809830315592
1.0650351869844241
0.816446363280168
0.9848863580405012
0.4690467638884917
2.9200962872299727
0.6448629253566932
0.5169966775626645
1.069506214219849
1.4509080752236385
0.7736606885873566
0.24698846826740747
3.2156422861724616
0.7632563293129337
0.2696857820145312
1.6767264849056993
7.758290503321912
0.9630981838963698
0.6300174234875743
0.5390089453542811
1.4253195859430927
0.6977157374204784
1.6639374426657825
1.9466054573683627
1.5644607223405498
15.033269181247308
0.12420477251034776
8.925435219978702
0.7475008922672799
0.6443035063949173
0.9399918143093554
0.8595598969034562
0.2737272862746372
2.6211664169195807
0.8054590642395694
2.0124576848749793
0.7016307970144682
1.1078757791986336
1.3758404431670033
3.7254535095606616
1.050172480090658
4.436248067765
12.530934098177894
4.7617571081696735
0.31361024308694113
0.8728943195066493
4.389537180112686
0.5813342821403644
1.0309099020575438
1.44994984520828
5.895461247193286
1.4098112496774537
0.8620364808907907
0.9670429972091684
1.1617141545789111
1.0064189853901324
1.2527290922605383
8.4539679150825
3.2074031676042445
1.6234493376483323
0.6989103720549049
5.437547535895713
0.7941121228036915
4.2084625443082855
2.413402313000531
2.5219932256267246
0.8562673438766648
1.9950950905733225
1.408298876646456
0.3860113638661005
0.65823438300588
0.7071274679889157
1.1867597883922778
2.2032515081291426
0.5341707036280112
0.7884119015211707
1.1021718864608179
0.9603201845705935
1.21376402722818
3.8068195403133527
1.0919384772936802
2.5104974946705516
172.08253890849372
1.2819724694940182
6.459309042714248
0.6928352347499485
3.1930449515532873
0.6431818217281002
1.2141473333376387
0.7920297175062113
14.264462810031185
0.695999053162383
0.7749807430388864
0.4403891747118514
2.2676192769486234
4.0665992205858945
11.957630049660942
4.505120644232107
1.6343056413222545
0.4309784877152396
1.0826667371420775
1.1747263984935294
2.5311042985503005
1.21409049878541
7.424049567882104
1.855681039527292
0.6131834348124354
1.6376509175092515
1.2402276029134036
0.8456486919015253
1.0209200644177199
0.3971035843638722
2.098729118455821
2.2230329903575687
0.26681925227155934
1.5288828532592282
0.7944773488285822
1.3937612744663281
3.717843292003116
2.037186529258512
0.4533830428088219
0.6650547532880909
0.2724075522718955
0.5470326204224023
2.0528929052484903
0.9738540263361866
5.051588941254861
0.8876082874969092
2.7630508285646123
0.9897586496588849
1.8493932385206984
0.6511297471280897
1.4272096147633804
17.529799729037247
0.8372588419340568
1.526120708485727
0.9783897299821879
0.7029089543211259
0.8357807574043363
0.5288339523027389
0.5098721880808403
3.7096129553465516
0.8385856247987278
0.6698916137071047
1.9794025502003814
1.0492259735611744
41.714559043003774
2.3450497233181564
0.796184640958149
0.6501038201740821
0.5021019244845422
1.2267015750265688
0.38413724782073233
1.0383092219375332
1.0631285328321212
0.8378101565334276
0.9161486382639575
1.3051284630508464
1.2820122624565589
0.5600779024890992
0.9000199488915651
0.6761500262861012
11.606016048504728
1.343035298120088
0.5076772851027631
0.5478333930662886
1.9067094096300075
3.2052906114306396
1.2384209273060054
1.7496206211052423
10.703083333867832
0.38942689032004146
0.9254958918226395
1.2120301979828463
0.5778738080586046
1.4429146945808136
2.3079935478531257
1.6793434400965648
7.745503336042043
1.2646208766525888
10.480394871787642
0.943558571902016
1.3128975248870844
0.609975065987276
0.32012210205978525
0.5281331877628962
1.0811267978156542
0.4712913327651232
1.5639081675163913
3.386382255930603
0.9350002858279024
1.35092548094891
0.6040903374510962
0.9457005110801158
0.8018026639573137
0.664790779508419
0.56677399585894
0.631005420450918
1.1347012601538056
0.42488839505828574
2.9774669317366564
0.7110044206704385
1.688481045431075
0.3809915058555793
0.7567683055455976
0.47099255228982695
0.5407757245017881
0.6766040315801364
3.5878350741407483
0.3981655826905505
1.4980028984855709
1.0525455574941878
1.0646326174483016
4.404768645491642
1.1252231332539124
0.6055990990071365
0.7370062399608204
2.298090562515141
3.8674510873469963
2.3354366888953333
0.7984334222105273
0.9194777761948645
1.7889458102106868
1.125285713840802
4.646124224764235
1.1027438960919114
0.5903927591028802
1.5101823665844605
2.5174177875524837
0.7651540155251171
0.805192449066482
0.7349851779391672
0.47659928959731934
0.6303803985538873
0.8025102003912418
1.1891579655589422
12.735018887747259
0.36628148910582936
1.6107902737211637
8.321107009620302
4.740822191153321
6.158649509128016
1.5627860844221464
2.0018812973570053
0.4545113456508803
2.3469813678827385
0.44997243885497085
0.3835074580661579
1.3243743291939432
1.3270976637788297
1.0785501603805403
10.630707276198423
0.7264043594832662
1.0333612672339587
0.3432008352015236
2.699646745636972
1.5806100449801355
2.4035487063376526
0.79600481780071
1.567562573729962
0.5433830632222069
0.3037552055970882
1.3687298976603905
4.774658538343596
0.6532780873606515
0.8181403181356341
0.4460645034617795
0.8812363877673974
4.373865444513255
0.6491533996639822
1.079791849313893
0.4520994186320229
1.293687836636577
0.9073298633547124
0.6250753127973657
1.5982691117172703
0.9637569418342324
0.7983268946543417
1.206609084387079
0.659842020814542
5.9644509767720955
0.7332572131935268
0.7127339397332777
1.209440358790272
2.3042442276826347
1.7498618096651422
0.7525509848971287
1.6586200806525282
0.72643123943273
0.5128697987345463
1.0872304126735928
1.3976675017383942
0.8324021125704959
0.6482121827748025
3.0646744902105385
0.3204008438162792
3.947645598308149
0.45915410492030984
0.0728056933124
0.5401352489490016
11.003090450452921
0.33973355762517915
1.3397748184204945
4.862396144519951
0.9377666896065029
0.7586860133183687
0.7316317128941398
2.1406132727658878
3.3309312997345897
0.6079371112848454
24.804174472763627
1.2380397876318179
2.3903047526270216
213.45055652670402
1.0872346250003218
0.5651345421037383
1.130399427916474
1.1154423849170791
0.45466861701450173
0.7018532233354304
0.9505096604003823
0.8301546297539062
0.8198023672798067
2.899133362491831
0.9860390165491734
0.7644481080237284
1.5884887447128762
16.274931721157994
1.1449683313414962
0.718647684208529
1.9138526528039947
0.66719089686951
0.7505167683141734
1.0041472321353209
1.3344288651693796
1.114918078624013
7.084280292702852
1.089909898176966
1.2419192924206728
4.038644377903764
0.39094369383789423
5.789176114142409
0.8321126611378169
2.4417144956726786
0.240611228545446
0.32665383552272875
1.5676497982832802
5.667859989632017
2.5495110935514997
1.2055713951060776
3.7707958929156846
5.5162457039585995
4.611518503676011
4.977966886924139
0.4488679236317223
0.9230170672740783
0.7243685865684815
0.7622237630248769
1.7641508398745642
0.9780775637896532
0.6182719002527604
1.4184904550054933
0.6515309470027459
0.40224367119601945
1.8607446874033369
0.43425136415460347
0.8936999496204455
2.51767432635592
0.3725563846451195
0.8013101305621043
1.0580754652594062
1.7572745148311562
0.5517661820616633
1.3702784161813408
0.717280244751817
3.522733402626241
1.2008855192369183
1.4509173232523587
4.538285929060096
3.1763719858851855
1.9344262587134335
0.623439103940587
0.5474531794550996
0.6854394626197174
0.45478598863424113
0.6726656717732623
1.0379397794210796
0.3760737545985276
9.658003618637283
4.425339018358807
2.058942187077088
0.4995370181749366
1.2914145474306529
9.377212819251419
2.481758682136226
0.690292631350818
1.2995433708826452
3.8802039608303067
2.4934859941377314
1.3405279743645768
3.076421827125431
2.110887271023895
1.7753107646595387
1.0995407504074401
0.8935563490571093
0.45369859054164074
4.972219156709136
1.2411071157440268
0.34358708011517525
1.0587723884087783
0.8581400394563939
6.053922103727166
1.366007885862622
0.5316676129394448
0.6045387470687618
2.406900775484491
2.013547225208064
2.2828959024852806
3.5536091469826725
0.514137281343627
0.9654009515318622
0.38814775324119205
1.522785173941006
0.8167268309706768
3.2368849341688755
1.1750018639844524
1.3741729991913405
1.2339671178165184
0.7234755978793097
0.44911613363688563
1.593491760362398
3.15703181413539
1.4740255828616653
2.3669587199314424
0.9121145600789353
8.047191434311916
13.37685550642722
1.1280788423117614
0.47717655202325115
2.4930523001314806
5.174583670557158
1.2185358155223815
0.9336129080092381
3.6980719611937296
1.2526472969069908
0.6832917150584494
1.1682658463913527
3.827047836729678
12.109843142276501
1.522002524962358
2.099782790011246
4.5825592041201935
5.3542227944170575
0.8679621407714645
0.8710893945257158
33.042464498363
0.8576533318216139
2.752767309340403
1.501878389859256
1.290245236311803
0.6132958737433788
2.3489538716520064
0.49702062392032054
0.9879052789176739
1.0393818026268116
0.8870282113801294
1.8193921923679794
1.0353311046562048
0.5068765968380963
0.5499949081871729
1.1617477911679734
2.1026460445735937
5.170396917530382
10.3495437838184
1.357032828474803
1.4629859033493713
0.7632185733063842
0.8595298590049776
2.2754200916704255
1.1142814852533964
2.9483493516074692
1.5226572900295514
1.2470622423125948
0.7941471795795368
2.1283223426032154
1.904728645035645
0.9776562681803057
1.1109624557019047
0.5286633047656885
1.4654421416433996
0.8959394722198795
0.6917653808900884
0.5017746161754916
1.113225020595811
0.4514742079844812
1.028425186779558
0.24085721215222175
1.0433788192670204
0.826527158732016
1.287550059797334
0.7207783529292224
1.5226874196554419
0.7610030913757602
0.6913333738675073
0.6093638216941993
1.0639829262194362
0.8771180258658687
0.33934387073494293
1.7865749456130775
1.0456149575827296
0.9650191852065668
0.46755774098287417
1.7604919367605831
1.7736880807542625
1.0056609272830197
0.498913030593279
8.967542931347534
0.31260683983976145
2.7520421092218443
1.0736123862475586
0.9104132153764349
0.9121317358294864
15.058254702938399
1.0817089001217406
1.1282835778079603
0.5974616034931644
7.236333385629284
1.654492431744262
4.766701360711243
1.719886264702095
2.230404306552047
1.4676334291173372
0.24393594244227648
0.6164986680554769
2.928778913888616
1.4264505976481678
1.4155758487808017
3.5980793312908532
0.687525029201995
2.2236572445647647
0.7409554587883347
1.4573607266895654
2.5258332965627917
0.9228364102870786
0.6604375370737131
12.323563939915395
2.3527936811463777
1.1324511094005918
2.0170522899968057
2.4070135825435592
0.6178991561760123
2.2595517708343955
3.9890090920433807
2.26292891052395
0.9170086983522523
1.007773054971356
7.395363788250231
0.21608398910036034
2.849672973440902
1.0005883043496713
13.010909990052843
0.5456824976443617
0.7418512054207026
0.5486908087530866
0.6661907962560946
0.1701778800127231
0.3854098610581542
1.821383683163381
0.3727606994129503
0.44087989472985084
2.8536784273233184
2.3971980070925856
0.6601403212562001
0.8771446244517491
1.2604757953751855
5.661058614549124
0.5783414508445703
14.500139727276874
2.2366859853620005
0.6940888483598029
1.8337253375071707
0.41101136459470705
1.7175607797077181
2.641037391190804
0.9894664617425301
5.453451340267322
0.9079922516796995
0.8927728710079131
0.6862601007043011
3.3581791900897517
0.6863449513785287
148.3580014207084
28.597980934622324
0.6865076856058614
2.07071174412205
1.0250150550963502
0.9657736098862199
0.6087160764291083
12.070983596671178
0.74173858504024
0.9503553223816553
24.176372545819824
0.8098219953477331
0.9956207654058542
1.0004259665115927
50.884160092499755
0.7423705547551879
1.0700816168642575
0.9555795650998018
2.387807980908052
0.7931514236020029
1.109394367573053
0.9285575967841158
12.940923300234596
1.1267995682868153
7.892175648230911
1.8404296322104772
1.2466105900415916
1.4559076541486926
12.088646428639633
2.9575360800205917
1.113665675563566
0.4704097896595273
0.7858764389216658
0.6780051716251512
1.1277725086097203
0.9592455796623612
0.8481790451590658
1.2868013070361353
1.615307969317285
0.6844887811663252
1.4406815505534498
7.673704336950395
7.843535269312697
0.29494845078347187
1.5530903112241385
0.8339533585985869
0.5817325768410864
0.6963162050074894
0.2688197601724524
0.3847822458676222
0.5610546562640284
0.6053041214663514
3.2283233645317644
2.1497836302584914
1.8615930997162995
1.1346895154803782
1.8253294051649032
0.46626002774458136
0.6683244322980009
1.9941994292892093
0.6182949579134257
