0.6496121883392334
0.5416757464408875
1.8880172967910767
1.3059903383255005
-1
1.0292719602584839
-1
-1
-1
-1
2.5853219032287598
1.137974500656128
0.7657759785652161
-1
0.8131434321403503
1.1796228885650635
1.255208134651184
0.9754160046577454
0.6040148138999939
0.7579759955406189
0.5450629591941833
0.5421766042709351
0.4117008447647095
-1
0.7700603604316711
0.8013559579849243
0.8423251509666443
1.0028321743011475
1.1797752380371094
0.5910382866859436
1.1560628414154053
0.5231936573982239
0.6110177636146545
0.6727192997932434
0.7506842017173767
1.0033698081970215
0.41964709758758545
0.7816280722618103
1.0658153295516968
0.6684691309928894
0.8741651773452759
-1
0.7550740838050842
-1
0.44996246695518494
-1
1.5802217721939087
0.8065049052238464
-1
-1
0.796895444393158
-1
-1
-1
0.8707303404808044
1.1712899208068848
0.7998044490814209
-1
1.5752428770065308
-1
0.7141002416610718
1.0849981307983398
0.3115908205509186
1.3837087154388428
1.0925862789154053
-1
0.29336661100387573
0.4653107821941376
0.5297979712486267
-1
1.0229580402374268
1.5294458866119385
0.4270039498806
0.8416281938552856
0.5590112805366516
0.7909520268440247
0.8565577864646912
1.7649387121200562
1.4861464500427246
-1
-1
0.3472205400466919
-1
-1
3.528822422027588
1.2511370182037354
0.6642669439315796
-1
0.7806710004806519
0.4278760552406311
-1
0.9557697772979736
0.44766688346862793
-1
1.3364466428756714
-1
0.5796210169792175
0.32559821009635925
0.29695746302604675
0.4568917751312256
1.1570513248443604
0.33071833848953247
0.4120439291000366
-1
0.6048653721809387
1.2354799509048462
-1
1.13869309425354
0.510675847530365
-1
-1
0.9524564146995544
-1
0.6301604509353638
1.3358235359191895
0.7798213362693787
-1
-1
0.6239203810691833
0.4111703932285309
1.797806739807129
-1
0.8211216926574707
0.7198905944824219
0.8036771416664124
1.2930843830108643
1.1234568357467651
-1
1.4612220525741577
0.9177298545837402
-1
1.130394697189331
0.598085343837738
0.6885327100753784
-1
1.1986535787582397
1.203650712966919
0.9326177835464478
1.6070557832717896
0.7839367985725403
-1
1.4216231107711792
-1
0.43955862522125244
1.4809356927871704
1.2210021018981934
0.7329241037368774
0.5932841897010803
-1
-1
0.3923405706882477
0.2759222686290741
-1
0.9507732391357422
-1
0.575021505355835
0.39607664942741394
-1
-1
-1
0.5570143461227417
0.46848663687705994
0.41861212253570557
0.6387367844581604
0.5863569378852844
-1
0.7988830208778381
0.3536005914211273
0.7597587704658508
0.49924615025520325
0.6071854829788208
-1
0.9960651993751526
1.2370307445526123
-1
0.5937531590461731
-1
1.3951525688171387
-1
0.709446132183075
1.3950982093811035
0.722256064414978
0.6360623240470886
-1
1.6680740118026733
1.0322586297988892
-1
-1
-1
1.3762140274047852
-1
0.7410319447517395
0.6803699135780334
0.7532411813735962
1.0329642295837402
0.7426459789276123
-1
1.4455002546310425
0.784111738204956
-1
0.5301160216331482
0.7800812125205994
0.6752997040748596
1.323574185371399
-1
-1
-1
0.7380043864250183
1.7138193845748901
0.8047052025794983
0.6857568025588989
0.4382403790950775
-1
-1
0.5032854080200195
0.5441800355911255
0.6773198843002319
0.7130022644996643
0.5257290005683899
0.393483966588974
0.4277929365634918
0.8836122751235962
1.4860808849334717
0.7953205108642578
1.2897394895553589
0.30965712666511536
0.5607365369796753
0.35923248529434204
0.8683279752731323
-1
0.8360437750816345
-1
0.4039600193500519
0.2615354657173157
1.1820286512374878
0.7408298254013062
0.99908447265625
1.3225507736206055
0.8676539063453674
0.9395564794540405
-1
2.2861733436584473
0.7075713276863098
0.4428020417690277
1.5476258993148804
1.2228978872299194
-1
-1
4.130367279052734
-1
-1
0.34229910373687744
0.7603132128715515
1.5639351606369019
0.7941056489944458
0.8803903460502625
-1
0.719048798084259
-1
1.2690331935882568
-1
0.45327889919281006
0.9012608528137207
-1
0.8593555688858032
0.575262725353241
0.9044525623321533
0.7094315886497498
0.8612008690834045
0.65742027759552
-1
-1
0.9375391602516174
0.726752758026123
-1
1.081438422203064
0.7778809070587158
0.7152681946754456
0.7594789266586304
0.26021185517311096
-1
1.3330671787261963
-1
0.3520159125328064
-1
0.5608689785003662
0.9150072336196899
2.0966620445251465
0.9320189356803894
-1
-1
1.0172427892684937
0.3982534110546112
0.2868415415287018
1.0652180910110474
1.2675061225891113
-1
0.5516201257705688
0.752959132194519
0.8541414141654968
-1
0.5657365322113037
0.7248644232749939
0.6444602012634277
0.8935753703117371
1.4580414295196533
1.2586308717727661
-1
-1
0.7669714689254761
1.7107834815979004
1.1585429906845093
0.9954987168312073
0.8932892084121704
0.7889002561569214
0.7425121665000916
0.3076415956020355
1.6208586692810059
0.635750412940979
1.3191279172897339
0.7649738192558289
1.6140246391296387
0.79166179895401
0.7734335064888
1.7210122346878052
-1
0.3407824635505676
-1
0.591644287109375
0.6772946715354919
0.9063274264335632
1.1131283044815063
-1
0.8623161315917969
1.5789684057235718
1.6089876890182495
0.7302054166793823
1.1049450635910034
0.690722644329071
1.1986110210418701
0.5036909580230713
0.43262046575546265
0.7119593024253845
-1
1.370206356048584
0.9721664786338806
1.204840898513794
0.9852942228317261
0.26769354939460754
1.38962984085083
-1
-1
-1
0.902662992477417
0.2363780438899994
-1
0.9138572216033936
-1
0.5745964646339417
0.6983368992805481
0.7502170205116272
1.4511334896087646
-1
0.837812602519989
-1
0.9839432835578918
0.5550686717033386
2.5919899940490723
-1
-1
1.573441982269287
-1
2.2832729816436768
1.009943962097168
0.7760916948318481
-1
1.7396446466445923
0.2589161992073059
0.7697523236274719
1.9669743776321411
0.6567224860191345
1.1583940982818604
-1
0.5557180643081665
0.7636927962303162
0.6309354305267334
0.5218357443809509
1.9798705577850342
1.8234175443649292
0.2531335949897766
1.1674455404281616
0.6527761220932007
0.8751330971717834
1.0061806440353394
-1
-1
-1
1.2406306266784668
0.47448113560676575
0.5123302340507507
1.0103471279144287
0.43760719895362854
0.9974635243415833
-1
-1
0.7902346253395081
0.8658410906791687
0.8378947377204895
1.2649435997009277
1.570565938949585
1.0466208457946777
-1
1.1075516939163208
0.6597340703010559
1.7163739204406738
1.4075675010681152
-1
0.45620808005332947
0.9661598801612854
0.49197089672088623
0.26643675565719604
0.4911263585090637
2.9991283416748047
0.7174357771873474
0.49728330969810486
1.2095447778701782
-1
1.1899570226669312
0.28637778759002686
0.7619669437408447
-1
-1
0.9813660979270935
-1
-1
-1
-1
0.6064223647117615
0.7199838757514954
-1
-1
-1
1.4561543464660645
0.6836448907852173
-1
0.5507957935333252
-1
0.4889266788959503
1.8811633586883545
-1
-1
2.5508196353912354
0.9956534504890442
-1
-1
0.36341288685798645
0.22928506135940552
1.1904078722000122
-1
0.8177694082260132
1.1989666223526
-1
0.3137228190898895
1.1724543571472168
0.8650134205818176
-1
-1
0.3655296564102173
1.356948971748352
0.6511092185974121
0.6173369288444519
0.9740282893180847
-1
1.7330429553985596
1.3419759273529053
-1
0.4830603003501892
-1
1.1864097118377686
0.8129951357841492
0.7885597348213196
0.8945314288139343
0.6804847717285156
-1
1.0762157440185547
-1
0.6989338994026184
-1
0.8103229403495789
1.0281400680541992
0.7974297404289246
0.34143567085266113
-1
0.5044716000556946
0.7198604941368103
1.086726427078247
1.1682618856430054
0.633645236492157
0.6554901599884033
0.4893650412559509
-1
-1
0.8285115957260132
-1
-1
-1
-1
1.3504670858383179
-1
-1
0.5345609784126282
0.57047438621521
-1
-1
0.9933509230613708
-1
1.1488183736801147
0.7704774141311646
-1
-1
-1
-1
1.035219669342041
1.9071506261825562
-1
0.7132351398468018
-1
0.8894111514091492
-1
0.9047647714614868
0.7268437147140503
-1
-1
0.5011354088783264
0.5618979334831238
1.0439331531524658
-1
-1
1.0457087755203247
1.9943891763687134
2.1012866497039795
-1
0.8312820196151733
-1
0.8112648725509644
0.9444918036460876
-1
0.9993361234664917
0.6266725063323975
-1
0.6149024963378906
-1
0.4077884554862976
0.6041752696037292
0.6934929490089417
0.943708598613739
1.0007809400558472
-1
0.9846817255020142
0.7743099331855774
0.876566469669342
0.8574392795562744
0.9778863787651062
0.49472081661224365
0.3085870146751404
2.3527920246124268
0.27512481808662415
0.43422096967697144
0.8664073944091797
0.4458467662334442
0.6852422952651978
0.6367133855819702
0.4401918649673462
0.3567131757736206
-1
0.6567152738571167
0.8789263367652893
-1
0.31016263365745544
-1
0.8061108589172363
0.842448890209198
0.9118294715881348
0.4336083233356476
0.7674131989479065
-1
0.5653941631317139
0.769493043422699
2.066920280456543
0.3996303081512451
0.5685442090034485
-1
0.536160409450531
0.98956298828125
0.8252947330474854
0.4861426055431366
0.6238976120948792
-1
1.1464160680770874
0.41456490755081177
0.8136184215545654
-1
0.806890606880188
1.0604908466339111
-1
0.6154592037200928
0.45435288548469543
0.9607263803482056
-1
0.7680954933166504
-1
0.8375901579856873
0.5132610201835632
0.5866380333900452
1.1303445100784302
-1
0.5481963157653809
-1
0.4100325405597687
1.68448805809021
0.7236992120742798
-1
0.6521502733230591
-1
-1
0.3305078148841858
-1
-1
-1
0.6901220679283142
0.7448500394821167
-1
1.1351509094238281
1.0248409509658813
2.1145918369293213
-1
1.863173007965088
-1
1.3219492435455322
1.1709035634994507
-1
0.5881088972091675
1.0969085693359375
0.9915459752082825
0.7212059497833252
0.6948549747467041
0.4209485948085785
-1
0.8709490299224854
-1
1.613323450088501
1.51889169216156
0.8168442845344543
-1
0.45135432481765747
0.883015513420105
-1
0.8829072713851929
0.6706780791282654
-1
-1
0.7645448446273804
1.8632242679595947
0.6341924071311951
0.7450158596038818
0.8785880208015442
-1
0.6386941075325012
0.7678640484809875
1.0991652011871338
-1
-1
1.367118000984192
0.4693719744682312
-1
0.5440229177474976
0.4254078269004822
0.881980299949646
0.6618428230285645
0.4061468243598938
0.3550259470939636
-1
1.2127017974853516
0.9896817803382874
-1
-1
-1
-1
1.2518726587295532
0.7711432576179504
-1
0.6746662855148315
-1
-1
-1
-1
-1
0.8385435342788696
1.0473077297210693
0.34026211500167847
0.7651004791259766
-1
1.0266214609146118
0.9745001196861267
-1
-1
0.5890079140663147
0.8058907985687256
-1
1.575061559677124
-1
-1
1.6394062042236328
-1
0.5828568935394287
0.7894039154052734
0.6951783299446106
0.27912232279777527
-1
1.3509107828140259
0.777888298034668
2.265873670578003
0.8405396342277527
-1
0.9502140879631042
-1
0.551216721534729
0.9256932735443115
2.4708123207092285
-1
0.8711625337600708
-1
0.8661605715751648
0.8312327861785889
2.7983291149139404
0.5612987875938416
1.0418275594711304
-1
0.6391230225563049
-1
-1
0.5125908255577087
1.3808168172836304
1.10671865940094
1.105167031288147
-1
0.8955792784690857
1.0475348234176636
0.5205193758010864
-1
1.2687911987304688
-1
0.4433484375476837
0.41108283400535583
0.29963192343711853
-1
1.071988582611084
0.8195768594741821
-1
-1
-1
0.6515457630157471
-1
-1
1.7007262706756592
0.6239101886749268
1.3467258214950562
0.6444758772850037
-1
-1
0.47138798236846924
2.414569854736328
1.0041697025299072
0.606248140335083
-1
0.9064987301826477
-1
0.8311406373977661
0.7035495638847351
0.40581586956977844
0.6770639419555664
-1
-1
0.7854343056678772
0.9550297856330872
-1
-1
0.6982621550559998
0.5525577068328857
0.7149233222007751
1.8739118576049805
-1
0.6978974342346191
-1
1.6411712169647217
0.8935762643814087
-1
0.691648542881012
0.8242900371551514
0.6414636969566345
-1
-1
0.7619502544403076
0.9129886031150818
0.8724335432052612
0.429953932762146
-1
0.8597862720489502
-1
0.7597863674163818
0.37425050139427185
1.623745322227478
0.34352365136146545
-1
-1
0.9592168927192688
1.7758065462112427
0.2955615222454071
-1
0.824338972568512
-1
-1
0.5780371427536011
1.0334439277648926
-1
1.2791829109191895
0.8014366626739502
0.9141062498092651
-1
0.577210009098053
1.228652834892273
-1
0.4583194851875305
0.622643232345581
-1
-1
-1
1.1655751466751099
-1
-1
0.5801500082015991
0.532768189907074
-1
0.743695080280304
0.7454239726066589
1.029107928276062
0.7405821681022644
0.5326377153396606
-1
0.6541524529457092
0.5736344456672668
0.38091394305229187
0.8532728552818298
-1
0.44584137201309204
0.953740656375885
-1
0.8108978867530823
-1
0.674126923084259
0.7070288062095642
1.3319969177246094
-1
-1
-1
1.2790769338607788
0.8797574639320374
1.088409423828125
-1
1.5581138134002686
-1
0.5401952862739563
0.9258524179458618
0.27800893783569336
-1
1.2041196823120117
0.9768121838569641
0.9466074109077454
1.1112115383148193
-1
-1
-1
0.43175560235977173
0.7814509868621826
1.043140172958374
0.6221480369567871
1.300925850868225
0.8161284923553467
0.6620953679084778
1.340419054031372
1.0626050233840942
0.9845741987228394
0.5151785612106323
0.4272157549858093
-1
0.4171505570411682
1.169028639793396
1.6516729593276978
0.6043479442596436
1.0246151685714722
0.9380558729171753
0.808531641960144
1.559502124786377
-1
-1
1.345031499862671
1.2916288375854492
-1
0.48074260354042053
0.8572446703910828
0.6072221994400024
0.45360350608825684
0.49170514941215515
-1
-1
0.9338054656982422
0.8661695122718811
-1
0.4367632567882538
-1
1.130475401878357
0.5596805810928345
0.6444928646087646
0.47959232330322266
1.7079801559448242
0.37913835048675537
-1
1.424838662147522
1.6387336254119873
-1
0.4910659193992615
0.8147866129875183
1.8952281475067139
0.8060353994369507
0.7831366062164307
0.6532228589057922
0.39325249195098877
-1
0.6792032122612
0.8693153262138367
-1
-1
1.1788172721862793
0.9232617616653442
-1
0.46810778975486755
-1
0.37230390310287476
-1
0.24406173825263977
0.839240550994873
0.4500947594642639
0.7143852710723877
-1
-1
1.352211356163025
0.6403349041938782
-1
0.9967560172080994
-1
1.2658969163894653
-1
0.7469426393508911
1.2181998491287231
0.6088180541992188
1.0389673709869385
-1
0.8427209258079529
-1
-1
-1
1.385024070739746
1.0449013710021973
0.5096046924591064
0.8969681262969971
3.3847122192382812
0.39181721210479736
0.8192161917686462
0.40764129161834717
1.7431631088256836
0.49285998940467834
0.556510329246521
0.45028820633888245
-1
0.1898726224899292
-1
0.7371692061424255
0.6539977192878723
2.6914706230163574
0.7430402636528015
0.3856416642665863
-1
1.0216847658157349
1.0755192041397095
1.5083811283111572
-1
-1
0.44972801208496094
1.157518744468689
0.36451417207717896
