0.7069210410118103
0.550094723701477
0.5216308832168579
0.3872881829738617
0.49510458111763
0.4519745409488678
0.4503939747810364
0.5296610593795776
0.3567858934402466
0.43089887499809265
0.9056467413902283
1.3164000511169434
0.8200739622116089
0.6768084764480591
0.7220719456672668
0.6782899498939514
0.6052646040916443
0.42027968168258667
1.308487892150879
1.090375304222107
0.6841579079627991
0.5311224460601807
0.43089616298675537
0.4494353234767914
0.5703601241111755
1.0191975831985474
0.534069836139679
0.3156474232673645
1.1544723510742188
0.5692391991615295
0.5816527605056763
0.9859617948532104
0.32265228033065796
0.32499343156814575
0.3854200541973114
0.6419115662574768
0.4848122000694275
0.44782117009162903
0.49477073550224304
0.5609979033470154
0.9186805486679077
0.8374539017677307
0.4097215533256531
1.5437403917312622
1.3387947082519531
0.5796175003051758
0.6736211776733398
1.0580426454544067
0.7876690626144409
0.6605507731437683
0.8739622235298157
0.8796728253364563
0.9900394082069397
0.32302114367485046
0.5677458047866821
0.44443023204803467
0.3272763788700104
0.5042341947555542
0.4125189781188965
0.7971912622451782
0.5778937339782715
1.0447189807891846
0.4362640082836151
0.3739749789237976
0.7019377946853638
0.594268262386322
0.549747884273529
0.4264904260635376
0.37332648038864136
0.6741839647293091
0.4727538228034973
1.0076539516448975
0.5837483406066895
0.47649022936820984
0.5225115418434143
0.317654550075531
0.647479772567749
0.9907640218734741
0.5268818140029907
1.2986676692962646
0.5250240564346313
0.5970124006271362
0.5571208596229553
0.45921793580055237
0.5636064410209656
0.45279139280319214
1.1485133171081543
0.5734137892723083
0.40308263897895813
0.8128092288970947
0.41371506452560425
0.3861936628818512
0.2915661334991455
0.7238893508911133
0.4833069145679474
0.41445693373680115
0.5238823890686035
1.0502612590789795
0.4528029263019562
0.5239371061325073
0.565955638885498
0.38917240500450134
0.8542727828025818
0.326872318983078
0.5421635508537292
0.6244441270828247
0.6611629128456116
0.45768722891807556
0.5496760010719299
0.5050764083862305
1.2329832315444946
0.7377880215644836
0.4554349482059479
0.3234192132949829
0.805237352848053
0.5322906374931335
0.5276640057563782
1.09834623336792
0.6125910878181458
0.3515412211418152
0.34762895107269287
0.7217363715171814
0.6176245212554932
0.3467146158218384
0.44987425208091736
0.9409230947494507
0.2717248797416687
0.37067854404449463
1.2208011150360107
0.6838659048080444
1.0938259363174438
0.5481109619140625
0.8426772356033325
0.3969551622867584
0.485603004693985
1.018992304801941
0.665397584438324
0.9516707062721252
0.4993882179260254
0.5725027918815613
0.3592626452445984
0.42826056480407715
0.9375927448272705
0.9765312671661377
0.851672351360321
1.2668713331222534
0.5877940058708191
0.49288660287857056
0.5595039129257202
0.45348089933395386
0.4527127146720886
0.3521873652935028
0.5610055923461914
0.9700303673744202
1.2919563055038452
0.7537218928337097
0.4431922137737274
0.8295785784721375
0.593104898929596
0.5487167239189148
1.2216650247573853
0.5739940404891968
0.5692601799964905
0.37514251470565796
0.6315431594848633
0.5126103758811951
0.59858238697052
0.46091362833976746
0.4112626016139984
0.4931402802467346
1.3318588733673096
0.5667380094528198
0.6308241486549377
0.36647698283195496
0.5367639064788818
1.2578996419906616
0.9777057766914368
0.3607150614261627
0.43833982944488525
0.684499979019165
0.8839408755302429
0.6992201805114746
0.5266753435134888
0.8172426819801331
0.7444073557853699
0.3734963536262512
0.8136160373687744
0.8457242250442505
0.6842092871665955
0.5045292377471924
0.3887104094028473
0.5289316177368164
1.030805230140686
0.9821391105651855
0.4626229405403137
0.9805450439453125
0.28324094414711
0.45042747259140015
0.36073148250579834
0.49711039662361145
1.3155287504196167
0.3134143054485321
0.479353666305542
0.5271599292755127
0.41979196667671204
0.360933393239975
0.6765416860580444
0.5045991539955139
0.6618133187294006
0.5474128723144531
0.6446502804756165
0.9810472726821899
0.7105521559715271
0.5359800457954407
0.3640006482601166
0.3512338101863861
0.44148921966552734
0.38273072242736816
0.7601538896560669
0.4900856614112854
0.6528649926185608
1.2610039710998535
0.39066874980926514
0.5139254331588745
0.61123126745224
0.708361029624939
0.5373197197914124
1.0492289066314697
0.6082422137260437
0.3961447477340698
0.8983376622200012
0.8503298759460449
0.931830108165741
1.0302610397338867
0.48519018292427063
0.499653160572052
0.37376531958580017
0.7441455125808716
0.5342358350753784
0.2738284170627594
0.6536238789558411
0.9533047080039978
0.2779845893383026
0.39895227551460266
0.8600926399230957
0.548724889755249
0.9400978684425354
0.8517563343048096
1.284989833831787
0.45243266224861145
0.39800605177879333
0.4972746670246124
1.0432487726211548
0.4551098048686981
0.5230664610862732
0.46133723855018616
0.7238701581954956
0.5190420150756836
0.9715079069137573
1.3948415517807007
1.0660440921783447
0.4334038197994232
0.7769191265106201
0.5947957038879395
0.3630933165550232
0.6827038526535034
0.9050306677818298
0.8574907183647156
0.6668812036514282
0.39909058809280396
1.0040611028671265
0.4605497717857361
0.5351958870887756
1.1784346103668213
0.9487117528915405
0.4273337721824646
1.3758736848831177
0.8445327877998352
1.0761741399765015
0.49267590045928955
0.41515031456947327
0.41478097438812256
1.080194354057312
0.647109866142273
0.510960578918457
0.9424430727958679
0.7805891633033752
0.952997088432312
0.3980441689491272
0.39790037274360657
0.8440659046173096
1.1408268213272095
1.1035984754562378
0.5640553832054138
0.9443372488021851
0.9367409348487854
1.2612429857254028
0.44726020097732544
1.0790903568267822
0.5143391489982605
0.3587997555732727
0.5825790762901306
0.5292580127716064
0.8691186904907227
0.9385246634483337
0.4381398856639862
0.4294673800468445
0.7267478108406067
0.4121745228767395
1.3141252994537354
1.143249750137329
0.7279230356216431
0.3113028109073639
0.5213013291358948
0.486665815114975
0.4063507616519928
0.4590159058570862
0.5194026231765747
0.42761707305908203
0.9366866946220398
0.44844725728034973
0.7210928201675415
0.9721048474311829
0.8210991621017456
0.5206112861633301
1.0876829624176025
0.2882518470287323
1.109366774559021
0.7645902037620544
0.439351350069046
1.032896637916565
1.264325737953186
1.1138955354690552
0.420104056596756
0.45358961820602417
0.967909574508667
0.5466227531433105
0.8249011039733887
0.5023541450500488
0.47604551911354065
0.8926060795783997
1.0524147748947144
0.767677903175354
1.6274408102035522
0.5134608745574951
1.394727349281311
0.49333807826042175
0.9807324409484863
0.8862068057060242
0.6402782797813416
0.5923452377319336
1.1298540830612183
1.3136216402053833
0.4567180275917053
0.6562437415122986
0.7878869771957397
1.0220838785171509
0.5935035943984985
0.44374120235443115
0.2852116823196411
0.5787232518196106
0.3725890815258026
0.4815840423107147
0.5508970022201538
0.4276837408542633
0.8530321717262268
0.44024646282196045
0.7001500725746155
0.815090000629425
0.7195075750350952
0.6855562329292297
0.5367664694786072
0.6122927069664001
0.2938010096549988
0.4163045287132263
0.7182787656784058
0.4322345554828644
0.44453534483909607
0.5166186690330505
0.5086497068405151
0.2969416677951813
1.2084453105926514
0.7102253437042236
0.48086607456207275
1.1614043712615967
0.44111505150794983
0.5430372953414917
0.480433851480484
0.56716388463974
0.29787665605545044
0.30338430404663086
1.3554942607879639
0.7393726706504822
0.42890769243240356
0.41101107001304626
1.264775276184082
0.5045209527015686
0.7951486706733704
1.031599760055542
0.6168335676193237
0.5181984305381775
0.5787743330001831
0.4193724989891052
0.31240397691726685
1.154274821281433
0.4202965199947357
0.4130991995334625
1.0113515853881836
0.3802467882633209
0.9605637192726135
0.696249783039093
0.4160402715206146
0.9345934391021729
0.6303979754447937
0.4152315855026245
0.942295491695404
0.7701519131660461
0.5208263993263245
0.3981904685497284
0.45040303468704224
0.7807517051696777
0.49400651454925537
0.5261029005050659
0.35774657130241394
0.6922900080680847
0.3765524923801422
0.6234039664268494
0.7631190419197083
0.770582377910614
0.31610119342803955
0.9698038101196289
0.8445578813552856
0.411125510931015
0.39424872398376465
0.3929709494113922
0.4433952867984772
0.4561907649040222
0.5356484055519104
0.44550013542175293
0.5622967481613159
0.8393684029579163
0.6668806076049805
0.7300716638565063
1.2077136039733887
0.42813345789909363
0.5010042786598206
0.6999134421348572
0.5018600821495056
0.6995248198509216
1.6602452993392944
0.49247950315475464
0.943220853805542
0.5403904318809509
1.2378332614898682
0.5879606008529663
0.37065669894218445
0.28804832696914673
0.42180296778678894
0.5772011280059814
0.9893921613693237
0.5842161178588867
1.0198240280151367
0.5259750485420227
1.1844552755355835
0.3079015910625458
0.6164654493331909
0.599005401134491
0.8299172520637512
0.4592297077178955
0.33761194348335266
0.4502333104610443
0.9811905026435852
0.45776182413101196
1.5372051000595093
0.41492846608161926
1.2760367393493652
0.34671980142593384
0.695203423500061
0.4905712902545929
1.0934535264968872
0.5453262329101562
0.4003341495990753
0.5720281004905701
0.45633748173713684
0.6931039094924927
0.3780447244644165
0.6419867277145386
0.6050829291343689
0.43241238594055176
0.7502747774124146
0.5923786759376526
0.4877525568008423
0.2587125599384308
0.9192456603050232
0.5131176114082336
0.45541879534721375
0.993804395198822
1.4812235832214355
0.4445481598377228
0.6222901940345764
0.8005994558334351
0.4927280843257904
1.1230287551879883
0.3572363555431366
0.5655227899551392
0.5966439247131348
0.3693937063217163
0.7264465093612671
0.27600717544555664
0.6667090058326721
0.6295229196548462
0.3468523621559143
1.0428515672683716
1.3529943227767944
0.46765175461769104
0.6189922094345093
0.6646822690963745
0.38296952843666077
1.0566437244415283
0.430603951215744
0.5955238342285156
0.612462043762207
0.435896098613739
1.3213080167770386
0.49941903352737427
0.7592900395393372
0.6626127362251282
0.42999497056007385
0.8202900886535645
0.3904707729816437
0.335925430059433
0.29375559091567993
0.25737595558166504
1.2711621522903442
0.39250317215919495
0.40009889006614685
0.5679893493652344
0.9668604135513306
0.6608532667160034
0.5738265514373779
0.7829980850219727
0.4533628821372986
1.4380196332931519
0.3378669321537018
1.079003095626831
0.6305134296417236
0.8928276896476746
0.43946176767349243
1.1194534301757812
0.4523395299911499
0.41066259145736694
0.6490821242332458
0.32499566674232483
0.5658749938011169
0.560897171497345
0.4831979274749756
0.13767366111278534
0.39240753650665283
1.3334611654281616
1.4203089475631714
0.7954540848731995
1.5461574792861938
0.3811846375465393
1.5128397941589355
0.7638652920722961
0.7530704736709595
0.3910328149795532
0.6184841990470886
0.2750489115715027
0.5474520921707153
0.5476589798927307
1.3442338705062866
1.4785921573638916
0.8341548442840576
1.0104808807373047
0.7508361339569092
0.5619701743125916
0.4986231029033661
0.3819570541381836
1.1700310707092285
0.5103679895401001
0.7454835176467896
0.8747535347938538
0.6247545480728149
0.6018326878547668
0.45053622126579285
0.33985453844070435
0.44904249906539917
1.3403162956237793
0.6526034474372864
0.8673378229141235
0.4764425456523895
0.26219886541366577
0.3437315821647644
0.5945021510124207
0.5408852100372314
0.3302605450153351
0.5200024843215942
0.3362390697002411
0.7177283763885498
0.815226137638092
1.2578678131103516
0.4344479739665985
0.5276579856872559
0.3237103521823883
0.6943039894104004
0.7782601714134216
0.8598359823226929
1.2785803079605103
1.0974420309066772
0.9388577342033386
0.5479307770729065
0.4841373562812805
0.8209243416786194
1.4916638135910034
0.42564940452575684
0.3640628159046173
0.973654568195343
0.43118369579315186
1.0360958576202393
0.4812759459018707
0.5080536007881165
1.6648634672164917
0.4544745981693268
0.41355302929878235
1.7281711101531982
0.4229833781719208
1.2009646892547607
1.1480052471160889
1.167486310005188
1.1797412633895874
0.5598841309547424
0.8041775822639465
0.389559268951416
0.42864853143692017
0.48668816685676575
0.36200353503227234
0.4389978349208832
0.30670326948165894
0.3352999687194824
1.0573543310165405
0.48554083704948425
0.8530991673469543
1.0830096006393433
0.45795512199401855
0.6165362596511841
0.6028410792350769
0.4155266284942627
0.7543966770172119
0.8522665500640869
1.1244480609893799
0.3345651626586914
0.7020754814147949
1.235511064529419
0.39178094267845154
0.3405821919441223
0.7600330114364624
0.7542905211448669
0.4516160786151886
0.6980070471763611
0.39456766843795776
0.3443484306335449
0.31512412428855896
0.439365029335022
0.760226309299469
0.7558912634849548
0.3475126028060913
0.614854633808136
0.5534195303916931
1.1474088430404663
0.472939133644104
0.41154158115386963
0.6595855355262756
1.0318187475204468
0.6219666600227356
0.48674315214157104
1.0113145112991333
0.5689741373062134
0.49542436003685
1.1509677171707153
0.6981810331344604
1.0068886280059814
0.487565279006958
0.9613113403320312
0.5590906739234924
0.4992386996746063
0.6099300384521484
0.8632887601852417
0.6690003275871277
0.4585101902484894
0.3200998902320862
0.7809764742851257
1.3444910049438477
0.580324649810791
1.2238962650299072
0.4027613699436188
0.4651104509830475
0.774534285068512
0.3777782917022705
0.989152729511261
0.6815255880355835
1.3710278272628784
0.6225904226303101
0.5571383237838745
0.3873139023780823
0.5139784812927246
0.4767718017101288
0.6416547298431396
0.47457924485206604
0.5272112488746643
0.7783557176589966
0.3999054729938507
1.022993564605713
1.444288730621338
0.6433793902397156
0.37176716327667236
0.8959143757820129
0.5785353183746338
0.42332392930984497
0.4620983302593231
0.5092284083366394
0.5509243011474609
0.4283307194709778
1.2697880268096924
1.0436955690383911
0.933806836605072
0.3765559196472168
0.5852587819099426
0.7374334335327148
0.3529362082481384
0.3110797703266144
0.5728670954704285
0.8803089261054993
0.7789579629898071
0.40751364827156067
0.5169628858566284
0.8151804208755493
0.5331128239631653
0.48115086555480957
0.38167089223861694
0.6837022304534912
0.4078741669654846
0.9309834241867065
1.0792707204818726
0.4594986140727997
0.9095646142959595
0.8421995043754578
1.1544578075408936
0.5889437794685364
0.481027752161026
0.6068620681762695
1.0158567428588867
0.7251834869384766
0.8289588093757629
0.8496982455253601
0.38681891560554504
0.36336857080459595
1.0502389669418335
0.726703405380249
0.6961244344711304
0.49525272846221924
0.2827104330062866
1.1393827199935913
0.5349634289741516
1.2636817693710327
1.7297890186309814
0.3683599829673767
0.44452720880508423
0.7502564787864685
0.34069907665252686
0.6098893880844116
0.4593859016895294
0.6329654455184937
0.7897909879684448
1.1295663118362427
0.3250310719013214
0.8520347476005554
0.631353497505188
1.1132107973098755
0.862696647644043
1.0955684185028076
0.3558681607246399
0.7690001726150513
0.5912880897521973
0.7479762434959412
0.41782066226005554
0.8600133657455444
0.3483988642692566
1.3869928121566772
0.6123402118682861
0.368094801902771
0.4398553967475891
0.5242800116539001
0.4525374472141266
0.5270554423332214
0.5197601318359375
0.7342252731323242
0.9712780714035034
0.8198596239089966
0.5066327452659607
0.47597938776016235
1.241215467453003
0.7334354519844055
0.6985381841659546
0.525986909866333
0.4172036051750183
0.3317510783672333
1.308152198791504
0.36148402094841003
0.8161273002624512
0.9529162645339966
0.6157145500183105
0.3650417625904083
0.642008364200592
0.9948651790618896
1.1063381433486938
0.3597656786441803
0.9500550031661987
0.9890145659446716
0.872989296913147
1.3766626119613647
0.971049427986145
0.5255638957023621
0.46874314546585083
0.9021390676498413
0.8354918956756592
0.5990036725997925
0.41699811816215515
0.3541545867919922
0.5379313826560974
0.7205328345298767
0.6670194268226624
0.4152758717536926
0.31151559948921204
0.6431150436401367
0.6637260317802429
0.40421634912490845
0.7398017644882202
0.3479577600955963
0.5799015164375305
1.2310892343521118
0.5340713262557983
0.8583044409751892
0.4339217245578766
0.8607981204986572
0.4012579619884491
0.42853760719299316
0.33308982849121094
0.6891819834709167
0.6395894289016724
0.4008427858352661
1.154409408569336
0.4393092691898346
0.9648399353027344
0.6085766553878784
0.9490064382553101
0.32015395164489746
0.5932791233062744
0.3154827356338501
0.4695403575897217
1.8000065088272095
0.44342687726020813
0.3677431046962738
0.9177939295768738
0.957532525062561
0.9302404522895813
0.5936344861984253
0.4117816388607025
0.8365320563316345
0.8820022344589233
0.385660320520401
0.5056735873222351
1.18948233127594
0.6557878851890564
0.543580949306488
0.3995573818683624
0.7165855765342712
1.1971580982208252
0.5450735092163086
0.8527560830116272
1.13210129737854
0.5320126414299011
0.8921878337860107
0.6010603904724121
0.3763737082481384
0.2990238666534424
0.7287231087684631
0.6192503571510315
0.44800904393196106
0.44276243448257446
0.4437265992164612
0.4528025984764099
1.1634581089019775
0.44197285175323486
1.288184642791748
0.708962082862854
1.1513179540634155
1.5846726894378662
0.9124923944473267
0.5716216564178467
0.41025325655937195
0.7069960832595825
1.0336992740631104
0.4439466595649719
0.6292933821678162
1.264053463935852
0.6502873301506042
0.5688427090644836
0.8503976464271545
0.859279453754425
0.9570991396903992
0.5652832388877869
0.5343599915504456
0.5711780190467834
0.5995975136756897
1.3763787746429443
0.52105313539505
0.6665462255477905
0.43180781602859497
0.6815542578697205
0.36465540528297424
1.318885326385498
0.40520986914634705
1.402025580406189
0.6096760630607605
0.6164021492004395
0.5483027100563049
0.3813464939594269
0.5608797669410706
0.6389569640159607
0.5078200101852417
1.4888769388198853
0.7414878606796265
0.28921449184417725
0.8344811201095581
0.8976739645004272
1.035049557685852
0.8919738531112671
1.3812445402145386
0.41977018117904663
0.40497514605522156
0.8343861103057861
1.093612790107727
0.43152838945388794
0.5616459846496582
0.9263569712638855
0.5965141654014587
0.5894507169723511
0.3860975205898285
0.4800299406051636
0.4317304193973541
0.5921266674995422
0.36898595094680786
1.540285587310791
1.611999750137329
0.8572182059288025
0.3126387298107147
0.4968387484550476
0.5849429368972778
0.4660993814468384
0.720876157283783
1.2050116062164307
1.1489876508712769
1.2620315551757812
0.4193788468837738
0.38775283098220825
0.38017383217811584
0.4724767804145813
0.8333361744880676
0.5900161862373352
0.45476534962654114
1.0550633668899536
0.6901353597640991
0.4428640604019165
0.6271880865097046
0.5131165385246277
0.3602367639541626
1.3947199583053589
0.7357995510101318
0.4965086579322815
0.5505616068840027
1.2082316875457764
1.3240532875061035
0.8405071496963501
0.5990362167358398
0.5779131054878235
0.55768883228302
0.45472872257232666
0.3412599563598633
0.5404441952705383
0.3350198566913605
1.1298434734344482
