0.6835699129769374
0.37885734385089026
0.4489987793505103
0.4774254483702873
0.5582300724024125
0.6141479378840673
0.7292524218687908
0.47961104421773987
0.5288697594844637
0.7447330151181395
0.4797771414691877
0.6895104181838404
0.8269532554151952
0.6109286364657543
0.32848444625801404
0.4923265521236385
0.44958446113138006
0.5336311612692195
0.6964766976357458
0.7515829292747097
0.5210585141581258
0.5696941818697855
0.7213327155732818
0.9335145406984369
0.5613206293985162
0.7503935713683597
0.7103577032172118
0.55823993420001
0.5527378036123913
0.5995903971067438
0.434699702204086
0.6754587249042
0.7503500047594741
0.7807841989973098
0.7338952101307934
0.5273653896918475
0.6376020349444808
0.41371240433083556
0.6755839694521928
0.6593054422664526
0.4015863775505491
0.4866992221857843
0.6823221427299067
0.696254746449224
0.7131022196674023
0.2702268151175791
0.5908372073845898
0.407510982671396
0.8965977047930104
0.5444988094732993
0.42513022081310314
0.6613628530711266
0.7127090664803055
0.6002902413738078
0.37499369858855297
0.6211358463602212
0.6760388951128475
0.7232679967463783
0.7570639473473646
0.579133600342626
0.5749971569955847
0.5350845454137165
0.4683475457825019
0.8381912432967171
0.37026128567307937
0.6704557909110498
0.7321524635708624
0.5197336808086829
0.5639879374191722
0.2975458504091571
0.3476801224328994
0.5050319566868636
0.5762588239931972
0.6375778965964052
0.5459724235065717
0.620565362211928
0.6146756608370206
0.645313950859471
0.6495456874667985
0.459464821522637
0.5344690052286002
0.6580757706447271
0.49585081411184
0.44271562378464197
0.5566881726691328
0.5707007359483091
0.7343585601632905
0.904215798467389
0.42594627319570827
0.40920191843311876
0.5873088241343772
0.6142902506153987
0.44944916090848513
0.683729849006883
0.42228095582695285
0.9909719896929523
0.5257715011887144
0.32495423260010325
0.3989981930365526
0.5203805873596873
0.7992758101426128
0.39887554123402585
0.5147863226360293
0.3475125143568473
0.7186985834319609
0.6741991661570359
0.8601141125388017
0.6825857963761123
1.1298641063374033
0.332955281880582
0.9168278752633818
0.6289431894502977
0.6091056577371167
0.6451999589183708
0.52432158078573
0.49528044100900237
0.558623197331348
0.7945145680825819
0.5497274465427965
0.6350731340579443
0.6419731785793538
0.44326139590576014
0.49754559067676063
0.6526903918856117
0.5697560537515073
0.6427250843751353
0.442785072119773
0.5875112158890231
0.48211601095800005
0.5874826619739779
0.6586440682801368
0.3719274289536136
0.9461910722681647
0.7012939645751599
0.5437115517730532
0.8026506088817691
0.7905265908680914
0.7941245121578678
0.7219678687961435
0.46484481417560064
0.46574839393541695
0.4612605629499295
0.7274933773984724
0.9637771079339685
0.8811378408811813
0.543565354360088
0.7829163884050813
0.5824005807841189
0.9037618830120243
0.7325347739733579
0.9132060193454048
0.41588898000406427
0.4487235781837377
0.5471171479085083
0.6239838222298923
0.5300913012355353
0.9778796439773261
0.8070285763082983
0.6407379971876451
0.4561404378320585
0.5653815716132317
0.7944282862918776
0.5759177950175524
0.7013782466020688
0.4825106227178928
0.7304405524339816
0.8231845528701891
0.6501265107099211
0.36358489810329925
0.43993153205781454
0.7111880023411268
0.8365334871290434
0.7641299223590171
0.5462134208565042
0.525459177218575
0.7579723917341938
0.4774210891648253
0.8830791879536932
1.0040963334110942
0.34145463487651784
0.40262971874680015
0.5512283988371177
0.5744131920892358
0.5096540238072798
0.5852034348019124
0.46330460037751564
0.5248067019925484
0.7364076630800078
0.7925332788453642
0.9100661763473383
0.47666262035513357
0.6610235530004642
0.5557405926505634
0.6072659425526061
0.6841008168478996
0.38491911349588853
0.5895064450698236
0.5232402528339044
0.6870907767580319
0.7529118827104232
0.5888994524322231
0.7273133233932092
0.5926208777388863
0.9679792571468763
0.46106664243416223
0.7181169702604685
0.580665232835225
0.5395509419339841
0.6850390390099484
0.5923126753865161
0.43525805055874534
0.5685886756881265
0.7181419585265003
0.49280651491441096
0.48588669677364255
0.7204895721138834
0.4633301337011048
0.4440200431232176
0.7993316558743806
1.215164521571644
0.39515593972172197
0.6379229841527028
0.5386785368447053
0.7240790351726338
0.6486130054104134
0.5024350166785998
0.6801756459563997
0.610151695198205
0.4544368011104717
0.5968101497421932
0.7706481709401488
0.44909465625515704
0.931612174483454
0.7581572620941105
0.44395107380194104
0.6201478882316108
0.43027717631892937
0.48641544478470156
0.45889705936602104
0.25060086671181037
0.8121097373041302
0.49519804776690857
0.198910529040487
0.5665418689766941
0.6263507040798071
0.6389107015739157
0.48971737890451056
0.5681184820601628
0.7159708376316676
0.4004668272909312
0.6165385272505339
0.517908463334114
0.4488310160291379
0.5562154945455235
0.6041204308483932
0.7657984863254091
0.48935353522573355
1.033312092378143
0.6153998792618769
0.6589366855485774
0.622161818661165
0.5174929266136645
0.5247925101129017
0.5471100535350369
0.6123615084022206
0.3717011944604174
0.8620635879434501
0.6233081800672117
0.6583345048073226
0.6600533737894092
0.6105997601498426
0.42092712473290844
0.6147571228369535
0.3611597408805309
0.5532127914079136
0.7085793413976301
0.48134219275555545
0.6075658868363091
0.5967726177119036
0.5386330415970105
0.6337299705642613
0.4536369624982053
0.49280446296625585
0.7298313215022417
0.6941820187861759
0.6447694671977148
0.5645490766814423
0.7798968968432786
0.8256157604844874
0.541966008145582
0.8962762371713813
0.7502087180653421
0.5744313399464419
0.7118176322563219
0.5253853445084055
0.6709105531780301
0.7555642242666851
0.6783501917831924
0.6780928662240224
0.6304595759912736
0.5958652403232162
0.7112267229962358
0.47759785788296016
0.8178568489171728
0.6945769354195593
0.9436871278285067
0.659115196765782
0.5204411149525139
0.7532778046995867
0.40586271262137225
0.3938907619393055
0.4806664747052627
0.5669820828971031
0.9702822498018016
0.6460286763118103
0.6767585922067713
0.3188877997580712
0.7213861838613758
0.3432027083235133
0.6035341328750826
0.6673656294739918
0.4120804505912643
0.34335309631364863
0.819682823661492
0.5800941763145628
0.6118969995603933
0.5772210677151626
0.5205037516476765
0.5294331511863446
0.6410936137401752
0.36288104585688136
0.5374177070235143
0.686789345359588
0.49580763999294497
0.5027555457825401
0.4781466980822256
0.5666997473458567
0.382381665249429
0.6561288603484852
0.8715331926764631
0.5916536812628733
0.6040762841363734
0.2869618964014513
0.35107437019563703
1.3258525931051355
0.8285532912834794
0.558305038455224
0.6411801963816379
0.8877276776447951
0.5773905668377908
0.511150369477296
0.4329453801840405
0.44939942033133645
0.5632482164920043
0.7646601043746285
0.5045583507104245
0.6539812975301451
0.3727516385802881
0.5726796531295038
0.7122064266060062
0.5923890735135128
0.5577318879388824
0.6278162492877871
0.5332175616753645
0.6968491446727595
0.4619347421296176
0.8661263171867056
0.4996177701412554
0.7842790141369989
0.5211176007181418
0.5413585552877552
0.7368462922365312
0.6147265025331022
0.3766780767504564
0.6017897953293854
0.8404356507533496
0.5540836254642947
0.4896545475233324
0.7216889874420955
0.8889259763421595
0.7110557689833682
0.6520193935461113
0.36162413735494914
0.7523837932749731
0.5438099031001656
0.6647229507922241
0.7364054978844489
0.463598609466904
0.6252626416555522
0.6284642399601853
0.6543302840415267
0.7581652006272084
0.7150382224030586
0.4419779788533299
0.7195020285820417
0.6107567689306322
0.7014214576102015
0.8884658406279734
0.6449349158420818
0.42742342933547955
0.7231149950485917
0.5855145527950933
0.5049729743248922
0.9823188554003303
0.4512403678959246
0.5064111686885138
0.9355947299418493
0.7980855891002913
0.704225575604809
0.4430783690550121
0.4501694896903495
0.7458279729001874
0.43159650056521287
0.6158461251910269
0.6164547751085757
0.44592317912088836
0.7514643805567568
0.9454226195230925
0.5938114485439634
0.6320113547666406
0.5827744974507469
0.2814533246176563
0.6179103698717346
0.3491139217863979
0.6462619841579145
0.6194188950227217
0.7995199032039639
0.27124184956602587
1.022898566108979
0.5943413336132255
0.4685914976113807
0.6710265278781606
0.5305570645614478
0.8188569432017988
0.7171908667192453
0.7952650354272817
0.4876600414817954
0.9153049200544421
0.6175586908642986
0.5796656398123077
0.7610800100906674
0.4961801506234896
0.37858698408442
0.5436071775915231
0.594376387142576
0.697138685710257
0.5185671623034912
0.5701995023457825
0.673812671831189
0.5234310352865116
0.5471352356464013
0.674999081331276
0.6883299628104511
0.6129899719357218
0.6367582780214234
0.4865485495555428
0.5548035478369994
0.668164123113082
0.44411965869524717
0.42014136250692585
0.47166032531877605
0.8872618178109477
0.7352588282289542
0.7205875966394916
0.7277564270903796
0.3753560722493952
0.6950565454889941
0.8722911907711154
0.7872771174191544
0.9215234786866394
0.42291456598779714
0.31729387654076757
0.6068544378449539
0.4214250486575921
0.7832077629427885
0.33740221674221377
0.6773127076868483
0.3945106686369894
0.2855089697789805
0.7770988639892584
0.5025660405868756
0.47075794006280025
0.5323438651712845
0.7817196348305439
0.6340969688644784
0.5460857840894467
0.5788515630019089
0.938089297866781
0.6843665539990629
0.5845367428303403
0.6885462877211537
0.47706805125913665
0.5108053199569986
0.7612312222117382
0.5998066327585587
0.737604355946149
0.840142972894319
0.8930813043212988
0.6093196977823546
0.3016741474159212
0.4464515694377789
0.6242331942973354
0.7552249566230445
0.5558758481308056
0.3296820195138526
0.6886986168516012
0.7299652761256503
0.806014692924216
0.549131110632049
0.3495533200173713
0.6092733584034888
0.48561291029803527
0.749111622014773
0.7157388846810295
0.37914980484397426
0.7632544251667834
0.26061944505372786
0.5394768968628185
0.4756441551365238
0.8353260214536883
0.42057883314636035
0.9662017649246701
0.6360496973931162
0.6328327506566088
0.3063998622701909
0.5774531312006983
0.590587177971458
0.5730310614238042
0.704658702031115
0.7257752690120246
0.689765011513992
0.506789020089272
0.7353308540147456
0.8525399736275127
0.7211023877281257
0.5590849298591755
0.6071563927920307
0.8463175411343243
0.36366195395403705
0.587559226782653
0.4201040914138764
0.579437602993442
0.6024341202513348
0.7044417347858014
0.43551221438860227
0.8017997652934488
0.7473182502168798
0.706060482177448
0.4354987196353555
0.737324788630364
0.7116908141157814
0.4715712032047994
0.50384564320886
0.7257808072830482
0.341211201599481
0.5394056593991408
0.4228178834821748
0.6160761714644644
0.4451822594071298
0.700363760700717
0.4451869909022356
0.6024838687648354
0.6784237166021653
0.5885949784586383
0.6352285914076105
0.4820186595807387
0.693477253483751
0.6251528376034977
0.47636558560907344
0.6856258065114981
0.6652664511159863
0.5159528969843734
0.5578741519445367
0.6765853890969988
0.42026122102324615
0.5842295385355162
0.6828840125049519
0.4696155098113549
0.4530904825951202
0.5815758984500724
0.5921864063974711
0.529162150144483
0.5975832047498055
0.4926692758088055
0.8414975706771246
0.8758484276718076
0.326874495527784
0.6648691418753044
0.8031483607904585
0.6348990465527684
0.9099451318151213
0.5426374123207545
0.7273767600752313
0.5102989722790147
0.5023934292617133
0.8035513494291158
0.3435976028483827
0.5085614801287259
0.7043828077039069
0.5098202230765544
0.6042041811311688
0.5488668237084999
0.5998018350418916
0.590296782790408
0.43619360849739985
0.8152578517969714
0.8307512476862623
0.6288919776401736
0.6411575057597486
0.8181916862067315
0.7305443675360004
0.9603210702706129
0.6868497812287071
0.4893120340760462
0.712306631358863
0.6742461129749591
0.5877722865409792
0.7258871482913146
0.8156867792885809
0.86886997983485
0.55643236316144
0.5859602427895386
0.25859769131863275
0.21484584692839645
0.5495364331129071
0.6887677244813514
1.2054533963806928
0.595466331437956
0.9590185793563655
0.8937234425951422
0.3693639401379101
0.6835804639450501
0.7050626808922996
0.9200544152190145
0.4833251257928468
0.5696370720480105
0.5739922427796761
0.44962517609142116
0.5043192902732269
0.8231134937416346
0.38185878241822624
0.7212263725864893
0.7551680295229352
0.781155150711622
0.5848375766088678
0.5261503103113704
0.8422002109550234
0.6219550726551447
0.7347136272296657
0.4112388813665357
0.32103456538617864
0.5640942272336251
0.6543081797018006
0.24868819425855768
0.25799872117214195
0.47257190839874075
0.6435565193646506
0.6537234695368777
0.630382209926609
0.6682407353945291
0.7771690926885649
0.6001770140339202
0.3937815022038845
0.5791892181010153
0.5896032049166641
0.5960771395282409
0.3073397748202436
0.7622530141537839
0.569351362803596
0.4149414116736603
0.6833874806349782
0.6739462519466998
0.8632074065893534
0.8193111681835961
0.47995685068419963
0.6465736096461829
0.528614805516936
0.763784585362675
0.5911049750487145
0.5548189540642247
1.0269543621157393
0.9757444131920212
0.6308550411160028
0.54832831733748
0.6546055490182853
0.7864060470956847
0.690710224610632
0.8341034083237328
0.2717477318979399
0.4518396761076833
0.5494584455279039
0.46427264725362427
0.3465680096590117
0.4278249363327316
0.6335569114911602
0.8383483555519278
0.7812910692811464
0.8227387348444664
0.6529237834929125
0.5944429790063088
0.5872988936307033
0.661981711843667
0.6758604043020444
0.41155628049778287
0.6228484950554569
0.3200615752595328
0.5371335055488734
0.8005481637243546
0.37457927387729434
0.48700291898699405
0.76965853502763
0.4798933221715816
0.7359762440219468
0.5912841193163657
0.7177790565604771
0.7022929837842024
0.6918462593189195
0.6798738556568606
0.4884688706055403
0.5525179192732821
0.5225905057221035
0.6822848026243574
0.7904809068462009
0.5605194463976664
0.7427228324682443
0.5149536703911834
0.4277516639269982
0.5690700995219242
0.8376438934908922
0.5909450462194639
0.31900334978429384
0.7037430540243163
0.6812531346011297
0.4126516434527159
0.8753532192344877
0.6236401227238798
0.6685246756771215
0.726794573037157
0.47316087784715866
0.9225288076922958
0.36798573526429
0.8011131147244565
0.6240608178803364
0.5963143920998999
0.6838184666552772
0.8312690290728811
0.764926035374274
0.4926974709789483
0.7469323512541646
0.47248651467289915
0.8223777155089704
0.5857820959375702
0.5138369455787392
0.627991504000829
0.7131209297708259
0.4802350319589839
0.7588143319491477
0.45504015360270966
0.6359058502732906
0.5973224757082118
0.44605134567290156
0.6007291800947325
0.6994561613046612
0.5880319225521501
0.5761788056255646
0.6324633074502701
0.39811313426248207
0.9923099359047821
0.3589708267734076
0.39643866145485923
0.9582132041515941
0.6941855491042529
0.6773121836094033
0.8331696034357514
0.4589564447865162
0.6004263237783067
0.5097035245250883
0.5785276310526207
0.42349713266121203
0.3105851618069132
0.46127367769439503
0.6917876109298932
1.0324095604597436
0.661137232158564
0.4766426266899343
0.5286983732970124
0.4210890750637358
0.7024351277559228
0.4591235636550255
0.6995329650848561
0.5498347383442621
0.5213770486704704
0.6917661311235846
0.6551114405654058
0.6723002155212413
0.7335979840134915
0.9919639869344342
0.7408235079577129
0.70457464138124
0.5776435065706821
0.5808291973264608
0.6559794653044775
0.6786184782286265
0.619937058618285
0.4706183664583526
0.7779599020635629
0.7653868343105119
0.5845508997163474
0.6931384193905625
0.3922962469512516
0.20512878033957677
0.4549671578319269
0.336831963275139
0.8049110856589331
0.598733711909994
0.6758339150225573
0.7421387183509531
0.6294434176301239
0.8512711028144206
0.4768815371496602
0.5435828313531441
0.8390263568737418
0.8064987968226639
0.7445283876977732
0.5184158313385108
0.47952083438439924
0.7309979593050628
0.6038225186432511
0.5347086306872423
0.4369300146042943
0.5219206937961245
0.852144498113922
0.8962108167371443
0.2832795961014903
0.6115520032593353
0.708713038234739
0.6376980970732221
0.6134292365714706
0.5989967354339504
0.5433426343732792
0.5190170760397755
0.7067201049573453
0.5661060298579903
0.42446375597593033
0.6245797291723565
0.4818512857825792
0.49049334831787567
0.43430301079942535
0.5210787912877091
0.7482843548578993
0.634114524434796
0.7720876891300575
0.387677595539185
0.8037217016936815
0.4613161303806766
0.39983435489397134
0.8060595831572019
0.2750561875619958
0.900582082969725
0.5071775205671881
0.5037269236338887
0.5763631495332606
0.5258770829890936
0.5688824484011705
0.7143539678457517
0.6952773130341658
0.6031748943810525
0.813976871605251
0.3093427579679125
0.6971058331734931
0.393448767695784
0.7612981665441099
0.657180739081745
0.5512089259737704
0.7427407141431903
0.7834133347601516
0.38147270525320814
0.8003737209467695
0.6118114795815389
0.6170948304391061
0.7678562503000622
0.5288414065182097
0.31714696752309957
0.6807691138354524
0.368281225740576
1.0308491575734275
0.5129927031343195
0.5008772851829107
0.9161556336480197
0.7008925887744321
0.8502598152610268
0.6296157353118363
0.8124355046066125
0.43726863801391913
0.76269707655727
0.4643949946817047
0.3430396933788679
0.4129644807912102
0.4505117134158566
0.5421748627182699
0.35423215672741143
0.6495685190597211
0.468023713642721
0.4482525451857664
0.614182923978454
0.6876232442306315
0.34379735035425457
0.4426573837316536
0.7204602607858385
0.6717327854956646
0.5470563408604828
1.0005664164942527
0.6076207495742807
0.3928679130112071
0.6139461794941837
0.6272503945690404
0.5824971963111162
0.4888244057473078
0.5742411987985039
0.45761252038656247
0.7642966219737858
0.4968490160797127
0.40566845182330885
0.38583763358083145
0.6575946329628968
0.527234745952903
0.5324354856083163
0.845722375587008
0.5968900666085646
0.42332929207839465
0.5343628950071738
0.7182773725531456
0.5673232819396071
0.4473932480425679
0.5654620813695703
0.40842917188811734
0.6702163783297768
0.42377847407414726
0.8302183533671937
0.6191946826125787
0.5959554458348449
0.5361184723062165
0.6065779160413375
0.8973375656807041
0.34853916223055104
0.52948620723819
0.5998730228929469
0.5764945063464688
0.34860493875726223
0.4506760702521667
0.4982346102311098
0.6088755817524119
0.9251533076950857
0.9338103083885558
0.5902006657443848
0.42014100282533534
0.4711849211363924
0.6390868340764146
0.8881548358108057
0.5608754257177181
0.6364737282145239
0.6854479617134165
0.5776155859347121
0.666185611612721
0.42867065787722547
0.5618594776510066
0.5757244845330964
0.7236216476451921
0.5557765001217609
0.6855749881292814
0.6299348156654961
0.5215671948718358
0.6705936019575821
0.6041528078825602
0.9566336919348005
0.658965304265619
1.0423268415187226
0.7248885245493976
0.5271493042620361
0.48373940623760653
0.6037179624100956
0.5223382109709341
0.7031142361619773
0.6409637444896339
0.35691235933749665
0.5525234082952941
0.6418894487404101
0.5660184340471532
0.5933408003233052
0.6175143314984856
0.5784824122850611
0.4239488457717798
0.733967440799171
0.42876360734019403
0.8331712151873023
0.3931673812295226
0.5396930956121329
0.5657679936375515
0.5431926184677593
0.8083550537816291
