0.18721579279616712
0.11977730378938731
0.0566996061587479
0.11057761118363607
0.012281510585470208
0.10093778558284787
0.21078038848967257
0.0805311393876499
0.2690816238753322
0.22698743604208935
0.06182848867863466
0.15650222457643162
0.02651171418304762
0.10705168613526912
0.08753245499053482
0.04609006763991897
0.03692901664051259
0.053537426248602436
0.17849286068796197
0.17385636029558535
0.3088868951741238
0.06023428280946908
0.26055874792169076
0.08292919545560992
0.12945215262738136
0.030313617513841422
0.2101535734727327
0.04932727141192481
0.07452033720348979
0.05929100174092672
0.019472532760147925
0.050891493908310645
0.08928266039452648
0.07870097729846719
0.18739097354291875
0.06438067973564186
0.04562431466470164
0.14693125367232512
0.20164483621149928
0.08183839629776542
0.08260016575865123
0.15846056946130999
0.0548554229450331
0.08243820334734664
0.047559491687851285
0.17648109241172696
0.04895168375492933
0.18475418345211306
0.12327985588097741
0.009504034076382851
0.03579721563841421
0.05945324929283145
0.08237761170727373
0.0796101317597988
0.03410040304519317
0.30352315244732525
0.02356714135646003
0.14361904510807585
0.07869060676106489
0.18441216368911365
0.19836844980560472
0.16031053308879173
0.04317994500914212
0.05592055357766712
0.03664870890859163
0.2158861044067105
0.050193542472483615
0.050008103873119214
0.07049802793019369
0.24203322042086775
0.05643581127915814
0.06775873241777876
0.10201377135012131
0.010743483060833104
0.2176495912795146
0.04794487249668647
0.045801539147381116
0.032786208305601215
0.07756913765141828
0.13274543220963855
0.14944090615019268
0.19944528598218056
0.016834081300722316
0.015519165889910492
0.07451647518539864
0.18997442535266265
0.12440296207181695
0.107591634327494
0.10019074503130292
0.049158522471823306
0.036059879930973336
0.11498799318429737
0.1328981003839533
0.13559601470387644
0.03816558491145536
0.03351699529425866
0.08432501738619085
0.10984305893478108
0.039496722115211026
0.3094169108270682
0.01634626531531182
0.15347308421383857
0.016491186278003524
0.3141134296832897
0.03006872789790481
0.13362712971031326
0.25922638211465254
0.18256581236434838
0.07019318530355265
0.042170250970798406
0.21023758057131614
0.12069419221465093
0.1745704460564249
0.19560115314057286
0.03453802067032666
0.02391190027100632
0.046579183181268094
0.04230603172151296
0.17854103632127896
0.05782696335404138
0.032277039498322245
0.04061272206298217
0.016206509380854116
0.15219954146223338
0.043946651600369036
0.24553900112635924
0.1742888558181424
0.022291455996573624
0.19346992278361716
0.36684527471613765
0.1733139293934721
0.22162884708467992
0.1776413766222962
0.22873196779435429
0.14158321674257687
0.0900376439551855
0.044804046019365315
0.03715154157336479
0.10659072256598498
0.04450195959388678
0.08930731545191876
0.1115835744626719
0.3516273608359887
0.1650219810787506
0.008903310883642719
0.17634258457050975
0.048720245687590646
0.03197159372660446
0.3771315417968631
0.10419192421420435
0.06754585194512563
0.16267129635771782
0.056483305959952546
0.007739495663927577
0.06792960946885838
0.12998063085844433
0.0948142891023125
0.1863844969724057
0.22688519405836102
0.04685396364027265
0.11846964326102098
0.09205519827710044
