0.47274009334607486
0.4413823646328776
0.3878113455804766
0.410412559268443
0.4336733060808352
0.3952741624727919
0.41732668444609766
0.4645935852449781
0.40743693531118846
0.4258122283548706
0.47361438400939104
0.451713653818119
0.3951566360449368
0.4465096116911963
0.3883900302615567
0.36982077401582225
0.40662478815934966
0.40640907071694754
0.3830056903952408
0.3765748226049299
0.41879275800371435
0.4408891939914793
0.42141814187827675
0.3868258987432224
0.4922409597806544
0.44915881004107894
0.39839150584401
0.4402349192614732
0.3782759752941903
0.39102817168221804
0.5087581503222036
0.42191752939420335
0.46325875297210306
0.5008840258866558
0.45174958371320134
0.4179069830899249
0.45140012670841156
0.4051632139644228
0.4436138476898911
0.49558454148211906
0.3640277894600947
0.3865899008027329
0.4213452804384039
0.3894793908295777
0.48230050883164877
0.38085983298963344
0.4070332538025765
0.375864681936634
0.41374687663647036
0.415625841649494
0.4825693326463678
0.4801994448299537
0.4490210021078531
0.42876652551651795
0.42307803481391204
0.49014468240399756
0.39252918980221124
0.4478109595961971
0.48392136257098733
0.459617211136746
0.43838194139625614
0.38934794607622986
0.4478166252123506
0.4953684473202563
0.40564310297557726
0.452735685652334
0.5644486087772876
0.4457675004617042
0.43400229888501235
0.4262214952423614
0.43431946878294003
0.4490920317540237
0.4067437153809651
0.5536051727321151
0.4051143251828234
0.625792779662007
0.4346366231981963
0.4378293164332639
0.4478664974861495
0.38422537998268536
0.43566305598162597
0.42735910764831053
0.38295917067456353
0.3972005330925331
0.4515733779919653
0.41516879146018537
0.4206987881043448
0.44222363088647043
0.5732027000487104
0.35576465996954293
0.547422850376336
0.6601871128165929
0.5698558513511716
0.4317821335640755
0.42107888341606625
0.40468740502436207
0.41010654018031933
0.36355537074024846
0.40940611358478285
0.46043699532208404
0.38880568762470114
0.4926563281533869
0.4600314229428921
0.4942566295419434
0.45956627781071513
0.41470273396431334
0.41793070162904744
0.44910772102939983
0.5330879339527453
0.44058866993952717
0.3831645511678855
0.4153199266237545
0.43949319642430057
0.4867504443768994
0.5129611163028354
0.4358849173959564
0.5406127264525438
0.42223493977548565
0.4603627475731135
0.4498286566863218
0.490604579137404
0.3887537838031684
0.3925722716260742
0.43677989112770876
0.4310539540655503
0.40272613781791
0.37180032712090527
0.4585871420206754
0.36791570694705955
0.4310425562843605
0.4231834364595981
0.42952448288385237
0.4348604939543731
0.4060841826769097
0.45464551370784734
0.3638762758500457
0.3725562593201175
0.4066955131659241
0.4434785021112351
0.3924054021909136
0.4881055157172746
0.44385853819139964
0.42681985972462955
-1
0.43775044215390607
0.3973720209678402
0.4021580956355421
0.3729284564732859
0.43942276579871326
0.5031234674918239
0.523440923654022
0.3961624594207943
0.4615547841391711
0.460490863237611
0.4568347623639374
0.43206486482652523
0.422774338213193
0.3980240597532886
0.5147792099185271
0.40665843291424486
0.4269176334203663
0.4159592699628972
0.462022103772368
0.46487385836347345
0.43640827190815623
0.42653875243821315
0.39677863081230025
0.46935887471182236
0.43802295156374005
0.44317858444958125
0.5842438119465415
0.4027487228743343
0.4574869871494993
0.4113506961962794
0.41538934625405394
0.46305545844643337
0.3836774939780826
0.4123688139705688
0.4676829549093482
0.4011126399596462
0.41768289911470435
0.3499373182608697
0.396327229772265
0.4347556837822769
0.42397451733507796
0.3993449301460812
0.4722881107158323
0.40190948240871704
0.3781468607491825
0.37109885537304577
0.48667880369959365
0.5689020501188795
0.43508322089744933
0.41269683860470574
0.3693387662793761
0.41902840330411184
0.4026920026425661
0.5099157483513206
0.3669265929122121
0.47865127193760393
0.3980305203120049
0.40351004849904526
0.5673292186139798
0.481751225254094
0.43878612953442336
0.40225061287207353
0.44411675369062986
0.48941626699038654
0.4026617001426336
0.4198600230486962
0.44297143549045165
0.5084969700804799
0.4217806264752172
0.39304507706752434
0.38025685151670185
0.485720786171412
0.5738568457893976
0.4358263661205223
0.4211061892975867
0.5173774703797203
0.45074941680665787
0.4341986118609243
0.42423277815690386
0.4745080393710414
0.41214197027269717
0.4384174229373953
0.4048248874442628
0.4065126366303438
0.3964068460567043
0.43376862678829914
0.41593822358299226
0.4103929368436708
0.42468025520646757
0.4576006870063958
0.4262661436836701
0.43601906115551337
0.41965779696821764
0.42599272852048176
0.4104831988077864
0.4447342925935636
0.6627933890738442
0.42666369757994377
0.43615768613762385
0.48348596770675367
0.4427377670354622
0.391399035203082
0.43584864506726917
0.39502899920041057
0.3968611594355167
0.39943695163778475
0.47303383317925757
0.40790144712243376
0.4376582534440155
0.4359770548226548
0.4552839605943112
0.33565100062069386
0.5012523241335622
0.4107534514708783
0.41031210900130427
0.46187352072560084
0.3993809172502648
0.4518341287158418
0.4836843361537313
0.3661560281201592
0.41104261469423864
0.5943599010976052
0.45376435977933544
0.4097027508879997
0.30492290144942746
0.3956838420552725
0.44778975933614323
0.38506873224294746
0.4623614565891935
0.4103795803639626
0.4336421941081502
0.41523643488481593
0.46638650792222114
0.411292638066133
0.44180113001953836
0.3923477177642304
0.39362832425460215
0.39706525636290757
0.4293785794384568
0.37430649555767015
0.45219812753743693
0.43800902202940245
0.39359642867556993
-1
0.41942193171729314
0.4577638328051041
0.41496190507234076
0.45283257674750216
0.4131217311119564
0.42813386379575846
0.35548665934497226
0.4516868545848801
0.41601654968228075
0.38064459840168674
0.3774648638549616
0.4151558985987933
-1
0.4010180889660637
0.44245983301150177
0.44932239883418473
0.4062839265049576
0.5292838325265365
0.4554552671248706
0.35334156013802553
0.4355862279038929
0.4436579213134444
0.4077767566262532
0.46734588330849625
0.3820244563289141
0.41470457970337493
0.384724427460209
0.4386504356762216
0.4555886691788318
0.4908246095912737
0.50643678809807
0.45115477380916325
0.403267374439895
0.461330260019686
0.45616825319859683
0.38308536684792427
0.4485638362723086
-1
0.4579834566060047
0.4425449737471601
0.43237391588541074
0.44458026430038966
0.6338187563130557
0.46307493550841694
0.4001454226635075
0.3983449366578492
0.40451048931415656
0.4036584655714246
0.4159086739606932
0.4473224513000799
0.44886658888107367
0.3767485285366991
0.5081742284239442
-1
0.45374123975085745
0.42895925475556906
0.37753849704853304
0.43204224492267257
0.4327440476755911
0.45867415691864977
0.3990524718044536
0.4331892070605644
0.415489143950701
0.42550223388214314
0.4373535400071364
0.40076681547518844
0.38792374454102274
0.41458255774454916
0.3918976473470675
0.40473821170283764
0.42377451640157415
0.43380293544486836
0.4311911052929853
0.4075347409294293
0.4204636314233949
0.389734724494188
0.5173901678747701
0.4254698871952378
0.47273328006495297
0.41028452448245456
0.42673057076543125
0.4721111846816217
0.3890907554378931
0.3679801131753495
0.5176274082319875
0.4002964473386511
0.45149987109890133
0.3987599881328404
0.46758974881679083
0.39025597103811543
0.47878996782997385
0.39976400822698777
0.417443483046282
0.45960269740971804
0.48265839844407715
0.35987124495590433
0.44397595963289493
0.4264404476038941
0.40031016498014865
0.5100832505741109
0.4499220779063497
0.4064088645085842
0.36778819471086815
0.42645032036268254
0.4156209968376642
0.41430690574213797
0.4413612064140113
0.36565025192342115
0.41817076711394985
0.44061034211111744
0.41867144141708257
0.5295596818492582
0.3453473131567975
0.42378803434658435
0.39490957939268456
0.4257864562211905
0.3730267161077791
0.4416200129841697
0.4812644492773335
0.39514499136020165
0.5044603402706465
0.3846593541363432
0.4221046307027728
0.4751081691866532
0.4490600989474025
0.4524095623855545
0.46772176259472176
0.4118090988845786
0.4037360954670327
0.3931984702713148
0.42601428899721394
0.46080580663173176
0.4210902402664133
0.39049136581062494
0.45919497188831854
0.4120810060066552
0.4293737161294668
0.40491215112739554
0.41623911714332906
0.4674706527503075
0.45596219752827316
0.40824444727488807
0.5800382560834543
0.4475404883914179
0.43847081709048624
0.3884089629050865
0.6049013126367515
0.37436258459262384
0.43448348624230493
0.44952203970953203
0.48524167058111234
0.4052805288340652
0.3866440399343375
0.4314423094108748
0.38320234131429487
0.4313494350184568
0.46824838268328706
0.4035669060106394
0.39440732339148943
0.40044441300547534
0.4081290543147196
0.4937164472609633
0.4727899748846908
0.4637258610470183
0.42319930842736786
0.4197055101850803
0.40317442491189415
0.4211515331452158
0.4029726700286015
0.45253329723548097
0.4808498070411975
0.40981993892142893
0.4536369002014056
-1
0.5825935978335751
0.42665117565881305
0.40353272931186956
0.38191729976248956
0.41141859875367426
0.42646661876729564
0.44165823357545586
0.37547305973168066
0.4176470866587507
0.41203906627183023
0.39839023176378097
0.3836524697136199
0.47539520849287653
0.4335307701082251
0.41554542330530675
0.4073902325393024
0.4528411130924821
0.3901332412416859
0.483126241075258
0.41617536899648455
0.5347541663665675
0.41183577879080185
0.43646288440673175
0.40745215999203244
0.4142770435774259
0.5822106573729289
0.4304186426159724
0.38658003093704135
0.4765768396613377
0.39631307684881634
0.4866139203955139
0.4165395172893732
0.3991558824150603
0.37836744718532256
0.4229729879069909
0.4759076449323432
0.6791758189693801
0.404399175988772
0.45022211251627364
0.5062493157895454
0.4327593830955012
0.381484607716114
0.4528150624734919
0.4851990787215553
0.3619708620697895
0.3936402715828081
0.4131304160312359
0.5024708732754907
0.4654970849687554
0.4647985324809125
0.41812198222002817
0.47312100728674433
0.6857728527841183
0.4022891472580737
0.37882613032367685
0.4006906336577233
0.44197024490788855
0.39233586981609825
0.4363416676880366
0.4177036393168605
0.41838575408075385
0.38755466000604566
0.39504455671536687
0.40324101698843895
0.37100741056246467
0.4426512443328854
0.4278684033330957
0.41749292347648315
0.42575190837198107
0.37226649042441873
0.4563707651681671
0.4019007079462262
0.41682914894206524
0.5092418202632546
0.47913138232117075
0.6368456186687631
0.5703335506231478
0.37634051703234783
0.4295466955348833
0.40732811455602785
0.40818692268443035
0.38437382746909343
0.412035476703173
0.46152989829833624
0.3777717406276783
0.3928426275959048
0.42552001257968264
0.4625710048472557
0.3457157787529895
0.43808058364221414
0.3967186728881704
0.46329754510408505
-1
0.453997945969615
0.3733713540238657
0.4109341824956383
0.3093301202024711
0.43337243216154886
0.4287996911060552
0.4343204819021809
0.43586460730826393
0.7342778233938694
0.3996200294720827
0.34587062272768365
0.39142822957186213
0.46026732733402764
0.3981094280763343
0.46631814144749995
0.3973906928071419
0.415723641666603
0.40239528942509895
0.48224357976681925
0.4010622058892336
0.6355970680020767
0.4938851856863632
0.40568348963291256
0.3863360667845088
0.39455774561753254
0.37456974102106716
0.4075685246399793
0.40524214898135946
0.42488098225665216
0.4212761858890184
0.4902191994893342
0.4640377306928388
0.45864397511629806
0.42412153768449745
0.38916580109024224
0.37991133578006153
0.4449537173692978
0.4059550871197049
0.4325393071712674
0.47811976338150475
0.4225995318985889
0.43142744046090975
0.44614254861741465
0.4428288479090181
0.47890570361567686
0.48082374000241707
0.3912552886103128
0.4144385338881415
0.4271483310095416
0.4116363840996286
0.49820264648403034
0.45041761675111924
0.44940838269559646
0.43344907843486835
0.46158458253834994
0.44158218846404035
0.4717051444688081
0.40632149418080277
0.5646395475991142
0.48077094188782504
0.4195793908798332
0.43962775237910234
0.39531494695512814
0.4772510667722998
0.4357517586595028
0.37087836229687476
0.38483083414682306
0.40533115932714925
0.46212678394585727
0.39527705576581706
0.4795806086616036
0.43030875571517646
0.46565844108835397
0.3941330661025224
0.4035714432619571
0.43054483410603006
0.4196018463187635
0.3863814951899096
0.4475082856387965
0.37644821412164176
0.3986593687612938
0.45140656012038227
0.3827422351857128
0.36887716122258585
0.42119341458223547
0.3918148626084983
0.4151634777569838
0.4850219858156681
0.45952271786064625
0.4688781337827289
0.5717845266791379
0.4745135374798458
0.463186717340721
0.3984519452194807
0.4162569713495003
0.4249321431368462
0.4653182528675273
0.45925793695402556
0.44064990976219864
0.44746181126022133
0.39645076147801295
0.44788624184305437
0.4084564803251426
0.5137792095676881
0.4145667718839508
0.4198576064962741
0.43026954426365904
0.40972682089961426
0.39415300541653864
0.4450226675512363
0.5266293060601933
0.4573293640197938
0.4262243913265521
0.49091652660521845
0.6498377935397073
0.4898991991351599
0.4109299864425389
0.3965426441013403
0.46920540980927916
0.4346967401543217
0.4027853359468707
0.3999307211291923
0.4197511816582125
0.4062825501159285
0.47764937846661876
0.34253181045517284
0.39632751001692257
0.366325021902153
0.4279523611278224
0.4049390242959636
0.4367065158859242
0.41927501024336
0.4259925636993759
0.4463537653500159
0.41351270968365145
0.4070704216132577
0.5973609795193757
0.415745966937111
0.5147848526359537
0.40192347173785825
0.4223837960032444
0.45604221398899514
0.4948129792531659
0.46284433719286
0.37784976884166044
0.28912503935746925
0.39615362737460835
0.42937606023154523
0.38253104057502396
0.4474138189104688
0.42453050491473293
0.394255592823868
0.4730570336501426
0.3831845932073613
0.4398468158369432
0.3768561518981457
0.4649664371106379
0.4060227796387149
0.41978360842835416
0.44211457925448544
0.4415514475107461
0.44562307134869916
0.40986728586281707
0.4445294294077681
0.3743225009116724
0.39517962339074975
0.359629139240467
0.47732842723362523
0.5232152165068904
0.4371814183695001
0.4744495745997911
0.4706355235497599
0.43492836288595216
0.4617837841114657
0.4661136549638904
0.45270135435853665
0.4380557497539116
0.4588699462930378
0.5222079317882258
0.5372424924348552
0.46709588514143185
0.6148791379527234
0.46969060321096556
0.3898741272857162
0.3853973834732551
0.44089714220910403
0.4641429057183627
0.42780261332229097
0.46488905021948623
0.38423508427606023
0.3959462539839824
0.47949150961349474
0.4382245433369683
0.4036761337605641
0.4694004662059791
0.4207344912096441
0.4388571200527025
0.4383647807277813
0.4115549251405153
0.4472893684954796
0.4213433248965544
0.41601483810120077
0.5413622452974578
0.34580014772559203
0.4323002135430216
0.4305576295991032
0.4851867057145274
0.5779569814167331
0.4769190921521412
0.42284878204755766
0.41113031667645816
0.4426592176836923
0.47274696721654885
0.5089125687020118
0.41447237536508774
0.43410966103173054
0.365874290906034
0.3847687396890638
0.451806864152724
0.44890378513665663
0.5196386331829096
0.47556113079393725
0.42338127307152307
-1
0.4374874801229961
0.39081213216517974
0.39741225077533254
0.43043214357237514
0.49585831898169586
0.4436381488954101
0.4223920660913539
0.4184322330411356
0.44716058036580897
0.3551736115914967
0.47132399254372415
0.48965432869850817
0.38196025078479856
0.43997230758354555
0.40719986810029507
0.4124855602372528
0.4661456865997781
0.4048201863901017
0.41859777043095614
0.41528667394043906
0.3867910871600132
0.43535379627349147
0.3729335889362119
0.421241768756412
0.4531995279206271
0.40953935284993126
0.38302804920966727
0.40165975382986796
0.38966171801646354
0.3884368338512804
0.3757348507995594
0.4518042873523017
0.44523977746264876
0.49173345666902746
0.4640322392358951
0.40668830046499416
0.4541584780956499
0.4784509787916855
0.40726294025193543
0.4517202966819117
0.45813622624005274
0.4107946684925727
0.4138235559807628
0.38937323365009535
0.37640572923686294
0.41490634070885846
0.4341437452221747
0.4236646786369094
0.3341234337773866
0.3860969031989089
0.3935829933705454
0.44008205422018476
0.4092464493223906
0.43456715615659225
0.38440571432703236
0.427244535729392
0.40587960866135786
0.4150725334438506
0.39124653426511596
0.4316414371282743
0.4302387060363563
0.9657824841924116
0.42419389795539486
0.39379486508380845
0.37268079013823174
0.5482100321854184
0.39369276548573373
0.452940233697564
0.38220235516737044
0.41270641637201855
0.44126620233565206
0.40492749222205343
0.42205158581747926
0.46583784164363995
0.49023928456919696
0.44436548965423606
0.4135434134643817
0.3878253109446742
0.38147783685041686
0.4022008497070569
0.4173000859685101
0.42596630090383425
0.43369290232615004
0.43027615680765574
0.3788186689212733
0.5073745547869131
0.3724571322336437
0.49868557960513793
0.42094943401364504
0.37574692953960875
0.4109550767265958
0.4632888769773075
0.40187266335114946
0.4559622210083757
0.4335084370415754
0.43643606499718174
0.4576457013829136
0.4706714255769589
0.38240392073548224
0.4655793600212017
0.4615209970426272
0.4123050442815086
0.3940917901776758
0.4097465925821391
0.46468472898248003
0.3912600518672644
0.36923538012321233
0.4298292452451151
0.44101003874531497
0.39266528241562704
0.40117243312790507
0.4038294285522176
0.4163853593690857
0.4753246724142241
0.4065548483792657
0.38243940043137226
0.50340062458518
0.39828051253230473
0.41528708953631155
0.43175114578859775
0.41253830930154906
0.3899251084705698
0.43509257818559144
0.3892457287067442
0.41791640057121016
0.3825583732360658
0.44324275775630484
0.36635867990934506
0.41317335787896503
0.46179820416842177
0.5688106377742262
0.36224195615555665
0.44002424751188907
0.44098378515248515
0.40333335340496845
0.4220885990384685
0.42588057053628037
0.40253255182408904
0.39153625079118287
0.4500957445077727
0.46354208931893154
0.4562711899611437
0.41106957818796774
0.41539318182434914
0.38324081866477416
0.4586942904223976
0.39145072009882165
0.4596438887871224
0.4283440099646647
0.4048048633486169
0.42653548318695034
0.4890730287159594
0.41114467431241897
0.514836896111151
0.402248944383126
0.447208080308251
0.4565214630019316
0.4470074611852153
0.4321643319268792
0.4151433016627034
0.4082188172540704
0.3672703141927265
0.5622726425459228
0.40223690940121204
0.4546607202596867
0.4517829698872824
0.4354821815149129
0.4314324030434239
0.432165547586847
0.48506111555164
0.4079602265752664
0.40567091226356333
0.4646459607351048
0.4457261082293754
0.42505393168269473
0.45407170702793426
0.42307070802676106
0.4208903254981541
0.4514304645270316
0.4737580356336258
0.39486940055747916
0.49946554209049837
0.40145031903888284
0.4203771941308342
0.36842596049272536
0.4047296375681748
0.41981631121866037
0.3843319884962588
0.4022061241357776
0.40588857034542897
0.4367484804623187
0.4198224521171297
0.4243390429093766
0.45439911433596636
0.4420861974239716
0.46881146514491545
0.3964022678907607
0.4027245050960038
0.40385085381913804
0.46183429239760077
0.4436218716548935
0.39870763708732637
0.4081866647684783
0.4313458077739253
0.3694358416274457
0.5949071359321219
0.3577342830151501
0.4112992650479896
0.4814423229374481
0.41495908028250494
0.4194530637328111
0.43781517024866634
0.4711552217092638
0.39841777117526256
0.447816057087134
0.425149374764768
0.4270457331774148
0.48022871324016836
0.43819951662831585
0.47571866684932584
0.4147058367567801
