0.5226384214291412
7.781902872727367
3.4182562935631826
2.9102010809023535
8.027528364476057
1.835985314245099
0.9933627652689767
1.0587386676593291
1.2824008038311883
33.19749469103304
47.438178658854326
2.1445355368386037
13.422914858221441
1.8397319259967757
8.41112569516181
2.7050054069847778
1.7999954734172752
9.800840594403997
9.82672746471167
0.4090875982607246
1.0675275123274461
20.988963628239468
1.3128770497784297
4.742968086493164
1.1530830150177542
0.8337935959070777
0.22054312450827826
1.057237377347318
6.6196471039427065
26.18580368309077
4.846389227809368
3.8083799886134417
2.60366881631982
0.979634391572912
0.4691809178945095
215.55114464908536
0.9027675870372088
8.475054154307822
6.661473027039337
71.19076631144428
6.026674534427918
4.956531571382119
0.6149481266153183
712.9836000791678
1.099776755284746
6.738610589027215
7.604737494280002
1.9593858367368966
7.863876957398871
2.537278401808979
4.164211849017817
4.407747782337944
2.6958945595365913
2.1817362957065005
42.99605553861549
1.2045669517703976
0.9156880276989146
11.640994399694343
3.172081503355282
1.3508535199788336
0.6142062310606474
10.050492687613344
8.240038870178175
0.9641333817721838
1.7020213751317859
4.131150502759799
4.359087866232042
3.4959901800495974
0.8226929444696814
0.5496343608967567
51.6861235987759
0.1307826992687303
2.7759721065894976
3.574869014943661
0.7269315796545078
2.402029272061409
2.742062627335441
2.7587858576528035
0.6506272156558371
3.9828224230014504
0.5401539547988411
34.225771384936074
2.9230445819487096
1.671473133951675
1.8069481706352948
22.148875424251433
40.71129190391511
0.5431159943834363
5.724145952393159
8.201442265485053
4.378511416819178
1.3371714381059054
1.0597944606973493
11.706346979404492
8.153821626313025
1.7886700974793464
50.25582427787954
7.299332527133575
1.4667117913641763
1.909071204073452
1.9274616364639023
2.1410678600376216
1.1572740006160602
1.1868392281577709
0.512623452743004
4.977128044527702
2.202091687634266
4.802551255565363
3.316708017288184
3.913894183542973
3.8556937050215105
0.6153358930222032
0.7598818518584428
5.396526530637305
0.7588713848663695
7.492380284735667
3.493328277028528
32.44155145859891
0.8869881864214676
0.7996099370443578
48.77427596625383
7.2703967532152225
0.6233606454424097
2.161791627055253
1.6415890618737616
1.8460020504387329
3.7419113998263502
62.57398386074756
9.508002939996754
8.333226767282575
1.0010785503589639
12.621911706277677
0.8098867529640381
18.296075101534658
1.3257134193873152
23.918331457204932
9.530418292847777
4.814167043341072
2.701074934856044
3.4834499506282546
0.9896081492696788
0.8603877790357494
4.986211558169038
45.00960286046618
5.497570989146464
1.0595910064977911
1.2002979313018332
2.842995099421307
0.4503408012733566
1.9924615221612199
127.48961445674746
2.0678979948327774
0.8497445171051322
0.3507469893663955
2.5061018786715263
9.75751568890861
25.09043564458876
8.36780578563525
36.55472803935081
2.091677151362772
2.197076862741511
3.961036676673045
0.42501433607299216
2.2391821609354894
1.23818831013812
26.094709260767484
12.127184203107383
1035.5157119640185
1.7069360443355461
2.127479049577672
1.9096688598265357
19.841499504505745
9.866609575541577
5.007337231094277
1.3641506745512697
1.684406665148826
10.653751704410146
9.359621513194178
0.5226577728655663
109.11175699449302
0.5296059470835581
2.8480792116642433
54.02293643504856
2.903527300846581
3.779420778014012
88.54104545341815
2.978012002227407
2.0231663622746026
5.856822220304003
20.149332685687323
1.473343693144732
4.384664335979354
3.040202329931366
5.97619849377886
2.0197741213174156
5.588198221176068
43.44119354502099
1.1221985027231451
1.7812801422860587
5.734957306449522
1.414015703089953
25.921204970837287
5.719095481905252
1.3650600137716895
10.127834428029729
6.163361971766787
2.907959991019273
0.9218370400028043
18.849063312408187
4.745234366558415
2.3727302647525126
152.54886944602384
1.2312146876054968
13.961171903269948
20.428420439803386
2.875589512667881
1.0316779982830995
0.8665948369062494
1.9067185536560123
2.765208019094022
6.033351060040309
0.7551459970740662
1.1247061299431014
1.9772988489362344
46.927739515228666
2.913806881270637
1.9896595844666813
3.69191927907121
2.214573908270992
34.07127426295751
6.415190497349605
1.7254320907817688
5.324440185555543
1.1672564636972929
3.555109280592656
5.23536768492592
0.5409472334683989
8.679064951126614
8.024180241341142
12.865266086385507
0.9227820282590197
17.33986753144913
1.2529554388148623
5.260840174570978
34.49895500292274
16.915920159398855
3.7159958455829365
1.3352223185223842
4.796706866616175
9.357993549651406
3.0930993843227177
2.239324218425756
42.01415041845207
5.824202148949415
7.151791636508136
3.603693225891196
19.412303476981336
16.378785434122037
17.79982186350789
8.522451382131214
10.760420479494028
4.884946442421897
19.218501293061166
102.42824761795154
11.813824825186261
15.506046613168836
1.8607240728237122
2.9947183602501473
31.492227307897142
1.9399439327275385
4.893203722365094
2.3835572734776216
0.552710856706024
26.097959825234465
7.615479886154389
2.2633576059651883
12.991135867461166
30.17718271890689
1.9526474427506217
39.72713763036194
1.1487789776406272
7.9546996087875055
1.0635781137058833
1.4892071709819599
12.393865743329535
20.468862895265087
115.83572371606088
3.134520923861543
0.41513420535218293
11.299430796004046
3.4758296639394635
9.508618016392196
1.7405062125255253
2.3134684711142395
3.0755543706128656
0.33215294460595607
1.7721717606585634
2.9965052760344073
7.220107180161717
18.315555682533414
1.8892051692792855
7.538969201054218
20.675069476084662
6.217531903274281
0.8558626862734757
1.1674671964671612
3.469706701799361
3.12825631704496
21.622940714219904
0.6983718638388228
38.235740333200724
5.663769173916723
4.386181012291374
1.4011315148980905
3.172096659156398
4.436968861619194
1.78063888987426
4.359341672513065
1.2726296362232496
1.4597921297945142
0.555772537861565
3.635489345721421
0.49369627460817594
10.90717718629966
5.4064022348924565
1.0539374272370565
12.092310507714346
1.9255846652218795
2.6935615199291094
1.0310199855808546
14.598316691732407
22.784696753417546
1.0858311234271043
0.8369328918631104
2.807860267971546
9.607212647925776
16.62851470322606
39.59872905034691
3.392646625599942
