8
21
10
12
19
9
15
10
3
16
13
15
18
2
17
3
8
7
3
13
10
10
17
16
21
3
10
12
10
25
15
15
15
17
13
13
11
4
15
17
10
5
4
21
12
17
7
6
12
22
19
13
6
5
5
20
8
9
16
15
19
5
13
18
8
3
5
3
11
7
15
12
21
14
22
8
12
4
15
6
22
9
17
7
12
26
10
18
7
10
8
5
7
15
15
14
4
9
18
9
24
24
6
8
20
5
5
3
11
5
14
13
5
9
15
20
22
8
12
11
8
10
4
14
27
12
8
8
12
5
14
12
10
6
18
15
14
2
8
4
10
5
8
5
3
17
7
6
1
14
4
7
5
3
17
11
10
8
8
25
7
15
11
6
11
4
14
5
12
4
16
8
11
17
12
16
17
20
20
19
10
21
3
15
4
5
10
12
2
14
9
4
4
20
20
10
14
9
7
14
10
22
4
6
8
12
5
29
14
23
3
4
9
4
13
21
16
9
18
6
15
11
14
15
7
14
15
16
9
7
10
5
8
21
12
4
9
1
19
23
12
8
10
29
18
6
5
18
7
4
9
20
19
7
1
10
16
6
13
16
15
7
21
10
13
6
22
12
24
13
11
12
20
12
5
5
22
22
3
7
18
5
13
8
18
15
4
15
6
25
7
11
6
13
19
9
7
6
7
7
13
21
10
8
8
3
13
7
12
11
15
1
8
14
8
6
10
8
16
10
3
14
10
19
14
9
7
19
13
15
7
4
11
15
6
17
15
9
3
12
8
15
15
8
12
23
8
17
3
18
4
21
13
20
9
8
3
7
19
3
16
7
10
7
3
10
5
3
22
11
12
18
10
9
12
5
4
6
12
3
19
9
10
17
14
21
6
12
11
6
7
31
7
18
19
8
8
3
7
20
11
16
1
5
5
9
3
3
13
6
21
5
18
5
14
9
3
2
15
19
18
6
7
13
14
4
7
13
16
4
5
9
19
12
6
16
17
9
8
13
12
20
2
8
8
10
20
12
6
17
3
12
13
12
16
1
4
15
7
10
30
5
11
18
7
20
17
22
7
23
15
7
5
2
22
16
8
7
4
15
3
9
6
9
7
9
10
18
14
5
25
9
14
7
16
9
16
15
8
9
11
13
3
19
15
16
11
7
5
15
7
6
15
3
8
4
21
8
3
4
17
24
2
2
19
16
2
4
12
16
5
22
15
20
17
14
20
17
8
10
20
7
5
17
15
20
2
17
12
24
4
14
17
10
14
7
19
7
1
3
9
13
22
10
16
14
5
14
10
19
4
14
11
13
7
8
10
8
9
8
16
8
4
17
21
7
9
13
8
7
6
7
9
17
22
10
5
10
10
11
24
17
19
14
15
2
27
8
12
10
27
6
9
2
3
3
19
6
10
16
11
15
18
16
9
6
14
12
4
9
13
9
11
7
16
11
6
4
12
6
2
10
9
27
14
11
10
21
4
17
26
14
4
6
19
7
7
17
4
21
3
21
16
16
15
7
4
11
18
16
10
10
19
10
12
15
9
10
19
18
12
15
14
13
4
13
6
13
10
6
9
7
14
7
9
14
11
6
5
17
7
17
24
20
8
1
19
2
10
13
13
6
6
3
20
15
13
8
13
10
6
11
7
5
5
10
8
4
8
4
13
1
9
3
2
19
17
23
16
12
15
20
15
7
4
13
8
3
13
27
12
8
11
11
15
5
19
17
19
6
10
7
20
16
6
17
18
17
12
6
24
19
21
17
8
4
15
21
25
7
2
8
14
3
17
6
7
15
31
16
11
5
10
1
5
7
11
3
10
15
4
14
12
4
2
10
18
12
4
9
13
13
19
17
15
14
20
15
14
20
20
15
8
3
8
6
10
6
17
13
18
3
6
12
22
4
15
12
9
22
5
1
11
20
5
2
2
9
4
13
13
9
6
19
8
15
4
7
14
22
10
10
10
3
9
9
6
14
2
15
8
10
6
26
13
11
26
4
11
5
3
4
4
13
26
5
5
11
20
16
10
4
11
20
6
15
4
14
17
15
10
26
17
9
14
5
17
28
11
18
9
11
3
4
10
17
8
17
6
8
11
17
7
13
9
16
4
20
18
2
4
10
14
2
7
9
14
8
14
19
11
4
12
7
3
13
14
12
9
4
8
10
3
14
7
24
15
7
7
7
4
8
18
5
17
6
12
11
11
10
14
17
24
3
13
12
22
19
4
25
7
4
17
8
19
8
8
3
18
14
16
10
3
9
15
13
19
19
18
10
