16
7
17
11
0
21
0
0
0
0
22
26
32
0
27
10
17
18
20
28
12
21
8
0
9
21
16
15
8
13
15
22
19
37
13
28
14
10
41
19
17
0
17
0
9
0
28
28
0
0
22
0
0
0
25
29
28
0
25
0
7
15
22
17
31
0
7
10
10
0
24
19
10
36
26
15
12
13
18
0
0
9
0
0
47
23
17
0
26
15
0
11
10
0
24
0
18
17
23
9
14
16
15
0
13
17
0
25
9
0
0
21
0
25
16
18
0
0
19
22
27
0
23
12
16
14
17
0
36
15
0
12
16
12
0
11
21
24
21
12
0
20
0
16
24
16
22
24
0
0
11
15
0
31
0
34
11
0
0
0
18
20
11
9
23
0
31
11
34
7
23
0
18
32
0
9
0
45
0
11
24
21
17
0
12
19
0
0
0
44
0
19
34
16
25
26
0
29
16
0
9
23
18
17
0
0
0
21
26
12
35
10
0
0
5
27
13
22
11
7
17
8
12
8
36
13
20
18
15
0
17
0
11
8
24
15
20
25
40
16
0
23
14
9
21
36
0
0
17
0
0
12
26
12
11
18
0
14
0
29
0
13
22
0
29
20
22
36
14
10
0
0
19
37
0
22
15
15
16
10
0
15
0
10
0
16
30
23
20
0
0
12
10
19
24
36
0
9
23
21
0
26
14
14
23
20
16
0
0
11
25
23
12
26
15
37
11
10
21
22
18
28
19
17
13
0
23
0
17
32
7
22
0
38
13
19
17
36
14
18
17
17
25
0
20
34
27
34
6
58
0
0
0
27
10
0
28
0
18
11
19
24
0
21
0
16
9
18
0
0
20
0
31
18
15
0
34
20
19
12
21
24
0
18
18
14
8
18
24
5
10
20
43
16
0
0
0
20
15
10
17
13
32
0
0
14
16
12
27
29
13
0
15
27
25
21
0
9
31
14
13
12
20
18
12
19
0
32
13
15
0
0
19
0
0
0
0
13
16
0
0
0
25
21
0
7
0
35
36
0
0
16
21
0
0
9
13
25
0
24
22
0
13
21
31
0
0
16
21
24
17
32
0
13
18
0
18
0
17
21
16
22
14
0
13
0
26
0
15
26
17
10
0
16
30
43
52
18
20
7
0
0
16
0
0
0
0
21
0
0
11
13
0
0
25
0
49
22
0
0
0
0
34
7
0
14
0
37
0
11
28
0
0
17
13
34
0
0
35
21
23
0
29
0
25
23
0
36
13
0
13
0
10
26
16
16
9
0
16
15
18
14
19
28
11
17
12
11
31
18
17
11
16
7
0
24
25
0
11
0
12
18
19
9
16
0
23
31
47
12
7
0
15
17
33
7
26
0
13
10
17
0
16
27
0
22
14
33
0
14
0
27
21
16
27
0
22
0
10
23
26
0
11
0
0
31
0
0
0
16
11
0
13
23
30
0
28
0
22
24
0
20
16
14
17
15
16
0
42
0
16
32
16
0
24
22
0
18
27
0
0
14
18
19
25
20
0
28
32
20
0
0
22
16
0
15
10
14
30
16
13
0
22
27
0
0
0
0
33
21
0
15
0
0
0
0
0
13
20
16
10
0
13
26
0
0
15
15
0
15
0
0
16
0
13
13
13
10
0
35
11
27
20
0
21
0
14
35
32
0
20
0
14
12
16
9
18
0
9
0
0
14
9
17
19
0
13
36
29
0
20
0
9
16
16
0
38
17
0
0
0
10
0
0
16
15
22
16
0
0
9
26
15
8
0
22
0
17
25
15
24
0
0
23
14
0
0
34
29
14
36
0
16
0
16
23
0
16
21
12
0
0
13
40
21
15
0
40
0
18
9
15
33
0
0
28
20
9
0
13
0
0
20
17
0
11
16
22
0
17
23
0
24
10
0
0
0
13
0
0
19
18
0
27
28
27
15
31
0
28
27
14
18
0
11
22
0
16
0
24
17
17
0
0
0
15
13
17
0
26
0
27
12
9
0
16
20
12
23
0
0
0
11
21
17
11
29
17
19
39
19
27
16
14
0
9
23
13
12
26
23
17
16
0
0
25
18
0
31
18
11
23
12
0
0
35
28
0
8
0
19
21
11
13
20
9
0
15
21
0
11
15
34
21
24
14
19
0
21
25
0
0
52
18
0
13
0
8
0
8
9
17
13
0
0
11
14
0
20
0
17
0
14
23
17
12
0
20
0
0
0
18
38
17
27
22
18
25
8
22
21
11
28
0
19
0
10
17
36
13
11
0
19
17
22
0
0
14
21
10
