0.8200521185868159
0.8523507625506987
0.863178074704704
0.8942901642555732
0.8515460552226567
0.7942342462693351
0.7269251486944048
0.7945829226411611
0.7609364371082845
0.8946585404633519
0.8444903897291403
0.8676509022729071
0.8271881895202782
0.8486698618122127
0.7709003501896543
0.7851851923941167
0.857854543855514
0.7822692280216254
0.7625823424618846
0.8624911795895726
0.7287201385960267
0.771373676054212
0.805128712819051
0.8003364369411025
0.864501645336861
0.8393217715796883
0.7901158006532043
0.8481541856549215
0.700100635414285
0.8340676722120395
0.8176958852694353
0.8380804126334
0.7614279522189809
0.7799234624388482
0.8296915934398219
0.884470066707769
0.6594899565355529
0.8267705951634055
0.7167786666768512
0.8249857429807999
0.8395081255054962
0.7902866454274182
0.8177914916106998
0.7209070020606263
0.8893361348406756
0.792541095829154
0.8228837379358922
0.8108261610851438
0.738005011517509
0.8419802955040456
0.7911607660726836
0.7909355710078356
0.830557628524849
0.7485983205290756
0.8381199368799632
0.814489117196777
0.8091069243170086
0.7637694990546314
0.8484134599812096
0.8528015336394671
0.864470882937538
0.8489676215000157
0.6231830985720819
0.8293297268027919
0.8737267711309544
0.8222048123445613
0.7561002995143736
0.8580043092403296
0.7482426954860611
0.831993892320205
0.8169462495388586
0.8627810138651206
0.7713795209843499
0.8125586578616286
0.7518509396227702
0.6419222914463206
0.7458580650127341
0.8747363208833885
0.8131708876926678
0.8189279007766591
0.8244843257909108
0.7581204190770123
0.7944119285484648
0.7529670648875347
0.6936404794627209
0.7830585788993802
0.8761241810987932
0.7348997882101704
0.7095722716360856
0.8265330219479841
0.7520275693547345
0.8205552079189433
0.8399990159779043
0.8188259252085207
0.7950138485582552
0.8207005707087376
0.870680277404484
0.8175829608292997
0.8577440414682589
0.8276268324077192
0.7151851375053204
0.8403171052720817
0.7758833061415078
0.7656765636797614
0.8688121168905122
0.8113472290375316
0.6866717714241752
0.794092740946734
0.9098441068145502
0.8282801993145421
0.7843011730515461
0.8448670540726856
0.8960260414851798
0.8374120040472253
0.8079779233514022
0.8376927231954098
0.7644282067283601
0.8880247126840475
0.7340831696933426
0.7543901840362014
0.8526591886037439
0.8429083467941623
0.6711343343791295
0.8018453875958962
0.7974120465173787
0.8600629420411863
0.7223820817992337
0.7237153452816815
0.825546769616409
0.7377575978113251
0.8370373149843966
0.8497318798034845
0.8271402557111525
0.7842994695470713
0.8505603036693634
0.6906676978600939
0.8133213979301561
0.7509522123440485
0.8645941566323545
0.7771658307943858
0.7918596925612116
0.6909072632244587
0.8259338898036593
0.8580427909017025
0.7101108036317877
0.7330856557161357
0.7910991684065489
0.8318955511102555
0.7717478720729344
0.803524016763806
0.7244749312363181
0.8092982419458172
0.7265756110484941
0.8153085486338123
0.7615448452823688
0.7604590623492768
0.8565629206797303
0.8567428234674166
0.7635936378632534
0.8068195570322969
0.8106227954463954
0.8603532290370743
0.8382966558025307
0.7011057096693312
0.7349052682958559
0.7710584490954077
0.8581144574063332
0.86512572953203
0.7346954798072166
0.9025797523646255
0.788662246396163
0.7684472423555719
0.676761511863644
0.7494306885742866
0.816681225583365
0.7582029320158342
0.7789278957940311
0.8456841321634957
0.8718268901422991
0.7618778571302439
0.8556814148998186
0.888994736119305
0.8761782507421005
0.7897305412343314
0.8291820243437334
0.8358549631697745
0.6902504038372734
0.8165528003613676
0.7635628917073598
0.8233947381478088
0.8189859407861166
0.802000369639014
0.7391023544908424
0.8159618128038325
0.7830903777562876
0.761873810066287
0.779247690993079
0.8409336985417233
0.8556993261685923
0.7705579872353168
0.8014300216388006
0.8046987236662011
0.7632701224796554
0.8407427160899189
0.7574960453396791
0.8123871733726233
0.7476021541228585
0.891274968524054
0.853423300243664
0.7668910259865576
0.8412764748311592
0.8210284294453765
0.8310981704893632
0.869916982555681
0.7324803403163699
0.846283663478693
0.8333133754581217
0.7473520596444561
0.7985020285283936
0.7906481676175118
0.7389924297335736
0.7854488467785757
0.8614984601528977
0.8605099007946057
0.8079874439241282
0.654837693479206
0.8364153162281207
0.6869082599848639
0.8315258586128407
0.8871143564596976
0.8432864382540932
0.8326645033753328
0.8165489735979687
0.8062279526576761
0.7631006959737142
0.8211693254354544
0.26154215401348296
0.8797109135968504
0.7784334381045557
0.7689724529989395
0.8603112562127807
0.8093199698929583
0.7455333019715527
0.8537592388423823
0.8526380666825157
0.8572499724867557
0.8935285532201431
0.7254296802168352
0.7969392704851506
0.8216314624835619
0.8037874523932322
0.8889865071559935
0.835708329970781
0.8220443115462717
0.829928117922476
0.7949028488206054
0.7122441288451824
0.6566975773957107
0.8546427250118322
0.879868884983986
0.8559314350856432
0.6429597460524685
0.6730546188125093
0.814137726163622
0.6711273260189901
0.7187994323876553
0.8168755625939552
0.7188453508984407
0.8105638405635992
0.7375113271002974
0.7594852824480041
0.7754868474516565
0.8127551368561289
0.8008094522136352
0.8229947592212532
0.8044736329975641
0.8307371392595451
0.6957680147783036
0.8275446057072928
0.7596916415826518
0.8195236257390878
0.8001941179686488
0.8522690253933228
0.8053293961890149
0.6384151147958091
0.8760142554975925
0.8592705545648913
0.6901880859420403
0.835531736868652
0.7640828785533289
0.8143637228057228
0.798802215864203
0.7610302363562567
0.7331146551779022
0.795417730045034
0.8403976221464082
0.8871222165656317
0.8455686504973667
0.7748612666116088
0.8123366389844751
0.7900619573723209
0.7898864742045403
0.8163095664361155
0.8282468852673286
0.8370993346091897
0.725009984276983
0.8648101333472076
0.7784065462425553
0.8451597705322447
0.7842310954274829
0.8897410032344384
0.7472149399308878
0.8209806605280145
0.8138454803677628
0.789618720819808
0.764263835567263
0.7978825827210385
0.8400917009305993
0.8005746097472453
0.8866349728755009
0.8182454941479984
0.740657066552321
0.7984634390652793
0.8641001613401776
0.6904003051226747
0.7920793536643378
0.6896054171395604
0.8100415825369125
0.6287794989522284
0.8559960388152057
0.7986971033447265
0.8993310360786755
0.7544468784067082
0.8292295546172191
0.6955821759399439
0.7130433060266942
0.8489979184716884
0.7190238920537959
0.8059603473580665
0.6737613972977862
0.6871691986603465
0.8530623534328579
0.760036859160938
0.8967945468142139
0.7819708352626145
0.7943313166501139
0.7127419544510255
0.8703210933582137
0.6699306031207357
0.6797451556534436
0.8104338141842531
0.8085248621678344
0.8215464041500209
0.8218590353997677
0.8431433506034144
0.821999352822171
0.8490023844883435
0.8576262235536221
0.83162944675421
0.8414595048418949
0.8941872253895976
0.8665006396244259
0.8279536106106582
0.7714986147920027
0.8121155817276087
0.8818560946283722
0.8599206074793855
0.7270070696869478
0.8342639923003385
0.8360609984203682
0.7493753337665701
0.8362919310173548
0.7717124973419353
0.8824530933107897
0.8287246646676698
0.7468518268589387
0.8167422812423096
0.8175432594086018
0.7403340680134847
0.8042388185718867
0.8475872259265331
0.6652529237616827
0.7820580686428025
0.8635286679238656
0.8882363410742027
0.6617871548809501
0.8410106127330041
0.7844269201568276
0.8499455922484538
0.8477965270619188
0.8778509331547222
0.6819319494164332
0.8782150686148
0.7952375234353093
0.7306746866638725
0.8379511556696801
0.7682368146429022
0.7319426531829367
0.8663830288076474
0.8488334453585522
0.6967106975357329
0.7987210618666031
0.7457053824778362
0.792280811374268
0.8464474375149779
0.8006113686013494
0.7960404849487643
0.7511015691100508
0.749591528392249
0.8237873759971266
0.6601709153334827
0.7000570840678273
0.8577269464084557
0.7821485322187616
0.820711099857319
0.7651146008963337
0.8623951147894067
0.8349663613021199
0.8238812018182353
0.8458458110608272
0.8365029974647838
0.8659460036387021
0.8747453064668188
0.7396780474160154
0.8674647326801022
0.8334975359156339
0.734814198856503
0.7895659559021269
0.791313641314678
0.8288511527499902
0.8507485474363189
0.863372277766665
0.7231041802117264
0.8545501320565332
0.8411791738751315
0.7626436347520216
0.8020688210226623
0.823765556485839
0.7973110401560122
0.7675219233115705
0.8015523131003762
0.771765151054841
0.8145874877608816
0.8749726911811839
0.8662086816924763
0.8043534642153354
0.8549267025221352
0.8930479519566827
0.8283476456134011
0.871115527843843
0.8373059326165307
0.8485516782927414
0.8188634374091994
0.8578415024952842
0.8364919086082269
0.7344292095437202
0.747726304519571
0.8553959909913404
0.7994649102234266
0.7255070478000192
0.8494035202908436
0.8126981056365032
0.7351869988246201
0.7721874986405969
0.8395610529988617
0.7584172095545103
0.8128158173746342
0.8603112517625984
0.829519433383447
0.6245041695727286
0.7894794640717193
0.7952453854899706
0.8751729595977795
0.8837967611015821
0.846566980579851
0.7979395433865776
0.7612667389099048
0.8393236681911834
0.8309958034962417
0.7931579994679825
0.8218085344414886
0.8588771520609275
0.6397616544022313
0.7880853075657084
0.7747845135116669
0.7651329409436067
0.7973179383041132
0.8688574492208991
0.7488618674170984
0.8386481426821972
0.782070317608331
0.8401101478937327
0.8563711330925556
0.8861328287098968
0.8784980084462324
0.7633576055989804
0.6675280891215516
0.6926512101726925
0.8621316149643797
0.7873458864469405
0.8507676009674432
0.879797267221569
0.8304063014227543
0.8582247661448525
0.8613659303398673
0.8545837333096036
0.8281371956364036
0.47753343062228804
0.7732224730244781
0.8393626297948842
0.7506959017368281
0.8149637925492756
0.7793235584367169
0.7802372778639467
0.7776509270771587
0.8439741813217173
0.7399280310361845
0.8759477939584208
0.8760544190702988
0.8652186804184896
0.8211024256447752
0.7565876350948009
0.6596667287641182
0.7877360458129965
0.8006202350418032
0.7929889299831214
0.7933051547960126
0.8281510663987295
0.8123366427351795
0.7709957738399231
0.8290049568145218
0.8551262410003262
0.8713522912276972
0.8030359719321128
0.8158136526238713
0.8647340229293661
0.7354298033514982
0.8334487184942929
0.8303083865017167
0.7874121765985318
0.7110225486221788
0.8434963056896231
0.7655570395105248
0.7875798659837387
0.825982988910924
0.8750459283340528
0.8347437053346769
0.8235312006774206
0.8638033682144417
0.7059133416514742
0.7883738031170102
0.8468314204071237
0.7934800870106566
0.83420565151363
0.784927131321451
0.8108121692940233
0.809686461726704
0.8205684311405926
0.7601573360651389
0.8631048860884443
0.797395132933751
0.7125099325654943
0.7616873746733703
0.8198236255662708
0.7424116670603262
0.822586849496123
0.7831562428202306
0.7814800054747169
0.6949461278951969
0.5980155310639501
0.8643275606442332
0.8777044816891519
0.7752955480997884
0.8168261972310462
0.8363951052885427
0.7368781293417946
0.8687460375201324
0.8384850256311251
0.7390524442561037
0.8510226536616796
0.4243935117719979
0.8287146807322792
0.8850911553546243
0.7897792484490629
0.7648348510887613
0.6449103627129131
0.8484533949749162
0.841943319206538
0.7398003732951328
0.8064481900538503
0.7178321604454017
0.8836250620272745
0.7287829191828435
0.8434886206476233
0.741093667367187
0.6683404984535763
0.7745174174406073
0.7859753774165109
0.7597434445937278
0.4847401092722008
0.6900591169305016
0.8398420504879303
0.7705026440902059
0.8060658312283735
0.8062647156183838
0.7588728132703725
0.7467514995304132
0.6921882999546085
0.8633758871690673
0.8618359370729354
0.7220001935895034
0.7255782082189197
0.7167192213693374
0.8798287254094471
0.748415741670036
0.8360876110335513
0.8517774031425542
0.866885878991712
0.8065119436534789
0.8527586729017977
0.8543803724455725
0.8213431534775311
0.7025928017197766
0.7712206542823343
0.7634898144705916
0.7296331394942399
0.8147925143609642
0.7775405646252562
0.8462278412098193
0.7980766571715542
0.7069401034815406
0.7992130202225338
0.8043268018417389
0.7860213507029723
0.7323023248315423
0.7688100168975617
0.8940906093787122
0.8349490877191644
0.797832308695714
0.7350672411423429
0.8397393250075174
0.7309930437197224
0.8304153022493617
0.6724408444230653
0.880339000018135
0.7717561322975817
0.8319250664141496
0.8669680417286509
0.8801730900577175
0.702262770534017
0.76832428327518
0.7930231189698265
0.7322175679751465
0.8390364606035529
0.8816440527120157
0.8597146265410474
0.8057175072082359
0.8232436827466468
0.8002652340848226
0.7743571702787353
0.7941327925860306
0.7212783724276823
0.7611434155613706
0.6925768278824258
0.8431146255122903
0.7493889476332367
0.8537656244189649
0.7786916467729098
0.7562476919441625
0.7500825166191518
0.7856159460465176
0.6934184224171317
0.7859745436479182
0.7442103502024056
0.8438393628319341
0.8008353794549601
0.7934344772512187
0.7137442277496663
0.785509635494724
0.749918330383162
0.8306771244283138
0.8251329657468551
0.7406607715566091
0.7903670341806495
0.6630464512080755
0.9046727640693362
0.8657244073179515
0.7464991751861672
0.7224713190285991
0.7880378444091569
0.835779430950419
0.8738542485685614
0.7047660858354439
0.707828126642244
0.659731105987082
0.8435856852052093
0.7842023185570589
0.8724262544116261
0.8670972371678201
0.7379704930618635
0.8007349989684818
0.7514514415577425
0.7981324308705138
0.8685521213676461
0.8382201000439738
0.7705958461153974
0.8050733315326748
0.8171525565709576
0.8760078406817836
0.8268934917144117
0.8315380357622898
0.8374266693321604
0.8205389820881633
0.745228774379394
0.8898628877191844
0.772823517746204
0.8742311029676857
0.8423080014745634
0.796245849164555
0.6969782815484514
0.6896501105618689
0.8257299497504904
0.7417217310482217
0.8143160286059172
0.82259904927249
0.8028501628630985
0.761003322498373
0.8312989918670283
0.8284144749480451
0.8568627876963366
0.8258414010756068
0.8513335774031631
0.7972687030464867
0.8241648564619666
0.737580355596205
0.834069669035824
0.790250006918344
0.8670342923797545
0.6912190747818696
0.8245130848089737
0.6957131437630739
0.7473740701660645
0.8257399972289039
0.7975008297927046
0.7529199912248782
0.660554376593243
0.7000572530321898
0.6343940857029062
0.7998074977992915
0.8264096823912208
0.8211718558714958
0.4731745035764772
0.8448518894283545
0.8112075825707128
0.7992285685973679
0.8024559531492864
0.8861894498720515
0.8170195301781806
0.7874340005263194
0.7036250488727191
0.7945098434263942
0.8455767937249845
0.7766679584522425
0.8143657961614037
0.627134001767211
0.8979042809286113
0.8023375872000982
0.7809916796848977
0.5600511749163894
0.727542964907832
0.8127538285581355
0.7048158591401581
0.8739060515334427
0.8384559101918838
0.6427189218780108
0.8823640406276088
0.8193158840392366
0.704316941889211
0.8218467336355285
0.618325723695739
0.816118416951334
0.8659029099988131
0.8591712357122132
0.8746014896835458
0.745357801710048
0.8900291670552225
0.8014345960693033
0.8146239039443666
0.8602208857412159
0.8644859562951794
0.7932178297782995
0.7437798447379198
0.7598465453557968
0.8688023558613793
0.8669722173391978
0.8581439816680366
0.8212567327830106
0.8286917154525102
0.8557948114758883
0.8726568179598799
0.8534101411530743
0.8863065030115023
0.7085682370792665
0.8515452329512091
0.8445004569079314
0.7125697635359587
0.8285307470898371
0.8539045120309285
0.7943224934535366
0.7852768912621286
0.6858233853438942
0.8319149393240298
0.7955478032785317
0.8037832460359036
0.7333267196877337
0.8369524525022305
0.872472302595287
0.8291381662619379
0.8577523779576399
0.8612397568405508
0.8618611137077408
0.8627950536643295
0.815902113069432
0.7594364296912091
0.8052881105543995
0.8479321654231582
0.8241039810589188
0.7932446341215313
0.7575751732693695
0.7748280251529399
0.7830607963404146
0.7966997100534459
0.7914628283193317
0.8754536127879862
0.8251289384530991
0.8043029369908847
0.7913825964345076
0.8251581669696775
0.8598647688335677
0.7529307849066866
0.7022652242559214
0.7386654164375571
0.7906803575900057
0.8484479048806624
0.6751058308173121
0.869204415854546
0.8443562468760812
0.7026541826411267
0.7255951394724738
0.7718591559127476
0.8024967298609411
0.8205119790105395
0.8762427313350107
0.8547680638273043
0.636094588802803
0.8449427007498116
0.8176396328483221
0.8539985986547121
0.8618041760432982
0.822594513133917
0.8717593283318041
0.7894668020710551
0.7930894545102269
0.8765884574286097
0.7716744523665345
0.8620563354536308
0.7685091997324768
0.8450558598017487
0.8598343562350903
0.8186872307769428
0.7545076679129831
0.8572151951218226
0.8677336370641149
0.801691833284405
0.8954218582511334
0.8278999435148382
0.7236157480087675
0.7666939182700305
0.7397323445388577
0.8633169260832975
0.7485385710722814
0.7950579899355106
0.8797676164713384
0.713436551138691
0.8767429995485063
0.8151575110123661
0.8609728151155239
0.6157476024151558
0.7352709764643821
0.7661507296889581
0.730244131578472
0.7765253792113864
0.7982863286930573
0.824334147685827
0.7947308372492422
0.7596004009608139
0.7983192280442711
0.8027461884178906
0.7332526788234198
0.8282936104558516
0.8747342229451354
0.8547408125728333
0.6807868445095303
0.750623763306606
0.7663589508068739
0.8798933848721491
0.7821176548574353
0.844627540214941
0.7427096870539183
0.804942233154079
0.7229767449743936
0.7939893305294754
0.8385022948702336
0.845124274479292
0.8745680288586981
0.8373410800121401
0.7578297204756823
0.840431795385271
0.7887651960841737
0.5894816423694684
0.8802703785852632
0.8662870253306381
0.8472728234149567
0.6465552585284808
0.8518719888735733
0.6756770128130545
0.8860684469432285
0.8316486270757333
0.826356227852143
0.678381515730476
0.687513079155757
0.8034270054499781
0.8218392951045134
0.820771517376983
0.8179269869110875
0.7489708932521396
0.8928463675119442
0.661905988293896
0.7443448996893669
0.7225179556040865
0.7651379997972936
0.7361990056585546
0.8701401598723206
0.7118375362970648
0.8118600288732134
0.8418583357287581
0.7300914729011023
0.845628096686275
0.761828353504233
0.7842521506428827
0.8492168382785223
0.7333986872574351
0.7072302338636227
0.8040767739935749
0.8914854546677274
0.7912817401846199
0.7471530638394006
0.8457688363120202
0.8991157985488156
0.8065957891735822
0.8502078572571862
0.8421266927357972
0.738489652532143
0.7283929542816849
0.6591261039772636
0.7858462620830216
0.8357430467484147
0.7704661602607523
0.843787471843601
0.8499883605017833
0.7976950474848163
0.8382941165987952
0.832583738978386
0.763253759718973
0.8646224724570729
0.8489304655024176
0.6969376775683656
0.8059626796990185
0.7594663714513535
0.8125073146623819
0.8687174680719268
0.7905908307591447
0.8146541568901016
0.7794256996978892
0.7830177760384099
0.8666596321108615
0.7562064395218742
0.672610744165227
0.8324964329477917
0.8183620436328467
0.8170801005200604
0.8119820535327591
0.8625512037321516
0.8775380312603679
0.7706765003775606
0.7952815936761369
0.8425456917100196
0.7061935479853895
0.8535902647307227
0.7508560344916416
