0.06150994925859825
0.027680670991781467
0.03419308901061136
0.03888681405973843
0.057571794428349116
0.07286000078773794
0.02607266508380246
0.07166976998528181
0.0402489874276614
0.08125372933386946
0.04417557204993733
0.053885916055052725
0.06252934101698326
0.047095785084025614
0.08649475498726356
0.0460697398368449
0.07244351912299182
0.06275795993189584
0.06449756491767125
0.0449245057822616
0.035696212359563544
0.05771930454042383
0.046281951373287195
0.03573975226792307
0.05230578362934261
0.06927209457201619
0.05767139935486114
0.08094604851378082
0.05346583015556713
0.044280400170420585
0.06799354601922877
0.03801739540027775
0.05562654541517295
0.06062880228338537
0.06198452805824956
0.04550836658784986
0.20697339033807716
0.056757731059783365
0.06608190340786294
0.0484223384329326
0.07279656785008369
0.03632635196913148
0.0649192730343893
0.050340482594931305
0.061428401474964256
0.08587144453796201
0.021365681952467096
0.08166047159845156
0.03780712961427049
0.05472479589083279
0.05792089981941071
0.07663107988018501
0.038368185334784984
0.09153703934374723
0.07362824797120454
0.07244665294190164
0.05406368420529511
0.02842394362445084
0.05716168347850537
0.07779473477052598
0.04886514016154131
0.04490745716015266
0.04539757179237294
0.07894126343242515
0.054061997622453686
0.0374646984166473
0.08468139014038727
0.053332410877233616
0.07016786348200332
0.06969073485563554
0.0488594808645963
0.052356923061966605
0.03702024738632177
0.05957453325897433
0.041711671275636034
0.0517701047615762
0.04101168537759644
0.03316392185763012
0.05133109426271478
0.06000263631654329
0.1169773415627655
0.049089570094712966
0.08334388439820441
0.07085027854857738
0.048867030363957356
0.04550651428110373
0.054071560034022643
0.020097676840485683
0.010852081392641325
0.0699858401484112
0.040831901784323596
0.051608949014537185
0.056175825508840836
0.034637151425380146
0.0492550022591497
0.024158830712485015
0.06711190247203125
0.056304786859977106
0.01917332205374377
0.054674475017226686
0.06318784072937496
0.05352905011562057
0.043671679545826056
0.05480705849343784
0.033954422386978156
0.026273866659645217
0.02544815525675827
0.046147142032539425
0.04437509907510104
0.05269043394466404
0.05298579385704387
0.059906620638706526
0.07120924319282243
0.03818768246264174
0.03413528437887033
0.03272168115783846
0.0595789638403325
0.049344932858707766
0.06743972716575689
0.024743004577133704
0.05080781122681415
0.07527466078013952
0.0364776922297171
0.04326074176735744
0.06206113328807518
0.044258260167127965
0.0471423246193641
0.0364563730280151
0.07623998872156597
0.04272304227672221
0.04307460058455097
0.06329703323844445
0.06412414716261372
0.06490844910207542
0.0348917498135916
0.0721223171113884
0.07789887771439832
0.08175524722717635
0.04181000980922088
0.034941443196882915
0.06525105548896477
0.0958849893426612
0.06669354770271663
0.027249756612837517
0.045895885430116745
0.05735582080397622
0.05340503498835948
0.06715367089611349
0.07349324954349366
0.03660655769851169
0.05706957933603878
0.07001584739338576
0.06736559923180345
0.05040219798001873
0.05593000570193818
0.08990048592062483
0.04179369752883005
0.07568526342987905
0.03941892960366359
0.041693969511149565
0.04556337823170679
0.056733388928170564
0.03903355841748459
0.0749726685153218
0.06329820151121035
0.0292670256022079
0.06660227199464519
0.06147169096608091
0.057238470833847276
0.07975005693095195
0.0816920787871495
0.05187909849293171
0.0337492772249337
0.04053950496709115
0.06828444275165385
0.07978665277708075
0.04531617384843283
0.056589715028607504
0.029767573537894356
0.048878331369327
0.048384964819566924
0.04999136609509371
0.06646583608351382
0.050923794890099676
0.07658825004334137
0.0293116203926464
0.042475948704675186
0.056773005508826524
0.05619684885823055
0.03747926553498236
0.029765878279759534
0.028001835088241837
0.057508076809240825
0.054416347566376484
0.0665828986462907
0.07785293965230128
0.06935901354588733
0.037910072041828745
0.12471258376786198
0.011725451211183593
0.07338976149658495
0.10016578852852469
0.03856652387135765
0.06711268814827809
0.04882932555143935
0.058642739499882
0.06319428900530549
0.08589710361950745
0.06283133140101949
0.03739786321722575
0.021299472371818538
0.032933236464823
0.05645130134763674
0.06339083163596729
0.07638848380231274
0.03969927332798258
0.0762594741140247
0.029722278935778414
0.05517582079955224
0.06415393695386745
0.04084423562542811
0.07960146853970906
0.08854200840555213
0.05495888235607853
0.06029508802641866
0.07661046281675785
0.062165286542967865
0.07465362731673733
0.04536560769550528
0.06393430705427942
0.014142020248297549
0.08104399206551859
0.04527393346462569
0.08276636770725176
0.07612346239277112
0.06250998860265532
0.09433543631405031
0.06240967664381604
0.044784089984822424
0.03772587615798899
0.04161023132305889
0.03808994478120415
0.046985303600464885
0.040075903126936534
0.076962637506099
0.03780200713431098
0.0393696657018474
0.06995183232482774
0.03476628218118931
0.051902620276197305
0.027651673334187277
0.06869312972415438
0.04197860263413005
0.03770316644885232
0.0385612113674697
0.07468219393706811
0.06464824243477417
0.06575658828377662
0.06024414122775165
0.05268425023867387
0.07392549681021701
0.08194949731769056
0.07814286120388554
0.05428479342989775
0.03715944034273415
0.025439063699335598
0.04027036970495677
0.04630579317335765
0.07253796099050827
0.04529748822176723
0.09980183331310286
0.06412503948952118
0.08173321868386926
0.07209899797913259
0.056999546050727115
0.04696380428779724
0.029400142356949755
0.06213692600057704
0.05025121587665686
0.03275939314840456
0.05711743087405474
0.07369040426384738
0.09260604125685176
0.053027613809211144
0.07602005308215391
0.07939408201251967
0.07285607257513221
0.05013594969967382
0.03593244689287019
0.05161158576662685
0.04518961690703234
0.02674766384213963
0.05866859197844495
0.05106271346304636
0.05136496333412992
0.059422259753883766
0.040663317411247506
0.06313957747449978
0.034514431198158675
0.07429238948661257
0.0572229324115216
0.04186528626264871
0.07177205707309803
0.06854101841542239
0.06057131620278364
0.035033511843617825
0.03887793561949755
0.024021053945730567
0.04661837303099995
0.0466914714498453
0.04522657680286509
0.03208046905991324
0.07752963329075226
0.054924185983778434
0.05362140079732997
0.06023183816790311
0.0722967946478145
0.057759577576127444
0.02817398914505019
0.03131826920932878
0.03228767331644883
0.0674620508604781
0.028716627820978738
0.0681541234567708
0.022850048014430288
0.05516847263972183
0.032728245001476926
0.05401423805444364
0.26344209216485265
0.060697575133521454
0.058386505195867903
0.05208617615696707
0.06546121820888111
0.06083741931845391
0.06696030495328147
0.04617539786354792
0.015891344786291943
0.05871310327716865
0.07270967072240309
0.030216081383184393
0.03220697980231687
0.04824990038303365
0.05847073791720498
0.03986181055886977
0.03759003294984557
0.05368621023181817
0.06616456487515775
0.05641350731733472
0.05672049276967489
0.023236688033006027
0.07377695182389284
0.06403527241528122
0.07371739421471044
0.06685960183933803
0.050947967753374374
0.05271864574624015
0.02366438004088395
0.09294058175074152
0.07029712230197065
0.07395396712637319
0.12869820160727877
0.04957674850445371
0.043124302579484276
0.027274703047701288
0.06338421290954441
0.06976624442095625
0.027240474707956132
0.049068023739005734
0.051998242642144435
0.07081589142649711
0.053805290914311084
0.08212779560427248
0.059263138394409796
0.10671095682071748
0.04993785304323225
0.0392590882475108
0.03998659740735447
0.04631454283627223
0.04691103502322335
0.038841420981279275
0.04585671635598368
0.04150027205666095
0.03386457429157258
0.030562893839051888
0.06993399622477013
0.043849446480793815
0.054420504443444644
0.07238783642308473
0.08654445228350106
0.07953176602026092
0.06505375520814571
0.08684843728396821
0.06355176414314967
0.10449282355290036
0.0619180740787316
0.06487594554511744
0.05105892595191939
0.08742348968172872
0.045809336800836604
0.036839601308356805
0.046355627572665634
0.043010245290541
0.07399783985251995
0.06528074060750189
0.11566085229026395
0.050907142639333595
0.05856942313010143
0.05264044816442991
0.08767677613351446
0.03527043158149731
0.027634914430026504
0.061273466032163444
0.04309183402132972
0.04883873537118543
0.029582055652791532
0.0643482977082344
0.06079482230315618
0.032601637616527034
0.061800641814192855
0.03965452786478342
0.05778648440350495
0.05408173150813333
0.08076543321330476
0.07558989045803076
0.062074450599209165
0.03331630649624291
0.03178272763737145
0.04606262286966894
0.0503689528769458
0.03206537679539342
0.04000088968622619
0.04847866854563231
0.06525887259960589
0.12441519513136019
0.06151886000268922
0.05426568261378534
0.09191066661249643
0.06386277956610534
0.03350101108273565
0.032225717341712125
0.060677982115836825
0.05245937188798303
0.06570799883302265
0.01878688619740877
0.0712489343811706
0.057643105124970104
0.047133819654105555
0.03725785314561759
0.05123825768543182
0.03834977895183407
0.05383278730198302
0.019182798458321205
0.043391564062679085
0.0329454306251957
0.08786267356859716
0.05736139931539653
0.08565761442795113
0.04053049011466974
0.07255107076873459
0.027719431869381264
0.10234607257383459
0.06953942825551493
0.04719743983933417
0.04695414443267193
0.03269186225183137
0.059723766199639795
0.04336414078346831
0.06352712862005355
0.06024240408167821
0.03445525642155179
0.05759933228355033
0.019815573541590675
0.040750878970932686
0.06448663060793848
0.10272875715360699
0.07842361971552048
0.04802589030248329
0.031404445993043505
0.05260736844278493
0.06510671633393923
0.03751368812672521
0.04922749043396171
0.03924594281467338
0.06343677184363132
0.04762031692373288
0.07379432165539669
0.021757303022654755
0.07017159960159533
0.044457676256656795
0.025224447420184662
0.027426687511156185
0.027022218493648296
0.09148654474666448
0.047477734647823115
0.07684148241640748
0.050774841792255276
0.04135189694397746
0.051758689703220714
0.02809806231593564
0.04510507301422417
0.04382484028293617
0.04238782170388181
0.035352172004688785
0.03292218081810458
0.04552799971527661
0.05475096834586217
0.04776110710416129
0.055771215463407235
0.06348036104813028
0.06609175520725902
0.07889302481802883
0.06671124482518784
0.07313281823978134
0.056272005130707875
0.06845140602551222
0.09463916569553693
0.3985712353616055
0.04325982825831417
0.0251850740482993
0.03979403076894651
0.07306316606122902
0.09597275914000435
0.044979998111034626
0.04527357422686502
0.051755880996711474
0.014841820907533408
0.1089292345108015
0.12546507500720672
0.06561825426510788
0.04066267592629479
0.06862030134875995
0.03930859117155473
0.06784900362438728
0.028553127159658576
0.07651499066909696
0.04104740607453686
0.05340652338784137
0.03209142327044118
0.03985235760432709
0.08373928567355776
0.06326564164927141
0.04340043728035135
0.03101931359073864
0.052064603405895804
0.07898293481647026
0.057472462182212275
0.029646585786734295
0.05175972832064823
0.05175710277612544
0.044721646312999214
0.05991979432308754
0.0532302437549369
0.05474537818287723
0.05419864804642446
0.05610540983552145
0.03412404180406553
0.03988787567389273
0.12229211116254127
0.06498640175690439
0.047738959495067464
0.06806552945049599
0.07872974331668268
0.06670194958007696
0.04505848668149087
0.053573940071700125
0.036295939225927186
0.043490854678441396
0.04874230534648036
0.049673961733797
0.0607153028434051
0.08054441707888862
0.04612791122932773
0.05200746310858981
0.06129596477069737
0.04138050786788978
0.048440918557997245
0.0461122061935758
0.08003146452271725
0.027167280984072385
0.07165327690862562
0.036327830251131
0.06704418703593182
0.042706826006791425
0.059298186165091436
0.036870583588013234
0.04271677867857705
0.050168172600724106
0.05577136836884869
0.035165397206874865
0.04712231501923919
0.0533914195024116
0.056887735380087345
0.03983931716234912
0.06692724458142156
0.07349779247174812
0.06344696641166765
0.06335356478058539
0.0444874437187327
0.07026262299585015
0.05212392453137625
0.08610839497883842
0.058582665656899305
0.053353444101796973
0.029396673893450114
0.05870708479643958
0.041791620224032565
0.07961902980285196
0.04723724052960143
0.07072396701814068
0.03803006164193441
0.06373639590029753
0.0728518872674684
0.036705245203234926
0.031687239731013096
0.034665355946923555
0.060730812113477146
0.059731954484150175
0.04627634404368534
0.07506081735106333
0.02969633557996345
0.07311551128156421
0.06039757985262379
0.03881461407511709
0.032341696816689317
0.03916541192223487
0.04064151026166777
0.060581764457202286
0.09180467139847803
0.049162073703146084
0.02135893943196843
0.030359542850530975
0.04061850583565482
0.039975679598918235
0.06707277743107819
0.06079003100429727
0.029940130062697395
0.05866769339403043
0.03000245665124659
0.032568513460380984
0.06664714174020471
0.066635229754674
0.07022581102528706
0.04813161678266358
0.03771786295686765
0.07154578358339575
0.05321200419546444
0.10708620005119635
0.07962361846503763
0.060487825147965746
0.05452906729392053
0.043435845685908504
0.022058748032078346
0.030772768876538095
0.07376687673967396
0.07250180463604253
0.06272712822190668
0.038831522286380656
0.039771306165302125
0.040872528830222375
0.06273051710578813
0.09171575587464811
0.051513059271141956
0.07852587957233347
0.054851371157140914
0.07446867102120111
0.027091624225128102
0.06772301805464549
0.056130889702842954
0.058440166956919753
0.07500304876239651
0.03922294528536135
0.07266443839646654
0.07273979976809573
0.05451483117410704
0.10530232126597684
0.0720079018569718
0.06645533006393561
0.033055779926284445
0.06477693020783123
0.03568761998250475
0.056213198143840105
0.06228606294229749
0.07734174792835667
0.05019732897482839
0.07631362905061384
0.1576712258482341
0.02052030702363196
0.04517796212406827
0.020976330454416884
0.03730078115776785
0.04437349505113991
0.05051733121925368
0.06827812203868897
0.06251751472413641
0.04358496030746857
0.043363492968380705
0.07117507517242991
0.02434186804588289
0.050889126919002076
0.043118124521342935
0.06525981257579573
0.03654685522697059
0.08798364190905245
0.04953084693299001
0.13383636616307154
0.028557715060208037
0.034496366580225334
0.027964031634109578
0.04151879067903645
0.06014018758967873
0.06643102916455619
0.06187989478444193
0.04640703248446256
0.05728579178578784
0.02735331005535354
0.059073684281346434
0.044815680612666525
0.033222110839556916
0.02766118690115433
0.06333546753748436
0.0883929437512322
0.0640213336365402
0.058297823163532554
0.030397384359698083
0.08294967010694035
0.04179657879424014
0.034135150538684704
0.07629744664838811
0.06890355141369062
0.040519640294105555
0.08663641370200202
0.03313536234738886
0.07343147702633744
0.05653854560226356
0.09665355117115279
0.05454755581971602
0.07372725293403591
0.05061658702809688
0.06835746120416254
0.029078336168249622
0.058100501096469956
0.028434114453791466
0.0659916407546503
0.028837468206214578
0.05577972359671362
0.053616741526770116
0.043271063690430385
0.06650609907332751
0.025287623290276454
0.032351411355407415
0.03040449414615423
0.0991058770982241
0.05430748141279837
0.06828722114043528
0.05071861497883402
0.055896661717360255
0.06985146205585455
0.12059457438166386
0.08445200710216452
0.05166898203267026
0.03625621193119332
0.07227164270668039
0.058992337980758855
0.057852766138503986
0.05209112477928512
0.05100578593141713
0.03273679826927252
0.04970414083443225
0.07657526884418941
0.04814231491365209
0.06199902138688541
0.06111221720700293
0.045018462208510905
0.04343715333713405
0.061443211524203026
0.05579346033157639
0.06092601465953199
0.11432085128550455
0.04796629455124824
0.07567402848600564
0.045695535045034825
0.028795079861827024
0.06847585076885503
0.05413433277714941
0.0777048074701886
0.04617010345935412
0.06495986927659486
0.02454040146609041
0.06151551542573533
0.08844189326415712
0.026433774866126695
0.04928211974049271
0.04875177208184378
0.053269350113458756
0.05020228495283712
0.03407678907419425
0.05602402839655447
0.06166368598368489
0.031523465395130935
0.03840698948702972
0.04314639491065696
0.11109525505289031
0.03340018351138152
0.025803249388515942
0.05297931880708267
0.06199543646856978
0.09689496159416114
0.06942932303525995
0.05694844355142428
0.037845332268169295
0.07642752438953644
0.03661992975474382
0.061473790141321545
0.045045151835930136
0.064631707770628
0.06190568469082463
0.051138127456433695
0.08582794752057434
0.046582473944616974
0.06611314684148747
0.018496795687155808
0.07770918914754998
0.057506111345444616
0.13045649960378067
0.062435744583219425
0.03684374820465596
0.038789768673327646
0.04409563764908885
0.03534294502847497
0.06649795028001802
0.07679561951813597
0.05225088476686157
0.04932837580981196
0.10663782724779793
0.06509459339092571
0.06366347034188262
0.039972544049600184
0.04515487946696725
0.022106336103421487
0.06267689639504664
0.04459983388595599
0.015145859403240597
0.08758617589687166
0.04944579800694709
0.05282530374157833
0.07494434604839392
0.044636108078068185
0.048306279101228
0.03440085415338834
0.016853319499794534
0.037133262223692294
0.04503129162058446
0.06832934598586177
0.052156733952060504
0.0732700066033687
0.06640349744326307
0.10350269921444999
0.027002720750476474
0.05930126434581149
0.052748714821359025
0.4241082642025821
0.03905453867779983
0.06059305285997409
0.056725124962431435
0.022767537843290536
0.0675462036396502
0.02906943717347311
0.0318748549199253
0.03068145877840177
0.060071669863680295
0.04662361330802995
0.056752996499324825
0.06519510965640647
0.02862612752372592
0.1227964059679151
0.06129104240014446
0.05346509242467151
0.06849245180296269
0.04264735132944331
0.053952530690125594
0.05902754793239558
0.032076776752208706
0.02262210342550503
0.04953674841371791
0.04246312495910854
0.06836288620362352
0.041724743676940644
0.03812632967244119
0.02917718219416716
0.04214469546844234
0.042401165481318434
0.04897398250567089
0.021471025324518334
0.05537860760605959
0.05535311046757192
0.06929634294971988
0.04806955804047424
0.04003279240400802
0.0363898956411691
0.05651180695226625
0.05017590207890812
0.034274141826013904
0.02834617607772492
0.07134049603377476
0.04619791549672947
0.05570439742883225
0.05709911778401326
0.065781502848696
0.047420639489526815
0.07093118694000733
0.04424826543347183
0.056837441146038725
0.06719475858416647
0.06886112084296299
0.05672343330152708
0.04975241696108695
0.038759650249501905
0.0571286910740101
0.08334840135095621
0.07286987723389456
0.03133951696331182
0.0455353611146753
0.044965971745179203
0.044096132799983194
0.043107135541518654
0.020358077111978217
0.057574942331351055
0.05814377243580076
0.07585867198911715
0.06841524457192401
0.033033008747523185
0.03579900864670498
0.04442001268590477
0.05701707331665069
0.04371739561667199
0.07438894393220306
0.06111245609343746
0.06836156384823051
0.05420799550196127
0.051537674595627976
0.039845414182226695
0.04710312388548981
0.027813279994059
0.05895548904617965
0.08016357998680855
0.03380021315664926
0.058155470461231734
0.049480900630144035
0.03572316959873695
0.053666378627858495
0.0884350498877166
0.05778871696484911
0.04169915433702205
0.07095423280916874
0.02531469219153177
0.06392068975669131
0.06046086537812765
0.05538424131190637
0.04021381850244322
0.013564476158936082
0.04812637525880757
0.06257009441310624
0.07472419073137683
0.04110425110605203
0.05888282831498206
0.024044884220063536
0.05960742519013863
0.0318043682840408
0.049129568744691474
0.06302915746511074
0.02979776891534771
0.04456853951433971
0.05751518908799709
0.04167087802155866
0.06480653740701814
0.069749390489504
0.08960190621682781
0.03777656163449777
0.06603415635176749
0.061226880579854336
0.11112501620086887
0.06413846759994073
0.05978726407791238
0.0755685730382356
0.07384391139407687
0.04572960706953839
0.058558594307175804
0.04152634795916894
0.04675472816678443
0.0322706381048901
0.025252796628510283
0.051470750317319465
0.058449556213166345
0.07574654968896105
0.06044397973806845
0.05723615742119275
0.06074226766006187
0.046990979887423664
0.07116174237461322
0.05413103102088553
