0.25432139711390683
0.1880311194579588
0.20534431795065622
0.1457140113597077
0.17913628294014597
0.1637329675023869
0.21233659386828177
0.24269438048548503
0.2723837437860358
0.40832515069854947
0.14843538017374333
0.19075753327606895
0.1326449665078462
0.10042327474807254
0.3127667677225491
0.14165208563915382
0.07065073178655687
0.322140481870033
0.21826164405886228
0.07736397094807372
0.10933919845710208
0.20826575374542827
0.27750758423278044
0.16300972692527219
0.10747956788603256
0.5474784462881085
0.05894796398395225
0.15623560452704977
0.09450062522220969
0.1772903995739234
0.14476313992683998
0.07691782348041544
0.07277828563704897
0.19986796788035419
0.1992647432100442
0.1324138618717694
0.09692924501616834
0.12747812408008963
0.10510843839377307
0.30681220391559666
0.105566494959742
0.14569818849929012
0.13438478012993693
0.0982221274635113
0.12815375218192834
0.18069057048634907
0.09177577683908507
0.11972034509722063
0.1513643824275573
0.17473710654053462
0.1069835156297631
0.08981495452607341
0.1700364901805797
0.11166583786532314
0.15930640533945706
0.13347036977408977
0.07779745153304814
0.08483192389041616
0.11326160432261015
0.059693822523432166
0.13102386243980885
0.09936676734986204
0.147361371410155
0.19167405964047263
0.1937661899045502
0.18698774933903622
0.06311614564717044
0.11177886736104559
0.2746865741392242
0.04792108531044382
0.13651781053974565
0.21174033502374107
0.12056158800408392
0.12295071417232076
0.13573412811150737
0.07855759242504129
0.12760574801596666
0.182507547673712
0.23659325392397465
0.20586086641041257
0.08955676217337492
0.170971661493324
0.1342163213157685
0.24918211450300418
0.2841786317470094
0.1509021946208857
0.21261439839430726
0.2333737607216809
0.16422031738845666
0.07312980267970629
0.07329295897122709
0.13946056798019732
0.1582826131627668
0.1914139913756642
0.2910455576074553
0.22077395702976874
0.16966068923595073
0.17056494741270176
0.0821619024361547
0.09450299671141157
0.19607907609708872
0.22317545053983753
0.12679906123921159
0.13176116836981389
0.07380363082794211
0.13405742751674954
0.1706351762445572
0.21034853800132738
0.19083377910596067
0.21125654201925806
0.07002991248317388
0.049577006716588615
0.252220896400954
0.20705489080269723
0.06761984391694356
0.14893054198300068
0.06660880714746852
0.13291609479988958
0.1295007549569213
0.13022482319245954
0.13039843283960592
0.11786739034992823
0.13861155164361583
0.11016391230087376
0.1195154897653507
0.18095799289095046
0.4392627133046643
0.13300116936549997
0.23889750876205643
0.09279580966010742
0.07995586684739998
0.1476891955110184
0.11034426828373166
0.13646676383416736
0.0871177660388097
0.14615343939424955
0.07517012608400345
0.13292944368041143
0.15135242829019138
0.24101712378523618
0.1114291272974225
0.133662007502776
0.09810288041549439
0.11037618662218486
0.11719079164622156
0.0799202282915098
0.17018490504060294
0.16061974513050536
0.21878391483020473
0.13387408187895605
0.29313087627600287
0.0833583819670383
0.18008924514817357
0.06960996200549699
0.20955419238155612
0.11030419079175689
0.45006767569302486
0.07465714395318869
0.0782044213938296
0.21764759933685868
0.2418235754477703
0.16505654950424323
0.11639868363668114
0.11996923991858188
0.15857648512131045
0.10497264644304226
0.13801275554610662
0.2141650012772196
0.11926852149331424
0.22257515073031003
0.24808079943285397
0.14965269793970656
0.07119013901687153
0.1345165727066606
0.11677160294344152
0.2662456827598614
0.12131988684241816
0.17786542919400444
0.12301348086822528
0.07303100619119685
0.3252832800089409
0.326920289724301
0.1274226689973516
0.11560021494004517
0.1947460901060475
0.1381996457068649
0.13522326324804249
0.09917914300772743
0.12321977788331377
0.07814627862033538
0.09180487088593257
0.14743539166228498
0.3874079051500128
0.2185402571284471
0.22809779722367068
0.1929147883523037
0.2426789631182818
0.12395327868275591
0.1653901920119306
0.13706476485096009
0.215554703806594
0.1299376646860062
0.08508425092042064
0.1276805161266767
0.08278676762245964
0.1617517229556982
0.07117813842902412
0.1612118467743179
0.23368025566519623
0.26582658236261786
0.11556338744960933
0.1863135276075395
0.27072852573537476
0.1723437438777931
0.1554517453007833
0.3283684613776112
0.2862142050292211
0.14333533308564328
0.10645187180985964
0.291166932076805
0.1726839692489218
0.1918258321765718
0.09636945567372969
0.10601348091589491
0.05571074767521402
0.1654101271841404
0.09474574809899422
0.21984945128575273
0.07519033514734487
0.1434458001370195
0.06576413726035757
0.08634144987674948
0.2677794899334791
0.10214479011065246
0.18341282868138378
0.2669029375713299
0.08793817207626625
0.13758708470765277
0.11480321287702211
0.10268892470626516
0.0567498050963647
0.22877275016823645
0.15783696928154697
0.10056988698181543
0.16030055170715607
0.13199449878076008
0.2958615570534948
0.12624616622691873
0.10901593635520934
0.18784187494914734
0.20407460227722157
0.1281278669130887
0.22254208162866276
0.17351674109457077
0.23454766223315524
0.2869728482682507
0.08473446322524913
0.11590196262425316
0.19146636599997838
0.10281464100171164
0.3154457491185529
0.19724391604318442
0.3344601745456899
0.1953562665168466
0.30407184426399
0.24836335584993907
0.10233534343460732
0.4616119593059074
0.10698497154216437
0.1211538686612086
0.19907268510877954
0.13572331189337977
0.40042687374965213
0.0982158648837489
0.12592744826839652
0.07332725102261395
0.13354128252660696
0.1258087461873695
0.12730975899292585
0.3655887656467677
0.13496138512072298
0.2240008622431989
0.18957771882985539
0.24692489186215894
0.3728299031246313
0.07309059739779865
0.37039213762204376
0.07649012257126023
0.24112780161733985
0.16906923341354513
0.1748291415554536
0.20048962190552702
0.07770991117652097
0.15937264273449916
0.07679236451792738
0.226013109333518
0.40134263557569916
0.09182099345318757
0.08949644121096052
0.09840935975515555
0.2752624346300314
0.19070336818769448
0.26123597977087043
0.16105563156692349
0.34329570218427696
0.32553929819513827
0.14542624153341346
0.4080126785009978
0.08285659719656248
0.03676607162019291
0.19906759013455472
0.09648855974826953
0.5173786919056013
0.04948396962759113
0.14225897177782315
0.21744598951837404
0.1618949573756821
0.08777824816960089
0.10415897487794593
0.15555383027277972
0.18310150233359979
0.3300042253470872
0.14701935106036348
0.11191708722351845
0.15718485286667952
0.23590493248023425
0.1378509264761289
0.2545064557284397
0.2409939064698686
0.09034272446167078
0.15877653940227354
0.26692509004774273
0.20277520838652419
0.23883443837707038
0.09231744138844658
0.19560092489857211
0.12111371335814552
0.09492755548881343
0.1356758049240537
0.11486172960366799
0.08346232036258183
0.15293630601834116
0.3869322117257062
0.10284104100731073
0.15498422827707078
0.10232293273239207
0.14179979832243372
0.18788726227550429
0.1533538783279441
0.18100100325485505
0.17607090496121308
0.1303389489886422
0.17315148562289273
0.15365612975771384
0.12199795161167086
0.10300602173048665
0.1698780276436079
0.16502149233180088
0.10675240925777177
0.14494130308067724
0.3206982404085448
0.18898971708817003
0.12422042761204465
0.16180446476853177
0.19972749849752347
0.10826021019550039
0.13051542898293383
0.14205996995206807
0.26063099830410114
0.08275603216447427
0.15502812991560289
0.13975378157864812
0.25176804759499394
0.19578847438451716
0.13899798026638877
0.16813481241462927
0.1265725019351621
0.10220035800698646
0.06766951337048673
0.1021506449101397
0.2353375109316849
0.2289777208772991
0.2442456511656888
0.07013031346599323
0.10922724520833066
0.08278391673059102
0.24095664812119313
0.2165025943456026
0.0563038620722157
0.15121234601639463
0.12213998459861986
0.10758676141744311
0.17718612349011578
0.14125513824961666
0.21942289573710894
0.3340545015280857
0.2236103285947924
0.1623172080145275
0.09436119775459437
0.25676968038921555
0.22304273181247852
0.15835592885498284
0.0421248490462251
0.06599694660974739
0.1457466340638635
0.06532480855423964
0.09323350199905432
0.13757420020699526
0.1624241788636888
0.10321557011077763
0.06896421869776631
0.20585669985402252
0.1697082221266366
0.1852652003182689
0.1990905805928369
0.2450622000590747
0.10651134429607494
0.2692272913586735
0.37652777400590154
0.11883269118650108
0.11419052356284444
0.08292187355332897
0.2096454051598194
0.16477847745906574
0.2416044142397234
0.16780132780756188
0.1126159028316929
0.06452919293919765
0.1326317237016387
0.07872709421522193
0.11820940662835802
0.116200168085212
0.0875811913971211
0.1298090516887196
0.28365629690633953
0.18520816006477728
0.19292366308735207
0.14495353604766048
0.25056483011350605
0.1365302314070584
0.07104028392550632
0.1535523906901685
0.06852637016623198
0.09555395766954958
0.24914399503744977
0.14143743001493198
0.11364829900098208
0.31873500984104003
0.2738952955774734
0.19163080133128474
0.11188709260384172
0.16145942250479067
0.12437655430016237
0.14473318809343316
0.05851044824628009
0.10055686555935595
0.14412863328321568
0.1898912385331409
0.21655451490346653
0.07327985956771053
0.4123548325946974
0.3387307750016254
0.06522613251545684
0.36698289302908277
0.18613771090755393
0.24879250920387824
0.3117856630525206
0.16944999565433783
0.18705724873833696
0.26236516947474453
0.07696961360355546
0.14629525384845163
0.0861275825000975
0.08682730450557474
0.1590576247892946
0.08450514199136952
0.3569382644711603
0.2721641660872763
0.0836424499775547
0.0931718803745545
0.23002870758053856
0.3338638919065056
0.22245135860712292
0.12046973014435006
0.18095299578693128
0.19003947845811237
0.13780125582056435
0.05095537956608309
0.18576325222842488
0.10066133682152566
0.15769197665731893
0.14764537065393402
0.08638200892911146
0.1425867942422184
0.0927089888924336
0.325900031574803
0.08519146265758415
0.17903408456706033
0.11386027809452837
0.18665753969704701
0.33317384594843735
0.41006032897494044
0.15934340388038956
0.25002786497478824
0.41036460360894156
0.3517777490170654
0.13953536511884312
0.24882818302520715
0.10355700646035791
0.27900985534244865
0.1645580668588463
0.14121266713161884
0.22234207603940803
0.22043100702907106
0.08960674177463289
0.13131652420475143
0.19169922284813665
0.08079783430555533
0.12324475287542941
0.10531866409379367
0.26935484955181066
0.15570126536702397
0.11917610895302254
0.1752943587360061
0.11320501251586197
0.06571814365904671
0.20600691612140595
0.18373065601589628
0.12130150698930085
0.10675117343934794
0.047620032558631106
0.151892250875587
0.10184054383713456
0.10758861754205443
0.07740024028588578
0.12017394594917466
0.12323232026394318
0.0664270770839033
0.09482426872110494
0.24598826494191206
0.1218353930327621
0.13067250164368135
0.23010393569683785
0.196570426583902
0.07060995705059947
0.09268165277913272
0.14485620243473069
0.2275655146870637
0.10562398053526445
0.09044957220773706
0.07694435535012319
0.17245426378347453
0.22175893660070004
0.14909666272442695
0.14110391498978028
0.249061522874101
0.22869707430408623
0.2526446472467509
0.2579113402267743
0.10571820438545486
0.4059353691059969
0.20362560660969917
0.10931825941981115
0.23819545491184843
0.10799362479350864
0.04962576463793598
0.10938766988495555
0.22790950947987487
0.1125377722625302
0.15700762312812663
0.15267006638223068
0.034209871267058385
0.1308044152562997
0.12441575498396208
0.06732514986688756
0.14460131211295427
0.16271511705279376
0.1463753656386328
0.23370728858301545
0.15107860802454903
0.08444232358213251
0.16766956134647243
0.1359127175864645
0.14589420743008577
0.21070741073294763
0.08714734440556712
0.13781366076904053
0.14010000696205877
0.08348285425876908
0.2216983396633771
0.17783184681012626
0.13847230232575408
0.15499465132606272
0.13065088917717096
0.09311123231736558
0.03601423589348193
0.19246648082733162
0.26524099593928996
0.16187144427421532
0.15279551529747493
0.09708354843013582
0.12906837861172063
0.39354337884570934
0.18522664692568777
0.04398005862032266
0.15202629026423164
0.14378315851060494
0.1468583823805095
0.15952747057009958
0.248897545328846
0.18526686789023442
0.30088586103160947
0.06686520471047486
0.09132096708177029
0.04262693097317189
0.1183775798804896
0.03674342811443476
0.26756002282984187
0.17653701883834744
0.16865044605427332
0.20248788298196574
0.12831500236835786
0.09775268668986796
0.10487552756925701
0.06626672959476354
0.28956662525708643
0.13594042421366245
0.2709766231820847
0.40637477379312564
0.38533437972890566
0.24083305170502262
0.17581246046325966
0.14733031156638082
0.07764046160641176
0.059607889281684194
0.1239062211994627
0.18064962995951012
0.14918751268703953
0.13064412711550197
0.26656778800496117
0.08351537746234516
0.14314846606593348
0.20230722352441405
0.16440726210155815
0.06065684251022356
0.17102567914801578
0.14785681526301428
0.16130396487439227
0.41848919630366177
0.21892112347402307
0.10299477305758362
0.1303036567332509
0.15292007469835872
0.12822581541147973
0.11986282862251041
0.2030609914302585
0.28684740965754013
0.14751109707454976
0.032373796378689874
0.1542193020996744
0.16289858836754348
0.13835524862483856
0.08288358703032558
0.10464628584084758
0.14808246795774488
0.13932681716378492
0.07854849066207403
0.22632521032504038
0.18702743660791138
0.18061939801814964
0.1971332886359346
0.14545250921776232
0.18484892936090766
0.2413383791883862
0.0827420810837109
0.14423952406627658
0.16135259403958954
0.15749219478258958
0.09043584433544143
0.09248872028633982
0.277253537822005
0.24069407433338114
0.10747636450999244
0.14134268294382724
0.3103440329581731
0.27220414254274927
0.18372564688602616
0.1663631179853989
0.18163321609310873
0.15798963863934798
0.25168583014942375
0.14184444837588894
0.24215047216107624
0.21388006170103732
0.06315935094587251
0.10866879138507483
0.07614931888746003
0.08873168599891695
0.20096137196932198
0.1765094447341972
0.1977279229304622
0.16547603479370662
0.13625117565311454
0.10018373742631118
0.10350231405304285
0.256854668124336
0.45769828204229096
0.11085121705095366
0.13560577125809486
0.22177655454090894
0.26885006155547003
0.18369655435082904
0.16550838126731787
0.10730978723933711
0.20953989300275452
0.1661958309888912
0.19549734526315338
0.19607031256975238
0.12700583116975026
0.10468064214477991
0.25516320464409703
0.0601656331239449
0.4285083086105545
0.1826463405930936
0.37181061396851045
0.12561028586933226
0.09613630476237879
0.10056754722979479
0.18672728192280294
0.11957723890927593
0.20651393690139325
0.1709249627214758
0.1439963888476778
0.14297740180320834
0.2807037545847388
0.08350786682074236
0.1471347500565598
0.11634176412318456
0.13930796640276671
0.09741359146254615
0.14351820983925528
0.08735084608293028
0.1309276573605015
0.11466316938684222
0.19259128990113167
0.0803513218711957
0.27351265704469063
0.12235129550158695
0.0932192401478133
0.23515424248810685
0.13010208469882883
0.08901078335990587
0.10780593535656313
0.23965825589011383
0.10221010048983821
0.09889989839156844
0.14339882319277786
0.06763616086177215
0.2004021033174478
0.08901126480201181
0.22030013857663175
0.19666778042845845
0.044952874499364436
0.2699987025271405
0.05921166245633068
0.12009402414496484
0.11805992349528933
0.16711211217080338
0.21016452338631092
0.2064113344929257
0.11993511599359061
0.15899712486652343
0.12662763772414137
0.15115955112474527
0.17026368473404452
0.17026293937275372
0.15516312960396342
0.2201288299110238
0.05381439570444192
0.12365194292360843
0.06426066171443591
0.07519132037494974
0.26878964710478936
0.16332993796527362
0.12196910778499392
0.12386255012435682
0.08729028241242819
0.17452096168126507
0.0617734145266115
0.1089634984611473
0.2348726717946811
0.17532563321419184
0.06771144475352728
0.08511352497157272
0.08483375301209016
0.17079440681893346
0.1601334822718109
0.14491895691759277
0.14047589916712602
0.08243988907848439
0.20570996583440385
0.16499350078289393
0.15039479539481337
0.1665856518597772
0.31335243084715503
0.059612849885971105
0.18532585005525384
0.2674292954752876
0.06541216059924014
0.1817160910263758
0.06642477180349449
0.25293767860964067
0.1309269293839735
0.12841570221387255
0.0917512313935476
0.19178557023469686
0.15759999254747498
0.06555729466316017
0.06182059975526457
0.28183877207555424
0.16265167023580113
0.33619591888880895
0.10213457120910584
0.32945141546825807
0.12706686670996958
0.17576935162043966
0.1364801886850779
0.17768212679075018
0.07271275866581044
0.10216224484225335
0.20113274721172886
0.06157500639038788
0.21290527739644144
0.29350839766076997
0.2584532348836114
0.28661760448303375
0.2744734197577732
0.06867074364209866
0.14114222787406266
0.12549308396368572
0.10780672259903977
0.16090789425642413
0.21863114956534893
0.3064933037924677
0.1859386259082202
0.1132313419801564
0.11095741742953613
0.21511314769075524
0.1647204747510972
0.17988091893333275
0.07593617232188238
0.14331220904890113
0.09050911558816216
0.09721039083858607
0.07811130714931389
0.08584532834073731
0.09265943821313904
0.18818461899776331
0.12437710300564025
0.1610243359757035
0.06419328223284192
0.06688391362178947
0.09368583448780472
0.16896021915294468
0.22174418427104522
0.1542794828599072
0.253182627328995
0.10711017577786154
0.17054576245363545
0.15980376658659884
0.09626163092026241
0.25489186625148996
0.2010919385859039
0.09661051595407515
0.17468915361236856
0.15869921532599435
0.3790885302844946
0.24761552481906257
0.1230777293715788
0.12521132940650834
0.22801585667655874
0.17168258539728723
0.6503817855445864
0.22271038863385242
0.31573743248381503
0.23429442649476379
0.09144313788772017
0.17493384744795748
0.13339409267849378
0.13856613641723386
0.16257360201364845
0.18644109641848616
0.24952282183572536
0.13533582012346962
0.2319135957221516
0.02276743125069238
0.17194009785401942
0.12639459114873267
0.0986134176112948
0.12593775262936807
0.07291936973074141
0.345545252886504
0.16750370804193165
0.14285834000632333
0.22519713178628173
0.07015160169660899
0.10746208054910457
0.3472944501751346
0.16637607048928152
0.21327828941089708
0.15591490760137616
0.10930547275566464
0.21600677923234474
0.1520746331908971
0.20960345819305817
0.09350740841746623
0.07272950496464684
0.33963312579597726
0.29925078649945225
0.21379340109247744
0.08817112913706518
0.39407839540316386
0.14148978042638855
0.1797238737686426
0.20352793439391315
0.21616755573786586
0.13178075555106375
0.21440468000611373
0.20194545985481727
0.10723646145371107
0.0888485768454657
0.13927375324612762
0.233924739841667
0.1285853147632591
0.1313930378819879
0.23696365833873503
0.08038404440112783
0.27083849474212734
0.06719030977463512
0.0891702123778971
0.08160832190375415
0.2822670853541827
0.06526610827040431
0.22282176715698698
0.17976856129308252
0.1667894973834403
0.34302754089281834
0.22032809067453654
0.22905290490590371
0.2211413011059393
0.17038795367061293
0.13453941019387192
0.11753982098186601
0.08686811775643
0.13715702817610123
0.12859263991694786
0.14994997408637192
0.08038936868790374
0.07037458967014937
0.0638233883666921
0.1303505057199534
0.125992140532723
0.06270418117176102
0.15780095275191325
0.10914227360992056
0.19091979214306196
0.10840870139061116
0.16421717434620314
0.13771094193392575
0.11214257752949966
0.08312717070906744
0.14846863961963064
0.18173776269790382
0.13773972730807946
0.20101235450995678
0.22130982085209275
0.2529261355503
0.16847295170517962
0.1166114427031692
0.24415215612195434
0.21506285986653956
0.146169094837333
0.1559820880744786
0.24624643070109528
0.07739450861583862
0.09866822530394187
0.21452176275652168
0.3057615793312337
0.09088095855060918
0.348371663853736
0.18975993135824598
0.20221289876024176
0.12560844965467044
0.161689144117943
0.21417123401703989
0.1656929275956871
0.13861045795175123
0.1020658029764799
0.08739086911431186
0.21939287721106826
