0.4185321858763751
0.47510096034607063
0.27646186801495976
0.37078268399243536
0.5786739234967209
0.22708532864933123
0.28333028931352117
0.3342735969984341
0.19409466176324472
0.28154506834939624
0.1269669873601476
0.43228237395984415
0.08632439725900919
0.2526276497356126
0.33724832614140526
0.6366696519251165
0.04047928821007431
0.20619849766884987
0.5457786310604507
0.185606599850485
0.09899734691363536
0.3473390921241506
0.5331809526851116
0.22270371392750146
0.17772256696985309
0.17461430217858445
0.1652532565255579
0.3868314538969898
0.07487814896287105
0.5842943204256982
0.1674391652592712
0.6477868499099539
0.3291015773067121
0.43425558715141144
0.5529285590016452
0.23120039951149662
0.09461599311741169
0.19539250034188885
0.37366507957369255
0.03204619423118338
0.17984802275961545
0.24052088796021018
0.46988601595210194
0.10357134852692627
0.43854676640385937
0.18968687023222142
0.2981312932309445
0.36912668902972257
0.03988032853518136
0.08459300697202335
0.24671821473353764
0.37681966857879473
0.48593576542535816
0.3264166655289968
0.3999086217255133
0.5652324292286028
0.5108582841526973
0.29733802011809746
0.44356188735420043
0.15788885298049798
0.5403867070543104
0.13960439490929372
0.09540124032769902
0.4877538917576117
0.38208785670526896
0.15619474054180343
0.4904486850336289
0.41078601695476774
0.14703455133337406
0.326805779014544
0.1595471492632057
0.28952904062723445
0.24135844117433727
0.15562365278735987
0.18347784734367553
0.1745287939936072
0.5130590459930362
0.38636039083614476
0.19545342053425274
0.22212744050506328
0.10573795178441416
0.5235480701227814
0.4183264373864542
0.4248010143160075
0.13898307822894937
0.4587156772211297
0.3488172097052926
0.21833129778751367
0.3391308506613636
0.16487476002873463
0.209048693894448
0.5867483466354512
0.17572869906408572
0.41810268120698524
0.38373337724575685
0.43983081275238906
0.03881243906984366
0.3473148899466074
0.42212677833637474
0.39744040757347177
0.4481993322438814
0.5807940971278543
0.22056659211274876
0.08171924339198257
0.06874913046255776
0.3599922621109292
0.1900402949963066
0.366222214090495
0.5669165975326028
0.26849441044442834
0.27898543275322185
0.3169053366397028
0.2787235611219735
0.3763937703076043
0.20201773044679075
0.1522276570596154
0.26680985518242856
0.3380168274700774
0.46906710181584355
0.5666381244728125
0.38500005858438674
0.4072427195014028
0.24250442742630918
0.5615049879166405
0.5211213434711047
0.2575309485262821
0.3841462954451726
0.12302744830320402
0.17117819069621648
0.16873511052620382
0.3909829703985352
0.25044513907392757
0.12894157227165468
0.322138002435035
0.31311533350458104
0.1553057881240127
0.3380318894646572
0.28916711386000493
0.4380142299875982
0.45382397884936587
0.49405853807229366
0.4923065938386894
0.6375519198475029
0.21212151008984345
0.5709582940210688
0.17236745692553326
0.20303462001215994
0.2485979064556328
0.2197443324694983
0.09415177400790771
0.5539923909075746
0.6399845925736927
0.2334335617491495
0.31430854503470007
0.3759692888382389
0.07754948417150227
0.4011743869194006
0.2961866211862288
0.09686823743171409
0.09379596532222331
0.1627757542257735
0.5526117984573437
0.17778983987714028
0.6190614102022525
0.15814909014230144
0.41417636369186606
0.08300512841911967
0.14292845754254754
0.4108833571748963
0.4113234487410949
0.10388903152808229
0.2997917875092979
0.4820425458401321
0.38497677285872717
0.4179016393813428
0.3012442058066799
0.1858593685281219
0.13833130002974525
0.6541542743508355
0.35630057381834584
0.389683683410247
0.45558039321080235
0.18143598996376928
0.33311773411362017
0.2645618992964339
0.3829199897748052
0.14410185102256787
0.0705457549701221
0.21511196905618538
0.3899317477935203
0.28888677126115847
0.05397928885102918
0.3280290669892974
0.1352537083835705
0.2823835738311181
0.41917160597597725
0.2124215364925961
0.10883567679784865
0.20344081279614312
0.08734199019392602
0.22443892555370448
0.27664411956516294
0.3999104016377893
0.38873482131908016
0.16578285889770586
0.3573942956823319
0.5209940183057015
0.25017429495453536
0.18537531637864488
0.37322799141945473
0.18163552662372953
0.42879357742314134
0.35022121226445313
0.6585797438661333
0.5166296911868383
0.1824397006977725
0.21076447384033825
0.6113381076148362
0.2730977563428692
0.10698868633697967
0.12422164091573212
0.22407565054578665
0.38581782846571033
0.17774100285326064
0.15887455081790974
0.3106269993161487
0.5684835077810197
0.6633714627692557
0.257143539082572
0.5221536076712876
0.32162482953909044
0.07600347196911678
0.27898236544461036
0.5294779527337046
0.1375705761839043
0.6415861211515156
0.2673309775906749
0.5283329300444192
0.20979639277033071
0.5315625526469545
0.20140252212480717
0.5896529895038686
0.1709492167309342
0.316867251190038
0.24321880317738412
0.2045756269197569
0.16066911845952833
0.30607508992250965
0.33420108723423975
0.36306987367568655
0.2551206364897989
0.11012338049531485
0.19819001472738945
0.22677098940224968
0.2805702274613028
0.6195381041014235
0.15736575596778016
0.1704202427735124
0.1139099924440784
0.2374788566701691
0.42435941379214664
0.4307845792626907
0.5460795872632995
0.43575481146701317
0.5647515279490511
0.18190736685096323
0.4686430277227345
0.3895814045492549
0.33390013065135865
0.34207548064064264
0.08941082658143588
0.04623244139090252
0.37142477984340777
0.09924192000695843
0.2272572038175254
0.43496110293371065
0.5179510259803952
0.27083138777534693
0.4877186283640729
0.4716084900197684
0.24672256241405702
0.09751549597712035
0.21277685718627656
0.22630523209771222
0.2852549060501835
0.3219243263124079
0.43001533691307753
0.12723617692309025
0.4059066740612882
0.6394307754508406
0.5810292492688217
0.33050411830884874
0.2084732206757911
0.6011601654735799
0.32056824791927757
0.41556493369943176
0.37272338547434497
0.032361782225237605
0.2509985865547924
0.6305442262155011
0.5713442586378499
0.4066154347575578
0.531173371080332
0.3870585364837323
0.29129254599674115
0.17251297341469182
0.4669994506699188
0.47398796002245897
0.1622459385546913
0.195372007621163
0.5070455912556974
0.3048963491722347
0.31682649324891465
0.21238458219881323
0.16383075591063137
0.19547872347346867
0.6986593092855963
0.5083348116927917
0.3530047474326098
0.2860868364540828
0.16595110409375446
0.18590325884680547
0.2052817322014682
0.38548474960821266
0.6763159682354413
0.47012200443490704
0.11156635546492992
0.11675488601271057
0.05220813937754544
0.3610882667689942
0.12888073447471396
0.643134449712117
0.19449241128036518
0.08825441760854907
0.12081883057211201
0.4067782186036535
0.15123103404761254
0.13137630486351753
0.41195319809812203
0.07605643301601943
0.1627898751872287
0.1527559510687693
0.39523341185226984
0.2071753094043373
0.6733429507224822
0.13997290423684328
0.2642033071492392
0.09532355365523747
0.10309359605686141
0.3341569923797065
0.5307943512924451
0.2016216858028787
0.5060354978082147
0.27113712719303823
0.37614264450280305
0.6449284410630273
0.10384010736902091
0.1991032569478549
0.48951491092560834
0.27283461956399857
0.32961230613779546
0.6440368890308026
0.2566614370263571
0.2655543625926648
0.562667204114155
0.3133629536700077
0.6440216788983503
0.6081896929636507
0.3530920497961347
0.18678588260981174
0.40796005924947437
0.17397273738167382
0.5231674497518513
0.08042887110195868
0.04017543585236774
0.09470942152941292
0.4340323127715406
0.4020472674058405
0.131790794244766
0.2369600063600545
0.16174192837008614
0.08339022113485764
0.6091495848953016
0.17512639840676159
0.21150073211586137
0.5862023081487618
0.40500754743906414
0.13870268332254687
0.22940552638551148
0.3295492211552959
0.6631536981349845
0.05494464459019179
0.39575775646341194
0.3617099086254483
0.1458679716080647
0.26835235898739884
0.10804140704397676
0.10435673047407501
0.05557808135569464
0.08158426523676195
0.3321585764948519
0.5810252127513859
0.6018550324820665
0.3981083866281463
0.35744013067597863
0.37469080849698877
0.0701416940445085
0.07537353529162968
0.07275778003230515
0.15226988153996635
0.25848174182241024
0.09062935726745504
0.19969950588459273
0.07789021835889455
0.10365840251618806
0.1909284571255728
0.29573073206703104
0.21041701500654958
0.22517729079180493
0.2682635934362389
0.17318519297501067
0.3627315317303421
0.1498521266386499
0.043988790022267625
0.13759538605250657
0.5192595899452938
0.12107941701306477
0.22366639281601225
0.375930893486889
0.07782688540377343
0.3315470751190098
0.3889344142231415
0.1925590308463053
0.3785982245890104
0.3191307212203959
0.26874233124686736
0.293617152217915
0.2550710776180359
0.3488363215439218
0.4891952479781312
0.31333707570736097
0.6089037488924737
0.1468472550034554
0.2967326587102401
0.40308297494478745
0.03258748524350001
0.585784122378595
0.19898033938943993
0.23356341822816434
0.3917925973239334
0.21246223400316666
0.1967271114237709
0.26589434167809123
0.35677608457359417
0.3248638613953078
0.14960244920494845
0.5326080500708095
0.05696740667846159
0.11041024048953395
0.5770089249379406
0.41062778582168774
0.35216563081953567
0.29385377453330164
0.39932209122538126
0.40205235997433564
0.2292851217642605
0.3696731433627528
0.5079997365807598
0.39491765391870337
0.46668253602203147
0.33412169430378075
0.25505323392854656
0.5471608544119371
0.5100813739414757
0.3674047587610122
0.10038818736452851
0.2751373623818837
0.09675425612146582
0.37667516525511846
0.21304202954760199
0.2828940189824778
0.22676357551596074
0.6360281432628052
0.6307623479960073
0.20678836221938549
0.10936950191038487
0.20169124528060672
0.30189653795124843
0.45178008453899815
0.08092758526351303
0.2047393097581681
0.1067796600587122
0.4233599427160078
0.13215037867695584
0.38421239375385496
0.23684029699173745
0.36756401818682993
0.5243697173858316
0.24785184235493896
0.054180740388402246
0.2047063895331346
0.10738865785552049
0.5289108846920835
0.270198581960777
0.4599374404304774
0.19454261184669788
0.3493365688026001
0.16548251266201205
0.6566633592077747
0.45932981673976536
0.16952529009691455
0.637059747406631
0.09949338444169399
0.6261680429259814
0.33514188305764714
0.5585394564884993
0.5264868470785116
0.23882653111230864
0.1633124806231384
0.5160757053399444
0.41027427622303764
0.08372703954438974
0.4906286886774755
0.19480028066958816
0.36942562144575347
0.0479111710459825
0.19895942983164097
0.3648335348996442
0.6269176095817992
0.5411201104553962
0.2015653154192413
0.43052144968888617
0.23553169970794863
0.5624241003729746
0.15875854048084773
0.13196143431043514
0.35829360727180815
0.23880900920317338
0.23323348606831498
0.1970859568961629
0.2014764127141062
0.5472172280388798
0.3991365213320956
0.37681098527599927
0.6283960850469836
0.4176590598859847
0.39665377754877285
0.10643708169370189
0.05334161093912003
0.18844281847255168
0.37583509965068745
0.2063864846298914
0.07243506863079002
0.42121845817464293
0.23329738694091484
0.6361297632540696
0.2177375058232985
0.6479868352611384
0.6491427302834164
0.5295283843311772
0.22427814301726698
0.38618757428209033
0.17692998523976033
0.17414774167261338
0.12133608468514416
0.5427210976164074
0.12216347135062418
0.07726748881671994
0.33415500745861415
0.09333112836698598
0.18629844054228917
0.35548921626054014
0.1662089128855955
0.17624399933449308
0.14762898005515082
0.3580177368464875
0.29572985534021756
0.16302523254498366
0.6605046008785838
0.26283841827451127
0.32940267316578853
0.2187679863719456
0.04021650792283848
0.15081742204445978
0.21593993643511772
0.1786743301691643
0.6695618214185851
0.15702438894585072
0.2180314419232191
0.1432390800997885
0.42662901072569326
0.35227921851927063
0.4464887736330157
0.624789828436334
0.19251598091332697
0.10938355232830951
0.2648885524567776
0.1424253084982523
0.3052413170429075
0.3952364835197199
0.22963795974229223
0.42175247169224045
0.17903565394361245
0.2162268644229474
0.3241832619745376
0.09204959654281239
0.4208897405935131
0.36413435191403365
0.1850104601641422
0.22480047373813764
0.21752935751679273
0.364355083677123
0.3406573126407607
0.09065640717823974
0.3524582272219827
0.18816478255423516
0.3606652832757166
0.612726724494856
0.2937065577635047
0.5727272279097297
0.6002102274190019
0.058128162196033964
0.5123218626634602
0.35422277023802773
0.46997064593369
0.4839892106601352
0.5545832524678246
0.36414353884493983
0.10791948403820156
0.25763070452953396
0.5892337075277005
0.18804734501859047
0.29614379253522677
0.25216527669602656
0.3952648713499303
0.10327652920330613
0.4248359693989448
0.4286839934162492
0.16651033830992515
0.3448081343358672
0.24897950425418175
0.2755918277775585
0.15125521137454084
0.3289341290785432
0.3928025963136239
0.5191506491522777
0.33026460227035437
0.32236585027820036
0.48235239922134393
0.3107486449560452
0.4166034669687572
0.3554272106714714
0.248692228388804
0.5712613600971642
0.5421636186591056
0.23344676660562683
0.18536154645151443
0.09116644831288924
0.39287981626573554
0.41481322903942586
0.2449470481371947
0.3574821556164886
0.18560779221571272
0.21027980308996855
0.06207962363214202
0.5506785641962257
0.0696645877198291
0.15993316949961892
0.4596180419654435
0.6163193003998556
0.1608232381686498
0.41805205399743434
0.24690833314373478
0.09422102819579807
0.08187866559274276
0.3388674165892514
0.06982119824865203
0.3966495506813433
0.6222131978249328
0.1526192483226112
0.2169777757827249
0.16223138852155086
0.07672559563753582
0.10048439969770596
0.3070568543739897
0.4327662550107132
0.12266538201782722
0.4957030639062295
0.2006088335749212
0.6526750885996104
0.399657806925989
0.3133677416852274
0.628981295603997
0.47013744542609437
0.23437948929166846
0.2487384786009768
0.0783497155813064
0.08177725074783533
0.05047849427203024
0.6449712301049944
0.24213561055337335
0.19225473311926627
0.36250839008659613
0.45026725515469995
0.15864468005727628
0.5454308272051523
0.319136031779053
0.15065118741731662
0.05472796989684415
0.3101456366603576
0.35484735622451635
0.2366081408885267
0.41443572284441055
0.12414191061072727
0.20542366087934555
0.4963445860358819
0.195660709039813
0.2536180412126892
0.14694999645967854
0.22842510994018597
0.34781657508073305
0.39820332645364936
0.19352922935337616
0.27591959519886633
0.30036914239895124
0.14993483088110296
0.5615869882025076
0.4976939649242364
0.6482788290936758
0.3461139169778404
0.3650041830085191
0.22525234723828735
0.3453398048345526
0.3263856832883594
0.6572982867207716
0.20113470715711376
0.22987178291497648
0.3130682038691162
0.10572312007531279
0.42456547406733686
0.2578466336363515
0.3599944052356348
0.5380866644763875
0.23360163980445234
0.28831518019470354
0.09431917066225953
0.6047208782045835
0.6257393042070587
0.1914473188859849
0.3029918065426572
0.37485959525740453
0.24797932266517003
0.3179600059612975
0.1531337343834795
0.17984610482231697
0.35515733739365823
0.5418467213493843
0.05095464215877805
0.3911304651479834
0.20858246123582833
0.116009475758918
0.6747030311406659
0.3775945782911382
0.26895850212538547
0.20375284395205723
0.1950589035052463
0.14916285115328198
0.3937228685144019
0.34461667948325436
0.08595276794665975
0.2572475904091516
0.5555962306550838
0.31176734093015235
0.5299818721175732
0.43111587218637654
0.41093856320013095
0.07920330581926603
0.5664399254833613
0.036241530217324444
0.29139049446024357
0.08265539485082335
0.2610934822216879
0.12851509075899234
0.10763789150438989
0.324715981659825
0.15418270149273378
0.14405504125135773
0.28625319687715883
0.09138257730990366
0.14449494139765384
0.14812763107329985
0.13398227474035476
0.3043756368499358
0.518300608954355
0.1954311615872305
0.445125591621195
0.22493607028708396
0.6983049408971747
0.03933556914820025
0.05975999888342213
0.16853176830048305
0.3293321249940266
0.17738259278218607
0.17767778349193378
0.26984238775985164
0.4433819967246761
0.16303407355071725
0.23184367068320086
0.09574517571717676
0.09383658653407002
0.21077067829186372
0.19825932118860232
0.6312096535081743
0.3906162765934132
0.5195116087279905
0.27951986440712895
0.47123014212394015
0.4897996292477368
0.04927882715724157
0.4239002618320299
0.4454224950209952
0.5285653969477319
0.2562876259151381
0.0814226767349436
0.35480931867392473
0.6377846594973612
0.3800956368588826
0.15794785459024016
0.0771443212403721
0.1729145993202163
0.10218069891593434
0.42982655288065336
0.5904609490304791
0.1637334060585188
0.1957155624063273
0.24189064411809566
0.6695910931747642
0.023524398271983216
0.14989315057667588
0.4686712738282721
0.36233357471334976
0.6427250501097551
0.2114609035152524
0.3878902114458674
0.39596458346500296
0.21504512728803699
0.1980137868899434
0.2140401620675489
0.16902522563784597
0.27589361105199706
0.1423166474338916
0.0963120665180851
0.29910513434632613
0.471981856971093
0.4162738076664192
0.1312235349065311
0.21012981533754732
0.12515651148561552
0.11647986009157642
0.1164363650129274
0.11021563042705763
0.3737809389506102
0.36759568482571786
0.08741012503076212
0.12007429789839293
0.0506024399233472
0.35879954566086586
0.6444542582599022
0.2957986928287217
0.27971431495764437
0.19415289319730342
0.5706527652975614
0.11702532846930029
0.21551174374700677
0.4147589979439557
0.18403219860929163
0.17504530060860354
0.2089166403307308
0.2518874683123668
0.3544823295421904
0.18047354137308544
0.3295390456978333
0.3313242283155849
0.35086685172313775
0.48694319518604046
0.2707705047965246
0.04516879234684684
0.20112690433044697
0.5710159986238423
0.6271915068723631
0.5879384151917387
0.3396261371672416
0.19010197539040594
0.40839930238903194
0.583095250031384
0.3220682764317149
0.201688953216115
0.3181627718298602
0.6854590464680238
0.32215780018062345
0.2715555746896126
0.5968966515496898
0.22767846436137235
0.36524891325113645
0.2983881081110083
0.08096508989460502
0.245469077802258
0.3636306979232727
0.31643079318015394
0.045543964232394256
0.2621185427267042
0.238912042261565
0.18106272931108927
0.3785044876136051
0.13188124294010986
0.20441199869397916
0.15286854501911604
0.1482481025632773
0.08832344426522634
0.41553618687410976
0.19912971298882
0.29223253877042127
0.22520838410906646
0.19982732286174484
0.23456926976020762
0.08817681418895036
0.3788787010061349
0.32379622030953087
0.3591258207913756
0.33324947975603
0.1720060562529704
0.04877836425664741
0.32904450476416214
0.28657777604433904
0.3171815141671475
0.38671458155313915
0.42869029663045033
0.2164193236354596
0.38395980068503605
0.32158938225111855
0.32768640070150223
0.17323260695611983
0.30645122521817414
0.11357588665564114
0.3725119437973294
0.07103995980705002
0.10600876938974724
0.3478566518919975
0.12683759472781486
0.34888429350359323
0.17767111644753994
0.3603946623240545
0.16441755188525076
0.41855562090144394
0.051798106154596346
0.3003629940145872
0.3804067051215738
0.3748417605402002
0.2097399383420874
0.22195178391364478
0.4796746564564302
0.3176678764904784
0.15320923969103692
0.2387944690937777
0.3639456683909234
0.15954936039041684
0.2777550415092248
0.21934846324639978
0.30823362865774817
0.2743630345462091
0.09299603397234002
0.6559881991691021
0.4204502562122766
0.2560846664150983
0.16058891739319334
0.6115520088198632
0.1731461967045632
0.3506612785982311
0.12755443463639082
0.6138426705917522
0.4256971138145748
0.12948167130123212
0.09962430391429877
0.30579316339695295
0.6560806856077285
0.195594238736267
0.108030060642601
0.6342442957501893
0.38564399131348276
0.3952816172346778
0.3124683964124502
0.13587468691744414
0.15324503399098002
0.23639805658858995
0.40521612679984714
0.5494792810590687
0.08969690819727578
0.5551906025095563
0.36861334394408785
0.24826760026140726
