413.07065268959866
384.7844732771672
938.9573338569897
796.5944665883768
699.726004526373
1117.5814988322984
3334.5233444823357
1940.6763567972653
966.907639376627
943.5780273255732
461.31985030513994
1057.0698682644868
411.0486070496922
1436.717323290542
1918.14628578681
1618.8204005413368
1512.4257748908026
296.33347927069474
1235.7069329277858
1681.3440445898916
2816.6486562219857
1999.363638144779
1969.0938167678821
222.58139717551384
3424.0797865650447
2929.8244123962636
281.31840091641953
1449.1119696443936
968.8841763307618
407.7279325544174
167.397306340521
3009.9371569070386
1583.411474970249
1373.2557363258654
193.57236739860716
518.4537091934126
2611.5562881437186
351.22193257004295
1686.4417942591356
938.577869709397
388.62113170267787
242.46669475411
2727.081883782169
1902.4637406654904
918.9750926827348
3268.970291278984
507.12210057893816
880.2617923281372
1073.6279550236047
901.2626942960561
1393.8072143749012
849.6942910059236
487.6017052497287
565.035346399498
452.5568349156727
1683.8321390594836
1314.5690596770119
1637.4266669800709
1127.9589792703887
2604.3168815528807
1494.6296391499784
511.8614687562861
2594.78893256212
1286.4598752621869
195.2179563106524
546.963534232175
524.2880295843528
1029.756674804172
1541.0396696331634
329.5708740144713
2679.2389009421863
527.1911067038776
952.6717663963929
227.99609055125842
1275.71947090985
1856.4699480923389
442.93813784218304
551.708244482868
1393.3561608703283
1896.0313259679267
2048.1558313512396
1320.1024449547979
2723.836855707985
1185.9275035674063
1050.9289473632746
1364.3200746556918
1279.351517146634
1621.7078707780072
2540.5028562237044
406.7838866932653
2524.84827377029
3565.7127042021866
1438.1123566255158
1270.9319360997229
507.83720560222247
1780.756160210337
205.43216366378977
210.2493714268058
629.9602265963575
576.7826818344172
1989.3928388077327
1891.0960922327843
1833.3522472914633
2489.0925609818028
3505.378410437577
1400.495314307806
648.533261649524
1079.0187308868667
1999.590170554276
1079.7565396860762
3079.709408334358
807.0200908489991
432.87711687533255
891.4051728871432
2011.7107073639677
2571.295693401143
1063.4039107123808
498.249022065732
1273.9798596008518
476.33946128253064
3268.420139811576
767.6676391564984
2287.6573412007083
1670.2976635805883
888.5514487939888
1130.6519571116628
1485.5311712986245
1615.1590514920763
727.0572271451305
1811.4865642290608
2091.8438015412466
1780.096755939898
2099.864868263236
444.2097710275047
562.1062882763603
589.2716748807376
380.08196632987455
1932.4851564207086
2078.405570145704
1.2404944265497337
3565.1638089222674
1356.6828124988544
1334.2157533456282
1142.3113847637778
1064.205719801295
3420.3461784647543
408.18201366682047
1177.4742453528513
1253.375582816521
313.9974033849934
2955.7566440485343
1317.0770259091007
2986.1915888704966
1125.2540942160524
177.54380228627076
1312.6116517250896
932.4083767609083
165.9487413597147
1757.8103741940838
1415.9823412258163
754.659353692246
2289.8268782314963
3959.5812220712583
1364.9669510911783
1651.8243486310314
797.275555801263
2680.026406840299
1287.5686499401058
2968.190853921187
1167.258444466689
3176.6543785289605
632.6136589227177
767.0950005134591
1152.0006775521647
594.3274923128577
3022.45143847824
2640.8512301405203
993.3502791076507
3247.664434492946
1496.375958820279
2161.547229399999
1341.8069858254623
2251.0292936290584
960.0654802296615
1087.0150694067927
194.51291493428772
707.4926309831262
685.9250070357169
398.808184725471
1658.9580005943938
164.35665725876532
597.071717175997
1976.6129736142623
1098.7139594247622
1080.1796601051274
794.986442385865
1154.8337746332481
1699.2127729275753
861.0797297235202
2495.8266977868543
1721.7905617255606
811.2898884901934
1162.998440495893
3693.0390845549846
3029.5951093051826
1146.6051368065937
788.0948310533681
857.842558143379
2513.1327679167293
3415.2569311596358
668.0929557908458
783.8626602168328
1113.6041521030854
2716.154418693885
996.3290788065913
1097.4798364890685
2235.928694185586
1897.4491790216432
521.4983798029442
415.5069014736063
1294.0663315552476
886.3915610758719
579.8888814148792
2173.266639074806
568.9519254751406
1227.2791217350289
1168.485193006089
429.4144989157215
1182.0881364146012
3699.1641353304735
929.4954357209792
2132.452312635547
1117.720599730408
485.00315861782764
511.46874899266055
1401.7212073730798
266.82916110049797
715.7644425460384
784.3411908223641
856.4879603761891
1439.7351336153456
2254.524530408942
1452.9458859213175
358.61126098269904
927.4208431718181
382.67351281129805
309.79931524533856
464.8437477469399
1185.1557369039679
1194.6192222338004
2302.8378497779386
1136.1842070921887
755.3522104115609
755.7649828888733
1937.3163975252105
3272.754167750207
1159.8434823596763
419.497432984616
712.1876600771669
2106.719048061122
551.3487917517807
280.58806906781393
1012.7214635339885
2807.5087116296536
1043.3391916665225
235.63331526800388
1464.9132401837442
817.9717970864439
2740.827694613043
1824.2802395478197
335.07882667661937
1519.762354628601
1770.591667290672
921.3987182331597
351.7994451100861
2079.1637169580545
1882.0054993747146
1967.7310236107364
837.4198509867756
726.8292374221552
1099.398106398179
1559.5275641733153
590.7194265074912
1048.3687712456788
3087.9151719909064
2689.643132868879
441.24631493066755
688.2077602443193
2061.6325711710037
102.52318623766817
1614.7586489519506
1659.019833010575
254.25334476760963
2961.602039751692
2022.5366460775863
91.00068940851824
1552.0431520050738
1778.7126174857847
1621.4472255151784
311.31530868994435
1048.9044562176475
1623.501892824855
2186.1291807436223
1434.1897848809565
441.55768420388387
1447.7887521813996
1341.83121948717
712.7880418145578
3378.021422581106
1597.555089947818
1724.7636009760001
3186.926665583414
786.4805367754642
2766.24317169277
339.89513071765373
707.9353497120549
796.218440946963
823.9834494188937
2271.48324492674
565.1426367343662
87.63809788212232
671.6576920007813
854.6732572128203
2963.6574726830404
1588.3563480720316
1260.3997450603572
2464.4913296010704
541.6899365874407
454.7018044389126
2525.150087089438
1384.892790020806
1631.9312939571332
901.2029965096214
2348.5376802759233
434.14309541612874
968.0088659126998
3177.5564115057623
2739.230941075035
611.6326182712999
1206.7367158759987
1501.8858467738119
1188.1459443312335
1066.74192775731
2353.0417723276187
744.5052690284195
679.8539420163014
1666.2953786969524
3258.1260050512265
869.357794352604
371.7702695659015
477.14197432709307
1842.441557786549
486.9428112868023
1894.956430488969
514.171973611342
1432.1948644061551
1058.6089539781963
1596.266783410842
2627.8798048281583
3715.5800433330633
676.8364144429349
3276.802464949954
1163.1888207811758
3088.629298150612
221.96055843359105
508.7198162078539
1397.8317422042126
544.7144224325821
1068.845267262298
1354.5323244127112
921.8735655754848
700.4442418491523
328.18672937177746
3249.5003878642315
1964.2989661033996
1254.081754151418
1520.460680593355
872.6911682746693
882.8669014374142
687.7376529702377
814.2812999886298
1279.1711027750712
2201.283608023556
564.063675537873
1329.0726074596357
587.1511194654685
2764.8802722702617
881.9271663025665
2165.5327552756007
146.97342515364952
1865.5449347965246
472.5556911002747
1953.3214960901976
1401.275003907465
1047.9205899594617
226.75907827204728
1185.5144457345978
852.57048371797
585.6193052568057
1816.7342868667524
506.27249526509036
942.6323872130865
2127.7168808679976
1199.1561677259378
1061.791195730484
790.8372222534664
2623.07407560641
1119.8670695469698
803.7119469041498
383.078500604563
2770.876033647352
935.6386340878133
1905.1275422248664
1642.8828617010554
3649.6354262221585
947.9272648237085
2558.056981608147
3112.657506660451
3399.255476194556
174.7243120819599
1854.2414455335934
333.7948508598073
922.7853233154486
467.1471102483583
1476.4902128372
471.0740256027914
1714.8238758415341
2030.6912662451052
634.9255459838247
1427.5611163306291
314.51979982014706
626.2237904692345
727.5593579007235
1611.3337851384285
1692.839765788175
157.89460089285433
706.1737716858212
666.6552643597826
673.9220907907472
494.5921916027264
1788.1757295621233
704.1978036940449
900.6685599122419
3276.8571403129167
241.84337865487726
1472.9516538652392
554.220551809816
1526.758765879938
908.1499721421588
763.3293722193047
559.914577624293
962.6008481884886
2686.839261461946
855.5780997115027
1421.5324239927945
886.9480792908411
1057.5693470235817
2186.274885696806
767.9296609152608
2984.8564639282836
325.37619178542275
1007.8524031099007
345.4773505813621
1296.6508313162506
658.5290875688042
1400.9170595301175
598.4147881623256
577.4875301981648
797.5406030971704
4093.083381343382
2488.1508339062166
2206.9728582038697
850.2446460635758
1028.5820975305596
1902.971428089182
672.4000195286782
1002.8600888320819
1444.5684250434842
566.528303930336
664.1853684233038
2071.720069676926
2544.0115713017053
609.8304530171644
248.79178730222247
913.5909800758875
1662.43192318661
679.3804244403301
1091.2381067377298
953.1515235399567
354.03052289671587
653.2881218534001
802.8113045145581
570.45608185834
868.2983684850057
1540.399293223022
1310.9966368610762
1667.8064622310492
1129.9639174020956
343.16290305463286
1019.2221977448717
289.5805320657905
239.5203214269214
421.3440139641138
2517.611203770412
350.06872610305976
537.225314254967
322.1510420870101
373.5618920694441
1630.744948035281
2492.581091114252
1717.041476369923
416.7346570568481
1932.5504629288098
1032.5126504009
2025.0787071527504
368.6215763851955
3397.783616226746
783.1826517082688
1401.2377112652382
169.96764363234104
2621.3059795897966
1131.1260175690122
3166.160978157198
341.3395217364557
468.30095826927584
996.5280472662173
373.0349932461961
563.4098957595965
1420.1758295330703
504.88803317766235
1481.7655318295062
2810.6314204573027
619.5531171651627
716.1467532350379
3038.895376726691
751.8236732445303
1951.5202773157453
1256.5299170955607
2417.943074291828
2404.821814506925
1035.2855906110115
874.8507002618061
1433.7475791515835
1615.0528680972668
1108.9534509070288
728.1023337037167
673.1758561999255
792.6295084600191
917.3150347594146
984.3634694144911
1335.0451294210877
2234.7863262623605
795.5211399582597
1965.5156774475163
1270.4862628256624
2087.630358113452
333.0225390742199
779.3710109052934
554.5913131178364
2156.299895930438
479.5713657936964
962.0769463527796
2303.7382534204776
2381.566535225585
1796.4878665989963
632.6499380614516
562.8866234019531
2637.192488456318
870.6091709015317
553.3849020283707
844.1435687692207
850.3140774140395
713.10102018517
1270.4042399844832
501.75509255023286
492.44050884163136
1932.5696442373758
3023.649408777893
3811.0004379419793
1864.8822488965366
887.4482525054514
1262.342831982111
426.0707015798218
1504.2763423900071
2865.2265048897243
919.695191615073
230.85053429052448
88.84069224680742
819.5967143424615
2048.571661809914
570.7737005054316
1944.0046062692147
3194.220439178874
905.1583024462029
382.505724972082
2596.6640882285074
2259.9150697643295
1007.0685146507685
1261.6224320976128
1291.7497162759744
1717.4907490386836
985.9624050941118
1575.3439294274124
3557.7361967607867
539.8432396123386
1184.813949828011
1456.4619992985565
1595.4898883668045
2463.430932991874
2611.786842499363
1209.5660499782502
3488.9635668527812
823.2225891464724
887.3552079512364
2415.3545689823527
918.7321688603259
1191.6240256367687
371.40254692209436
1893.0737540781527
2127.346880140414
2573.0488098503674
1962.11565766286
863.476412752095
947.2501122161747
827.7369559444103
273.4804986046786
252.96114890654158
1082.507967757744
1660.108999401996
1288.2479384582714
263.03322817721937
1337.9447315984578
3418.386475491639
646.093010433062
477.57489371144334
679.4034507501718
678.1646414565259
2512.78626343305
474.87178909983845
2198.278255527123
542.4252169596541
1251.971665590478
927.1022950983463
737.7802361888091
1142.1280948232293
2197.560121018234
2781.5723238982173
510.9475133004734
1227.2214805818523
3257.5539929690854
1629.7328389279405
1637.9570404437209
880.3935894394883
555.5899801294149
3544.809927159049
728.8484131467027
439.3254528501099
573.7269172219943
386.92259402581874
1348.810338258411
740.9449995124709
449.3514932308306
222.28315383995317
264.0902096764956
251.02361009233047
368.91313072461094
1376.7290777481448
917.6151119860556
843.9513562237637
904.0663142808762
2289.692552903939
560.2676525843243
2358.8189722886877
758.2849055171718
2064.4243205435287
457.81205564512743
2004.4815024240236
341.36408422171746
993.7955108602575
774.3812931476729
1717.010211995188
610.1577504461269
662.6814353452557
620.140831755807
1924.2473412147085
367.13138525706376
707.1888009596406
1082.9809248764764
2391.9133169443057
771.9807967964333
957.5430497291086
1099.6587276060823
1337.969506814316
1065.1075149793417
1030.659145990858
782.783891290924
2112.6865522228545
1148.9989413001988
510.40105824626306
301.85149853769855
662.0799348266092
188.43480285050993
443.74263710043175
1280.0426851606207
1127.4733855663562
1365.0156409458011
2185.5125568912435
1209.2572756810894
806.163977126649
1714.3149906529704
2008.5016139789425
1368.7017869383012
2684.7052511566026
449.249676482225
1439.9194389933068
405.92523676302625
782.2754980064508
290.68851109203763
255.52966055327522
2256.098702639299
1832.6298411326504
1160.6666378017771
1799.9547859240888
471.66132707520137
1165.1382208477075
736.8497035095314
1312.670695430148
1095.9306109490592
745.278223955803
1891.3548105404823
781.61469970434
1897.5314300794744
1485.6418858821296
618.2914050867579
448.01375144994836
1180.8251075470664
408.6628817363348
5657.382474732985
1969.378104582255
2248.6803564585757
953.0152810604171
984.1730244429066
1699.2325061321287
723.5287217558443
644.3555760334685
1836.5963895977566
538.1641728238625
585.075468729013
1131.716210156669
3765.428094830689
693.6349852189392
1386.7005005536785
1115.6274645292547
621.2130271232414
3025.164272950272
786.2391495526554
779.043578770756
371.17265193627117
1592.724639066585
787.1202058389739
440.0757626479771
1321.2849916077625
862.0742961030029
502.78840475872903
543.4276229599104
1071.6723620840066
1365.4919017039804
1503.9367550127133
1006.3617648197607
712.0844300725366
3455.9591825532507
473.1935428944005
2038.3190175226475
833.1987282827114
928.0677045587395
1639.2750151492717
2836.43052715398
443.5623881925715
1319.4216602429176
694.3559886302683
3391.570518426273
3327.7732283233063
771.894117787133
1751.3430401017815
1798.037910870934
229.65646394260096
737.4676539050685
1005.035480587672
2347.5128497212427
1269.6532880395741
601.8196222399938
1454.8898403444366
773.4654000180741
2606.4673478376126
2806.379950880159
1261.039216531089
924.9657462899887
1323.4225788471515
374.9573481399022
890.3038318532298
1429.7755501613024
2327.2603570084543
2343.3357436011156
416.221325527357
999.8254691867093
518.8633287617869
302.1805410812924
1341.0095728728354
1155.4929688222762
1097.3655034532255
928.6295843671642
1055.2757845667752
1263.3234624062552
1761.3874694745105
1149.6192272188862
1762.858145930819
2938.1265519568183
2609.346251402442
121.77860471855065
1140.5988829866346
1409.2639640367129
1297.3318681754963
2101.015309044344
3806.5626873738684
1254.0105555283708
239.3794755422465
848.2310180359382
450.8910400706885
1626.3759003293073
882.8971575508625
2408.5913021250253
2554.5248125122907
427.64410979922917
862.3623159051826
785.3862777271944
2374.125055940954
1618.1787345090784
771.4786706809227
1661.5694729571912
1188.1325944358487
2574.931042253097
1464.1010980093795
1789.15775797344
1274.5533379519952
855.3850724504872
883.6448798593428
2300.9104085330837
1106.46787534486
2191.077010987485
1587.7730137432848
1086.831433380977
1311.302442379958
2132.8839999872052
1971.0885024554202
283.21248556272656
385.0761137470158
287.8916288150693
1657.403463281164
1819.4920448721741
2502.1977121617165
1932.5610779932515
729.8436485473605
1306.4058781831875
730.2109322739685
363.5700657790972
895.2816880450939
801.5769347977206
946.8545343716272
245.95178065088086
923.3861812951915
2246.1761187450675
512.319253309762
597.0308549520502
2373.8825483882715
3803.422929999077
657.619223905172
1368.9013710330867
434.54310494774717
2487.4187232664076
1455.6952918042025
872.8695311370881
1411.622205510417
361.16364351461544
1941.530237968373
301.4299426810701
483.99730504727603
884.0545883167758
464.8129269015978
966.6263571742121
567.0081709707691
362.11288347892497
840.3102735116962
3134.67227194637
433.1613229689941
2288.316095163979
2368.925062098007
1034.0159195957337
775.6503820023114
916.1723295780638
203.82295124064342
3337.7093697215223
293.0706329668681
3591.746794255446
587.818851341781
777.8145685324305
1039.4992653868303
797.0037481050982
1628.3952951890428
1899.5541348644476
1801.449083050432
2429.8644679176305
1945.7008441958048
1918.626549676849
1607.1148975480119
308.65690507610395
1586.9641720623213
1411.5519544951546
282.0794896994744
1906.1685571340004
1168.5381735742326
1951.5290059991967
1586.3894780172209
950.532566746402
2147.109179119275
2054.905393483048
1825.484561550248
1196.1834805420465
516.7893988806142
2019.4807445306715
575.2321068617231
693.353359944864
2036.7361523675377
1782.904391292546
236.95054103677327
1134.8398871393879
1766.8968112443833
2295.0941749631797
1305.1857777910395
198.302388867085
3121.180929348159
694.5551535974754
3354.2594957692454
1223.1987317011697
1716.372796787077
1461.8531047243646
775.9947587927611
1622.4756580210606
1186.81343056234
1370.5930071218065
412.73055940680695
1424.1768767415113
1976.2218866319818
820.6288218388817
2051.7717074378097
244.5164905848252
1480.3651060079144
1113.940187225325
1338.5448101156246
1279.4047258205596
2741.536753679981
2214.283152596066
479.63055883299825
2215.1540825297625
2311.3307610208276
723.4581952438974
1992.8609034079739
1046.876122081062
171.57569986007772
2999.5642360498914
1280.1967038489604
1701.450966202189
319.9645375477085
3755.304674749557
1770.1584043391135
1928.8622349054697
824.5951972083835
2907.2360209638687
572.0180209611992
941.104688641957
1591.479616000414
993.655669098293
961.8171095774615
1062.9192795933964
2633.143978415392
1036.20377102694
203.75472000648585
872.0125790423142
1095.3833949250316
1942.525483105703
871.4389161876144
3702.199830029129
1144.8535118043683
2741.3508441125537
1924.4793085064246
890.8238735858137
203.55857165294202
1688.415854257937
1145.8222528356234
1261.4824491596432
402.6660448120655
