9.509330191999302
16.84833656770295
20.53367237868167
0.09106290460105414
23.97958211861308
14.496501628262976
20.232765914409327
13.13548975329049
107.45380282042359
0.03507434924707269
13.449587113855262
22.486162694139317
8.43115485153698
15.109910575989685
25.743725454414673
14.63155087416663
15.56132479002233
39.249218228567635
19.770666147015394
53.943274201004435
16.83995297855316
14.403705608419445
57.090394901426656
16.8119590610976
18.24651497231571
3.7072940946927067
20.948387788928727
17.094365830285437
26.261533767190052
19.659123899556842
71.09039622826782
26.456687868128466
17.570616650890006
35.07138416108549
16.380906998400068
0.781528485803083
12.092055964476282
21.720757212736974
19.675287807305065
1.0483948753633008
29.20480388337155
13.534538048038593
14.812521547538903
18.461598968572684
13.790717958087226
18.07291398122785
37.33430214320437
17.442569093165332
10.358832689722226
14.223565655413868
15.452881112347686
21.878154490148937
22.27445320654626
33.68341723638827
12.83183221438728
29.510029948830553
0.15215054742741196
21.065119355726306
10.4044269087139
11.962435338871106
158.6854089390657
51.74994641995401
14.713454864604856
15.243573135679853
5.100152722991175
13.934474119324067
19.91743674088867
23.223398036269543
29.937853896670074
4.93497299065475
12.268123874637785
11.877550832511183
16.44687646270615
62.09769630578363
22.69246454073841
18.008797945670544
15.17133410294712
22.457203916125632
58.68587697514825
70.67532368563674
26.00894616842936
14.191716762924003
18.33061089729239
0.12170948057654939
12.762688783344343
22.73959864537035
15.056607423060818
18.366179122836446
18.711320096156303
14.025477136310048
12.975359992670674
85.11030201250193
22.196365216631953
18.374792823664762
44.03495930230868
17.69562204368824
18.98470770995902
25.873554068665445
9.782584388630124
12.360357718846377
8.005879004490966
133.63282154349247
16.148884178043076
10.232068850839012
17.020429556475893
14.22880310891241
8.740231218848624
88.12435496315483
17.717897652282797
15.235721393534064
13.648011805784446
125.48259272864202
14.343939881040612
48.76659059006562
17.866237903273532
70.79733141548904
23.41132992623863
11.873601747738887
11.479302423248438
16.341993347767083
21.110797191787814
24.12077330459863
10.143551970144225
18.95614874358556
83.8803342926913
12.666267413182505
9.0909748571531
28.91133740890984
1.1638904564965444
9.816370140040936
16.849832395770868
23.094668186600597
14.136694822918157
20.785145350009007
51.603919264242904
13.804715944248112
8.60030731941023
9.645053318526905
13.854872360753333
27.17307806873211
11.16761708217892
19.325421284979154
27.02449007302491
25.524267713875748
14.933457388760603
5.246814973852802
90.79940537380325
15.490010359439363
24.543272406222
12.65927844228159
15.810798747507489
12.085136841537212
15.446832571149233
15.604301713847391
9.00499287244079
17.972637222801087
12.63010932481822
3.299043764958763
17.635589522671204
23.44099349934949
16.79226197669478
16.323527295722407
11.769491561771186
15.320836981500873
17.79294246576682
41.89658646017454
16.13805486116343
10.131495468128646
71.66976851586207
10.283756359533683
18.583169784533762
56.27945461242426
21.11250069174597
14.462447443074852
12.72958503541219
0.02721132463682727
17.265197451119466
23.058247649419013
8.771441477756692
54.18826332940197
36.23205866287792
12.975755295571817
12.33360448603791
9.418212336306802
26.08049895110675
21.030773369720798
9.66511626705016
19.96662249944589
11.878405887896262
9.772044850248538
1.888082223544788
18.497574356367533
25.428708760624623
61.39927643480625
19.031190160711176
87.33758699106846
11.869215189320343
12.066593403742793
0.18425896122016633
17.16795746006978
23.888757517550744
68.44461894227057
14.727461536692047
14.192393574716458
24.97933652706143
10.134749172855019
18.02820681468086
42.57382626991626
8.109434484007682
22.656167512986528
31.301945141728506
17.23914444283508
120.44335636310389
92.78732442357351
7.081114271818804
128.51435546887544
12.743269304412035
16.27249790028965
20.551746762265026
21.66789236393782
13.023468367727062
20.19547286313193
21.612245650232396
24.93650852374177
21.703312992143616
105.80464976440331
31.057266720054432
17.65470444745284
87.3067602897933
10.65846127353243
23.57179640635934
10.158364038962565
17.444669252696112
24.742914986228854
14.068227731902704
10.825752413368614
22.949299363886453
43.790012531269156
5.282993893796304
14.16096026017975
21.006934064300907
6.150744911610467
66.32848716167128
17.949849848206267
43.02449593775014
22.15818345080657
21.320922505170962
7.896288426531127
15.229039680457527
14.520387883992743
9.964653840708479
18.745289327681572
12.02790100798019
8.029097446932722
17.611212735623216
13.627321838033062
55.426605669173014
21.45364643040916
16.50274800392715
0.385106880709587
15.95319814059165
18.30805007407913
0.06322886112322318
75.44964278140776
25.846834250228554
19.142263786360783
7.665155606032487
25.143705498501898
14.304398710733077
82.5290412947787
22.844481852058305
9.62501869057649
94.54155640393658
17.107420699415883
14.977008395703807
18.73331566111511
20.240591468878677
15.391981621932791
12.532394305626271
118.0728091744061
8.739369096990659
18.39678627869525
15.766037475142113
26.94608167460454
11.249921265678031
116.56923460269687
9.495648999181084
19.492359311380902
9.127500780741887
81.21078988836086
13.585776281730986
0.0356419767987185
12.85415606000544
15.206015287709281
21.134927990244975
23.41659616447077
25.41324680814045
5.159597849587406
14.707872261493048
18.253197872554612
9.819584790279901
17.398324430666985
14.07612530707501
11.737082237260053
29.081393843958374
1.0603302013796143
13.00587646115676
16.60122092403506
18.362172172790995
19.431125610509003
17.728828641677637
23.454000168734087
16.727878952427613
39.43887437799287
10.724559873392293
20.69398495013573
23.74988550178675
70.0834107706631
10.996996843637524
21.153481554562667
10.950178578609457
15.19665508399567
12.43750419427642
16.919870770852654
13.920017332866786
21.36203671056035
15.893907486670603
16.746200931006562
7.4408037385198185
17.660821011083797
17.299416072386947
15.423603994895508
17.010606830427037
23.514442010416516
25.902986451936098
0.9274295556057127
73.10780047429928
20.1359825173786
35.86701576852029
13.62504448806701
19.53865952230776
13.550633071984139
28.703356032388523
3.3089175124955448
11.10264534183765
16.529856074091263
19.238476699819426
17.40985731700863
81.57872920630172
65.86550729203722
11.98202324922225
21.286363040027858
96.89836223231971
20.42719255482083
29.572101220444107
13.646666709518035
8.146360881494289
18.21521988216018
46.5856560743945
12.147940321749168
21.857681210118454
22.02690331531811
99.19761707553792
12.371632964891202
10.31758471215911
9.536860330651336
7.6911677574943464
21.38979745330884
13.52875663290453
0.49273015241651696
13.031192533426596
15.90972919351252
110.2949113814607
7.1701804707233
14.584836244516998
12.894265120623182
36.35614066141778
27.58114786553546
18.750640057628363
8.502216121840497
15.844817562331215
15.369465404134711
27.461937336700384
19.24244125125401
17.911378139050548
11.184784241092451
23.35220751597031
12.160665602423148
12.313559224291623
67.90437083986426
14.488860221064696
19.911435465657735
15.210417473167086
16.53210085297322
16.951075263840636
12.998426395700365
91.74061581972622
23.982518641331016
24.51420546083998
15.073516859896495
11.822062006212104
10.176969927847171
18.824911387187573
22.394823618219274
11.497815622050668
19.414804941893767
10.727930636747237
4.217388521402383
18.231715784746978
8.26022988050994
23.05660911755029
16.186143851473037
24.226492285676034
22.415383652350187
14.665400217158467
94.14503091416191
23.121487420855242
25.69236111333856
19.563808913368582
18.264246592084927
16.694853733853176
11.199221822298957
22.259027808395114
71.45598457256213
8.926051420906253
0.5370706258263321
18.02635539041925
17.619051452521678
2.617816741198504
10.092531860701282
22.112835509991466
20.237348416694413
32.97595060599198
87.59824208630518
99.59642712831568
20.127831590236998
23.23103014686225
99.76781298780652
101.92619217967199
13.401375536591583
13.011458188762646
10.694977028249495
13.43527530523412
110.30189738530638
10.215504989531366
16.105245990270486
16.33097933941839
16.109486503319264
19.593836146205355
63.25491027796059
19.562628687182794
17.41497053481912
16.69726053939797
16.508145825990333
13.63064588353706
8.724954687133373
36.06026114471452
4.477008787171781
4.212456360645308
58.22930030357602
22.888030648050385
30.28649218429019
13.18813481873889
94.04792103543024
21.655019538423662
16.1983617673554
9.460769828776403
9.82673418509019
21.74569357338064
18.048288317105854
21.20247323496326
6.505774025375123
19.989486760082023
10.592567326812668
13.814287653836827
9.806541156382695
19.636697577977944
23.37732639090715
15.383339560351496
14.145218116399537
14.244045017961591
24.996011056616908
56.091695293832906
10.696772558599188
27.18999352920091
25.820466617191023
8.001936041789119
14.993145884056034
12.848890126949946
12.796134992050998
23.91034318759959
15.671634159282368
27.328151053658512
73.36699537069501
14.641710273283223
14.741700904131072
13.187587390216
19.130102176747616
9.986252447657167
11.774658741699259
12.462749612308158
7.738754462410694
14.836787807614938
13.730542295258491
29.380485506954024
10.37788757984202
11.08598468902386
60.54855801064715
23.219223697676675
0.14227261845222303
11.314659308918536
13.066258387796374
10.908923541770488
17.052788630419844
7.7870754677482985
12.147942630269938
6.746717020428694
18.407141708060493
16.15690756096393
22.348505375093154
20.414550523335304
16.93003466078882
17.975065607925412
20.274793738099994
9.70066586685807
16.43716301165161
20.176081195111053
14.027275336073279
20.07929285728319
23.95205382145936
13.141229956224713
17.024387325797036
24.79902417057398
17.984844917229363
18.1435130256566
12.338657130040763
21.677181367190293
4.84282419504489
9.437218136867996
18.844844669309882
25.47001102770944
26.561532024923398
1.1603586078931658
22.141274568983707
11.767010195135594
17.754569657950704
15.295067298276063
14.52920012062461
19.41625528210913
17.128094912531388
17.092408279707595
20.86827669472658
44.25659656303079
33.219553031644544
4.492962834324624
58.401124569494534
8.110663749296549
16.13645617714457
20.309246356342562
26.10378756351933
0.0981189225667082
23.455829543927358
56.00898877719644
17.37727680872553
16.748457342688255
19.80249437354239
10.966526102994166
14.578622105609766
19.921388965730547
18.142925809077063
0.09911448026308471
26.333414081231847
6.118601083316655
17.11498604050722
20.548128138150954
13.516472604835666
17.117159468711797
21.70676284166665
15.144680255735123
49.06336646553107
19.477088336186913
20.692054458566975
18.255912700346958
16.259887162713504
17.956731288495302
27.216213693402864
25.494301170459316
19.670694734977694
21.85378296304663
7.227474392066178
11.130625483372933
22.780128291218016
1.6799102797363255
22.732469508094344
20.841996338864405
12.364348059001458
4.317277775159299
9.979958763250274
17.899320979916297
5.078765861924259
15.408892489343119
5.736614816878985
0.024276730897411992
17.378078990637885
82.42123383351147
14.932235190717043
19.74748940890252
3.0369237087580396
16.072345536139498
26.25268415290966
13.171882335372286
22.864626512070515
10.3288929266986
77.28535179884723
19.8207021723528
18.635783350384962
22.59991268361478
24.522658805370142
26.187061435685376
12.422099048592674
16.93577387324569
40.68021338209035
2.310547069403586
15.369279746935044
57.458159997088465
18.404819598317246
8.386758809751761
17.741503503741445
24.60916307655646
44.367482557635334
8.27676196327421
19.0718477218896
13.785078481428377
19.18441283078289
27.10482713814942
26.305229664120652
10.875653292722623
28.156929682531285
96.21057202139467
14.021449327063522
8.982441464824953
12.512494702284775
38.89114926114464
17.647084615578287
15.790723197725352
15.716605465980614
14.937289262588138
16.23315444984108
59.08254390406492
18.35334632153278
26.03966820709719
12.584683475346054
15.155010573600839
11.69997661012948
20.923878841782273
8.129992892867566
9.745317929976459
9.004949531670276
16.08348368484805
40.26175144581924
14.84179894290685
13.344879760464204
13.212341113824612
14.660066929217939
19.894848517472532
40.2775811807665
14.75435796803024
13.79033907107772
14.149895188047806
34.6335754173044
19.559246124175754
9.1199944240109
13.396437797375894
20.13480187719431
22.483086797776227
11.878827921559346
21.510610465714866
16.302088722691657
21.615238275755583
36.230065035658576
10.649546406498116
12.975294506113372
24.675215650848163
12.73750355047974
14.120446033312243
21.305354486775357
10.319983472165445
14.654413741780422
22.07891307288676
14.280713718515875
27.961552850108383
15.470853610531895
54.91612726421342
14.232657267066248
39.254762921304234
18.391298446407067
9.502381810463744
17.914791821534024
18.72142052984107
10.418940686580543
27.18134785889861
32.42204448619477
15.924100615046665
13.273041009847283
19.96127895826183
16.706380479513733
0.13794886941192414
13.397531910252512
23.591100118792134
30.205666252712977
17.859645026395224
16.408667983323653
17.91641580193058
17.755617725163724
17.066243899918447
21.900139444139082
91.27488604543338
55.443507839761445
120.52076065975014
15.16913599990586
56.97587998320089
13.608764332191157
26.479671744354157
53.47449673704075
2.1690077501286944
11.840449366125563
26.435863196758856
22.108116918087177
67.13228204865818
22.59817603718481
104.25160587011672
15.555022754414052
12.623361084705886
17.598109791016416
8.040919949147977
9.133003924672416
14.8350780462678
30.915120535668464
53.05144013462506
14.5346491303769
13.531390826846645
32.74795622631807
21.013269297305907
6.759074877458829
7.24694849149508
19.936835622364665
17.532899384945484
15.419245722626025
16.04489964985403
23.795658860460374
21.292055751426144
17.921051223859664
19.749111200590868
11.054611294459516
56.87720145502692
49.2383887942629
12.246123549475998
22.574097648020132
21.442765749435086
12.206797210946027
14.818652107311127
7.188085160434225
75.53070772270306
17.797068528727483
17.560120019178804
19.46294043825569
9.804504293489915
4.847725063945502
12.752249914310116
51.23138390548025
0.13591540753807535
19.594185167325286
13.586611227176876
20.404485740437224
7.980578742437046
154.45616709720832
14.852019263793148
60.357730014781446
92.95332310689089
22.77571380688729
11.887970839867169
26.11088210395456
12.616419230923013
11.137503326268385
13.833484152772451
0.29456628561928894
19.11582281255122
18.04258212580723
89.60702833481216
16.944740960267225
0.39546880230359227
18.496901303287647
14.715889289789272
17.892070744386473
22.62912531373701
13.983589332025465
11.187757497305757
15.821599636579311
16.992518348878345
18.48325260643013
13.924530619969405
26.90558671258732
17.73307681665403
11.341060959828713
23.79171698041467
13.642561379250678
18.57633731476105
16.398107415274904
17.405551061383893
87.47767225236414
5.809054929855222
21.052357438080122
95.53539041084
0.05467798341445841
25.9368039537152
47.38058052443684
93.90151761307166
110.00752449153562
8.702297770165796
12.31420584544114
8.9283321322889
23.278247168175888
20.265038777738546
10.468307514391668
22.02297300948197
19.771661145904222
24.634377682380382
12.867933141525695
74.06332786925194
13.15800673587551
0.6603562886386145
14.193948803037863
15.189919954021548
17.29185149013638
0.0669188440187759
47.065444174112784
17.579396245905976
13.868445666793573
16.667655097194142
15.004200206501064
156.57260754655903
29.366704804207277
25.069696656817893
19.777266653279746
14.421492713579209
20.767007539667972
24.246292109240752
17.416300484033712
0.022368735800458308
48.97220084035447
18.279938651983215
17.05383884365195
12.668333703112962
9.7990310364423
11.715944572373699
47.926594715531536
17.19250040599914
17.875272936135424
10.78394764777938
18.0761473180745
23.82753756121456
19.3819824642787
8.688552547151913
18.589548626199644
24.45036207285662
20.797922433194813
29.823463260328104
17.50132971973544
12.078553528443267
10.803892377819592
26.769593552323098
25.39128800015343
0.5632867158768317
12.470904544640579
12.778797595129852
15.301526502262108
48.7767751734947
16.75073522510395
12.062337587159215
12.528936947040236
16.870655096464986
26.166387140229165
17.428855130094743
12.530159591591785
22.37254494148727
9.902895159834278
5.420460325174652
13.25868282796039
16.538003495995206
1.695366487902163
154.44324584917777
137.56530045566825
23.55953419227517
13.483372060028763
8.978631283922674
24.38633055501589
30.780451996585693
69.88591610017394
25.058305951640595
13.826053107857769
13.133395274979101
15.840390654596813
0.6578557511779466
23.579608474319606
22.86243952349995
11.754970527102525
17.50597173387551
12.372337655585955
13.987415399507805
19.73275349331703
21.818961769457964
49.24473353632592
22.416425105354485
15.427604624741159
14.88182941373725
19.75852258726296
16.96015406507293
12.394834468958287
101.85798389688645
17.925773468079534
95.11344517383365
16.933740945227047
22.358651230268734
25.07183949043777
9.671562492642979
15.63040740953562
11.362700830003872
71.28847842039778
15.592846244925735
64.81114400453289
17.33667102397315
18.137012950388208
22.09288006376125
13.474675041226172
0.5433018784937784
10.916291102537917
23.812387730014933
20.404987105409305
16.580115025261527
23.083035915860645
18.00317723145782
26.74560390952272
1.774338252740098
11.28221878544047
17.490044285982812
102.44285224134755
16.666012490151758
15.65229950452363
51.00328175791883
8.609427659482188
17.36538118813498
16.674665769636164
12.51268223531454
27.261075504064472
14.16738110061009
103.90756909892447
11.503665585380428
11.328973516449539
16.556077439966938
18.429091972752037
15.52761754689794
16.29964250198396
14.238381892200502
0.504595618185344
11.203445552573033
22.60107787926886
19.41056763387475
20.711262255414976
7.709597334104612
45.98612408002834
12.27522984471809
94.27629427245272
18.271125670695092
5.817754478073241
13.648707295766574
76.90294548814056
0.6715126120650641
32.9714648530811
21.896131988169174
16.39229730659352
15.124905274932969
37.295356081317685
25.682001309968065
16.60144957317338
0.43205285131403975
9.745120405077335
20.42306595753343
6.248062956015246
15.168296146566037
28.813411217922706
18.925568361330726
7.298451721660576
9.294603146273253
25.16257808159
15.596533789392128
16.08531482488441
16.765371915007194
15.159602499995554
73.16265507544836
11.70906502457374
