2.9068119525909424
2.3113977909088135
4.386281490325928
2.185253858566284
3.863588809967041
3.7457072734832764
2.412843942642212
2.4106478691101074
1.7299213409423828
2.7656962871551514
1.3243064880371094
4.797729969024658
1.9513360261917114
2.6315298080444336
3.7192931175231934
1.7475285530090332
1.9576640129089355
2.016700267791748
2.308151960372925
1.9287892580032349
1.4635615348815918
1.0244226455688477
4.4469990730285645
0.7530456781387329
1.6632977724075317
2.206467390060425
2.1616578102111816
1.8055752515792847
2.5637130737304688
0.6644766330718994
2.557448148727417
2.2673420906066895
1.4267934560775757
1.1424964666366577
2.7002806663513184
0.7600566744804382
3.1707515716552734
1.6147876977920532
2.1846487522125244
1.9645252227783203
1.150025486946106
2.258586883544922
1.7792590856552124
1.0895090103149414
2.062269687652588
1.2362068891525269
1.9341793060302734
2.496706962585449
3.3873484134674072
2.0362093448638916
2.429647445678711
1.632190227508545
2.2817747592926025
3.054556131362915
0.4164785146713257
1.6224323511123657
3.2056665420532227
1.204628825187683
1.769671082496643
2.030510902404785
2.202430009841919
2.209723949432373
2.2497708797454834
2.0118019580841064
2.8305575847625732
2.7296833992004395
4.111637115478516
2.0779247283935547
3.9734013080596924
2.2163641452789307
1.877588152885437
3.105077028274536
0.6463165283203125
1.8289737701416016
2.844923496246338
0.9341383576393127
0.8914632201194763
0.5980542302131653
1.0898176431655884
1.302567481994629
1.57033371925354
2.9265670776367188
3.383777379989624
1.7043631076812744
1.3300342559814453
0.9268549084663391
1.1114400625228882
2.238297462463379
1.5903314352035522
0.4777141511440277
2.5270473957061768
2.2301061153411865
2.191314935684204
0.7689533829689026
2.5589725971221924
1.8408070802688599
3.005937099456787
1.6546134948730469
1.34253990650177
1.611311912536621
1.4498904943466187
1.3473902940750122
1.5212703943252563
2.2763280868530273
1.0254576206207275
5.2524733543396
1.7263070344924927
1.4678071737289429
1.786826491355896
1.928458571434021
1.602323055267334
1.7852727174758911
0.8857839703559875
1.379213571548462
2.664053201675415
0.7936211228370667
2.6912269592285156
1.38556706905365
1.7374687194824219
1.889154314994812
2.9555134773254395
2.0108697414398193
1.8727753162384033
2.302053451538086
1.0081486701965332
0.8874921202659607
2.162102222442627
1.864996314048767
3.1783623695373535
2.3283824920654297
1.9543862342834473
2.444310188293457
1.469151496887207
2.2622568607330322
1.9492597579956055
1.247692346572876
1.5604668855667114
1.8486193418502808
0.9258810877799988
1.0683144330978394
1.9804131984710693
1.4719977378845215
0.6166102886199951
2.3204314708709717
2.255725383758545
2.4436252117156982
1.5357797145843506
2.168177366256714
1.6902625560760498
1.6240878105163574
1.8013991117477417
1.8388667106628418
0.7538361549377441
2.696138620376587
1.3842487335205078
0.16143521666526794
2.2106077671051025
-1
2.8600754737854004
1.3745914697647095
1.3731876611709595
0.3068179786205292
1.0389060974121094
1.4672154188156128
1.516179084777832
1.5792369842529297
2.295347213745117
2.4016830921173096
0.8792214393615723
1.5917630195617676
2.0576417446136475
1.8157881498336792
2.3347935676574707
1.0730547904968262
1.7811342477798462
1.2960665225982666
1.4193711280822754
1.260676383972168
3.0138115882873535
1.1810234785079956
0.4366227984428406
2.9971299171447754
2.6820461750030518
1.1495472192764282
1.7173576354980469
1.3643394708633423
1.245784044265747
1.452904462814331
2.044842481613159
3.273263692855835
1.18169367313385
1.3434669971466064
3.9974253177642822
1.9155445098876953
3.4091522693634033
1.5519473552703857
1.7400990724563599
2.5341908931732178
2.6047253608703613
2.0189695358276367
1.0846211910247803
3.687987804412842
1.4147120714187622
1.4704947471618652
1.5093028545379639
2.943756103515625
2.0204944610595703
2.144678831100464
1.8978502750396729
1.3016180992126465
1.7854957580566406
2.3326425552368164
2.4216957092285156
1.6700336933135986
2.2008607387542725
1.4509689807891846
1.185759425163269
2.0790319442749023
2.4015109539031982
1.8551137447357178
2.4617555141448975
2.435883045196533
3.015395402908325
2.3261914253234863
1.5970796346664429
-1
1.7894444465637207
2.6180338859558105
1.552956461906433
2.098902702331543
2.3585102558135986
1.7026910781860352
2.060166358947754
0.881634533405304
5.540503978729248
3.264007568359375
2.319730281829834
2.0545339584350586
1.1644566059112549
2.023135185241699
2.1143641471862793
1.7839622497558594
0.9740630388259888
0.988344132900238
1.0637612342834473
0.890731692314148
2.4291183948516846
1.4384359121322632
4.060747146606445
1.840449333190918
0.48173707723617554
3.8337903022766113
2.1542210578918457
0.36442920565605164
2.4614007472991943
0.7386971712112427
1.745516061782837
2.04728102684021
1.74996018409729
-1
4.0068464279174805
1.7082761526107788
2.023831367492676
3.4797439575195312
2.0606019496917725
2.1482162475585938
1.478352427482605
1.6640934944152832
2.3770413398742676
2.7556867599487305
2.867349147796631
1.3083738088607788
1.9336565732955933
1.0856153964996338
0.6423448324203491
1.0024038553237915
1.795074462890625
1.6381644010543823
0.6447500586509705
1.7979259490966797
1.7446523904800415
0.8841471076011658
0.7178176045417786
1.7668401002883911
2.295485734939575
0.5996330380439758
1.6101316213607788
2.6826255321502686
2.556140899658203
1.711496114730835
2.5416481494903564
1.899050235748291
1.1634132862091064
1.7171838283538818
1.430047869682312
2.6277458667755127
2.0390472412109375
1.5394785404205322
2.392946243286133
1.987249493598938
2.0905990600585938
1.8438432216644287
1.2090506553649902
1.8218079805374146
1.5495390892028809
0.4012511968612671
1.7133980989456177
1.6893080472946167
1.4996718168258667
1.0428547859191895
1.6743125915527344
2.6021060943603516
1.1971189975738525
1.635439157485962
1.9908920526504517
2.4139692783355713
1.86692214012146
1.6018693447113037
-1
1.1847528219223022
2.3888111114501953
2.3980844020843506
1.3744820356369019
2.664088249206543
1.8004236221313477
2.8521909713745117
0.7669343948364258
2.809370279312134
1.5401475429534912
2.855811834335327
2.863969326019287
1.070910930633545
1.2599292993545532
-1
1.976712942123413
2.327086925506592
1.578737497329712
2.081974506378174
0.9226410984992981
4.061705589294434
1.439968228340149
0.7659990787506104
0.7848992347717285
-1
1.7788045406341553
1.3976434469223022
1.7230209112167358
2.13561749458313
2.0240893363952637
1.1550313234329224
1.077547311782837
2.2995166778564453
2.8239080905914307
1.5963870286941528
1.9801157712936401
1.484537124633789
3.2872395515441895
0.9422614574432373
1.613264799118042
1.8680616617202759
1.7003906965255737
1.3282616138458252
2.7370660305023193
1.8452006578445435
2.140077829360962
1.969904899597168
2.8008835315704346
1.6765005588531494
1.5810106992721558
0.9702807664871216
2.0488529205322266
1.4863678216934204
1.3020250797271729
1.1561439037322998
2.0131001472473145
2.992384195327759
1.9684573411941528
1.2698866128921509
2.753873586654663
1.5135689973831177
2.2342567443847656
3.3511040210723877
1.6831706762313843
-1
1.669512152671814
1.915504813194275
1.1300926208496094
1.9865047931671143
0.7301958799362183
2.920966863632202
0.8574299812316895
1.713323712348938
0.8761944770812988
2.0181422233581543
1.2712689638137817
-1
2.0147628784179688
2.289968967437744
1.0215187072753906
1.3453514575958252
1.092413306236267
1.2251806259155273
2.1207234859466553
0.6365755796432495
2.2304210662841797
1.033732533454895
0.9168165922164917
2.040142297744751
2.9982924461364746
1.9805771112442017
1.1170015335083008
1.81041419506073
1.8686749935150146
2.565275192260742
1.2449665069580078
2.740576982498169
1.5940231084823608
3.414161443710327
1.862818717956543
2.327312469482422
0.9877052307128906
2.0208444595336914
1.9026598930358887
6.129179954528809
2.008284568786621
2.1929898262023926
2.041316270828247
2.3878302574157715
2.0991954803466797
1.2663873434066772
1.4411710500717163
1.9473540782928467
1.1805766820907593
1.311946153640747
2.9611611366271973
0.8134093284606934
2.818847179412842
2.565463066101074
2.533703088760376
1.5696033239364624
1.7369424104690552
3.3718581199645996
3.210623264312744
0.9712768197059631
1.7605369091033936
2.4007718563079834
2.2173447608947754
-1
0.3956814408302307
2.140064239501953
1.6500662565231323
2.2373833656311035
2.1175429821014404
1.780092716217041
2.057710647583008
1.3273131847381592
2.68186092376709
2.6493980884552
1.873523473739624
2.174752712249756
2.105037212371826
2.933123826980591
1.7911375761032104
1.9558286666870117
2.54129695892334
2.2998507022857666
1.6056350469589233
1.6115550994873047
2.295264959335327
1.019989013671875
1.7896308898925781
1.9785109758377075
2.6520049571990967
1.3341010808944702
2.05656361579895
1.7604894638061523
4.515862941741943
2.717177391052246
2.9608914852142334
1.6913951635360718
2.628150463104248
2.3324337005615234
1.6563910245895386
2.047863006591797
4.8313212394714355
0.812568187713623
0.49159127473831177
2.255742311477661
1.274419903755188
2.467085361480713
1.927771806716919
2.5558817386627197
0.3409736454486847
3.1459286212921143
2.80517578125
0.7896251678466797
0.5385549068450928
0.7573829293251038
2.4509477615356445
1.7959599494934082
0.6569564938545227
2.149559259414673
1.611310362815857
1.5238404273986816
3.025074005126953
1.3685747385025024
1.384651780128479
1.2198379039764404
0.44212958216667175
2.0263397693634033
1.71426260471344
1.4691272974014282
2.458374500274658
1.4588037729263306
1.5301443338394165
3.3839354515075684
2.067392110824585
2.219224691390991
1.2165197134017944
2.9293019771575928
1.431391954421997
4.132136344909668
2.2293689250946045
2.775141954421997
2.563915729522705
1.9976145029067993
1.4938327074050903
1.4101712703704834
2.0389604568481445
1.360575556755066
0.5806545615196228
1.3916643857955933
2.417595148086548
1.8881560564041138
0.9663782715797424
1.1061954498291016
1.7129203081130981
1.6535557508468628
0.6530025601387024
0.7519492506980896
-1
1.9114124774932861
1.7584266662597656
1.9582844972610474
1.8069679737091064
1.6635113954544067
2.7724244594573975
3.2550528049468994
1.4710644483566284
3.134840488433838
2.263099193572998
2.904930353164673
1.1522904634475708
3.151278018951416
3.0359857082366943
3.8119404315948486
1.8359636068344116
1.8523240089416504
1.3460078239440918
1.617997169494629
2.814812660217285
2.1891815662384033
3.8050191402435303
1.7154422998428345
2.404832363128662
2.185859441757202
2.1279213428497314
1.7353492975234985
1.8776578903198242
2.377084732055664
2.850088119506836
2.016678810119629
1.8312314748764038
1.8748749494552612
2.534437656402588
1.266575813293457
2.335205316543579
1.3675774335861206
3.85296630859375
2.8480632305145264
1.422728419303894
-1
1.8206932544708252
1.076180338859558
3.0229949951171875
2.579009771347046
1.5032925605773926
1.5962668657302856
0.9832062721252441
0.766322135925293
1.012078046798706
3.274003267288208
0.9306288957595825
1.0449090003967285
2.4022133350372314
1.697989821434021
2.4454996585845947
-1
1.9548039436340332
2.0632760524749756
3.593877077102661
2.3027944564819336
1.0226279497146606
1.9053294658660889
2.998847007751465
2.5922505855560303
1.5017372369766235
1.7027559280395508
0.8583517670631409
1.5346096754074097
2.2678909301757812
2.2239248752593994
1.3832106590270996
2.233861207962036
1.863175630569458
2.7414417266845703
1.6901670694351196
1.8383235931396484
0.6284393072128296
1.5537680387496948
1.26207435131073
0.7643428444862366
2.515618324279785
2.1779556274414062
2.3780131340026855
1.9519389867782593
1.5367865562438965
1.507662296295166
2.4259867668151855
0.5911424160003662
2.4174458980560303
2.124119281768799
1.5799083709716797
2.3517274856567383
1.5884006023406982
2.81203293800354
2.887876033782959
1.7219797372817993
2.181777238845825
1.1328672170639038
2.503938913345337
1.418027400970459
2.04236102104187
1.9926056861877441
6.196401596069336
1.728756308555603
2.2355473041534424
2.5466697216033936
2.251426935195923
2.0864055156707764
-1
0.5291593074798584
1.1958438158035278
2.653520107269287
0.4143316447734833
1.628930687904358
2.115405559539795
1.0818222761154175
2.874621868133545
2.46502947807312
1.5208494663238525
1.6605478525161743
1.7881518602371216
2.624229669570923
2.3882389068603516
2.239506483078003
2.238046646118164
1.7923580408096313
2.4970691204071045
2.046710968017578
2.489955425262451
2.301020860671997
2.1847145557403564
3.279306411743164
2.9321835041046143
2.4178624153137207
1.0336427688598633
1.8471161127090454
3.40623140335083
2.324260950088501
1.9713102579116821
2.1898608207702637
2.4558138847351074
1.886584997177124
2.194366931915283
1.7383370399475098
1.7704241275787354
1.8699676990509033
1.6998099088668823
1.8369771242141724
-1
1.2636868953704834
1.5961307287216187
1.264711856842041
1.8459442853927612
3.3558292388916016
3.3716351985931396
2.4055685997009277
1.5769269466400146
1.5257899761199951
1.6423044204711914
2.6666040420532227
1.540162444114685
0.6330283880233765
1.9099429845809937
1.3215467929840088
2.5183722972869873
1.3280030488967896
2.7739315032958984
2.6830554008483887
1.6825588941574097
3.2587692737579346
1.7662569284439087
1.9462873935699463
1.35738205909729
1.7116835117340088
2.861466407775879
1.5097627639770508
1.7561005353927612
1.4139338731765747
1.9306011199951172
1.6852866411209106
2.2611794471740723
2.208810329437256
3.4220612049102783
4.416628837585449
2.7160959243774414
1.8252414464950562
-1
2.028332233428955
1.494258999824524
2.7600486278533936
1.0354363918304443
1.1572149991989136
1.486520767211914
1.472227931022644
2.6444571018218994
1.364256739616394
1.191712498664856
1.9076836109161377
3.50785756111145
2.8653171062469482
2.0390419960021973
2.0048859119415283
2.100341320037842
2.2769598960876465
1.1175905466079712
0.48678162693977356
1.7716522216796875
3.513131618499756
1.6064924001693726
1.3858457803726196
1.418242335319519
3.1387035846710205
2.2635867595672607
1.8488332033157349
1.1508357524871826
3.5626091957092285
2.124898672103882
1.7918463945388794
1.7893054485321045
1.2881966829299927
0.9456082582473755
1.0923514366149902
1.4398322105407715
3.588101625442505
0.6567473411560059
1.3180522918701172
1.8531768321990967
1.0018980503082275
1.50486421585083
2.481529951095581
1.2781524658203125
1.6060104370117188
2.043933153152466
2.1446590423583984
1.874790072441101
2.70475697517395
1.4794319868087769
1.1676658391952515
3.126964569091797
1.788002848625183
2.6041324138641357
1.3020521402359009
1.9568440914154053
2.7065393924713135
0.876578688621521
1.1226439476013184
2.053166389465332
2.884843111038208
2.1287355422973633
1.240017056465149
1.9279128313064575
3.5134897232055664
1.4066050052642822
2.1803109645843506
0.5844409465789795
1.9177793264389038
1.683982253074646
1.8097951412200928
2.8285257816314697
1.4161131381988525
1.7579058408737183
2.8740622997283936
1.531660795211792
2.5229568481445312
3.432267189025879
2.669877052307129
3.2162058353424072
2.126660108566284
1.8502204418182373
1.5905927419662476
1.3005465269088745
4.661955833435059
3.087606191635132
1.6630405187606812
2.210533380508423
2.1609885692596436
1.7677249908447266
1.214115858078003
1.8790751695632935
1.9179496765136719
1.9813790321350098
2.548557996749878
2.3538296222686768
2.7118685245513916
1.9150044918060303
2.2195937633514404
1.1226757764816284
2.3989856243133545
2.3596649169921875
1.1536601781845093
2.214747428894043
2.121363878250122
1.5369232892990112
1.6713396310806274
1.7302948236465454
3.2219603061676025
1.26975417137146
1.901437520980835
1.2898979187011719
0.9817219972610474
1.9149338006973267
3.424464464187622
4.639459609985352
1.2578542232513428
2.3698580265045166
2.159651279449463
1.6035284996032715
2.759341239929199
3.9058518409729004
2.1559653282165527
1.6295583248138428
3.6519062519073486
1.534108281135559
3.205842971801758
2.049959182739258
1.7692850828170776
1.9869024753570557
2.0110058784484863
5.464068412780762
1.6692646741867065
1.780226707458496
1.7596462965011597
2.309244155883789
1.7980045080184937
-1
2.3861725330352783
1.1556766033172607
2.6813743114471436
3.181652545928955
1.9029901027679443
1.6709814071655273
1.5291056632995605
2.4941601753234863
0.7843015789985657
1.7791826725006104
3.4065263271331787
1.3264206647872925
1.5246024131774902
2.5556836128234863
0.7198094129562378
1.5200928449630737
1.6752545833587646
1.5583362579345703
1.777251124382019
1.341662049293518
2.6207597255706787
2.1604583263397217
1.5190889835357666
1.2129179239273071
2.0959582328796387
1.9032816886901855
2.2887649536132812
1.746207356452942
1.3313953876495361
2.121091365814209
2.341395616531372
3.47300386428833
3.5381624698638916
2.8383078575134277
2.3347110748291016
0.6835695505142212
1.7603038549423218
2.1937079429626465
1.7976597547531128
1.500842809677124
2.538663387298584
2.487733840942383
1.618373990058899
1.2064502239227295
1.166391372680664
2.5931997299194336
2.4688594341278076
1.5353419780731201
2.638231039047241
1.805031657218933
1.7865891456604004
3.0505895614624023
-1
1.8270647525787354
2.216106653213501
1.2601028680801392
1.1015434265136719
2.6846261024475098
2.397819995880127
1.2181729078292847
1.712265133857727
1.349160075187683
1.0384212732315063
2.841181516647339
2.9750425815582275
2.457231044769287
2.8850409984588623
1.3316338062286377
1.1101490259170532
-1
1.6803405284881592
4.321524620056152
1.4453518390655518
0.8555124998092651
-1
1.3538438081741333
1.5138471126556396
1.9308007955551147
3.8642916679382324
1.0014164447784424
-1
1.3500690460205078
2.1765871047973633
1.5680809020996094
2.4011268615722656
1.9642958641052246
2.0110318660736084
2.233494758605957
2.1112375259399414
3.63958740234375
2.2838618755340576
1.375182867050171
1.203884243965149
0.33521023392677307
2.344048261642456
1.5776138305664062
2.548811435699463
2.7265372276306152
0.7908428907394409
1.6904875040054321
3.097790479660034
2.1625587940216064
0.18267956376075745
1.0430560111999512
1.731896996498108
1.5240991115570068
1.9755362272262573
2.252410650253296
3.099277973175049
2.5423243045806885
2.88002610206604
2.218485116958618
1.507017731666565
1.925890326499939
2.811061143875122
1.1429318189620972
2.4152302742004395
1.6435695886611938
2.764139175415039
2.048322916030884
2.0846107006073
2.2655282020568848
2.373110294342041
1.8357564210891724
2.572521686553955
1.5285550355911255
1.8573009967803955
2.6998696327209473
0.9338675737380981
1.8377729654312134
1.6450968980789185
2.5654726028442383
0.7256437540054321
