0.07574075526037824
0.046037960678491426
0.0397014498378414
0.06669236831049775
0.08059040595629495
0.057159111220984306
0.06563387939069526
0.046100943667361186
0.07437344172065607
0.07802130674731089
0.04950240991121283
0.12176284521341886
0.06068979355424545
0.0657015148078089
0.09320537987312587
0.029376503602305922
0.04870854614595398
0.07957867125891711
0.022395751683259916
0.047227141781182085
0.04370720378343636
0.0679210505783967
0.05048731597282472
0.05161477275727903
0.09117384697122566
0.08094296447138874
0.0419679624461417
0.051632850089792175
0.06755543036591648
0.061303830024070013
0.07945750216741913
0.05880986818465381
0.10058499813987039
0.05751811578284576
0.09131033876217239
0.05025577575066697
0.046031999815098604
0.07289645781624547
0.07584935990157374
0.052899116942993
0.044568707517083576
0.06048912764711985
0.05808241691610035
0.04419269648305256
0.04922417067509392
0.06465095309190545
0.06683857102329885
0.06670997091982277
0.02955164291827245
0.08326691095366501
0.046305899003531645
0.04908077771661147
0.057251896748161356
0.13906308092878997
0.02609840108622155
0.03251588097363111
0.03896079198148669
0.06562111825134513
0.04256177772283528
0.06514536671256305
0.060460768900778755
0.07346153280473633
0.025767084966767762
0.07032915647421652
0.050331610953422576
0.06535895486395861
0.14314522545486522
0.031873732235497894
0.062227757446154115
0.030363176687805502
0.07429593449432545
0.061540760921943695
0.0684508494067423
0.03268596833964506
0.05488427950888743
0.08926232901113829
0.04023996914174525
0.029367883007826077
0.03018841972074022
0.05103485503136296
0.04399889581218149
0.038788973471573465
0.09406490230058902
0.05688503158457197
0.03432275115497105
0.10372878669487542
0.06615788937565009
0.02986504945363373
0.05784406401434127
0.06192211554288492
0.07244302763297583
0.07537185901426331
0.0431692184789508
0.06187434061672582
0.043088727257434296
0.05440234077502702
0.033299812451622716
0.08532691490070007
0.053494069706251916
0.04269461028275734
0.08001187354411664
0.06457932217040818
0.06680545966648684
0.031684932367319375
0.05468352327586068
0.05010069941289979
0.0425848224022679
0.05689713250161874
0.06391814850892473
0.059917679967298
0.07596872522191908
0.06026894694588797
0.04895025215399292
0.06267170831730726
0.0314790166268448
0.07353081741791521
0.048007065375248896
0.03081624310967862
0.038735106666199365
0.047769609503077466
0.06754439626797078
0.04631737859776757
0.0497790873164099
0.06188673660839449
0.032672197228901814
0.019225571784739527
0.039413112609675116
0.03522347216684101
0.041086643689903876
0.026532172614861405
0.04747485712145045
0.056967495110422116
0.03887367066394662
0.07737252895754665
0.054597000328222935
0.07540734094676708
0.05318264479603931
0.04273044828446451
0.06400730396952863
0.05215242782492274
0.08082271217243546
0.038989626272044935
0.07868421067276705
0.08341982660016341
0.06002661558283043
0.09779543049282494
0.061940772757127796
0.06472382887879738
0.054759901049176295
0.0338940541701763
0.32896841111217
0.03405438058589218
0.06542727409263185
0.03619520668571616
0.04691979985088468
0.05169603727518927
0.06755507566568679
0.07067614887077686
0.04989233461323309
0.026119753429699206
0.06063682426798946
0.04769479145045019
0.6559870859391451
0.0700062029504757
0.05161420472963047
0.05459884027160312
0.027236465298595115
0.07402104818255288
0.11172451836122767
0.08724709316116949
0.04357017423703575
0.0488910612297609
0.06509133848652808
0.06492616842117652
0.06004930953652553
0.04074068270041069
0.0670533087196546
0.03907938485134249
0.04960813846760012
0.05921249835291635
0.056196421614761155
0.0683985687177892
0.07927137103697128
0.06149290752666702
0.055289171143096345
0.05622028087679118
0.06956945320304485
0.02243013511191598
0.0675820409136929
0.06555568716951489
0.07400228319650709
0.043097648919709665
0.052177792446274136
0.030156198371863268
0.07755568094661669
0.03341688372872347
0.04725965597112405
0.08818105666871795
0.06160222626011134
0.03205516527349688
0.08110187508133312
0.04588551187837925
0.26781947771039205
0.025117444278677105
0.04080508504685527
0.12173707443421668
0.03536714219549762
0.08166461160624734
0.06440425725624283
0.048863983728636845
0.048698333136136
0.049947129381378644
0.034158219626009005
0.019170544984668705
0.08245006776626151
0.02333246073903241
0.046424133011049626
0.051082070035860246
0.06027948640467757
0.0719254443924278
0.05040569735816199
0.06290078546973618
0.058494351417027704
0.06265461635662303
0.04701119155789564
0.08787496024805189
0.05041409722520862
0.046582189345806206
0.05203781754673967
0.039893910855868187
0.061817210511102685
0.06802621946966234
0.0507037877220043
0.02542618097474371
0.037953276865775
0.0390805348219338
0.0759077711553351
0.03349257306251499
0.0692323507018061
0.0704120109580664
0.6753265969936024
0.06068098712803144
0.13755918972948314
0.058094445254440026
0.022590544456324496
0.036146905586109945
0.7878879450710808
0.0575778392161921
0.04136489225257957
0.06655354151893365
0.05965320410493826
0.051685835914516816
0.034242203651950194
0.05221583443180245
0.06781158775183391
0.08843017615739611
0.047090431530559994
0.05594673453865084
0.05054745261885439
0.06792131319146515
0.024616015435619573
0.04677267824432806
0.09606187682226992
0.07141588643034877
0.06055112581890357
0.07887105677353455
0.07059508605707121
0.028911330946916048
0.037172859606846013
0.6805084985472887
0.04244501989874899
0.07126513480997912
0.04150345580588163
0.03845964096520812
0.03569408921898062
0.060183898788186654
0.0584509499172323
0.03529334643337658
0.05710670773657891
0.04833704506692612
0.07058576620608088
0.03191398298801265
0.06566725721985268
0.09864916786230006
0.06839004047652181
0.07336083795843261
0.08311262849949047
0.04348170835446546
0.04444970836029771
0.06823732943576896
0.06860983238017414
0.055530553719108915
0.0771565031205903
0.03626316067062828
0.10382060077185225
0.04402755001217153
0.03117755879865618
0.02222290810749741
0.04858614257365671
0.036355915419956635
0.04513891697410253
0.05087724497783542
0.1418414737318102
0.0684258714333349
0.0368491380077233
0.0854757088830451
0.05002353687943395
0.04352232633574236
0.0666168099702356
0.06846927883182982
0.03674825749392578
0.07535753874330142
0.06425926688112098
0.0725475944998741
0.12346474826627907
0.03557395488208731
0.04218428804856892
0.05847802997343135
0.041408143619607075
0.08090948940341795
0.07576691950928163
0.08325444851260032
0.07844804064214517
0.05087674920873737
0.04334220632253728
0.0589606105906333
0.04858560140155812
0.07600252651745637
0.058398077337647826
0.0641349069803024
0.0912191238906676
0.08284856593597693
0.028985357326006447
0.07266984100883055
0.11584692727466572
0.028414859196684662
0.0363762073762349
0.06673509168798263
0.058716669401480376
0.07239863623700814
0.05973045449968698
0.0870195740716463
0.04010592480236797
0.03231290627466657
0.032415629415377616
0.030068638405123707
0.04519693032930076
0.033838725068882865
0.04885282045197221
0.049768135674879255
0.0515519266483781
0.09910946171591298
0.06900378716227595
0.0366075834958025
0.04756139963966169
0.06690659444005773
0.07250433952799393
0.046143100285405685
0.05260730075815578
0.0844535535162776
0.04344799639681525
0.04280820219651846
0.03763399225444515
0.04496733949595836
0.04316371842838767
0.14308762621183344
0.040122750907792826
0.06868773885369604
0.033293095722397026
0.06868644881861402
0.02765396342653359
0.04369148808010815
0.056665979438317894
0.05694105510880005
0.03135773220859152
0.07113700527830262
0.05826459501649667
0.034970241039277705
0.06190784585818521
0.080596154070058
0.07716725993959668
0.09803597280126208
0.052765981220569295
0.07583141334080862
0.07117939108142542
0.06885467790517365
0.06479520147962606
0.04976871325792041
0.06891716737734205
0.03837879596230407
0.08007376394014108
0.022007853324183528
0.08871892031745411
0.08161855822911794
0.08320103837269384
0.02555009167425955
0.03039642396370911
0.04324461944829386
0.030393383757683426
0.04575329803337985
0.03784594197337151
0.02400427218459702
0.07120696737424173
0.046597373149943964
0.05609081873850087
0.0651437714138668
0.027447737845089498
0.06374179139370816
0.04300572975194159
0.06668628733739627
0.05552719515115776
0.08021255088384899
0.05272452344873803
0.05605718479025633
0.029924418427313526
0.07511974066832047
0.05660873383552287
0.03855359928132315
0.0678699040274819
0.06027790146311449
0.048445168424033305
0.24596516363859308
0.05767948907891358
0.03278602897966203
0.030882960818446794
0.04147398100235316
0.07851357937000375
0.027406089324707932
0.22320626251180628
0.0837352491535883
0.08823653167749641
0.03713556665834713
0.06024521915508407
0.0752903023885077
0.06439957148396115
0.05222258110614523
0.06499887357976895
0.04711964072269668
0.04335228987733979
0.033244563129195645
0.05183303335961124
0.04714289024921213
0.05042584116253922
0.03981875657148013
0.043238174596604624
0.05718611124788921
0.0548903646299564
0.052725068995307815
0.09626426216337956
0.04888943417819354
0.048928522434690036
0.07233346111405707
0.042367055618942995
0.03613388417478561
0.044082727045566795
0.04427246802561581
0.02428977628130288
0.07820110252528392
0.02823563768762161
0.0525574218687739
0.06614256407938895
0.028845346512026356
0.04928343664428024
0.06933851961142883
0.06474510870694311
0.08074105852155153
0.08049898322591846
0.05282059321528448
0.05413700921118213
0.08325007243555481
0.08124463846335868
0.07125240611694944
0.024809360635467334
0.04873677964769235
0.04710076697897456
0.07573685103946665
0.08136004929463694
0.062194583281100065
0.0474319456413695
0.062170963242961265
0.35182636339911694
0.10309112266204638
0.0694291374346249
0.13516346410226776
0.05211468083663746
0.5193707002784241
0.041303624613516776
0.058213984611478024
0.04749178814674855
0.09127754507077232
0.03914261785087789
0.03288055856878066
0.07036442332228494
0.023952441244582595
0.040662345889420644
0.03184814301256358
0.06852784251122267
0.062007145699420674
0.03765861730174044
0.04647802543175371
0.03144575794485086
0.06208014099387094
0.07480446116202183
0.0484480589091092
0.04854018251081475
0.046599389169850174
0.04696570240450989
0.07549585960606868
0.05226972960097969
0.05391540788484874
0.06720745536704131
0.09133804914009172
0.030773926783448476
0.08417646223245975
0.03982850239197836
0.07071200717332937
0.04482993958337388
0.054800207803975425
0.06560710056812204
0.044531557021078784
0.10947875104268247
0.1207619721770624
0.055059677087873585
0.0754848874150365
0.07901296603837286
0.08037446934660221
0.06336800278838732
0.060936600648306125
0.056443145666447106
0.03394926158657862
0.055715113966582346
0.1491876553785986
0.06498348205983062
0.0663850022783037
0.03300126998721035
0.060843290981236475
0.6663046855166744
0.03542370688983232
0.07559202811330165
0.059521741925769145
0.0501566228474893
0.045985339901716146
0.05676945880474002
0.08365151977288987
0.04145650561210205
0.07456535027582842
0.03270443347390804
0.04087391386349075
0.034251745634111666
0.05279186518673894
0.04975872934657157
0.04767065532992361
0.09164130039121793
0.046549328294681565
0.6223842806284856
0.06874439953534695
0.0427418117525393
0.08876913109603192
0.09403993830454573
0.08949944277254851
0.0661807867615355
0.04182903315211786
0.06470718804960492
0.06830248318466176
0.03863950382635188
0.03886516120219725
0.0408455532526007
0.18863174806609054
0.07645133625745308
0.2554893126650845
0.04239842528444669
0.05216244654857326
0.05121732022358242
0.04905674729144041
0.0810963215316435
0.02123712755170637
0.04447080790548492
0.05168075564330839
0.05561129145788908
0.10370835619172626
0.07130980406219989
0.29170030475659414
0.044479193398758006
0.06346663180444795
0.06002874859018988
0.3315360955479249
0.03904317452263372
0.07564406060175992
0.048903826143461775
0.051459177079013166
0.06069058971963985
0.06323867423020084
0.026636802989190432
0.05345967187116486
0.04024636916936946
0.041488829409235144
0.029209065745334245
0.03950949591657911
0.05788633384909354
0.08223822963861298
0.05337249984123961
0.048963600521055875
0.05757277465248749
0.10111836667882561
0.035624632994282396
0.0718255121580926
0.11106611088552211
0.04397879255793644
0.02591860985897593
0.06922604222909567
0.03728961793002103
0.04929618763628238
0.18534091025317642
0.04354533013979188
0.06142470686309021
0.06987178971448514
0.0630434900783779
0.0729086463585451
0.06037446192629547
0.07748259524580736
0.020046897694676998
0.04121192523151951
0.05424792489860087
0.042326405950350685
0.07323743846371926
0.048624343775988274
0.0798116090466154
0.07266241173344598
0.042410924073575614
0.021986074158655076
0.05513503079753989
0.04219665172608823
0.04882561075653879
0.05616757082330581
0.1031148417787151
0.06064009176759025
0.05564478142378082
0.0605449569415765
0.025317029371223473
0.03372644756068404
0.07673124095556146
0.043564404685745274
0.06487746195200392
0.06551645355578455
0.03315199112420118
0.07059113898499081
0.07541882845568545
0.03535146795909202
0.5634162358625869
0.0465975036592657
0.05726921347960352
0.042503180940037556
0.03952223416992372
0.04202943847667849
0.1631917917601483
0.06479403277063292
0.05682415834607001
0.09522536762793307
0.06422816771842739
0.03422093821551599
0.05247195605660045
0.03844818730924989
0.04885852967900237
0.04418753741956741
0.06668919105694363
0.043677364191803354
0.0519935709314481
0.02940763562002128
0.06745745222761068
0.0688649083547497
0.06909694040801198
0.022191325206772198
0.06260474420880048
0.06116137446455479
0.06864400232610682
0.06842715951856192
0.07321135052067403
0.038241366254313305
0.03830930689341594
0.17421451150813635
0.07259465481886884
0.03083886363591725
0.07335948597568802
0.03303066750122498
0.07760141072187997
0.053146430242131816
0.031124098849633332
0.04462732454128345
0.2216481554149513
0.0500635797559478
0.02528239637538427
0.08226518190827761
0.05657110509946617
0.06515465770599678
0.0685069140713533
0.0653899304721172
0.07166996071005734
0.07575193688911853
0.05592751117915702
0.05096576337498155
0.05804638021206895
0.06388134470353161
0.0736594868252393
0.06860013692912091
0.08411314996326616
0.05669097473678964
0.06721432340691845
0.04392771369444981
0.060552314528551164
0.08613631399180237
0.04688300590004883
0.07601209300466766
0.040953422352445694
0.04089738387546496
0.042426705172492946
0.036790988657892695
0.05576637503012223
0.04607975772731244
0.04649975304429837
0.06061604953110101
0.051842110495172504
0.05128251169148301
0.05662078273507433
0.06181497992014673
0.04864817381214877
0.02905863663016542
0.06313645126449804
0.06770078914577875
0.04916401142352388
0.08456701602842874
0.03282261383206582
0.10443400808806594
0.03887995444578635
0.05680339036887627
0.07827500624122502
0.05804632882552153
0.06449846688806195
0.02791325169444914
0.02622295490201058
0.060299645054175864
0.0565593302553892
0.05889537238747263
0.0819299494518287
0.05955485815967696
0.03866745893047739
0.06425291433178451
0.06765421424172305
0.07887530792253981
0.029956460149035236
0.05335393273815125
0.0624360818358478
0.057569130835252426
0.031459733890520356
0.030469232558469544
0.0327500448333675
0.059337849090312714
0.04129905720183514
0.08378355326364911
0.06266775867912365
0.050875211870743474
0.03713097168337941
0.06046742654183804
0.037380611974640904
0.07458187982900676
0.0549090088687041
0.044937422744336784
0.05504900116394042
0.04743025691725222
0.03704002150280591
0.09386519152655853
0.047387173133470864
0.15983569107141232
0.09764771203773845
0.04310914953974477
0.07570121136567924
0.061700144515790506
0.06702672744559628
0.03948137861753491
0.11945429714168734
0.04474134773806412
0.060012821197392235
0.040997825445994854
0.037549373388088635
0.060886419798976014
0.06081473287957649
0.050461531304517554
0.04868548051725231
0.05957153588928041
0.06781501455637967
0.06639069346767781
0.08059357415325485
0.03943994247527857
0.02994614974030495
0.03257702927943654
0.06992399352033395
0.10355225969424771
0.03782888774528534
0.07953723931121441
0.0670007190264238
0.0650110218967422
0.054691838184441004
0.0489254427400202
0.05117165275514596
0.05755428401825124
0.06274462870640456
0.04042304600557633
0.08145962671077536
0.04949375395404219
0.04407547323478025
0.05523263239425152
0.07674574547198171
0.08199871974254071
0.08316068132046618
0.0417831773930983
0.06899108051164235
0.07078303418905321
0.026384774197160725
0.05791290510718486
0.04974685411281187
0.025207557852809464
0.04521862142095204
0.044979137745603616
0.05996320231081972
0.049062138307527606
0.06790522972515656
0.057543671190735925
0.059464766279707135
0.06805449757823823
0.044206689555266174
0.062254461970554856
0.08033320930552783
0.0826818447756628
0.07388342725384962
0.04850893817356535
0.07333607533504864
0.05067028567971523
0.08518323825748156
0.042676895814068805
0.08210164680503135
0.02294382858404392
0.04131372623487231
0.06196825377123367
0.06650286922604065
0.027738549316221387
0.05003078706545815
0.05355713806062535
0.051957456053681045
0.05281359579245024
0.0574381456277213
0.05271176224186796
0.13308074063683986
0.07673957762775306
0.07818070469448041
0.07984489380737157
0.05699487633336238
0.055333556805461266
0.08343991212126281
0.07481768735029205
0.024061710158909278
0.05665164119271281
0.03287039393474026
0.04071494184040571
0.0448833730824254
0.024580584710680423
0.06302264531889541
0.08822536364085694
0.024749203230532837
0.043739665169939324
0.04990695391810845
0.04774544193886638
0.07045026144186735
0.12199905532279755
0.045369745166372426
0.09621095020402694
0.043239867530461655
0.08109472095340788
0.061338500721955125
0.05202508017798925
0.28059098939500743
0.06468172198244304
0.04458569759880062
0.07587500666455549
0.06510284732298728
0.06452870019956244
0.06422498516989883
0.04220379121214284
0.05467903478443085
0.06569872818880854
0.04946666808523865
0.03129497749951702
0.05981608781889258
0.022170976325001167
0.2569470520793954
0.07866568868835808
0.06564416680291647
0.04690334296174302
0.02924464340739071
0.07764222166705809
0.03827084558223317
0.08429222153635094
0.03599901434579183
0.051012096677996124
0.035222228554563126
0.08289356051752471
0.05831428719473358
0.060640674730412965
0.028481519600399068
0.08178280367462662
0.04143713201715283
0.0375078047146227
0.08387289711900071
0.051210280225387615
0.0737886687882995
0.05052215025176885
0.07321446940335576
0.156818675314319
0.05015794553687135
0.06645497664899251
0.10449066863175131
0.0631069323702276
0.08892495622809612
0.05550763243903084
0.06444803609319733
0.09410375261941521
0.04934979071370964
0.04358089916216186
0.6310491990063948
0.06973514118200827
0.03836122719399187
0.05403087820620764
0.06569322769901231
0.03631924498204517
0.04026596491923308
0.13328156921104395
0.049183787501408706
0.08187741392293592
0.049948520059142625
0.05768328295328799
0.07917429435283738
0.08477283365169334
0.03933930170261418
0.021715357014399472
0.057459585955082534
0.030442472623197745
0.05621112798031072
0.03713291530884424
0.040282584342024155
0.043057401785042235
0.08221955335845499
0.030093436607491194
0.07838086662716041
0.0884567962721125
0.0628244809377243
0.059940607790497424
0.0413662468470165
0.033968968633541194
0.05170818517396056
0.058503064348609725
0.031040216577832815
0.07173934228180731
0.09028344713468621
0.0693564688828103
0.07844304438451574
0.0501480379120029
0.03149686167800468
0.4202040535018797
0.04084418653204982
0.04787784066687631
0.07290544009650053
0.05276884718298097
0.03558349190109518
0.06260885684909999
0.06725615316831303
0.06935842465136455
0.05095361947350178
0.07992472217302055
0.048692448858423706
0.02484233521746227
0.04748918549584028
0.01821514728889514
0.040242373939635916
0.045473126164234684
0.04718118249884762
0.08762739271991091
0.06830582480095058
0.32243501426758786
0.05016475364006666
0.024002501807576213
0.09690206837950079
0.057404943439658386
0.15668946282466242
0.04746884704419531
0.10283437814848641
0.049810590913205006
0.12127895236472808
0.04413693996025397
0.0355517894855434
0.058001240602803664
0.07879819406876906
0.025637278502635804
