0.20634393983309512
0.2649738401189336
0.2079684779874349
0.24918600133981939
0.24006369880783723
0.10929083698237141
0.10212350061484374
0.06742990811304098
0.11365441889759517
0.23655669121280876
0.15381656745078193
0.21004779208849178
0.14045938854298812
0.14187646618511707
0.05724642500924146
0.16346684814750922
0.0933727558481515
0.13784779368661676
0.12070407528820633
0.12935507208764663
0.17445481631793217
0.09348385882152112
0.23404049419924636
0.25189098488627404
0.19950844610279542
0.16589473985353828
0.13392325427351487
0.08064865914476323
0.02591736487395516
0.09906015673594569
0.20382205768159384
0.15993232124201115
0.05992022341588967
0.15444046616653026
0.15450482138541233
0.15543427098407814
0.06819929892934846
0.10437066943451165
0.0950272304421857
0.12189401488932589
0.2829276622210521
0.17608119812051998
0.04145793506888938
0.2228139609164591
0.19863634363764038
0.09360336407984941
0.14528067674395853
0.1727455702328526
0.11537681621811009
0.32343091370642296
0.0978073766628304
0.1270460713263171
0.17851114075042188
0.1773382645268971
0.19599287037297744
0.11347824095299791
0.18103529209455285
0.1984934132730955
0.10163828775885166
0.1720102235348779
0.14281155634476278
0.20386377832002095
0.13536300476316798
0.12162637329554903
0.11545981376079743
0.12121594270073868
0.133075322272052
0.14070082410708803
0.19032375143885386
0.13834328919088626
0.0864530144029577
0.07083136837499639
0.087233754057604
0.1237685709997155
0.10248497749427361
0.05801953572876936
0.061182161488249946
0.213639237583477
0.1108586451694545
0.08219324195189538
0.054648719551816265
0.07583561842141873
0.12250888242859814
0.07705224653574688
0.16593634131409848
0.14196891245200322
0.16329595013240827
0.06338541077434494
0.11032289846202163
0.0710955813255188
0.07602360353348299
0.11362465540976192
0.17583726116945064
0.10579557599778552
0.13149874943995712
0.05282784197315802
0.1578433257384316
0.08834657056238703
0.18920221158135353
0.32261936921935197
0.05788653678473315
0.08914377865873035
0.026613289647701308
0.1216935191810742
0.13467361070719036
0.13220522111385768
0.12197572448892666
0.2796238294628673
0.09065395950696656
0.1320341719207586
0.08323593997223869
0.16728351492930926
0.23595608164070145
0.2950777005986291
0.08642433900256791
0.11141193062689439
0.11901690407847268
0.1114089169185204
0.12581288748972588
0.10932568462524621
0.1029142609848683
0.1494720518647786
0.21578841232882562
0.13736474116491038
0.15404199059331763
0.055211193510026436
0.10564481136626155
0.0958814296898443
0.15664765584528803
0.062425126787384
0.10971454346421175
0.16693556951188454
0.23872910509492712
0.10041858387707622
0.2718460543501046
0.050783761165429916
0.13171212328598464
0.18522493791527148
0.13652150939278976
0.16333750463770008
0.13455467943583344
0.07986581738337746
0.10536667566863864
0.13960500475303694
0.12182300030826021
0.04620984264885693
0.0989008259825518
0.1955347399937262
0.10787292440186176
0.15129611515820515
0.10426858385110355
0.1468156039182091
0.10392477173992355
0.15979028700075687
0.1473498663277477
0.07056574085047689
0.27132312858391006
0.13382050036784754
0.04782473337501481
0.1246370644063664
0.1293847577319166
0.2538195196671025
0.13095009625680132
0.04715738772223371
0.06177993386529312
0.11985660584623291
0.2857433353300655
0.21050563693794666
0.07412721218510562
0.25915198627799296
0.10460261519780865
0.14139851799078282
0.1386619250110376
0.05344623964423212
0.13760142492262528
0.06354199120878924
0.0885345105735199
0.08454618494924988
0.160914372130513
0.07517290035439786
0.3196776699688563
0.19849503032451174
0.2307538478323817
0.06911456296437282
0.1762373340791074
0.07500379369910287
0.10688605425987968
0.1360489795819093
0.11680334197543513
0.13084402296964154
0.22588148849221054
0.15470931756870263
0.13336760176404233
0.21119987985064187
0.13992410922428072
0.09293705628059613
0.20991839913755225
0.19358567165623472
0.3085329995596496
0.07111516796287853
0.06046412009232052
0.07646865362641057
0.16028345375724315
0.3378925050959989
0.09761086914380653
0.23456790571344852
0.13004149998274842
0.24868233698748535
0.05051831520135021
0.27185864150136957
0.14567209811620235
0.239269815675054
0.11308695557903548
0.24063434674398088
0.11361640100596497
0.14743827781046018
0.14092022163735318
0.11454223682074446
0.3262162299329977
0.16779508021592163
0.16953230786411547
0.2680510002526827
0.13926777960463596
0.14250918764384488
0.10336881863068906
0.04914803333491223
0.04271322060267556
0.09147622932653418
0.05610326064262108
0.13703663379280867
0.09453750670453866
0.20253294011440814
0.2268915376664541
0.16699027872553962
0.07207223858100154
0.10156852129680784
0.05603504854343924
0.09946984699105112
0.14984118978788338
0.052380730349352526
0.18944401143045106
0.057686569586245434
0.17283545964015612
0.1408246127733029
0.1310299407673404
0.18937489965871415
0.14981662058647296
0.049060572346819986
0.10312072128428744
0.15395158871464182
0.14021760877408562
0.1296922494821677
0.26341145555081596
0.14495598053915087
0.1604421297356706
0.08320480315414903
0.10689124033943191
0.2001147985416387
0.14686136626491625
0.18234378441025367
0.0994082183386127
0.06477037436323214
0.2546535160327297
0.08319213415698942
0.10503040330690905
0.11042888211006627
0.11769933681737964
0.11062551486147637
0.08806939837578835
0.06623528646767383
0.0849741682784125
0.09295409385485016
0.18172123091679684
0.08293912875121406
0.17043614672518845
0.12419905605794304
0.21357454896140926
0.10814699416370098
0.14065999847024824
0.0629480044389205
0.06912181550369974
0.3204423682192805
0.08187175216310436
0.2673020806036361
0.07186223715864751
0.11235020332892623
0.1649723899799485
0.14010305629789946
0.11233779233072433
0.05307342615176762
0.08685780632983656
0.2774252184355757
0.11623705461689007
0.06350274483195134
0.12526827668861062
0.2010356000578354
0.18695144148994358
0.1012140497911587
0.06056525678647988
0.14626218537729638
0.12708103300728893
0.11466913047065784
0.13926046587537438
0.20565752074919233
0.2698897634931849
0.06097119161964618
0.244004190380033
0.10775746458152179
0.1281739407632066
0.1310682587771777
0.1589104637807408
0.05544912559168609
0.11870235278245675
0.13305590868506867
0.12915349199946727
0.11764348392994976
0.10473036876081626
0.2157663536203973
0.1101860123653308
0.14363229007508926
0.13845438626494982
0.15513153900771928
0.08732374183502135
0.16480600978458956
0.06247406909552136
0.09618441844676084
0.07076734090046191
0.10410537116324216
0.05416015722769208
0.13447547077283417
0.13313525581299432
0.3000142817865546
0.09710785942607633
0.234571868081224
0.07620196522125888
0.12960322986468228
0.28653520808567273
0.13859809296723802
0.03750109188079611
0.05611849517122534
0.12002450576773553
0.20776701832954636
0.12144447545700693
0.24964821440094345
0.10129002031283021
0.22512804240521153
0.0813878125991418
0.1940133456296136
0.12342878879144444
0.18512350212447934
0.2139421348262138
0.08392017514798819
0.10337328439230031
0.12737300596291448
0.14199129687995324
0.08337261636663397
0.1700960294788935
0.2224864249751692
0.09968535240596868
0.23745088777679613
0.1157865089572634
0.09364934579799886
0.05524016322756396
0.03777101333929455
0.13844458570359974
0.16338851532968982
0.2062256113444828
0.13784295158237234
0.07062375103706342
0.09571291157199444
0.03722643073966084
0.24538577874709164
0.07238792704003237
0.11764765930535018
0.12201265359754469
0.08762740080511236
0.23957482169317143
0.15111463489642102
0.14650623779518743
0.23453722619751194
0.12171374264204438
0.07201135103736231
0.10487033873114084
0.19174901687222468
0.25962809409030435
0.07477896283126578
0.2089751103391253
0.1746073563393249
0.10265807066017849
0.14428189421873217
0.19844837511136706
0.13369759245879662
0.1980642835671071
0.059403983867471075
0.07447298705966693
0.13255157475363702
0.15443934478403118
0.10452242283023568
0.31814731129335566
0.1971517904917142
0.10974056074761256
0.12524540009084265
0.10423867363604501
0.1313140346366413
0.039736916465440766
0.11275056484217447
0.08780805629069595
0.09983943747869717
0.0666441696002567
0.10932485953214185
0.26194055230080615
0.15487652353129566
0.3792153723044628
0.12708754459172214
0.12544593673627608
0.08366154052391407
0.13378686362676176
0.15662317209505228
0.1942262049731808
0.18908357658264324
0.20240086313850142
0.24753298317487257
0.19692673297495653
0.10278996397616781
0.11622577882968659
0.050448355171457765
0.13016232659501922
0.11483765334840523
0.11202066110079567
0.1209386889357674
0.25578440539411756
0.18178204921923427
0.05406804783423346
0.3295844056278791
0.24726209858204912
0.0666813374016007
0.11691478097771926
0.2862535768723268
0.08467015742930932
0.08875094125053717
0.05559245717423079
0.10231427693250872
0.10477030101132612
0.22521913535065172
0.21714930953561945
0.08184311798974131
0.22294795809078818
0.13832519807376595
0.07528043213913096
0.24374908033349857
0.16973761959258904
0.14950229877759588
0.2663572760388071
0.21520751656169004
0.08787380385670028
0.08465127827686837
0.0684548840592792
0.20131466174411822
0.1516556347217445
0.08205468306440991
0.11857390401260134
0.19279567829702748
0.07209277739120028
0.16882121932429128
0.18224031517257833
0.07492704546697532
0.0981266003125073
0.17637109811119123
0.11005138902448815
0.09961432452593445
0.1195293883717979
0.15884427944168317
0.26730536049392534
0.14454563633518838
0.13388329533909926
0.14715595023964131
0.1662841156551298
0.13009262173367292
0.08226351280029237
0.11690578480069135
0.11806754048844756
0.2721784745484188
0.08104025278870504
0.07929156884780324
0.12783757995448564
0.12597830721028166
0.09960207281890286
0.1151490424961958
0.08799304007361461
0.09924158335076085
0.08633213538236624
0.07541980419539843
0.17290640011462366
0.16663591059501473
0.23851647620017644
0.069717094532389
0.08903355844448556
0.07456847202370287
0.24284395942455592
0.08463450969611673
0.11465372551759036
0.12201633100329008
0.17953083048157517
0.12305014414581276
0.09737739835972914
0.21305192028516287
0.22110982270828897
0.1201864355274578
0.11157579305498262
0.15401683464844035
0.17844588175473006
0.13682431270519996
0.09729036599810374
0.22834326837520721
0.3003624218004027
0.19631013833226568
0.10952040933005198
0.2609129989765242
0.16272621733705941
0.2704150136658068
0.09353791509427935
0.1586392244813416
0.051126584306611364
0.03527405977632568
0.2627332066149563
0.2256378893951934
0.12053864970989489
0.06776567269496657
0.05887830124359729
0.1200423882524346
0.09327094249774688
0.155542669399556
0.20227976506451187
0.21721260935433884
0.05776118052141997
0.2071444516381938
0.06751678298476724
0.11150482499765682
0.08560373134868637
0.282854246525073
0.14366236938617724
0.23533722352294337
0.12054067903159671
0.20780079929679954
0.10361254539543344
0.1482450021783491
0.14001941353876296
0.2638273038499863
0.31781928136035426
0.1496561785902159
0.09723248199743838
0.19120481763083783
0.15356324871628294
0.214740724786743
0.09341741489313668
0.18539267130987358
0.1365466746803033
0.0887900113133013
0.08894582552264338
0.15989972359485854
0.10197977712041367
0.05327686777754253
0.060519708822907144
0.11005592586906715
0.0536245945821876
0.059500484015047025
0.10167224890075632
0.02751926174729795
0.08380400330964737
0.11420971872548512
0.1838151023550639
0.13449526127447656
0.12390697373941825
0.1476893987150415
0.156430323245704
0.19156916652394995
0.14318843827791006
0.14183960192989495
0.12052717969139276
0.13494279694902214
0.06324866210351017
0.07983220887985869
0.24920473802712448
0.05789276419190266
0.11523801346647819
0.03069670858510843
0.14370502791970388
0.07901041539865741
0.24942923120953187
0.1868326787621982
0.09319313209299472
0.20624574448814886
0.09851263550642365
0.19692585838774193
0.10340804293909325
0.10227022024374573
0.13042092887113974
0.15578991149869165
0.1308495708483225
0.05025614315789165
0.12790348837102067
0.30373736888938696
0.11193946924128506
0.07898845113574053
0.11922434668978331
0.07829006509986751
0.14461149041251806
0.13968498786733832
0.14504637098568976
0.05697113724680192
0.11337835697852813
0.15830738699973865
0.1039222097495329
0.19967238976340093
0.143524572950008
0.07229349267503196
0.10867438475232737
0.16320363448920944
0.1448905577997725
0.3022592159920083
0.13227537058477964
0.0864277289227522
0.13118583078595109
0.16713668001813417
0.16744822940308218
0.15327428596359535
0.0898204167510934
0.09041295379449504
0.1610809698731369
0.13250501006994472
0.16428779972085933
0.08327013582858016
0.12187855154488957
0.14679072237261062
0.1638250808744175
0.06234274045914515
0.152704864444377
0.0602330822259458
0.07000642692385146
0.09019733749587278
0.1405120694049801
0.1702952548429001
0.1058235672508006
0.16897194930907108
0.2646375922652224
0.09593795839542917
0.3819919583915262
0.16523144910046572
0.2368986903047943
0.0816144673199126
0.23252868230853282
0.08821283617685419
0.1096661621771077
0.07384269151026866
0.30969350657639166
0.2333010489917412
0.237752952327253
0.09055870743372704
0.15673874715125669
0.12421924618936524
0.06255637929828735
0.13785015597547381
0.13357778989061028
0.14510002208001122
0.29860873512756747
0.07925245133531975
0.09246523069335699
0.11347074824505039
0.057534846755021754
0.2306312767180564
0.12963020178035525
0.07064704607487682
0.11519794921882898
0.08005182220251376
0.11019717994203287
0.09908436971454938
0.11408726109428355
0.06829835403076695
0.2180929719134428
0.09061562323441297
0.1044440014336195
0.09629668557840237
0.08402632905123716
0.14321215115047253
0.11433581047238736
0.24386157489421717
0.11180239827045023
0.12615334402521203
0.1002732699140655
0.07202485083553724
0.14774334859328894
0.24638088410873105
0.1151390560823372
0.11461554088865404
0.15297201715539238
0.15183389141373654
0.15382366557643015
0.16142970880255958
0.2034247092192424
0.06781069154339225
0.2424949769762836
0.10189322776894977
0.08808068746273952
0.17806926332169887
0.14688903051803034
0.1038753487639165
0.1340926176316008
0.14565946699413165
0.23606326338000366
0.22268257840262265
0.15906440352845838
0.12750291579539916
0.13793968665833442
0.15066978870600808
0.11685103779515081
0.0676228711973072
0.14380761637568223
0.1623557252281794
0.12402306753325489
0.10963640024941221
0.04870915311559107
0.3194636541092499
0.08967883846577861
0.07365765890684016
0.24079458349162575
0.168724600781994
0.14588929832521014
0.10403345214911708
0.16501793289880806
0.19662192643395343
0.10941029437659168
0.14925596688782822
0.1446505055259539
0.10084258375255424
0.09057059409773972
0.13389461796442856
0.08272775134526661
0.29880481275105397
0.06684352672381869
0.2839909832262823
0.17116882363455999
0.06732545992252158
0.07784212921350143
0.10591005991322681
0.16097708266549118
0.19353008440013938
0.13780034199293628
0.08632116858480053
0.08887720362770378
0.13903717542872593
0.0938623031206737
0.06793650899734467
0.14396027479283136
0.1729237360492693
0.13176532671913563
0.14466337739882115
0.17951483672804508
0.23520936519582322
0.12603584425616454
0.07946819487924059
0.09322411154614521
0.17020411649724804
0.09861295324102418
0.2686196764040178
0.09484642096541425
0.18191657823814458
0.13194141145396296
0.13877384505446264
0.11159131039782928
0.0921338120332527
0.06781009076244696
0.09821468502181402
0.0685865726899977
0.1827972707601941
0.16602742951233462
0.22716862337812171
0.0815821587616083
0.13453708699415534
0.12126504069550026
0.05934582002155387
0.09293653531622251
0.19017936404462568
0.08192820149540515
0.1882307897157352
0.0742832224902862
0.2218986961801678
0.06616628164438255
0.1466666759995918
0.11479706160374288
0.2086035461502041
0.090368725871106
0.22268045808477405
0.10078877481824837
0.18632849574327345
0.12541793541862142
0.3096763349320053
0.08883101845695819
0.1646066302754991
0.24086711775240705
0.16209904960721833
0.1480343455883982
0.2243359765017417
0.09957827054645299
0.27584908927958257
0.1377035703195826
0.15588790628302943
0.16374521224485397
0.18226126497974296
0.09026412468674568
0.11170267716073971
0.12001500163603646
0.18570468311747215
0.12141602994994058
0.11138637414003039
0.13303932836185522
0.09881721682659773
0.20009436673250855
0.21994099009918522
0.11942735575282715
0.0956301532195128
0.10006051057938266
0.21007240175400224
0.07603986943533245
0.12639596261114155
0.07262409497069314
0.2675008760203457
0.29437021999552815
0.16595403563989788
0.08258699902961009
0.0905609381799792
0.11131789245500066
0.087961133600564
0.14861312306977256
0.14076062538703113
0.11828752938918033
0.16185541933800793
0.18263911236894484
0.17316625417110862
0.3186907048550816
0.13594991845171728
0.09431447105385869
0.21665307448667362
0.11546601382138436
0.18853089497046938
0.07757010402670556
0.14558078276792086
0.21839030210109553
0.0682866849248914
0.045297590019051995
0.09708177903698902
0.07348917133016439
0.19044057129158085
0.23261491433643988
0.14763953241721567
0.056495071805028045
0.12447956504039125
0.07375512222410736
0.2536350307864459
0.13360847078857332
0.11828434541410154
0.17204471771165641
0.11696676712522762
0.1856531762010615
0.23354432051973173
0.05964613700246448
0.17180131539735224
0.07012685245643539
0.11999608084053619
0.09805724195118372
0.09233450245332502
0.06519507111974267
0.25413014366457687
0.2190908705030132
0.06739757767361182
0.2540136861907786
0.1258693792581039
0.0611895266381807
0.10042539205829737
0.07640822034712771
0.315917338507744
0.030545361887978167
0.06531307005367502
0.17776913873886185
0.12257225434696802
0.2222677238040197
0.2632090012974081
0.21808019543917223
0.07457857990840858
0.04653904868679072
0.10286178513496655
0.07355134872674057
0.08464459381911929
0.2076533992591327
0.14208065286369478
0.07966191317692617
0.08369412143201554
0.09530908689925623
0.1020843150276414
0.11785977620962178
0.12427769822658448
0.1708644561437261
0.1741640654804764
0.18741413230752207
0.09500382606795385
0.067094143797163
0.11725693166833429
0.12922267965314607
0.13852865912383044
0.12885656911434518
0.3020491010824552
0.102015447522018
0.07763594871513738
0.13843649130997998
0.2778293944037841
0.15385736060568328
0.18279318882978335
0.07884672476926598
0.0881400620637554
0.0734413088375624
0.08144794838959457
0.18072463374923722
0.15474155371396947
0.1641938007790124
0.17591441783845113
0.1834818296586232
0.10783056942958993
0.15087313927605592
0.21670639267264585
0.08226557411367068
0.14735364581825275
0.08820292516823465
0.16263326239478634
0.0743619443321187
0.18917865317531263
0.1844716654095539
0.06558722900812747
0.22397154120250282
0.10201610769802133
0.06790969688951697
0.07794345758453497
0.05820442619185649
0.06386269485149362
0.24330326630091192
0.06660063273122971
0.1069588730447736
0.11587996817221022
0.04794647971062462
0.09833805376121492
0.1139942034182073
0.18909952180113854
0.1355054505621549
0.06376489707771966
0.07236411812297078
0.18424687975640425
0.15642936603612786
0.1613938389737259
0.0912974838282988
0.15881627841123433
0.11565922724192197
0.13471521749423512
0.09901414137784596
0.07542647825298611
0.23232861204885635
0.17016398250488204
0.15378897857284776
0.15169851387965552
0.13916130746410305
0.169964942969206
0.08807867467117422
0.23792247302702968
0.09497211240236439
0.1727196822524629
0.158801066282502
0.06900312061694175
0.2517596940939163
0.10728526712045684
0.14323518459620224
0.1559580710046104
0.1907535446214017
0.1284844711502971
0.2798833197485033
0.036329407066184816
0.0767470439844486
0.20191877651219137
0.14208452867886087
0.1461025681496153
0.13752766399222785
0.06028937830664232
0.16053748526709868
0.0933678167762343
0.09190432451765773
0.20517683717611557
0.13792418057642108
0.10329393828607195
0.09908777988641286
0.17167173117358392
0.12484391086428885
0.13965423359655696
0.1387380174244407
0.1264251956599362
