0.26261136232249277
0.25646980510902195
0.24847935655856518
0.2726354035804742
0.21853602947017475
0.27275465657744463
0.2367291381829229
0.2634570825087943
0.2860430290287914
0.26623557936387704
0.30083890534190244
0.27207111573878945
0.29720722261515775
0.29006760078194455
0.2647142026305267
0.20948553192906666
0.397237157273964
0.2890371622478351
0.170645685501768
0.3049929346496399
0.31014532057258165
0.2710933793327149
0.18666048718159783
0.29729104105864673
0.3256309306796462
0.2974985649968834
0.27859928950564217
0.2566946733785935
0.3283056068409435
0.20514792960542577
0.26532557592948014
0.21166424375335954
0.2451291763899765
0.2683693728889013
0.2074855342705761
0.25929466604106194
0.28851375165927284
0.2941146258413705
0.24243406891018549
0.34593695919826817
0.3025367884220389
0.27887516315907007
0.2594619373167403
0.30609245245453837
0.2673686582903032
0.2948865403354923
0.22375504590217868
0.25579549398504287
0.3552185537393888
0.32002111647169995
0.27115737615954144
0.2610998648692622
0.23141477530790375
0.26501992618198694
0.2739039739039119
0.19200521405878435
0.24005171102356315
0.27811304019211774
0.24660923775035656
0.295551683064599
0.19688035061308812
0.29553906712706035
0.31590697613053614
0.18394142798525803
0.2854413051905979
0.2885110633167377
0.26071008899285686
0.2418430880180878
0.3257842546965223
0.2777639978096889
0.2931845067406263
0.2526959110365835
0.2768922734853317
0.31980685750071774
0.2884793821333531
0.3188707986387179
0.20745272026642836
0.2664246276613868
0.27496215539579477
0.2908778179760293
0.3140174234560134
0.2416456917925363
0.2395386241803767
0.27221238844421347
0.2592466422204168
0.26730588547202083
0.26630325405185457
0.27716573320058124
0.24742209050363848
0.2780241524941013
0.34084698056506807
0.21677999272189402
0.267294632298227
0.2538406365197602
0.2470079370413377
0.24720465354974763
0.3761414110603766
0.26686028254101973
0.26809337387600807
0.26089715078094877
0.23164550739774126
0.20596123152828316
0.2793805066055402
0.35103750666992206
0.38610170580013137
0.25236633870809333
0.28048306340361606
0.2670680953982275
0.20207233141841385
0.25335202190813405
0.25392333958140584
0.2617901682894893
0.24278418578456815
0.2452560208033924
0.2810949134558949
0.2837974443931797
0.250290039884607
0.2622201049309873
0.2641473607038571
0.20225682661125027
0.26785454182703633
0.27058316726301695
0.2924625724848565
0.24035961506071538
0.22411942100980958
0.25998660343316554
0.24493351772402921
0.3042932837131467
0.27197823780493346
0.28936152644353297
0.2588511004151986
0.2816573172218121
0.29646933827288446
0.2780706267347536
0.24294078102968863
0.3087902004474846
0.26638555174018647
0.26226757782766563
0.2675841564661807
0.21992870961559519
0.22389744559155048
0.18160522747683697
0.20751870132403866
0.2989150872984142
0.2018260804334694
0.2982501242447611
0.2698540204534849
0.2482970894276808
0.26902743841849175
0.3330693047789986
0.22555840624464396
0.20671322504658066
0.30444090142488983
0.2732029562762826
0.26790922542567497
0.3546087436712301
0.26737764026809996
0.2663499979523143
0.3337286406259857
0.3070107982336282
0.2974722939503912
0.19924129897561244
0.2915620920647315
0.20263160378002765
0.3157503428579887
0.23548670046951437
0.32348808196573275
0.30613662696366317
0.2671600768326265
0.259195011602744
0.3137011314513753
0.24382548647979746
0.26415950070583333
0.2575399939528247
0.27745965964530694
0.27245026705229014
0.28392313019935733
0.30353929606622865
0.21121126078527236
0.24167379254530608
0.26169905717910924
0.2601455284750114
0.2871833606277451
0.2895333286561932
0.2621039027221964
0.25846552539278206
0.2795033176631835
0.33471821860135914
0.2883461311975239
0.22765272802159328
0.2748061193861869
0.32040342036042163
0.27464100393137075
0.31705812737948136
0.2632348806938453
0.26160256673577653
0.31142580101844475
0.3186634683159012
0.3211836035208222
0.3676772155726941
0.2859163597966383
0.2516941662517357
0.2836235413116178
0.2624004130933101
0.2923096493341421
0.2595327421761394
0.19333510430819117
0.2937100402006536
0.3057182939471397
0.25889258621760136
0.26392445843745843
0.25252263754357773
0.27638510590568716
0.20114775120641623
0.20143132677483416
0.2297229624369648
0.3011345569314007
0.2123288094754957
0.26770063507485237
0.3399475750615368
0.28593085549549785
0.2838876467042034
0.27929581346286364
0.28516384398468086
0.3220767600141746
0.2682726212312305
0.21010970346506203
0.2045675618591944
0.2518843215800313
0.22775761014566162
0.2396473816842396
0.3493794873403161
0.26643456204962135
0.19736882383470084
0.29903700938501027
0.20254664709174064
0.25868381597424894
0.20597459504399057
0.3147116362254785
0.1950318838087992
0.30807274289495956
0.16935072937423332
0.29605529590586677
0.2656464141375799
0.30168942403589366
0.29303691315736724
0.2669926931420705
0.2121935538355636
0.2676666869544976
0.27020416513575735
0.2561202233098602
0.31705005073989445
0.2851588831365133
0.265218198297855
0.2568339085000851
0.20683709161776714
0.31348815538052544
0.29899933175990123
0.32101851516419133
0.28234146953941897
0.27530009482040396
0.26337546224273034
0.20739516098167393
0.2591113565350293
0.19879666360235054
0.30284610446039445
0.2576887273736631
0.2710325362768602
0.26391185813991236
0.25880114820158656
0.3643604588309756
0.37592411396753567
0.22705917611802007
0.2858769344489465
0.2987179974006427
0.27137066362390216
0.20454274679501544
0.2767960734432721
0.26077707925751115
0.2629356696026687
0.25748850274845003
0.2742826184106518
0.2889835237830654
0.2400951114680216
0.25988753475891346
0.27059866330828597
0.22772085330262692
0.29926056267131207
0.25691444022610876
0.20937004650549068
0.187930456723798
0.25791755995454696
0.2859510332047429
0.20062012004634644
0.28645938873859544
0.21581883997783907
0.24069427664363421
0.3889172064928065
0.2477249235019587
0.19512101823376551
0.20038863739971563
0.25705766690130794
0.20350938619426262
0.2517810784511941
0.26316692255694274
0.31974910656449657
0.25742401324541564
0.26182075129295684
0.26376736791007627
0.2669092594176972
0.2440832365671869
0.2706827734453124
0.25470715471917105
0.28072448787063237
0.30882095788470904
0.3015494549790532
0.19919227586330307
0.24183372711626755
0.2341043106269665
0.27103779365116804
0.2531591313221178
0.2807429239960131
0.2912908803068549
0.26983166055027413
0.19955857909074043
0.2349605285622498
0.3068009280680987
0.34920942449846465
0.40972150357415327
0.23156820145911547
0.27095273280025184
0.20614526373793102
0.3021004710770786
0.3381100883787241
0.2548655863704591
0.27429998023116703
0.2890770245119886
0.3017372177256981
0.26648978020738634
0.34969156047991684
0.2528847032611223
0.3036855181257086
0.22694353724335764
0.24659010370485304
0.19964586312667834
0.30208075287994146
0.23726265283694764
0.33329279860559524
0.2989937016636608
0.2526149807047538
0.20719952471578576
0.3073031230802471
0.20634914547615246
0.2740002038733498
0.24778500476408005
0.20743118568794522
0.3099766404041303
0.30925236414814516
0.21264451423895506
0.26746017070765704
0.2740571216416358
0.20751377948345265
0.2321038346634084
0.27218803348633114
0.20062637361545768
0.2734683549664605
0.20475392252194008
0.19692765409561283
0.20644798644399606
0.2484130474550733
0.22791257541412735
0.31177137986269393
0.21718664728655573
0.375622397976483
0.5273585550228004
0.24335909594409083
0.2642529663462886
0.2580566550293802
0.3105267591841853
0.27079721447859684
0.2802725268714358
0.32007663982331225
0.19157833746947228
0.29712300674946795
0.2653784154589095
0.2033756936592589
0.229971659422267
0.30614142054531407
0.28642139187635446
0.2659114222729104
0.19651772598652886
0.2920703768710884
0.26667558262949653
0.2722801780551408
0.2708988867555144
0.2526414302265324
0.2774443675224546
0.33883905096662825
0.39277018298690813
0.320450313008459
0.26563217254597127
0.23387170995482853
0.20222900177537367
0.2647624037683229
0.23640651928926432
0.2616159500930907
0.30507018590911616
0.31734460212757143
0.38481220302853536
0.3221617255967313
0.3014236191890132
0.3275169680810494
0.2959328292331566
0.3734057680218176
0.3413653672210939
0.3041511717300789
0.23605114114227882
0.29673696669500915
0.29057212690188183
0.23208047812905147
0.3005962479979666
0.22072709945275973
0.29577373577548727
0.37516929475025984
0.3276137144453502
0.22786588763051802
0.30796791341077306
0.2657173315405599
0.22837753731394372
0.29544900460220247
0.280863826318938
0.263392974309205
0.30447066783164556
0.2607341858357357
0.2583258111543902
0.24287241335087772
0.2756001238951694
0.2671789826194815
0.2242600866220426
0.23549859942043272
0.2577903209793537
0.20629037032338107
0.30234446161631545
0.27855963151053836
0.2592630752441987
0.4192230911466151
0.1990900525509255
0.2890065493043961
0.28974577821682956
0.26889657508444964
0.2839065669876115
0.27524599031333497
0.26168881028033175
0.26158122488897273
0.24301712371363637
0.2953111364024368
0.24281991500405653
0.3288631832658168
0.29548447565836633
0.1881781667735818
0.23746499940480204
0.27125238785618977
0.22844177397582682
0.27483144122430975
0.25821003299443057
0.2880383469210484
0.25630217182713133
0.23001268440579664
0.26744734896178146
0.21928899894240067
0.23909562987414518
0.25588972653319714
0.22440798813522023
0.23093669017830942
0.21935310613582304
0.3235625542904744
0.27615262957524134
0.35899611053309477
0.22970962001397005
0.2967610214194337
0.2777115768023203
0.2934847791527354
0.19225815902203808
0.19180792250385387
0.27242714758015774
0.2981912606875766
0.285616199386107
0.24011348943424865
0.23363268654808572
0.3447038724586392
0.3053903319474487
0.34977969257054703
0.22108207232509447
0.3071603267350475
0.2663078569425069
0.30161267941069353
0.24476857202325292
0.19470806797508117
0.2973371392063772
0.4297157426275581
0.28447317185534093
0.3757258758179105
0.21825449531227561
0.28962137500621526
0.2627114791865373
0.27504363152618405
0.2826203388817939
0.3051996072790454
0.2084830147847843
0.18475751590528253
0.2827086965265597
0.19797846992059875
0.31496679754016405
0.16820346142065767
0.24891133045145106
0.23563531829383483
0.1864543181741721
0.2903141413596889
0.28902813467901306
0.24174640282180393
0.2735075560225142
0.3118939675089369
0.21426377995800444
0.29173564278412584
0.23208897318023236
0.32484847943302414
0.2759505791484264
0.2674519850784001
0.21204933488008965
0.1993672086953977
0.2794625124489719
0.2636230002125036
0.2920883401586146
0.1865368214575101
0.2773975924970215
0.3049160468670758
0.2409283051905293
0.25896150072991975
0.2753904867384595
0.29719890670735677
0.28849341201899126
0.2313020211082516
0.18848776881326304
0.2633898548538015
0.20824769757636105
0.2685349781717306
0.266804153710228
0.29476171892263137
0.35350373703559707
0.2927652107264369
0.2565486568518596
0.31005069342829983
0.29428810369281133
0.23488699446390587
0.29134643835349594
0.193261668957255
0.27807488148310067
0.2055767540186604
0.20424375684950347
0.2001029442691144
0.3031965027173852
0.26538127455578264
0.2137481452996772
0.29408267885313416
0.31695268164534524
0.1963959312564632
0.2849835635891572
0.34133140532371653
0.2692577678674762
0.3278535895099497
0.2972800519405926
0.262958317599601
0.27995673968909107
0.2794156236226897
0.31185948057288543
0.26359992770218676
0.2764274082598226
0.3256944557349951
0.1994958219913699
0.27882741308181663
0.27786065944244137
0.29071001109402017
0.3482751333316565
0.28187508319464594
0.27559348782208554
0.3044033485571726
0.20036801980815444
0.2964364487638949
0.2813301129853767
0.2984191623536593
0.26641944255766126
0.2556167262551785
0.2662276724271071
0.18544608179875652
0.2880968686801011
0.2999871135912157
0.2715203042045269
0.2894573393686958
0.259706861209257
0.2739334271999728
0.30317721740378195
0.26725243201434556
0.2837883110195656
0.20028114067322358
0.26805119069866623
0.3515174250521089
0.23308350774898037
0.2648454568313533
0.25953800924464854
0.28614502250880897
0.2864160339690348
0.26447999926470145
0.2722395751739781
0.3361733906314223
0.2657771487369677
0.28834905198836414
0.2858152173199915
0.19816388057768333
0.2704638783922627
0.20363259913118492
0.19619621250723734
0.3268396024036298
0.23190640836481752
0.2562202294662175
0.2505162729796662
0.19581555084211055
0.20444584140133176
0.26770206713067735
0.3277756182120254
0.24647082411276333
0.20969666090094563
0.3217309448419985
0.25282279662194707
0.27115243672690414
0.2585012438153803
0.31061923629485155
0.2665008867602793
0.26179129535182966
0.2649757844241165
0.2638241654424298
0.27156148168157296
0.2805705243084689
0.3169810495270047
0.2613214897656078
0.2560764009055793
0.19831022774228768
0.28133617556611384
0.268487804359475
0.2492764742265371
0.27510805134393446
0.2584037361565824
0.27551300944847756
0.26438217593323315
0.1980925322411719
0.20477324008809844
0.3024322620089648
0.3056857740222634
0.36711811885667844
0.267116627053967
0.22871284068045772
0.2881360472964644
0.245730177447209
0.2907903398982498
0.29101620127090205
0.3307793706633782
0.19815884665157646
0.30536131518297405
0.2881962549216629
0.2651833893053343
0.20139342099882554
0.2512579014329489
0.23247735494082922
0.29352645667489063
0.3016733600635376
0.25145530337994676
0.27575874730925265
0.3682089704931092
0.260207220850985
0.21279412550299287
0.2813473099319297
0.29371222206709363
0.33154357745869256
0.32900122911287855
0.3576985494696512
0.2412744027304362
0.2755285738821707
0.32583068623374084
0.2350622560306676
0.2807388877370931
0.2081287099586414
0.24578935930198398
0.27391456368791267
0.20592409515276566
0.23150096050054153
0.28968975977257716
0.27474801900836443
0.3726965937286783
0.31953824365228267
0.39558643937057514
0.20485836303936028
0.28839310813421043
0.2614851065967223
0.2551475343770748
0.22853035993958026
0.28847929837554376
0.21440623757343147
0.2559652843697405
0.3195942002639775
0.33283769209977804
0.26847744503069404
0.24068966687062507
0.29349582237465915
0.26831995618888993
0.2976381394544524
0.2849135151018412
0.22866207487063
0.29938269278248697
0.3038007667421967
0.29641838167788864
0.29622155322556243
0.27826505263079543
0.279117557641924
0.2884052284723095
0.2690770801302343
0.27466395094023854
0.2872231688054362
0.22061231334952394
0.20122916493337908
0.20740488041050376
0.2652693152494485
0.27666078577335707
0.2797330529338075
0.2693065191834006
0.258399021634988
0.1901996715152648
0.2930649185630673
0.3034002203668552
0.2325689580027825
0.32659529857620595
0.2536212455938155
0.24728900754046063
0.2660556547267007
0.20303370166461254
0.2772169319489551
0.2652852042032494
0.3226637383093862
0.1987144537290796
0.19387028620198216
0.2840425326022146
0.27338932209350797
0.2419987280320413
0.29254360804253465
0.23500359957322975
0.327645659270478
0.30101769823543956
0.2597170648207942
0.20435078694380715
0.3508875952071543
0.24028367887652105
0.29334406282370096
0.30222123404096407
0.19999355512102485
0.26927102089406424
0.2992202480490751
0.3068320893534552
0.26451383757366753
0.25164188058180537
0.26722796288786066
0.26103109284559894
0.3207316650087873
0.27972232790423535
0.19414121390176797
0.26269220468911036
0.22978973364586536
0.24731905373228247
0.2275329101758854
0.34418514411024276
0.2412090576356868
0.3872598540419594
0.2569603369300983
0.3690194886532655
0.26938001318320126
0.256354985647152
0.3468690350203955
0.2677486846358243
0.30084524360969955
0.2888220211258139
0.24380332951464273
0.2668060609354882
0.2980371649158482
0.3000549770922733
0.32577512730655533
0.2692557484359041
0.24656200816328472
0.3112781223845881
0.23074469848775112
0.28692116069867085
0.20390263577068263
0.3837008828382797
0.3587241267283148
0.2584134745989397
0.25720991604268134
0.3016705621188864
0.3042177987599265
0.23435453902133568
0.23403614056316902
0.30105136792878945
0.3071290562787683
0.29819166409755227
0.27398804779307706
0.26471351394473946
0.2465564912386097
0.21137614072384808
0.24885652741310116
0.200388528728028
0.26797513451231214
0.23206476402080892
0.2239849576616205
0.3567172984490464
0.2208368559955236
0.2733235068798725
0.22378977822118534
0.26876964669386694
0.33002974433174875
0.26588425378624264
0.20571961365729136
0.2766430158693368
0.31648030515819947
0.3398164332400937
0.30567423022114654
0.33634147388245483
0.2211621456451775
0.2113772915392608
0.28175069933564556
0.29061537663266007
0.2732810401501383
0.1997840277219236
0.41892045882299167
0.2996996802573537
0.19470625578593476
0.24099173351610528
0.20318712774789383
0.2900718232659506
0.2669016111955627
0.25902881871679123
0.28127562768406195
0.2800460964279087
0.28502687984965464
0.3239111407101045
0.26055392393400184
0.32631127778165514
0.32836465838931334
0.23714909233424356
0.2358061618810528
0.26598962466795756
0.3060580751361265
0.30015237528655103
0.25959965576755906
0.2887030744305642
0.316217324521597
0.28866327587649554
0.2505065533049348
0.25971210119760546
0.34700667665782853
0.33609305154283425
0.3384819286176671
0.2678654027573125
0.20945367057479694
0.26197723411439083
0.27551843006476184
0.29786992817423696
0.2343159556311201
0.30295315348153373
0.2767498111251519
0.25797698975465966
0.2790114494397643
0.28484796083078545
0.2843616580538226
0.2929604640507813
0.2657862706313219
0.2828883890800035
0.25651477887583723
0.2600020116686632
0.25444751026599954
0.20318388387531275
0.28646678248054547
0.40485351665814284
0.3079123708558953
0.23762157743732978
0.16291728187218424
0.19674193286950886
0.24861282037281585
0.2693921722648552
0.23593612680345633
0.16927978650717962
0.26476843706877917
0.2887762765396079
0.25360527950672157
0.1985186592435212
0.26810511525605113
0.23042194772278562
0.1651763641517679
0.294734264016945
0.2483546730618092
0.23429350978671054
0.357561388244339
0.3073076316657244
0.2619803481541627
0.26014182226210236
0.35881462000256453
0.2605311410074531
0.28915735893397077
0.28481940296009395
0.246700577556705
0.24110271460228944
0.22406128187106944
0.2957351144578993
0.2840438977405609
0.3243547191948853
0.2588724478199248
0.2888574071874652
0.27827652573005784
0.29753756628909755
0.25216377565865217
0.25189716736698564
0.34418580110162134
0.23002720542374186
0.2721496387679314
0.2666015115550332
0.239960331362018
0.28104734838976675
0.3116616511904492
0.259894430602351
0.24880208342424665
0.2520416495098956
0.27040560596019236
0.22991885450033595
0.28564692321584906
0.25755050281276354
0.26795920581775917
0.22308113440556768
0.29823872941969276
0.28120509570184943
0.29226777529980213
0.26064397258963495
0.4150130179775522
0.3151655625934631
0.2509631024405914
0.2966627457087206
0.2628277147554818
0.29385845075267275
0.2413063770270291
0.3030717943380651
0.2022709352728883
0.33251269892931523
0.2397274070601342
0.2716340404306582
0.23664931585634524
0.2728581360062585
0.31637699289438886
0.27628232648303264
0.28476882895671674
0.2616512108215491
0.2880544433549574
0.2562345213387901
0.28720419413219345
0.2623710768753203
0.27648531897811457
0.25418116563218507
0.20808099373806516
0.34681400958033104
0.20333172015882278
0.26128605717914277
0.2625715569953702
0.3056493275125094
0.18786462228761602
0.32421011130734745
0.24228341826919192
0.3074467172803334
0.21158682150709673
0.26995725987515506
0.2941388077631832
0.3169438648352686
0.2621020146546842
0.21133262479531176
0.2826978132795041
0.29813012584055343
0.2117964861715424
0.24147604779552329
0.265814135334868
0.25074512234493596
0.2843474994161572
0.28599556937128134
0.2929577532894362
0.22703864686505343
0.19356316214836317
0.33791617940057883
0.19800032099795162
0.24253020915710102
0.28035098106158546
