2.34686869881988
0.7210164975264067
1.9328543019598154
0.5327753587726354
0.6659925958721963
1.1740244654054304
1.7622338957069845
15.32531866882728
0.7321756410239205
0.5386212335153128
1.4202043458773181
0.9786909338854266
1.735004734900096
0.598018469290795
1.7637651934254666
1.0025986017035287
1.2609476291055641
2.932915448557003
1.462965039285796
-1
1.6236326615144951
0.602073389797614
-1
0.5801267000369057
0.8733915209062003
0.7245935185541198
0.6211894565396435
8.363344816504544
0.6876855348499046
2.2135383166429654
1.59873074593501
0.6988579997249681
12.241895271037569
1.1940231903440828
1.6251797010269173
0.18139418666309645
0.7796621722951165
0.6878515961797158
0.3513719019104429
1.5466899369702278
2.989798330719457
0.35735278914842344
0.36212389996128913
-1
3.281341872487878
0.7973119290402508
0.7046731399611226
0.6244996504221281
0.9253608292161855
1.5037975273348172
2.9494296219237155
2.2443774321807117
0.8331722175789086
0.35764510230153207
1.1318960098232365
3.9034773841025774
0.4362512916415362
1.3262118083621095
1.024618394631438
0.9685487673186997
0.2592779120394057
2.082812825096038
0.40611419642416857
-1
17.891671787807446
1.710063612341975
0.6027033108323708
2.3743831674050697
1.455104845573709
0.9232131212463746
7.556017021459429
1.6569972917082563
1.8173288184960783
0.4639225276646317
-1
0.6882255049778739
1.8360758545525595
0.5138462640368274
0.48721397087393475
0.550556583787514
2.0696032796410773
0.6694463265789877
0.6369745861925739
1.2275025971860618
0.44110180527740184
0.5197822386907626
0.4057861077623095
2.248766864482917
1.6229202592989913
1.161731196164489
0.3256543290130999
0.65045215382189
0.9841527293338912
0.8153664586081041
0.4873911399878983
0.32789923736873067
0.8828686992614192
0.6554324622094488
2.231157094322433
3.4247131309590975
0.17128063671749522
1.354218335327317
0.2608844813401331
1.0026728411685668
0.37574751251122096
1.0538033701441112
1.3336450807685172
0.499583641772251
1.1599683956030635
3.5843748036663454
2.2765758253459327
8.465450135682067
1.380364338204953
2.056331299957498
0.5150732679927679
1.983839711671032
3.892754937506364
2.4033331168060657
5.3346209292322335
5.886689923836596
1.055572608177639
0.9926160993964557
1.371565698657224
3.5649913996001557
3.638327631440283
10.099229034297645
0.5685755597685656
2.31005741649763
13.569318579908032
2.103792184856664
29.411225501576883
22.66751882905468
103.27488358127152
1.1622908964808545
0.5707012919275123
0.7689556924523406
0.7436298976109635
0.8704881447720816
0.8941914471295427
1.7744670334828798
1.7980191553607145
1.0471684011211417
0.4846843315993537
1.0344441893240064
0.00939507464415169
1.7636615627279557
0.36509789657538955
1.7240189458612416
0.4422034690223911
5.413479503915971
0.3138036700979584
0.3721766881858726
2.178007126844649
0.32337720625978167
1.4308242198444263
0.9057964589262669
1.5047957152498366
1.1249357083530256
0.4794461333496775
0.9804381243348926
0.9762856893842555
2.772994345922067
0.6831859813686664
0.5715157047275967
0.40509021666263756
1.4048995896992063
3.984688889380784
0.4432950493567706
2.450830994150613
0.4685665960309132
0.587866949602681
0.44863711523684907
1.7452934899207135
1.0652878609761873
0.34589588426196655
1.129368753690733
1.1435807197944405
102.97100226472467
0.3850832887309282
0.9506734437251462
3.798929915845185
0.8772607417490454
2.5263207039167224
0.5289636942614987
1.2458777116150495
0.5844647251120231
2.9538797565759407
2.2327679207126456
0.6943015219834039
1.1438402520737891
1.5897076738173617
1.8204021921703613
0.5345223500596615
0.9623813226454635
2.770154026751621
1.1882782771970226
1.4679323663301616
4.568148335713078
0.4080507720590526
1.2794742469206284
0.6616439253137328
3.9785458465784695
1.4209692381280743
0.7163314697158678
4.821225454778901
2.0206806703468514
0.7920072163206666
4.787227205961109
0.948250304307177
1.482479369688225
0.5120356154448978
3.076527428744533
0.8549839349159865
0.951831120885132
0.9705111793418414
1.0426106440840588
-1
2.7813397651458622
0.21562950501523825
2.01854074542404
0.441875786954351
0.3265835861573605
0.7665900170053275
0.3608345695702502
0.5275677265883586
1.2441840384386502
0.8964951881971314
1.875939201008523
0.35280298298285767
0.7514346224997032
0.3048879724790027
1.807578946110588
1.1379453000251947
1.4787595956774522
1.3236927230633007
1.0097783822833815
0.5689506866246773
1.8599534670820927
0.9745125973640527
0.7733324220868002
0.9498515216676592
0.819596141316398
1.4550007538209602
1.3944251542380797
4.753322093698438
0.31159965733687534
0.9457488597642456
2.164620427324149
1.404620709621638
1.87187105719414
0.9125114351470851
2.2208630394192244
1.0817982356439415
0.5697084543240395
0.983768544292492
3.495156024077325
0.4525314176898775
0.9546870815380614
1.9810471289071272
0.6331237884013687
2.6936414810611113
1.8504445495442128
0.8056765581471509
1.51146085793212
0.9623562861574231
0.4633525718489301
2.8699516293827294
1.875586829866104
0.6156491741411715
1.055127333556444
3.7345486854941536
0.2813883411034279
0.7172129976406786
2.1237274231254477
0.8985820375481766
0.6532096947645119
0.8921769791488807
0.4784387868057885
0.6222271990926472
3.03866175484503
1.0527877461018358
27.195896628077904
1.2343310647912948
0.8813202577444118
0.782068848026661
0.2536838937196641
2.4228517426699425
1.2082505962809553
0.8718804692919637
0.890289595918016
0.8434994287828838
0.8918510837738719
0.8968216798607959
0.7847998943738315
0.6278654607971831
0.7265663199709651
2.9432029008214076
1.7029102264498146
2.296762430822558
0.07904784560740591
1.0234300395452942
0.5312536990982146
1.5746760596997502
24.614650083197333
0.5341722160749579
0.555232789738924
1.1374191466023182
1.1335728330001777
1.2772171173725495
2.2102180532973397
1.3271523594237742
0.38489394672608224
1.430631453892508
0.6398419508726236
2.5761656902897885
1.157617357570425
0.9186472176019365
0.3252871203848277
5.501889755974091
0.554983217586024
1.4142631186259176
0.5190085585467942
3.3771820685075595
0.8146574414482503
0.6279509063231496
0.8263516318107796
0.3894594575854826
0.6024877055421823
1.4392329005689026
1.7567958497480363
3.132623443835175
0.38739556596815006
3.8111367856738276
0.6023411143876923
1.1291751799053449
1.7402086035985058
0.7040614787585737
0.4424251624084176
0.8102722984109424
1.3313359278082262
1.8442570205478896
2.3362577725993665
2.788880334786774
1.1288834916850583
0.4743116835427728
0.014756344278522304
2.933726931868677
1.1356905292301196
310.01160752672115
1.1699012871646077
0.35892621077649006
1.5762372911497269
1.6220490192431658
1.7157598065808417
0.6225878302544484
1.278135406455494
1.2583291722359689
0.03755439807986453
0.4381664879709038
2.1344297411177178
1.8562954554701414
1.7567520629512579
1.4898277064473868
5.49761050391535
1.6117520820989977
0.7134147425333035
5.77179543137744
1.290491070193847
0.3557354310373548
3.2398357520172922
1.4210577584928292
0.6552186816735737
0.8013461883201891
1.9689027076005288
1.8516896882864182
0.3965085914457115
0.46254245239314457
0.6456607703607599
0.9007518539035487
2.6211715454716185
0.48396275447500187
1.9999604224834138
1.439082149723573
1.5921754370580175
1.401518905300786
0.9017920855453174
0.7233530366158534
0.9976131476366643
0.7805304992151625
0.2262123436353024
0.5693245851733603
0.7589123725960703
0.8178187197634774
0.488264418887316
1.8610287315328553
4.361929478761333
1.2058086948144044
0.6670995455512478
1.643473717059257
0.885925426266346
0.5319446975927566
0.7209560023313574
1.2598930854948043
3.266200425061567
0.7926671915402912
0.9269734381879163
0.6212099758638998
0.04801778670195679
32.25078432828848
2.1076903444201585
0.6343940610879643
0.012115890274917718
0.33628619892968475
0.5387950074747514
5.404353715514688
0.178292796464784
1.8883642337630318
0.68377515017175
0.5912704016316334
1.8773655706245767
1.2587894837623097
0.7247840018413099
1.1834900008291334
1.562103769389547
0.5755718398181778
2.4960825736393017
0.46334595692266245
0.5404146591142501
0.3244602246115792
1.0272046771451844
0.6517201538604427
0.45675449150120545
1.601612275885043
0.5912008474555606
1.6431851313757835
1.7574622908858804
1.4848636988289718
0.5007663976218956
0.5860992951301585
1.0413528475497575
0.8077783688173248
1.2228751456889528
0.4725859915377981
0.41725711975312574
1.0715294928579573
0.7347439368858184
1.8011188626395753
9.642282042929725
0.5801411331308693
1.058463252608747
0.9147473530883828
1.4235631872168764
4.943609774105946
0.9867650120034963
9.986364228444343
1.3507290947455781
0.6132639733452687
1.8343855456560743
0.8296990106373557
0.5017661255106798
0.6992884926096962
0.647246952204832
0.7447903633672227
0.7633486721727256
5.025696172324515
4.362826687632529
0.5001910920042549
2.3378735730188076
3.588687046695041
0.7813587602626635
0.29261646160778354
8.973196232108412
0.34059331555448685
0.6955554457882358
0.4691826754852944
14.636380037744956
0.826749995568043
2.190094705633907
2.2531797308976875
-1
2.522086460613246
2.0215737562911755
2.195917911141773
3.9364716262982986
-1
0.23289845283711108
2.023069928662421
0.4898297006266701
1.768911276406931
0.3526225476710301
10.063385723833363
1.536719725280504
1.867778409538837
0.46275639068723906
1.9050586974593235
0.21667725136466467
3.6900069205027397
2.3859586826783996
0.32130017161674534
1.4583920804214288
0.6073353241522197
4.022581940503249
2.948349264232492
0.8196723532390062
2.146939582205724
0.8026672524008683
0.32830458381300504
0.9317049981802062
0.4739731056651463
0.7840220386327428
1.3093810770504468
2.272073121874645
2.5244341262534826
3.5152884728593645
1.8172363895399086
2.359383936660159
0.9032996812091312
0.4607979036165933
0.23851125773805715
3.6863596002369436
2.4080821060061672
0.724462781979989
1.2048278301315913
0.8848291904175176
6.706295931122971
1.5794604585082113
0.7021415872420028
3.5428508758118067
7.467950544161707
1.3389556967292395
1.1193487761557626
3.7537536202277964
1.0114864775302663
0.5539847569185339
0.390609534997147
0.8551466495513895
0.9941138176501605
0.36084040216385505
2.536796274210561
1.896804806775758
0.4532325679801981
35.51361290121773
0.7786780520239157
0.7688028103207742
2.34046145348242
1.9577634920308988
0.2758613149362366
1.0602135590101032
3.8855482368209793
2.4533130226317916
2.2632833405870376
0.9398551012571403
1.1346974754646688
1.5552867987043155
0.24027146540348954
0.7505291518309417
0.621032677367885
6.0985946889522005
0.5018016214449624
2.742042449168444
0.37957813201862317
0.7816524696338734
5.864878089680854
1.9270443104901525
2.185905146528873
0.8388916769503618
1.5689513351538864
0.4520520560126379
5.329281931718777
2.303582940675141
0.4212073824969088
0.4906467240215107
1.276528564978735
0.4271705149613674
0.27611306154201853
1.2530414141931039
0.9876363627089705
0.6957632542491086
0.6850315136072768
1.2213274012791882
0.757685131638734
1.0810010213748027
0.6950429327580149
1.4897753739849482
1.241395713812192
1.3718117638584435
0.9853150900260689
4.006691956463955
1.1669875989296725
2.089025316948259
1.3521752282427806
0.5032765841143686
0.6665535433920454
0.591631303539373
1.3023727172598805
2.4818473959764873
1.3905868653225113
0.5947006581744353
-1
1.0625302836194854
1.1044977693695395
4.190647884372708
11.444582606401394
1.7135421653866574
0.7583026616822269
19.229654539403526
1.2414899709815534
1.1064644295885904
0.3971252803953171
0.0216354124973998
1.6751286922714503
0.9557119865959007
5.672711690298365
2.96268928609798
16.96483118149103
0.37958987696004776
1.498691086811131
0.731390393835904
2.978293036970702
0.32665731537221987
0.49669953841682435
2.503636071304535
1.0939354601173774
1.185928221637762
1.1164318976846788
1.7033083917590917
0.9248795755319067
0.7554227487916683
0.4693984137752793
0.4536461475079533
6.220393740146649
1.868176044854414
1.4987287334999022
1.4488421250310244
0.4536486171590528
2.900309619443629
2.856855633755763
1.1403689754447903
0.810467760226967
1.1383611050090787
0.47682298611906637
1.438795698840003
2.6704599420601607
4.686011982175856
0.45960836428269103
0.6100216497703692
0.5820765073613322
2.7507271125079935
1.5446907650670232
0.628096269153807
1.7233449632753537
0.3691029694085383
2.1352496194458994
0.44945746087656957
2.225899683006143
0.39130699963285276
2.081738003529669
2.4626738514129687
0.3177749424910193
2.2978935743399833
1.3028912644037125
0.6808533356621627
1.548662757034106
0.7955875346548251
0.6522435735404069
1.07209481966014
1.1438593679290159
0.9430603430321037
1.1229397039538656
0.46585672198360356
0.7604833717059543
20.501302561595868
1.0033970972361708
1.3571690842829822
1.6093499193234213
2.513991520481504
0.5996786064426889
0.7354176113046116
0.08542685236318145
0.6292654077458018
2.3827767857786384
2.010769451743417
0.4067418467005281
0.9825581633418512
2.5480396342781066
0.8246416346892396
0.3265794521113079
0.909487946636907
0.9685764285129033
1.3175442708042306
2.8093544304800733
3.255705975587563
1.3108948876629778
0.4661380234279289
1.9219607825729803
2.9546329615144926
0.8983432359692737
0.4176899294391589
1.196908543651721
0.7410375600129825
0.5907508552800989
0.9043485538784536
0.9359774582325694
2.6480603821061273
1.355799944518371
0.43925661745630246
1.3425071395971715
0.46203857091421763
2.9787834728600346
7.204267500381876
0.7289255438143334
4.209876259430973
10.664170666352073
1.0621236873368183
0.2509877898207755
16.180615339687137
18.944659791736115
0.7073084625811887
1.3121069195414095
0.6279834979725641
0.7242017052884141
-1
3.275086909561396
0.7033363053463259
1.555744476139626
2.068876441412999
19.462210872642174
1.134279048438717
1.073766810155989
8.517772616646766
1.474452392690084
1.0704354574370372
0.40624027300521276
2.601296165679409
2.0167869331960677
0.630095817260193
1.8546912644874152
2.353798898178993
0.715953416592854
1.7951333868699784
1.5943204409609308
1.4024692701649302
0.36220297989598005
1.2264442894378946
0.3938395841572242
-1
2.3111962129441745
0.6599272737340479
7.09672348342238
0.4218957062606685
1.3765845827379917
0.9565802271098108
1.044365319606401
1.6319867646218995
0.41491844716070597
16.24899208740809
0.5790229719398331
0.9411939034847583
2.3379134869337035
0.8126802600592598
2.0564642290027906
0.3555030147235517
0.5514841685929432
2.144420845988993
1.0003555536284847
1.4439843274583988
1.644614654306457
2.6074605599699363
0.9138036166422395
0.5478702379492137
1.698952978268798
1.4123526879465966
0.6641110220914211
0.47294461326699117
2.6078561498728474
0.7912004709270698
0.5897136620929667
0.3165996735869248
1.861191089652567
2.355977034015672
1.1454769412778831
0.5259809695943621
0.45976150606743416
0.7591809156723751
2.145596714838473
0.8255037467850515
0.577787047522189
2.9112477194177098
0.7647071453595516
11.462325259356996
1.6579502802154698
0.8916946859253608
0.6051495641370372
1.1698309223474184
0.2847217535737684
0.4892519835041348
6.272470665847367
1.124934612195538
0.5310535842774831
1.6572923874130556
0.40673815817783504
1.3438850470741428
1.4402668167961339
1.8831773078902818
0.7602615748959395
1.1025272572758016
0.7468845393998964
66.07066356829492
8.986638778734244
0.4740140030373162
25.723601961258556
3.806656221936504
0.9390083033947033
0.9793177249709409
0.22428850061361688
0.7372464327528296
0.4975201580232033
4.988421949542496
1.7080515830287526
0.6530109791046355
1.8733602450116447
1.2445526411162826
0.8325495720051069
0.5098714051887978
0.6600223110749335
1.0499326931028805
0.07873505378702692
0.6926395352537865
0.2707576289010091
3.681886266928229
1.2311327597246335
1.997148430400208
1.40767485979346
0.28247709119935505
0.742944883604474
1.3814390963286765
0.4142907846292752
0.4911144807023913
2.412173938636434
0.42216502063109806
1.332007150782662
1.0008613542287137
0.554429571147559
1.2923681902065416
0.8324595151470993
0.5740080487142133
3.027223830959132
1.0983553842925227
0.3756851921191371
0.34877878818111857
7.064802358395968
1.3087825621646796
69.53702283970067
-1
1.476904033161138
0.17287978194521897
0.48912300714690776
1.8129763007798112
1.4243113366761428
0.6241207887729932
0.9314475134304752
0.5322504134492194
1.8373533172778624
0.7729827256346239
0.5144377074706576
3.279434468286298
2.0256111149854648
-1
1.4419812221124866
0.09418599756991619
1.8823573370373003
1.5831690018405047
0.652586324405336
0.5897854056679848
5.703073394797594
10.659564864627525
0.5593883965347043
0.9451695519321346
0.3467578065036924
0.038169652839939575
2.616555996943305
0.8272943577656817
0.814796531178163
1.2677807914402468
0.7064192486301452
0.62299480652621
0.810506748279197
9.786248660295392
0.23578646251095078
1.0158052882677602
1.7087414486957249
6.939452743042315
0.6827892022177179
1.162558767073512
8.791943656870869
0.3429659667727097
0.8433611422889817
0.6540023514724019
1.5679239986563893
1.133708360581047
0.8525873471387285
0.6851484703915061
0.4861681332558171
4.759598309651711
0.2918558872990409
0.31342678449485545
1.3029885126657792
0.8785381524632763
1.4466519494913415
0.6394217031029521
4.136850550533378
0.7787103403847802
2.780929180718642
0.49643563310795563
0.42036854400301493
1.2889317592371679
0.6256981297485589
5.484440027994502
14.536252391117564
0.4109917993703551
0.3647679005458075
2.4109808006556728
2.6210077085446986
0.6621648289696073
1.7094599008600189
0.917978818489326
1.405267990659063
0.7190718479943462
0.42886159216153996
11.482354725521903
0.2169163323778844
12.177407376298678
1.9744865050966889
0.9767950394494772
1.5059528846565196
0.8202513203298492
0.4921068908821213
1.0373041733349326
6.44446784571895
-1
2.597399053784206
0.49210511159820314
1.7500295222101478
1.783248749681498
1.3120871080997594
1.6238347662026205
0.7568283772450226
0.5170968203399797
1.2366902950781937
1.3811359450700864
0.9560542857919638
2.1540710040979456
0.7518946002539616
1.2623904315634684
0.567069287140191
0.4296107004071545
1.0054817161173013
2.718828200292586
0.6000057524919967
0.6900097493117143
3.0067460546551428
0.7574403764826506
0.8888560198127577
0.5378526333653546
1.2989182661455887
0.7000933663300931
0.9881499982019782
2.040484619821961
2.652096053465393
2.2525087247872912
0.48359452970516215
0.40341058640548255
2.240346730437145
0.9330766485348684
0.7318699552058817
0.3802992374381775
1.4183713994524372
1.1350179690593434
2.1294786081645234
1.8908932982594018
13.036818112440924
2.784759691647084
1.2790429296832586
0.7513843937897468
0.7719928931175039
2.386816978958266
0.4820923581519024
0.4368408010902286
0.47223306693680944
0.8148780539602042
1.2343125638535932
2.4953323210001663
1.9832416102192296
0.4184942213266136
3.5845676028037166
0.018589655469635667
0.6522171113907479
0.4998508135625178
9.28656331615128
6.122578469278669
