8.763319522585105
12.669132938427731
7.420682797958224
9.369354309112126
7.149386319406678
10.428603446525027
12.449673194818166
8.189983531988482
8.097022488337066
8.947657614357864
11.652756197443715
11.364761619300424
8.275433601523568
7.670088341979435
14.648268473950854
13.969604733753405
12.503459890186807
10.53967551878045
6.577621509630043
8.562138065967394
16.633563799286183
14.210337103789003
17.470604918258783
9.056038229323091
6.54028282460307
11.999130079197204
10.182229678995597
15.131209729198384
7.129700516207785
7.395845767578086
16.03320170083799
11.265638932642673
7.5597018166292225
7.241451688030217
12.581102315979681
7.218889801515667
7.836009361313405
8.53896495224311
8.443161388827047
8.264386082399023
10.699735605964822
5.896002593368576
8.025129136864077
5.920120181870678
16.422856347050985
6.107837822227468
10.048325981326714
14.298025852204232
7.1179222907717214
10.065292531119807
11.870029666251202
16.72490573216813
11.09666487658539
7.127141969596893
9.432781009189172
13.839717480066374
10.181063755491149
8.186059030834569
10.962360583807584
14.48512558451932
17.263084444882427
11.79608697766371
11.602975592686741
13.666696559665938
10.821379085406454
11.735990516930519
10.21974900288995
12.80213653609068
14.651490567027349
10.720708913600303
7.6034789082050125
13.889956182965394
9.899562901424643
19.58798248713088
14.664123070919096
8.747814196602235
9.153137665624614
6.989984144086703
13.217608493898435
10.60726692595422
18.728510457270215
15.05187312427696
14.147142691374953
10.692824720452128
7.014087253393897
9.165737455830028
5.7942110261777025
16.119990631471946
8.85559485666512
5.654371314088734
9.861890096066757
16.97993406370165
7.7503338269937565
11.762121792063722
9.987049236866309
10.963918708082723
17.837633618023705
6.986671753632973
7.538508027304937
11.86836605268922
11.40501227410391
10.49879184644565
9.805069043883469
18.97928491347286
8.62177819355809
15.522137000030705
13.198311744945356
15.840606697815756
12.497972809820865
9.0181804149891
15.695225906101266
11.598642243923994
17.54205512725201
5.135482213701204
12.97592625869203
8.77364009020346
11.015614884557722
10.17052896273042
13.130066989662982
9.109982426687063
7.357902115877826
8.729050446659922
8.449491821108522
11.638720368067208
9.806223914615739
10.319208312247824
10.035194090184778
12.590739231233727
12.75552118794458
9.604378513611751
7.909485672403751
15.909437262829439
12.212947914852167
13.932115472510981
11.17472590836911
8.67981705980454
10.716687907171059
9.481609572884272
6.7279512432270225
11.740716365616075
12.418219968994118
13.075242956497924
12.59510884652745
7.7686249919793795
7.283770219251891
8.846735449731899
15.651878363183076
11.159770365169374
15.047628749007382
17.115946343486907
9.954048997371308
10.624498797121817
10.367151181901365
11.184777023725013
13.161510541550236
10.526580706572908
10.380672778779712
9.693080538533536
13.560313683437883
10.38367289180168
10.34226971843161
6.289039521973769
6.1028151673419995
8.404812643763904
9.927751973741586
7.358206905676868
11.156250415857354
8.153811604502014
5.864433026371942
7.083854227392859
12.145160170868639
11.46651015511173
11.513086062165053
13.2780319741
8.515373900666079
8.405770768020458
7.543409981379679
11.075627246667308
8.645808434332112
7.312104933734017
13.905646766365535
7.081668448292953
5.964460109964333
11.159960517254643
8.804844468011126
10.665010361767726
16.931892361522124
11.105967356573045
12.18862744197166
8.364855853386134
18.009209711961432
6.180119282480936
10.783822891686997
18.226989185669517
9.71320899662566
10.539044246794095
12.960377669602119
14.153793692492304
7.483456935006402
11.78638584018202
9.608660190894682
10.751527964228009
15.649493838809521
11.52420244231055
7.2551366386689295
7.545139761865746
10.946770139765087
7.099485673137504
10.832572940303214
15.410389153211186
11.758265791833203
9.414637953981906
7.304179141845942
15.02371969188744
15.044035401176812
13.81231959258224
7.435672801692515
10.99088845178337
8.874179710567615
13.485949406304323
6.98369247446468
7.865272632531204
7.579584638677643
11.427615780515382
10.508519773413598
17.73229882870119
12.79820576875468
11.324313043902587
11.91292730822168
7.830002624877097
7.916539670245002
14.416091082737028
8.247874533210148
16.022593046799788
9.993416279612772
23.68719892691239
11.49437288049211
9.371313987554199
8.860868202652675
9.84817981798415
7.286486903960308
7.829080013456234
8.486061373226086
8.423346683161578
10.168955042438713
7.832103167008597
10.994505061633555
9.676663880627725
8.731014736480596
9.090843163681804
12.841514949347639
12.603965663054526
11.124319035122824
12.12517315531765
7.976236660140444
10.306643025503366
12.959715618110293
19.762519716666816
9.182484494670414
12.851801691998984
15.150579668856949
7.667341630807471
11.600797641403524
14.529051504275271
12.140833698647885
9.713919745879384
13.64002384375712
17.707089174683116
7.5533786788835515
11.198003361520579
24.33827318673146
9.057538218458559
15.661701209210241
10.594599577764757
10.912329081007668
10.790795316446259
7.255399751555753
8.929655000772508
17.75374089110367
11.904927266786054
21.131539467389814
11.499122864222821
7.858659618262381
15.98439912709357
7.339976866591216
11.540331030700942
14.365058588689395
14.143026249082691
9.98394288029243
8.575498830149137
18.168607785407488
15.148071316964737
7.170965587640939
7.10129935538292
12.684683089609274
14.080000352989547
8.50724944085551
10.635640739040287
11.336172304918362
8.894668985203396
8.641867050112577
8.680423332901352
13.355092945762404
12.335561101633916
9.144495100395488
17.289642146153582
9.82910917780029
11.371749771205472
14.433473343839891
9.80665764910737
12.337489738599597
9.321018948442653
6.754438338870555
9.435885827350408
8.987982383031724
11.08584094032342
5.02572700637869
10.203127011454631
6.6349059882094235
15.971728664726045
14.0557439647542
7.672968249417076
5.536738500421441
11.83378550381538
15.577098233819989
9.342493171223605
10.826536429578818
11.2737762821039
6.4273727905661495
9.416153978678679
8.033261066271388
11.561197988864217
10.653421717125477
9.31253765414285
10.087883297495525
9.616907063852558
5.643316002146247
19.453477339787923
8.651851442001147
13.042312559620193
16.92740265775967
9.952842675250665
7.654241957358813
8.949984756593695
5.316814542079684
16.92988954209431
10.531834069948474
8.57087387236701
6.38887164502046
7.212673550456942
25.41376645066177
7.666318055052749
7.650888638582771
8.121336882306407
10.394189959451394
8.625020536234878
12.211359493239108
18.769378510535415
17.304765263139533
7.173598929626161
12.454365061181969
8.18259242246601
20.96624784085529
5.812644186958501
10.920587137529873
6.339997871576083
12.797112705172674
19.030290734495093
10.320121751587278
11.050293959181772
12.891466715362437
6.199777788265739
8.701909323668584
11.45522153766037
10.686091101228213
13.666559728367135
7.363329099160798
12.46390485604075
9.60993370312245
8.683807353161303
7.6201568854375425
11.679492682901289
15.864255151729138
7.3422094532781275
7.069262657583699
13.069392801025575
18.53590031864251
9.473962657006556
8.553097123954283
15.102320686346179
11.238947314257539
9.768931392136672
5.480989154178711
10.171722157717532
10.293136655651638
7.5379063311011025
9.267525964139294
8.476597425898893
16.027789807473226
7.17768727087041
8.772720800801077
11.5033759155812
7.3149357019340275
12.956570396032847
10.693545547135
6.355886489824704
14.85849715671473
5.913203124353498
8.925590121461124
9.120080855823964
6.519011112951513
11.308452762163675
11.742897525529742
10.171527162686507
8.565471566361294
11.372209052707
13.196935011376741
7.37263678926383
15.345254428636673
9.08094437912737
7.259534413426428
7.430605368020483
7.654236162214661
7.483116522478704
10.340760698781823
8.00299565259179
10.509772169219714
11.199930478042635
16.979429394781974
11.957069578288138
8.795602416098957
10.345379981004234
8.867311456207608
8.91461508605301
5.4041490360920506
9.965836142416533
11.379481987637906
17.49380453087117
10.894348883988357
8.808520807780894
12.401511520996376
9.477333557850612
11.801819559565127
12.425029447477222
5.761651950134829
7.6067485315566925
5.15181281328699
8.366772033879226
7.809364755356845
9.524250247209658
10.069161361434347
8.021583770206767
11.275035121257627
11.294562963314702
4.357333632754938
13.984340402307252
14.255541446519572
11.0027778214438
10.007649650504279
8.869319083512494
18.168420518721412
15.169970897482987
14.8568735908171
9.073414840033065
7.105351512307386
6.680452045270543
10.165978886090958
15.772783943057867
11.568888865006837
10.1480123867055
9.84302035819884
10.472020661603732
9.77463686564327
10.721964591049444
79.6101990058853
9.200233281901912
10.363040892691616
13.34780341383349
10.380377081573398
13.998837809051603
11.21489956148682
7.174890583820794
10.703454576347074
10.25643360014856
7.344604673632109
12.834526603066651
10.09876260236434
8.031747257270839
11.507729979069316
7.971103012277774
8.089785840714455
11.793193875632033
16.082607729873192
9.158239280702569
7.828724524384641
10.02847623811228
15.199537808475407
11.892904660943236
10.534699229069837
11.43364292505943
7.0292613306872
17.97517471335227
8.82531007281011
10.462988788060724
18.36280589017743
10.367267077200554
15.891838197206493
8.09476671966086
10.510521117728224
8.181673921073179
8.260776110462093
10.821650457596455
11.38953559060345
10.470479022519486
8.497467418601213
16.874017791251383
8.973248633895132
7.87795024465186
6.51885073987362
10.74736088408198
7.338539324662529
7.200059832792007
11.640812861960473
13.48004504465385
10.134730548169973
6.358163392695426
13.750950787283184
14.47264755427048
6.2941205207492175
11.872136837324794
13.49759754733932
10.816268183261931
8.7985791116397
8.92057194096351
7.269842153614934
15.927770405290165
17.172533231568018
13.336020811016292
8.098928593605907
7.222135961153317
16.377238932531274
6.966053931682329
14.454241700475642
13.609740226223312
17.36190230569621
13.948340005735249
10.837306060015477
19.628860773412935
9.890550219435148
18.386092458600547
10.415501208439359
9.297994630485203
9.781103037779689
12.76051533394759
9.151103103858205
12.695455251586335
5.326696493184877
9.229085760512058
11.146256433624812
8.595016381097652
10.167080899357668
13.21111786544968
9.84283945746748
7.567676135785028
11.161575515628543
7.57783451215013
7.900899963046688
16.1033123412251
9.926393769066026
8.602137228728726
11.892565810988431
14.885182710672991
11.186396324443171
16.914520444229122
14.973542754716899
9.637177167232975
13.22563683502147
12.723333805412384
9.8116718551808
9.61856018171666
11.650446675373162
8.895933659266282
7.90429701040542
12.140582545007806
9.163405975798565
6.303856622945405
11.652469337758362
10.323732558951415
4.464205968334364
12.003841756767494
9.764563429001477
13.382592882500198
8.528006992045583
9.056399959153122
14.375107175672909
9.700636188917821
18.79288178124504
7.998598175795671
10.08070438101001
10.509401547742348
9.626342948774878
13.22943466433353
10.239713934046128
9.47137691432393
8.483596192617883
12.565433798802113
8.76631966188142
11.02126356454003
11.703150777500962
19.623420643532217
13.256258423056362
10.152763647838219
6.228553614068275
16.02162043464523
16.50437102053711
13.775133977003113
10.562494676068914
7.3442198460069426
14.63722357157575
13.738050037230355
5.204722171301346
8.868939623839337
14.059036470245667
8.345585410766807
10.716983977167152
10.704133086485191
13.874515438262758
10.91707654542336
10.781086194875652
7.499309398080462
9.835073605838016
12.416243830152622
8.191243492256561
6.307251018022389
10.28035214245401
10.132117395147736
12.603460182570677
6.319749517344146
8.686794779002359
14.705300695479364
9.083004849312466
13.624924229523717
7.458446503560955
11.19004094226493
14.539675131482873
7.893555139736888
7.742749228954032
11.306270528760114
9.47919720256075
7.892842205237218
12.090209870950153
12.096648039989745
9.647063915644926
7.517402218591266
8.407538125713344
12.911964297370984
7.563621654947646
8.471774804634919
10.567905355558896
10.216523293020165
9.57509948420346
8.331290858137292
12.087386804169395
12.12061108846286
15.841291418119013
11.250512123569822
15.605501752465317
16.03052662729195
13.81834450410565
9.053223269148717
9.02180093881248
7.223482918095959
10.501323643271983
10.686994838571763
7.348227042813621
7.587876877452257
14.68854157500328
10.393436007044073
15.030529154701211
12.326988012967622
10.456559103449697
9.721538987173695
7.419227318444282
17.55488430399984
12.42750077786123
10.194997147901935
7.589191530490343
14.260718590171965
11.921175305158716
11.469379585720896
12.272012805060971
8.52464481333491
10.741535641708087
8.66616380302967
11.322384768201637
8.515587519083201
7.099366147625373
5.4597832913173034
14.636155585218985
12.330828649073517
10.691120469134898
10.990277246824
14.023003648572343
2.676932369218815
6.256216446439838
15.565811379823659
19.74519506546622
11.648585178582334
13.265435822168124
10.327848396873069
9.292804484145352
15.557650805292477
7.250163025749465
9.160145031453418
7.2195818730338805
12.136071913040094
11.585809410711331
13.398172140695333
15.517304798599902
18.534236574350064
14.7517852585895
13.089258268649592
13.898653667872138
10.823452315216372
20.824483975438486
11.177339989386418
10.812867084687555
11.04000634789032
9.41145092733089
17.713814169308268
10.2710410022202
7.692217637036525
10.054042819275189
16.907227449145395
8.910726451519368
10.682056685510046
11.282802793135644
13.507648904963002
5.292408476983583
13.810056915480903
13.68319014605556
8.768861373116131
10.188675478224583
8.054054020633073
11.376269970004888
9.914443773701812
11.216261230816485
10.89524299296815
6.056093345619728
11.519969232081008
5.034533423793901
11.874867852498223
16.09990928605224
11.47124868035046
17.900628267174646
8.694028819033743
11.438614747938367
18.33565561476431
6.574940661283781
7.4660116022900915
12.644537593345976
7.254988137999759
16.748059287088942
8.655956622262014
8.224380105853609
7.499646470670515
10.027744701221954
11.455872939557587
8.679310434221366
12.566223453822344
10.434457014641747
9.749897254673062
10.855245311676285
4.8933941193202735
15.592309970996201
7.535660518194979
13.126709820692353
8.176033969952176
13.686359033164273
12.29288630882907
7.279240332983896
8.225282777738805
14.755588905271875
15.458652039711993
7.312138888752608
8.13970733083925
15.541837078990678
7.075573610267957
11.65827533158283
9.020503137765395
6.914661742878887
21.058315189942512
10.868535605606047
20.07046691693145
7.450512367800484
7.136479820926268
5.815940006538463
8.688623363697623
16.994506044158385
11.121032678591938
7.346061794819078
10.704992502955916
11.107231846251942
7.6314667377894505
15.281286796635097
9.251846319479094
13.489718849775361
13.677950873287191
15.333732331007832
12.73858278835106
7.739764890785154
14.178581410941314
12.708233366494621
7.789661919620177
9.3328769137018
9.993477645225818
4.881108384074805
14.635314069769604
7.416775732245653
15.07631339716508
10.936161682902036
8.75550129897805
12.62738447046398
8.172583494532946
10.536787819580763
6.621658184444801
15.12300541967596
7.780887542473406
7.681041208895376
14.384846345385887
8.803067608652963
7.517122840917475
12.357390149442338
8.224851759928244
21.413931604436744
12.054492121929718
9.359414982758397
11.315630320716442
15.755713625626754
10.173716619400569
19.922981604665804
10.399061203459027
8.009962901453678
10.60399566552604
7.623026896796016
9.92800114730425
10.98524681603638
15.892132503091155
13.953456834405868
11.353699783705416
10.476375983277737
10.512165454295165
12.895962166287221
10.721851486477382
8.232640773402498
4.786539996576098
10.987040502767643
10.663896235208963
11.37819706459027
10.902841884930494
7.515730684756008
13.370913793892754
28.57353026118459
10.430977035101145
15.224249364002299
5.784516199225695
6.086766540690685
10.508193210813955
8.356201554999375
11.129469342115812
13.718704341252437
14.508737787841314
13.728238149071514
10.744916256097154
11.487412216818504
8.207539272299638
8.845826107276483
9.649579081729032
7.218955723374562
11.07479019029196
15.312739575641787
7.495162145544657
8.11038152306073
12.887289077040379
17.119224681556005
11.593996496789796
12.614426130900949
7.70290574538855
9.010542165979327
5.311091366000218
6.102674931088377
11.08549525447951
6.365070122816534
7.722917917668789
8.276496915776681
8.108120817421701
15.766085797908671
11.65231183205903
14.503186067593452
10.694728799883428
8.76829989024638
11.514146715197214
15.011368388977532
9.588676373924693
10.41723840012389
10.171321653916712
17.662519374456956
15.863054674832837
8.205334043059937
7.437602632438523
9.894763120315156
7.794941773037302
12.255793212211914
17.81075695729607
8.667225965456579
8.389124809064002
14.89680101615416
13.331720724759279
15.537494133509988
7.645304831208597
10.870135919919296
9.646863304427367
12.659621641884275
21.32339853470854
11.722726349195794
10.814466953942619
8.845152222311247
6.766173245264637
8.76248769888836
9.73995743075421
7.594859728955811
8.018433647095986
10.63693879571774
8.787569137943695
9.08311725253637
8.032194648825698
8.834263386693484
9.22558228354835
10.073547155542819
13.99146735027189
7.685507105197125
16.703892096637425
12.193239884366607
17.077275048068348
5.438162616961746
7.7598931905705655
19.70349509994881
7.950787926211224
11.767674904550056
7.526794757562155
9.780651122862166
7.765637083886791
11.700174312068041
19.796505536228953
9.415622984058578
6.548463928176874
11.8388590420846
11.789305385885665
7.302305450431324
19.665821365570785
15.459696487103306
13.50312399203721
14.682432238171147
8.556148087735036
14.885167790959883
7.410130633878904
9.725769950156383
7.293532657147767
14.776208253004725
9.72560776795112
12.376784936277433
14.050661987875252
7.032061857574749
10.888568209607868
10.06401491339175
11.153067937389782
13.140688631760407
8.90619540720176
8.045987885521301
9.88996242417463
7.5071458929909864
10.547271419849123
10.466188396529333
12.546025904598068
9.109707691906717
11.798211572715292
15.639525587079959
10.948112042696755
17.181836576977716
12.262108206712366
13.680846880639804
10.785986017746888
11.014560700496029
7.700150358904745
10.59415356205659
8.440508871175805
14.316362719959303
11.79132067480472
11.756415647683278
11.247712280616451
