0.0597159736301918
0.057729872167939
0.06471733274785392
0.06810269479018864
0.050420183863537235
0.05352333953455952
0.025238035098011768
0.053004049200348166
0.088349850548424
0.060397502199168944
0.05432646189776462
0.45001799297655376
0.08209266082229856
0.051043330938872554
0.0857280742048292
0.036954548033720155
0.05617657004204337
0.10551834836299057
0.0559050587565202
0.08577580886740141
0.04956866275964544
0.09932704395395694
0.09580311051079954
0.08292778288329414
0.16006805638085964
0.036143567426044576
0.06081811335962085
0.04728322783498603
0.044919480257510025
0.07453081714260547
0.03832622696314802
0.08415159578830009
0.06507295716463857
0.06869883873453927
0.07481605158625368
0.14779643111430033
0.055957712006859166
0.07337227027970487
0.08053474440378947
0.04863065364660765
0.031029447801972716
0.16654277609277776
0.10148149379427081
0.05252437251766301
0.04629541989945867
0.11136400262608426
0.05942070440159183
0.023086924449682373
0.054177887772983505
0.03530394973631206
0.11533339530046631
0.06008197836329981
0.09045933187222978
0.063793775601089
0.08687712703224508
0.06636849328015834
0.018305818203099365
0.03581611140775276
0.08786345139457116
0.08232289931910815
0.05539661827095714
0.02847800526524348
0.0927139449183914
0.06095822624407745
0.040419957870035945
0.05725235147918859
0.09981196542425701
0.03464518945985081
0.06836161574326824
0.0687782933591521
0.07257952491553658
0.10247659814637515
0.19002018922099878
0.047590076966115585
0.10828687002918382
0.0915928917636027
0.046779870414477814
0.07415239289003307
0.06925908270802164
0.05725547455201249
0.0897223636158826
0.08968333219870783
0.06419381196303142
0.04621725419998669
0.12376591792008958
0.05470958647465494
0.0669656613805033
0.06636674267031825
0.27841757894214053
0.06132338402033363
0.09188640415374044
0.5889034514543429
0.10595746053527386
0.023920735957817622
0.039543264497879795
0.0838921748618386
0.039531489131614736
0.1314724096137699
0.03406497580017609
0.06997520469382178
0.0824695557646878
0.081222022448821
0.05183808717369887
0.039069965444948326
0.04327974036224967
0.07184272484708255
0.0558768859730714
0.04977692323760619
0.02917499201038617
0.09876207748227354
0.049600190555077577
0.11762671407165423
0.02905025856201518
0.04026963180839111
0.0732281067913636
0.02811608690093878
0.048107207771701424
0.043842584161130356
0.18488053286012854
0.07606089705749088
0.039078020382856106
0.07564730930099883
0.052400598490132316
0.09033104846486155
0.07713768287597846
0.04868526363644301
0.09798611622712032
0.10658819888938816
0.03585295398845587
0.051947376390335864
0.01887322454623456
0.09603532548698523
0.039947330637083396
0.03859384469105374
0.043117918871327904
0.0829999463943269
0.0607659777289026
0.0538454623078631
0.061261214718035965
0.16142444424959074
0.06616745371103873
0.06301789612076775
0.08644398344926016
0.05238878230849097
0.07483459517108872
0.11677638600604262
0.05518082956321053
0.10915044318653434
0.036617351225953394
0.05390873622023729
0.029619077270895418
0.03736390530844949
0.07360701541823443
0.06938491323085968
0.05916643650363426
0.09418229577017723
0.04947943174574003
0.15703129012954745
0.04064941671416948
0.0558106784604957
0.07959043488829305
0.07452708372794531
0.05547227853056364
0.0879534916508165
0.0318363965327966
0.08674636405971782
0.06548327796857728
0.0568591169929274
0.08385106705348072
0.06537329553956718
0.09243018370471001
0.042563171892592275
0.06543317098749896
0.07910476940053378
0.08647275137449961
0.05465073701168868
0.027030103573244833
0.06889077139050524
0.059096933006433976
0.05108575987544526
0.05049538415915518
0.0685163669610529
0.023602515607770342
0.06942764156804292
0.048019572639116416
0.028963301373890644
0.035853648821536126
0.08474538875549104
0.06444032930365337
0.0673339672482569
0.06119774197776538
0.06069469708790687
0.055645553863812716
0.06604519770772829
0.060110143573153904
0.09605282099339427
0.09085806665850164
0.09584148215795683
0.026383624951413845
0.06457419225992828
0.081854696096908
0.0415601818892997
0.06529398497616828
0.038437977567475294
0.09321307613717758
0.06863747459523056
0.08567186686931516
0.04979905473521424
0.08502912912926039
0.08448946368760635
0.11486375732805294
0.06431798933651452
0.13000781156818025
0.041355412477795214
0.0645488568330459
0.09122467344827968
0.03317652908768109
0.05781755470774964
0.04099737503166197
0.053244658952948797
0.07218567622031324
0.09134768419484943
0.04884879037727076
0.0463384001014236
0.059306157965118844
0.034969071709019785
0.0591273662808485
0.0911396278003913
0.07447651302749328
0.08624258535425441
0.0462738635231809
0.078407133402041
0.05807280168124575
0.1085631292526703
0.06421038404394686
0.07258203374740325
0.03339580499703108
0.07011134460192935
0.04523988354783661
0.0635021969111546
0.08707309813700338
0.13637162652552814
0.07913565425376934
0.04184972610115789
0.0394571338039151
0.08655867107528266
0.048410181548044426
0.044302766257977605
0.04252269966168196
0.05235405732650445
0.04844119643821654
0.07697307488666262
0.0386553606724529
0.13172426592958808
0.09041717948126517
0.052079443178038615
0.07487865574579428
0.0656307351005735
0.09256472513746891
0.04493854145601902
0.1392299357018721
0.13185228956822498
0.04715852793912811
0.07621014448721188
0.06115233200148502
0.09318488740277282
0.06394403638779031
0.10267243130046032
0.05184810207104836
0.09380799817954759
0.07690119499837945
0.09977905588761585
0.0760045590208959
0.11931231634357765
0.13221359549790163
0.09226091601834965
0.08344512339563087
0.09001390322182116
0.051742408949439114
0.07231616318995063
0.05924682846727612
0.06654701003858281
0.06391942633196653
0.0670624565340779
0.03791621815480902
0.05668669096130621
0.04552510737670535
0.04175841565660422
0.05883374460373879
0.04093393595083235
0.08832681622876104
0.036525709907298205
0.07094208541393193
0.08096146685400189
0.04397577918622733
0.12920572870219807
0.05504100423579251
0.05312220645477548
0.07758088284257278
0.09623470769740923
0.07730632652037395
0.05681927422301784
0.09640380465678677
0.0526492616699058
0.05101506207291966
0.05664294014434478
0.08770728011715341
0.036721093647104804
0.0737383630041628
0.07125454791747675
0.08220297649366172
0.044916979367174106
0.08138021254121597
0.05430478525251461
0.05060757814049472
0.08531664113571669
0.07723025608992648
0.049211250557421614
0.03818268481706461
0.08635951264627448
0.047044778209988224
0.07953548579169667
0.1183412514995513
0.06044818446580688
0.09097560343919654
0.11371609410907807
0.08843242228012849
0.04494471155710822
0.049936684953558255
0.07590345507583447
0.07554420916773232
0.06945086901695449
0.06662353918072651
0.06228535360272675
0.059733099799562234
0.06081735381623439
0.02718111077728843
0.10138379723776329
0.060582603141309165
0.06803267354355344
0.06133318221783424
0.07285873960484784
0.03454039021477666
0.09611465205555154
0.05761107442803235
0.03339800364192078
0.12434735731179512
0.0573861431237073
0.0888509771365337
0.037562271442219526
0.07331553657325564
0.04403692133684887
0.04337701438510916
0.044729782841896895
0.06453521901484947
0.12382894543691716
0.10019344663141445
0.05625192603059935
0.06378973775814802
0.07685677704958212
0.10438767607387997
0.09100822149346835
0.18878748969346504
0.05485500611792419
0.11160595898644589
0.03790526173459175
0.06330993596282809
0.07953461952186996
0.03150180733264183
0.0826839431021506
0.09563712452898507
0.02986803318102269
0.0468438122721281
0.07914375966932444
0.06581677611243603
0.060359798594867384
0.08808854186212266
0.059010630935050885
0.07792896405208095
0.10025270934022214
0.07386393000733828
0.06669163515187897
0.0894672178479654
0.02681757905352988
0.08194425383944619
0.06859810098058539
0.04254597296431904
0.15601510572581173
0.058648111050376664
0.06122279405387067
0.06649808695360084
0.06371302583253785
0.034591094085737316
0.046374774303969316
0.08891908992892611
0.045518236257000556
0.07639348621675648
0.10428753961679323
0.06719537377084281
0.06102038938837043
0.023058030611201614
0.06950475395451175
0.06353681042874929
0.07229456219529432
0.04041663198382462
0.042385160469447104
0.08461562610151323
0.07242847911476956
0.04669381493608951
0.04569321687649381
0.062393580105992774
0.1046745560409353
0.04437143246940168
0.0883157842594291
0.05599235040096697
0.093133627207587
0.06917577345122752
0.06925239938908438
0.05008047672540645
0.10958181756271933
0.03472923859689467
0.07435446033946728
0.0903312402799068
0.0826295090867348
0.17996113213991766
0.046860406059056565
0.03688895877862035
0.04148503500346778
0.0494937017710717
0.07806410795957514
0.034548189423991904
0.07909721400507518
0.07804336059162921
0.06331759868464508
0.05834724388753671
0.055593349882034855
0.06513989490473462
0.03441979406146408
0.07081663227606914
0.037860151418634067
0.049856054562738
0.03698055988916411
0.03614092755770997
0.10977220237065802
0.05403015180663735
0.07656226845608977
0.06934974067740897
0.09033856206482575
0.08192757647853555
0.07148462466568363
0.053062602399102946
0.09085585036922951
0.16696502019890322
0.056856949144467234
0.054220499987423516
0.057881855229060454
0.06166975076437365
0.07034713494628297
0.04247371298506631
0.06385313113157777
0.085118275138602
0.08358963310857834
0.06132536384999747
0.08621612543708855
0.06003598780165272
0.06310000518499922
0.033956179465170905
0.06240671726010183
0.07824794388567377
0.04712896749630563
0.06643966946919792
0.12364041910447349
0.03721533510207976
0.05157632163640871
0.07665302181917567
0.049080580592228716
0.038807894812171895
0.07185331214065305
0.17866106451247094
0.0999313532552634
0.06257959847166374
0.0690996184290722
0.07089303305057279
0.17424781853172702
0.07374627845268286
0.08909202087633317
0.05976496084353372
0.042899975238188344
0.04999330357485114
0.07948267307178747
0.046082397095284736
0.04765855909816072
0.059491583349565155
0.051013513012575035
0.03737643155640233
0.03158316845249305
0.06930456975185033
0.09461903181822348
0.05708037918608351
0.08051617496775544
0.0808316377518369
0.05002937686472871
0.061511778672112036
0.4845949055731252
0.16794424398532995
0.05989862403140146
0.06612134939095375
0.08459074969560734
0.06521463633770684
0.10132196581371482
0.06808964629728453
0.08724798303284176
0.08270932011336089
0.12948971367522466
0.07347008278232624
0.0660294283394008
0.04065627121972808
0.04301710380920879
0.19084018771776393
0.062456298123477125
0.08907889092076995
0.07344648937993102
0.06531693964898715
0.07866571233404811
0.07119437870469701
0.052108665363888404
0.11084164393228102
0.0656475355365301
0.060555828503814774
0.06371388543279696
0.06641223285395215
0.05945162928471138
0.04778559423964932
0.07596163714559202
0.04815011691426951
0.09963678499533947
0.08225307377697395
0.04303022604110575
0.031535374670165005
0.04417417703203984
0.07379713422645554
0.12210747548038392
0.0635877503522194
0.050046213540407204
0.08183540898065653
0.09087084270272201
0.04355864284536568
0.05724831087116846
0.09156078071332152
0.06125628456721064
0.0791831694612752
0.07369884000477853
0.06402297056257775
0.06266621451192113
0.037804264445650076
0.033073521726513504
0.04526690977409754
0.04117296241306911
0.0809459995575363
0.08543440261238144
0.4190400372645971
0.05269752813832186
0.08085064690251284
0.06935633222492463
0.08968085126722142
0.1212249268411305
0.05876499262781509
0.03668635707933908
0.03555250018409023
0.08475771269850971
0.0667820625895674
0.05977945900224474
0.06989401743957234
0.06321624626035517
0.049931748244969924
0.07441000920403658
0.06983219458445859
0.05897999633716646
0.040408066224154875
0.06213648429061044
0.11056991819602502
0.042144793486671744
0.0972751260345842
0.03772739174063752
0.060919059408964825
0.0798906076104138
0.041136577434475574
0.046631489110430344
0.08299647565214781
0.09693761046437496
0.0748897702315148
0.10187503693045856
0.08666868212541538
0.06546257375282749
0.03274860645522022
0.06990887429951063
0.04924007521315908
0.05189852231086448
0.06629279735839111
0.05327754312114873
0.076487231249771
0.07371457382773024
0.04628202428032643
0.09679618604651612
0.06786765731672623
0.07795863561882858
0.12029155917128109
0.06409597933540206
0.08887310376863103
0.08616531497954806
0.07714590141145455
0.05486446561295964
0.06571014274134515
0.07639375683372601
0.05770394665882168
0.10431121848536258
0.05914982066918111
0.04154381158481502
0.12937703194815856
0.03267294083828923
0.053298450381872337
0.16937630271115417
0.03596280892962193
0.06697831652694786
0.07368236497957593
0.0377156071566483
0.04807673108631309
0.08350261172095148
0.021212359135327645
0.06122577788671299
0.07630915799473319
0.053494570894052164
0.04267388414829819
0.03985787782431694
0.0686594269355088
0.05660319273020893
0.09789168060752541
0.054531254553712855
0.05672429624862842
0.06776036894568037
0.13949832990245573
0.0672675272698918
0.11992190175988013
0.05473628723048586
0.05854750528173464
0.0945073661671022
0.07743113527543394
0.0788095194340778
0.08059971518371309
0.07110709333239881
0.03451209948986275
0.08382249956073061
0.06150661317887737
0.04876509714294369
0.08355587119669682
0.0624750842699166
0.06609651806323998
0.04079138744763139
0.059456084857792205
0.06837957469225568
0.09787863585597978
0.055492106976733915
0.0862569872751311
0.08572914233209322
0.06161471291471613
0.09231363506388551
0.07369418863564721
0.0549269119310892
0.06212471978841118
0.08013198968769306
0.06109447970630252
0.04443330120016536
0.12834917294499829
0.06273872943786202
0.02932022786457377
0.06753402631647715
0.05278550038817247
0.08407659927449075
0.06181082046515899
0.055214542431692146
0.07322340040619314
0.03790780068858674
0.06984152336413622
0.06338262006459724
0.0668742112904179
0.0531809615197626
0.06807493962334907
0.04997252225879203
0.05791810670372417
0.013349205977678804
0.036714630195005184
0.08407937536173941
0.03246336891236908
0.0871618440109259
0.06336888747191385
0.08208239363794456
0.03701639164504656
0.04252813393397563
0.11851671990750648
0.049706861780663726
0.059702462021499925
0.07022527815800274
0.07056986548677101
0.06540811054730435
0.05843445589358125
0.05718836035043158
0.05704022289991612
0.09779852758805016
0.06073123618465006
0.07668831760144969
0.08335889282842059
0.04952981813791594
0.060190702640681895
0.04790232552633817
0.10108321365802127
0.3326149893091503
0.07275700653029575
0.04944846839647642
0.047082426087781105
0.05916816938895776
0.04919088096011283
0.07875032748423254
0.09448481431944387
0.06349009367940943
0.07399668937745073
0.046883060000804215
0.08784206602043058
0.06961585128508217
0.04821652209452807
0.06901091226950205
0.04845719596983386
0.07827934883343514
0.09782074877339793
0.034632320595606676
0.07663131525366972
0.0931824429481134
0.03935419918880847
0.025157652368579423
0.2638064619406555
0.04030141961919123
0.08189743072812682
0.06411703979125724
0.059040386916921865
0.08072703140894817
0.10491664128147235
0.05640451692892239
0.04104823902998791
0.06859351250202879
0.0512162557569425
0.05605808269442718
0.060117449604700446
0.07088744893393893
0.04039038031684481
0.05332677880164718
0.10537286470632813
0.03799975463370964
0.10127981860773705
0.09705989689962162
0.05301301062149021
0.08276933131785096
0.06677273968948949
0.07136141021593424
0.07999811830761981
0.08693140690375221
0.0383769108050843
0.06551283760745072
0.10431674874896021
0.04462410952891385
0.058826589727592166
0.05920034104150517
0.09942461333258527
0.04989537513916341
0.13052225505562165
0.08360853743171381
0.06471330955914414
0.07854797075053732
0.09830396960994002
0.10884213104367489
0.062181452781435345
0.05765351207064817
0.10247220673500618
0.09113420569157514
0.07315605907052598
0.0388448855054637
0.13040574167802985
0.07476297746468137
0.037036450877744646
0.07330770706579037
0.054330241540853315
0.06709704372355023
0.08066764957957906
0.07862390924188509
0.08197742242512714
0.07526576604222592
0.06769916451758531
0.39666621023374027
0.049512047243861206
0.10239880318341567
0.06933957368374669
0.08336283625036682
0.06977150960452724
0.0265122313494689
0.07427133719680715
0.04994633232963773
0.22729236678003803
0.1144632334852797
0.0765571772665198
0.04181696109161056
0.045698759473576676
0.05706374323457626
0.14529105472654302
0.05321617492937345
0.04348845275863346
0.07687626005036612
0.040945779023938825
0.09958078027667476
0.043612563998295474
0.06733979884464866
0.15963254052469408
0.05991305078809558
0.08425240356064727
0.04130863764563027
0.035592497146191886
0.06037357148760716
0.073995398682467
0.056073765255217636
0.04746645244399523
0.06724875644504306
0.060930867289516126
0.07267261617472279
0.09974427177089229
0.029828480858191436
0.03372488843460716
0.0664335838157314
0.06556184387107263
0.11065291952975885
0.05587639331873836
0.0761622086190489
0.08081105888999575
0.0666787345049846
0.05300049589497465
0.03720518307796458
0.08141105265590443
0.08690146694477849
0.06854489968943636
0.04095645152344119
0.06316750579443106
0.03740478012472535
0.07323528654677917
0.1717917313187646
0.05345772841541292
0.017421789264239283
0.04571311271158884
0.05694599239555547
0.05980415612960495
0.0267932612370595
0.06518858665137539
0.05359369574191667
0.06456231263586969
0.10356453108814705
0.07055784913827481
0.04988387769986405
0.0860659126235258
0.0965765119117646
0.04938540270216787
0.0422797156120062
0.09354164288266738
0.06257559490310992
0.05053275524939781
0.1900418528649811
0.06155658439486062
0.13632038976547292
0.06425589042353254
0.08624331121927056
0.05047592985436796
0.03300310474783555
0.06362253681798426
0.09247834568097407
0.06952470399986496
0.05275966868195213
0.06543529327597611
0.0674321309421721
0.040262097524404634
0.13553956388097238
0.05774991730120225
0.04589787452716413
0.07539340193223984
0.04992278293719619
0.05368492912310064
0.16261736966146884
0.04586424988558046
0.0717505386524344
0.07112381284538896
0.15787629263733297
0.05970979251300802
0.05714144887600144
0.04299547738255532
0.08555280201425051
0.18605888898675205
0.026205860670602873
0.0541337760157194
0.10844811329148
0.08460490675415835
0.05520123109108151
0.0971397948219086
0.04548161304850306
0.10347694280308453
0.03363628031030641
0.052861535257587335
0.05801430444633975
0.058789722634388246
0.2730582176577101
0.0556988208702706
0.04339542859364566
0.06472184427600612
0.05024610633332682
0.033052769193324026
0.06298739874779896
0.03068467883667619
0.029543440318622015
0.07872051065000338
0.054828631858721645
0.030756286536792486
0.08626754800563094
0.0660747825853277
0.041923780202771266
0.033869610423358065
0.06076086101531185
0.06172802722454541
0.0970527578722575
0.12308006475116957
0.047468022389987756
0.10806371975878899
0.09072971889735484
0.02811202900095
0.040424568948896226
0.06654589946187958
0.03913227227301622
0.059222665365798184
0.08568733050818879
0.050666064563411675
0.05032318619929563
0.07690156440716275
0.051703884519632516
0.05580074370002621
0.10276653697106095
0.07329778885997917
0.05439973599355571
0.04514795969957584
0.06712576851465231
0.10677534479899005
0.06302980371456354
0.08355085250110338
0.0511405763099543
0.04975846023249458
0.02461629090318637
0.04949860747825062
0.07754917321090797
0.04262774304350263
0.09631794567982344
0.04203052503385771
0.06189224680016472
0.05357353524822403
0.04682548516549896
0.09122977498218957
0.08137827491709122
0.06161014166367368
0.04214267941064491
0.06922351699984848
0.07335186184839222
0.11642775264936141
0.11374270273809163
0.13986265209318416
0.03214746077170654
0.07579722528172003
0.10275085723630291
0.05198647451813024
0.03262969149750557
0.08105467454951742
0.0997479806765803
0.08528847767671711
0.05997146557039304
0.04962233288753078
0.06117569706034489
0.05890000452984667
0.07688008663776048
0.055279895160699886
0.04839340380932152
0.06199833029759843
0.037806804901126645
0.08119091530614293
0.09678704970884212
0.14247899179783463
0.0457512956725791
0.0863712824220485
0.06353375607924423
0.07205179032914105
0.0822748095978481
0.18780622834961552
0.061718985295458564
