0.12614593314345726
0.22961145521457507
0.16433858890451367
0.19793813972210747
0.22351836631759112
0.1944175958467292
0.21251751958184498
0.1520236007859711
0.1736446096846476
0.17141347914999416
0.1603541069355285
0.13395735575641937
0.2046914119429
0.18621050826673388
0.18355540162798425
0.16414351420204296
0.19315924488769626
0.19633471358357157
0.22921320848180282
0.21875273916213678
0.17030139159752752
0.20875796904127564
0.1684677768671233
0.16570591982281505
0.21374209230737837
0.16341225492643327
0.2002612916919515
0.11164979958772034
0.31954706487782714
0.15049923553731423
0.2321650055477174
0.24016426489512305
0.18803820120716816
0.16121094453772006
0.21378401781032064
0.2995661999188711
0.23636887765222026
0.12719846807882956
0.21317781445177933
0.15368250369038777
0.20278431761582788
0.20592889952020058
0.12477371161471035
0.208321785724915
0.2952669822398036
0.1696721638237033
0.16622584062284243
0.05709800186219975
0.18957680908377192
0.14098583699859762
0.143776013022811
0.24340135681987785
0.19030272723216143
0.1462298549190641
0.21309264175454232
0.11375314138674475
0.21133783136699677
0.18669514946604768
0.20968897160841618
0.18229255191163668
0.1521934700107402
0.3173038850487387
0.1683722144426169
0.1270052058797167
0.18352352071007713
0.23801681950774878
0.20476073663726482
0.1540922153049699
0.18347315652074275
0.13765317767014493
0.16648825156060001
0.2706765884442863
0.20808954699482504
0.21985784543033893
0.15571898775738852
0.11358267030853021
0.13823395623045331
0.19977530556249037
0.1965946659256294
0.13637851717744306
0.2179928111639192
0.1737927287251221
0.11103761484429084
0.1482261053896244
0.07125122393233427
0.1565661346073599
0.13193169216616907
0.33670159716217307
0.24726176418148907
0.24920467496443763
0.1468025425043325
0.2252906200906516
0.22961206960291272
0.21298162389077083
0.1958930374338645
0.16908618710394008
0.3086645591355433
0.2056068147322443
0.16938854387755967
0.18176858558852413
0.19419414348204758
0.23730505059768264
0.1343701177300024
0.21243549387584532
0.20148211166998953
0.2282907434496238
0.172947075197757
0.21050866019865722
0.19467954408834282
0.15291883666419176
0.2217551346495202
0.18347209275535775
0.11042115223883109
0.24101674550232033
0.33373548483038595
0.19403408372671516
0.2244502372143962
0.1411482797696085
0.1795100710829211
0.17058051761912332
0.19507403027220852
0.22628694545230377
0.14762146428601727
0.24638696392211862
0.10977708328639221
0.19658455181210557
0.19194355547374942
0.2232411552561334
0.23591698470678307
0.20989355365271867
0.19950980614465802
0.21612776482556995
0.17788622172354931
0.16206493621142437
0.2218080633096981
0.19355586790358284
0.19788514257559034
0.2463408757933348
0.18947084013003768
0.18304616653259118
0.4207365853764703
0.1669547125624855
0.11581402451753071
0.19988219401100163
0.26649817400841447
0.19714984823993195
0.26186808170478676
0.1341155758216128
0.22315289984227069
0.24075013872855075
0.20757447365177997
0.22197424028694454
0.17776300702139228
0.17092185973840318
0.15495330711483937
0.20148558723851687
0.25333149096229346
0.06506302653923247
0.1596651560608234
0.24038925771696668
0.2469220274918887
0.2006124037835734
0.17470284794997956
0.2203613508630802
0.1061834770033677
0.19970361791583965
0.2422771789118217
0.1556514647389019
0.2196053986859306
0.2178749660650673
0.17885086281511484
0.20432162898157474
0.2184346547292939
0.2247334951268798
0.20122018245220544
0.2112868866419111
0.1843152826148727
0.26075916907085567
0.21610949091230833
0.1807991602781021
0.23441703447357176
0.1580463469990119
0.224822699646712
0.17905982128188017
0.19339335983122674
0.14424636769080781
0.2254737270386208
0.17434251585574348
0.2109995824809386
0.15943067270481356
0.1965611645430496
0.13894776921757762
0.21800075359212842
0.151598112623349
0.1425629416789816
0.2187086275967263
0.19600968070695218
0.2823936242187182
0.21037371886237125
0.19333851942876704
0.30609322486860757
0.10735621402425077
0.148032571335495
0.19792037085982167
0.3065442075436415
0.12921100266392874
0.2348890275705232
0.13864893792908495
0.17576717001053
0.20685738781786153
0.18990552918746897
0.15344726099473044
0.2561918244362085
0.4109876221794062
0.20865894183225733
0.1520343053781606
0.22738395887054427
0.2276929195310704
0.2193812931733865
0.16622560538301553
0.11421279024156825
0.1515153503184256
0.0684670250704961
0.2002034571516222
0.1631534048923852
0.28788469235008635
0.15149448139799557
0.2119398071261735
0.19085170468918997
0.27859113238949784
0.1983183082255133
0.18289884361028283
0.15603297069332348
0.16088536225917333
0.2393631170398428
0.20960187714799103
0.15506503800317198
0.23149045165546775
0.20662455139575922
0.21751235493132354
0.188160736373791
0.2317231193141409
0.22763216697720978
0.1855253877564939
0.15540952696728075
0.23006527494130635
0.1597326158628247
0.2800907370525355
0.12362560510952227
0.16838682103473
0.2711437164988641
0.30481950079138265
0.21340623751957769
0.16201870746573538
0.29890039174774413
0.2788818496285893
0.13428832198091767
0.1752413624688029
0.14037865518889153
0.14616959833072762
0.12822628504699168
0.14163976822020655
0.25609511932322937
0.3289931973847895
0.15141290408227534
0.19347291512218692
0.18960471234972334
0.195655622460474
0.19743544720103087
0.21183013985150542
0.19579762339339696
0.22341078075445922
0.22010374452437828
0.25013140189278255
0.24206948654941463
0.17693971547243825
0.21532440515734727
0.17996019263818883
0.17851120898907885
0.23185209541752017
0.16568666110572464
0.2018946369980485
0.1939687825237172
0.12625257752603414
0.2165832388941909
0.19753452605022517
0.15882142875322008
0.16988272916890812
0.06927722665973868
0.1799812420885705
0.23473321510979717
0.19872292820078552
0.16592606869756168
0.20525383321789406
0.14741724367302722
0.1614113958287973
0.22458131739397094
0.17908926347325868
0.25379512086570316
0.2060369402341238
0.17309309922206959
0.1992355562526055
0.17175007052853905
0.2170734267097585
0.1676336373604425
0.14412672318614936
0.13537533094281673
0.13922904143320675
0.19915317540708768
0.20684197268116628
0.2543760615256876
0.23504069737766117
0.18651999157729968
0.08017414610267742
0.13024081601457385
0.24421592262415023
0.21567309058194684
0.16798043245898558
0.18171027232701575
0.23515437013434679
0.2239868448809084
0.18361596362561328
0.2217425906777733
0.12716928189943127
0.29906980456913457
0.18473755328600275
0.18914501146013527
0.1976886845278808
0.27672679719466325
0.20231899150682955
0.12511507009926967
0.1993381656220107
0.18746327820331568
0.19989747070606853
0.09928177217533889
0.1424903717474979
0.24242072273767015
0.1904940830524521
0.24876294108059258
0.2911633396860336
0.16845140136514156
0.21590707952320254
0.23550027631772397
0.19782525994147263
0.14187607372663877
0.174140930126985
0.25624621142618303
0.2105916440603179
0.21757729048758573
0.20757991905226145
0.1414098893198029
0.19722076134008484
0.1288480191849189
0.25063884587861895
0.19068986878056893
0.1363582154864871
0.11401139816760372
0.2459069809720114
0.12342008322226067
0.1855401159065675
0.19634741688326804
0.173422875601428
0.25527566358362447
0.181530496263084
0.11573892716634518
0.1999663817609484
0.18317395262552455
0.26185081158190027
0.18325299547441837
0.17741409094894028
0.20329845338161343
0.18775181576479746
0.2146215026175207
0.16200195028631298
0.23441744642855067
0.19083294037980278
0.21239375417661835
0.26844482049892904
0.22311319986143655
0.2122135712148585
0.14184910251673286
0.20634026699187766
0.222827649517249
0.14193603944270536
0.2769254136498155
0.20137865587083495
0.12136475581357699
0.17556417778018363
0.2266464309641456
0.18717826753070532
0.2278072952828857
0.18402309032356984
0.14434575159768573
0.2237142496903507
0.14560049862802316
0.24503045121349654
0.2108391133093836
0.16224256956417366
0.1265836253594524
0.20656444372670588
0.18120343889884183
0.19724967735445567
0.15069365373996027
0.23840483041563282
0.1423338612924043
0.08568012508838843
0.195749836990498
0.1498818103292997
0.20740500756891458
0.182230562962088
0.15399445830507574
0.22560138108907205
0.17279262939570586
0.1823448218322366
0.1868430537754284
0.21779530922519208
0.18094045920446286
0.13516660495118274
0.1944978122916921
0.18052463586270448
0.19255809572739346
0.2099356360005376
0.2113820368548726
0.2231941965098818
0.15871286387586123
0.18890412834105177
0.1314813383069186
0.20274766489030335
0.10239224883286624
0.17905951136089024
0.36850039661389267
0.18354005020428532
0.16899368902776213
0.33515507250050103
0.2676763948915689
0.19423409046387485
0.17503804859757285
0.28162000598633347
0.23757872801062652
0.16853325737486466
0.24119379316900097
0.19826639078438885
0.17924779427795348
0.1590305905081036
0.2241707064944735
0.14161027040948612
0.2479398211852848
0.19494949564690803
0.17673537570710654
0.14756289720138394
0.14745348411766487
0.1414789517583528
0.16459957414807425
0.19552163487088822
0.27114697594090353
0.19205083068845868
0.18358603347649843
0.20375513004127774
0.12298785282234714
0.16485605118235594
0.24827065207208282
0.18098312733804625
0.22502590598973973
0.10915966519463995
0.20108514373014416
0.21802488563991784
0.19130230715518445
0.28672085011272663
0.30314255486275204
0.2143603937178102
0.2086971186104226
0.23490952770148865
0.17736436097199793
0.19761819204176806
0.17173745271505833
0.18119474063690516
0.18785675077973468
0.23941350228919503
0.16296408266547732
0.3254266344781425
0.19515718420858005
0.09461094915357698
0.19142915074644004
0.316252036389537
0.17675669724157184
0.22095941150850673
0.2090424152523973
0.2083900221541045
0.16752308137862754
0.2397406853591786
0.22437870039646313
0.17528780827937582
0.30252309480743733
0.25138963115300617
0.21260770312072824
0.21051386880844086
0.19645799709865588
0.06382619006691419
0.19535989949526045
0.19544394898538875
0.20961281659627445
0.25040671744763665
0.10767060238376959
0.29926271403573396
0.305838104822314
0.19810939947032422
0.08976185535741915
0.18035669384652053
0.17933205009922676
0.2022803649257279
0.3040534575176765
0.1554673305736824
0.20141078950081243
0.23059625303821635
0.19970886171035082
0.1349733584270687
0.17588031358944917
0.1333210817587365
0.19921936637420365
0.16524732180531573
0.1137858454805056
0.3033991194728623
0.19788568963693645
0.28119769014630613
0.34600472075267585
0.17076665968190347
0.18942676850056797
0.26912576238116986
0.1641658547503599
0.19106502470384532
0.18867118557415125
0.18561272269180035
0.16513690401591244
0.20845074545460227
0.22176478403771052
0.2180153343292019
0.19656433109181815
0.10587494820478797
0.14241123207342404
0.22903172020866958
0.17895066061876547
0.16829786401261576
0.1633720190683737
0.33019354896527664
0.17693700670307516
0.1798658481054601
0.1324828642777256
0.22659386072191176
0.26842243321482495
0.15761784347777924
0.1540003732913892
0.16402118455753445
0.1726970473917942
0.19515213903848358
0.20175677701702896
0.1921995598971414
0.18383643294259844
0.32516881561380984
0.2124032770903685
0.23308072983760647
0.17914736082459964
0.18008840954927638
0.2236053088691322
0.20549097610360376
0.15458764018455828
0.23784369604354957
0.07234589433018766
0.1723142337317441
0.056618505236439555
0.22279924158678532
0.15756931215043501
0.1824387661569073
0.1558913165743932
0.1989256850195905
0.09195551973420406
0.22381037757977598
0.19782312093439353
0.28958837578167673
0.21584412067647185
0.14877938409408878
0.20275273640494315
0.18578499254884764
0.17613074891157812
0.17207137533835604
0.2132880045176818
0.319453728370719
0.2471167956502826
0.2698252029438367
0.13707269654529983
0.20255023085886797
0.22089924998431584
0.1986352445482667
0.16592527530923326
0.32896182849031547
0.15887942971585728
0.10667405874703606
0.33886076585747904
0.11292702246256495
0.20539742516862258
0.17486613986092045
0.2471785675156283
0.19634709397615488
0.23041250073118325
0.19064213430361784
0.19599168237816272
0.35209475597500783
0.21370909032046462
0.1934510202442664
0.1798431521389986
0.14856234004754587
0.1904216138074797
0.20983921028812763
0.2401110207135114
0.17465005016459362
0.21163629149531343
0.1819863031921435
0.16079475245832436
0.227989515342246
0.07959725976735327
0.18329238063517828
0.2701905500073927
0.15450477963856338
0.14376738436817948
0.22330377257097764
0.1928852371792887
0.20063665283505588
0.203696223347653
0.2270328999739129
0.17741409097387167
0.18463702055168657
0.21835338902693946
0.20869127122330572
0.28501715648801657
0.18262728440656256
0.27581846083233763
0.19586460330725916
0.17139942118046886
0.20767766661043685
0.21039273732238092
0.18985296618223843
0.17424893339221106
0.17628271665167478
0.17753508940614654
0.21341852100937805
0.2013255673852698
0.15049822730277657
0.258779751164462
0.2407841932511295
0.10433065286651266
0.09964335480689801
0.18527812202326185
0.15361330921632277
0.20383722471927335
0.4047718370519723
0.16082400980026967
0.2562769379746208
0.20637121642521086
0.14867993098438084
0.1814935269852047
0.24375314184751987
0.20416864912520916
0.15643717070359778
0.11106825379814055
0.20374006258179994
0.2051413077383347
0.20260483080909542
0.18776374535363372
0.17742699723923935
0.19106344844389467
0.1709708857179995
0.1880700061742658
0.20188192216812037
0.3316146755844021
0.18440352509365332
0.18007005649954028
0.06962604448280554
0.17226633243272918
0.1493102084449462
0.1602153981947072
0.146719680303263
0.1606160153262423
0.23669417464693515
0.2734097240936817
0.1055357698546942
0.12166475649135422
0.21380078822850737
0.19615867581064841
0.22610328673124155
0.13320276922771718
0.1300334249865373
0.21944673396546327
0.1953603532016299
0.21566456826873448
0.21284729222275914
0.1823756308437696
0.15636909586504075
0.16162579291296925
0.1849394941528172
0.25938463712117826
0.22375625915325284
0.21318872101641595
0.18567099391135033
0.10981941711437407
0.273709508815505
0.16515543447211087
0.1392776655204584
0.12565250629604516
0.22957511386121945
0.21347013948919044
0.1603169431240572
0.21370711852089797
0.17536728813210176
0.2575679503159523
0.28403281652900225
0.1713884449098592
0.18456185389848626
0.14099327602626824
0.2894024215721533
0.21607837795545468
0.22565117170000734
0.15713077767130315
0.19748108811489146
0.21288182645735113
0.147987390021262
0.20262181687043018
0.1796560701690329
0.23002084200761583
0.22775253013250252
0.20496128567806876
0.223775648191386
0.15480931182031116
0.37836511956199864
0.2535674244768957
0.2958135937537715
0.21375622251985246
0.17824298948473147
0.16699530034942664
0.20183281098160766
0.20751738312297463
0.18467452360849576
0.3044135257470173
0.14290658559583455
0.13875728323796407
0.2355456176378633
0.14860047149110261
0.1632074381428596
0.14072784880364153
0.2471914679717228
0.19524353461916047
0.20363287874317323
0.2160594866606083
0.2016341587435932
0.18341461031993828
0.28310070142495347
0.1575856472307547
0.16715565073894792
0.15573907193232897
0.22134847654766313
0.20286176568871492
0.25152940746544367
0.1877250024413702
0.207203767409401
0.21498315473620588
0.19097389757318686
0.1922117588434355
0.1594404477438311
0.16140228564000422
0.19797294242757896
0.21728050658018944
0.21478936921669725
0.15270009704513568
0.22708499028177007
0.21722365969774293
0.21066907022398335
0.13255185954914345
0.19391632626683789
0.19415564670710936
0.18898848083955602
0.2873674094517286
0.15281118396468266
0.18173415066582155
0.20776734658224608
0.2715925965846691
0.2617754889595417
0.13049532725946458
0.21969966700945998
0.1444206186606496
0.19698371969577452
0.20983409287729346
0.1263850583868892
0.17170365482620392
0.2586808548052645
0.17231279582709907
0.14461870987594927
0.1714089176183596
0.23117789573124514
0.16031945351877772
0.19010528318345934
0.26180956951336354
0.16244242388744803
0.18451313867389854
0.22100266353564876
0.24561685059005897
0.22194543837441627
0.15911245225461643
0.2973812562742139
0.3554267999251989
0.19310101204715444
0.20754322849777113
0.2125503972593564
0.2991474977219102
0.17466800306944416
0.18485541074829492
0.3469040162806792
0.23736687159961223
0.20462346971994
0.2036099404268401
0.22898205504864674
0.15023154238169592
0.21067092188330497
0.17736309016549218
0.20329216770296146
0.17634720534737058
0.148025958496868
0.14579977903148206
0.25541141274881934
0.23984234640764196
0.2022716761705933
0.20879508891782156
0.19335957852698316
0.1672788145551394
0.19847959970365026
0.1525514051595673
0.20219322486139238
0.16138634598624782
0.13111782450374315
0.23929718564125674
0.2473876769408541
0.15575699922085434
0.11684143512462283
0.18086055484097582
0.20293752636256868
0.2033936805402129
0.19517620428751772
0.1349013889642279
0.1459313800429141
0.13613027908470957
0.2185796617452805
0.19530139235557198
0.2116898402203107
0.20194957935594207
0.1829751006283415
0.22285292180136218
0.14043809364751328
0.22909813026276646
0.1609145349361381
0.10860046230891192
0.1250401278325273
0.18468971625081207
0.2132732229189212
0.18138275488808922
0.2833713020657063
0.14243229891664427
0.19673081167272988
0.19676054660381295
0.2006509185678538
0.20916958560951235
0.19351426132928884
0.2060372116899108
0.14867637712285367
0.12493931682091057
0.23350465714111893
0.24553892683564232
0.24949435471591994
0.19852282327254556
0.2421322837508724
0.21930024455509967
0.175498824903133
0.2036329113081365
0.1656750889684987
0.325149895159316
0.09296439041995272
0.20782033017949378
0.21388353051467068
0.22243414210907048
0.24010401892095204
0.19041088538352308
0.1495685865219186
0.23234652605666767
0.19696413754999742
0.23177440132336594
0.19627052704416528
0.13627416474725756
0.18931554246650353
0.1582458268954552
0.07044282538809041
0.17901120980246116
0.16079494285444762
0.16426943832298072
0.22255688367850737
0.16806318490707217
0.18089317521589812
0.19692634561097128
0.12752340931220454
0.19962509454210287
0.23365047342616618
0.1869950922810888
0.2622535101818696
0.1434484151170583
0.10653989962419777
0.18762455085257201
0.15190704377238795
0.2254039350818264
0.18518909475535641
0.16445684628459847
0.20285525205895183
0.18993914279874966
0.18180120316531487
0.1312615306940123
0.23363171150779005
0.3806860140874404
0.2563597917751945
0.1865940106043367
0.18930927460666508
0.30574502651094004
0.15244812731687116
0.1995746328747766
0.325524544709791
0.14970199185215227
0.20439766556613628
0.20672473966282445
0.13596217601107774
0.17377481282626817
0.23099637708487716
0.191951783398391
0.18201299117666925
0.05048191251374296
0.19639202106421802
0.20477993236613665
0.20823109739659365
0.23646336115049127
0.2053791766236078
0.2739360351565568
0.1575346258877939
0.32170907499020757
0.1944940376568757
0.19298236090929466
0.14997796463927707
0.1387431348920172
0.23345400883140935
0.17052965230790346
0.1629988249685578
0.16553233144787222
0.13303111893108632
0.2673385143295606
0.23166010062249598
0.29952223945668166
0.26834180342675656
0.10856037495207906
0.1837986774379227
0.1978772128777937
0.1953439658730102
0.20942669823643353
0.21560436908950137
0.359054591393532
0.27641269670255536
0.11011960055287973
0.1971056103064367
0.16680531133315626
0.17301154798260748
0.15435308275481435
0.20627304486301107
0.2095910502493738
0.17762495622475774
0.24587563560177306
0.22452994883198524
0.17599272476771594
0.18924252399186034
0.1089882139320148
0.19765159480422592
0.3031569498539785
0.14678952033915318
0.20941353974194585
0.31814148673903186
0.19027718981189745
0.20068929114288614
0.21002056440734349
0.19427825524396025
0.31735925593550984
0.21234483066807705
0.21692368715019392
0.2121397839232639
0.14496397564773786
0.1287205880987152
0.14439673724734664
0.2635413901829423
0.14217912109974795
0.22775622747178664
0.166691551565768
0.184013174156005
