0.3691147150366967
0.2752083963015341
0.2684276082217275
0.1559522483862434
0.3990463977586748
0.48832762530041923
0.3162990579685609
0.20971559763163125
0.12542818019203922
0.07831689671055257
0.19042446565354743
0.12405493708407579
0.3575476004778582
0.3575971892768333
0.35886885886726266
0.309224694329427
0.32605392579798564
0.2602592343989974
0.20515926829925382
0.23806102024019044
0.3263857767561626
0.31434045153168516
0.36463712740412885
0.32521909879216937
0.2439679679548343
0.29321286632331006
0.1940700941405242
0.21363212723299385
0.08250737038115438
0.2982920049476359
0.10679026874073312
0.05457248187588115
0.27997264237653746
0.14642426305551057
0.17844900332994937
0.11161451362672974
0.26975848791804946
0.19382236417964416
0.5010543420024828
0.22500978453082793
0.34201098895987
0.2748502994088196
0.1845241378428999
0.05590369087532371
0.2521913892389612
0.18357756794743546
0.08670544365745257
0.24930434713217423
0.23227514768777272
0.15468627307605018
0.13666063624534994
0.3756611531092045
0.30220260283040545
0.22410402491943346
0.1800046954383354
0.10889939372310628
0.24879550123038793
0.310076906787705
0.10591242082747139
0.20659009003008963
0.18658193486330232
0.37739063350683766
0.2943222477512865
0.08886656706883281
0.2533884643797667
0.14208097640385264
0.2213579580572634
0.36432492683609113
0.22678700954736003
0.17990681854867835
0.32382236132269887
0.20004099734503564
0.1061051084048008
0.17914004548230197
0.23387993004573382
0.2650108059212186
0.41189540444953465
0.1771093257933841
0.08844265526312306
0.25260636709680473
0.029156085597519175
0.2548626854874226
0.2505004428323024
0.37286563873552403
0.24591076004805545
0.11493835038918736
0.26592017439123455
0.14792045746415217
0.20590957232836357
0.07259023938731275
0.09083844865509498
0.533279599015481
0.2559883170462927
0.2604666826090426
0.23828388046819404
0.2025474862119143
0.11834704083473442
0.5386983559307754
0.3576447208487343
0.27459978502761867
0.24728697760138238
0.2215517428384099
0.1555967910983417
0.34132800630153154
0.283817704424312
0.2691568285040109
0.06431382482964201
0.06719097751151755
0.44461024710503033
0.2747589495362025
0.07367465105263225
0.038447548192759036
0.17971400133336382
0.18663451657725116
0.3228077433985685
0.31501024256031396
0.03802003745885984
0.2879665181530647
0.28225109338964405
0.2822988803833593
0.23630873929936191
0.27715703984353474
0.15452050794050742
0.16940355799381723
0.06751450780902313
0.1803633476159758
0.10473533477076925
0.19652496555403764
0.15044007905121679
0.3784649931077832
0.23084712400595103
0.12764348316430588
0.2951192815461514
0.2807673478724548
0.15253673987998048
0.17980446484168472
0.336411034187325
0.22011514578866337
0.28501936180446
0.292947799374875
0.3088003473804181
0.07677516534063672
0.425281284767834
0.2453130437603755
0.11972111303462561
0.2855435225233847
0.26533003497920193
0.19286906596304632
0.30569618734430654
0.18514451667570303
0.2152581681917093
0.27319568663968996
0.21216272267038513
0.3422085502999299
0.29064172347682526
0.40329558673715
0.2712677321970706
0.2564225314207439
0.3176900153043968
0.2870659177339374
0.06587373793689938
0.13361929644419296
0.2500319400511009
0.2990493929548609
0.25036637222644764
0.23440690969510997
0.21849649072579516
0.2305903618874864
0.07889197875755016
0.25568720172184534
0.13642307120613695
0.5383657178029426
0.07836763450820178
0.13963555061928543
0.3774018122223529
0.24712246749661573
0.19341756455812298
0.2878895767206354
0.40176521736043047
0.1997996727644371
0.3946324794195662
0.13629217238686678
0.10014835121175479
0.2570598619020083
0.27289091957781647
0.15995418548010282
0.3764360810413536
0.25813728610236375
0.26494840456587476
0.32482385484297754
0.38458336931159276
0.10520712710619769
0.18661061547184463
0.2691234552099982
0.07403468645597844
0.223640487373659
0.40914820075857516
0.21034460043805817
0.21717920843904592
0.2276814569733144
0.2597631429526613
0.27961442032507783
0.2475238165523521
0.022142521405487347
0.21664071711148886
0.3480194961724835
0.08667012411516119
0.33949368885045494
0.2540491842363722
0.3016668363363879
0.3662699959903491
0.21517685237306872
0.25524383200647166
0.3588161410988327
0.32231716866714044
0.18630860993840778
0.22576587860355846
0.18300348047679998
0.2754855873516571
0.30208699783537085
0.1310437771154556
0.11877574580005754
0.4034689629424858
0.13557484523651622
0.31918013894689373
0.239662269898332
0.13056338147166208
0.25296949865952306
0.28466949584009066
0.4468098873909778
0.2837100104967171
0.3432804632673152
0.07050121999482076
0.09220435329757017
0.17013919321420018
0.26029927039857964
0.1961084072011922
0.3066034711791904
0.2388813286307704
0.38071644849122555
0.2359265326815897
0.10934736742850587
0.20722895759405643
0.4161779336994132
0.339518297844291
0.2593660119769902
0.2839630525558194
0.1457108067817424
0.24955510239936465
0.11437331690001759
0.31010646753468435
0.3494095831514302
0.323388887566438
0.46254556200303776
0.31430550972419813
0.24164195660408933
0.09434151724683404
0.2667571355476592
0.3030976060971882
0.08450135600292379
0.29957705096848714
0.2213053058124398
0.421549622230893
0.2582132078887765
0.19203341546022298
0.12120214707796372
0.21843361367028416
0.13055342252797006
0.16516464927112448
0.10885196864500943
0.38078953053009346
0.33369892842943216
0.13527020848764582
0.33487151355512706
0.3738506303710727
0.17359952602733827
0.2138291897820247
0.1599814503685857
0.3024906887031306
0.27456785023911573
0.4207728611901765
0.3736766386325994
0.23268489477216775
0.06101380948644632
0.2479031642932693
0.3160522633346511
0.20389482531320688
0.23365129630126116
0.25431224276349396
0.18567522138301198
0.30593645097650407
0.04408001412772194
0.1821246274606861
0.38452008064963433
0.2136344888812976
0.30157161538891797
0.10769340053301144
0.29438425899148474
0.30512724803374164
0.24124383418948106
0.3961584306673554
0.14115473158959282
0.22029357781413184
0.1663692399012891
0.06756947347250886
0.1529240019238202
0.35611996412040964
0.317488760143511
0.21242054687360967
0.5767911577496174
0.11060039000383438
0.4092606204078333
0.18470253126139713
0.30401955919228635
0.35123255073432347
0.18368377165122102
0.4402106176470935
0.379718870483786
0.214349027634607
0.09025085072195342
0.07125775176842278
0.22368260268693965
0.2933177556161144
0.21550050175116803
0.2010444238349338
0.4678635688442796
0.046266531384514815
0.10562176941131828
0.15494870482804793
0.103268017471835
0.20499034332591484
0.4450886182047035
0.3086681944354479
0.05575043794027604
0.20254016230059993
0.3304414012728721
0.04540204358060447
0.2712097962866615
0.2440085646311242
0.13323921066832994
0.06513379728520144
0.2048982299693211
0.17469329168920392
0.3075150455001335
0.054522625994692535
0.4867582259803158
0.2250583183643345
0.3323912290850446
0.12280680569681326
0.26621079483578053
0.08883521245174968
0.24798248665005734
0.20418299842707105
0.16158084733754519
0.06856615721744838
0.16495651217734353
0.06178970738533469
0.2809450126740735
0.17799710061092738
0.15449996789531253
0.18952686949869968
0.08687266267056071
0.1367552941922573
0.18539212364233854
0.25381774855509237
0.24974327020404136
0.20483832156280957
0.3760141799539155
0.22906422494077516
0.2481072182752418
0.2990750205339871
0.30938297948267224
0.08293366701805045
0.11170824276076245
0.13778149213467464
0.2671454281100099
0.20784744581676778
0.3120254320802456
0.3068042832178222
0.30241106204858326
0.236657846764789
0.32377564450811575
0.17869704237699524
0.2542127680369509
0.3684542709015215
0.39626834143524586
0.42105122591918254
0.0649107357461444
0.1718715638913635
0.16303662267434005
0.4505778873574272
0.3517325913011346
0.13595369906768817
0.2845270857474153
0.2825874291246161
0.23597730260533287
0.4180266976734138
0.19960673615345925
0.38685649794852367
0.2945525854244796
0.29625450989176993
0.28868362693874555
0.4001957489770721
0.23570015589962418
0.20059008214203122
0.0498327567038184
0.11148810241468218
0.33741509399257086
0.1468042495003727
0.16479014011808685
0.46931214419251177
0.29884364497628235
0.09134512565724962
0.32112324758206356
0.11527358414946379
0.25043118932964
0.2803779040495997
0.2544050685235379
0.3270675449154969
0.09500920102459265
0.29981562565435954
0.258117572456763
0.08088658856061112
0.3632193568295589
0.26815916388508015
0.15697666648155462
0.10647236019340976
0.2947658725604648
0.21378727720287974
0.2939496384579986
0.25123365183482366
0.2260489397136036
0.14957238964202813
0.2619621718034021
0.06461764926507955
0.38028440660688617
0.27949285822238745
0.2789623338775127
0.2075970777697845
0.10635783488399175
0.3268119013043572
0.04445885133165507
0.22104673102672218
0.12144933262978988
0.36891548593132645
0.20550336971634575
0.251337514492918
0.0652922536084536
0.21021756528691207
0.42683926647981185
0.20124385028064626
0.38926811444275855
0.29000771865453023
0.08011918822254788
0.223410403348894
0.3534844176734335
0.32784486353006875
0.2833587559716104
0.293191355710667
0.4808881803881848
0.15566727254371485
0.10487023897733116
0.14116663376242583
0.1908531933428596
0.2999298944393638
0.24187820971990273
0.2924788485815628
0.4745393386397683
0.13678775252917216
0.15848480222672215
0.30290193229382956
0.2658092997191495
0.07523588755029807
0.20822652234788144
0.3959789750876174
0.09619458854872269
0.20542622466863614
0.22910490381963347
0.24785961123092182
0.3384239677577667
0.2806866050073892
0.2072398532151309
0.07284547717914636
0.3187649627120275
0.08640195384553429
0.2723076952286269
0.3235642123563415
0.2275382245913961
0.3069077713167394
0.2550302974978445
0.18466944981967853
0.23170534302917686
0.24047324009860221
0.2341333781825317
0.26602276560421073
0.33708102295150516
0.1882337870184565
0.1214908198809731
0.19663889473867413
0.2339854211582893
0.3398429970776192
0.26116127881387363
0.21589327432867553
0.04202573750384724
0.13515977664978107
0.11960238886670488
0.3809753612972153
0.13168369477582803
0.1448677124508993
0.28801792810209326
0.19384504093157826
0.27411161517014637
0.2636254744485248
0.4307491687721863
0.23690119194439352
0.37055635423891065
0.16338717407610495
0.3209430795753019
0.2887598636021561
0.4374914242635767
0.19615799488733476
0.21981795069226043
0.31822486665526656
0.24847288847964757
0.29187139040146803
0.08956884412606893
0.33384134827089523
0.2957497526529112
0.1787092597147338
0.30799727539843075
0.3486852917858476
0.09469527541693665
0.24366932501335048
0.16633950898792133
0.25802101262181765
0.34160739039657984
0.11502007174810108
0.2284411053905244
0.1921535991814433
0.16894725253891524
0.06241653129881219
0.2371762003250104
0.3234784525059572
0.3211565759912897
0.27531593775117713
0.27125072205490974
0.2300050636756086
0.22263038922805442
0.305364095040108
0.16899084176917198
0.4223753786281666
0.39596867732056185
0.13904528627415602
0.24084191480170136
0.07728639663722857
0.08545746974450134
0.36407338247321364
0.4080967622046778
0.1281498673514229
0.3302431321613323
0.22331886563590458
0.25354148128853565
0.26198132677018315
0.24545651479263333
0.08502126542399795
0.14858241693878715
0.08977833231052541
0.48453275926834255
0.09005357019395749
0.3075474890840821
0.16707202663509013
0.13110872157629086
0.11224560727229098
0.20664221203776717
0.3932267510122432
0.372172781037579
0.22415699914992834
0.07167088188207689
0.11543147062619874
0.40450838726035176
0.08453803914396903
0.5623568601132278
0.18759073818645589
0.239185375861424
0.11806581908485037
0.2453959794382118
0.16109613217980862
0.31851469991911585
0.40132987391746844
0.20667590512611328
0.22794949631890932
0.26875854931128734
0.2812936066662673
0.3708135354452785
0.20579877213106237
0.38112623068384816
0.22709245374204662
0.15386324061659762
0.18711645677852928
0.2947425906857005
0.3016057842531565
0.2949335380081872
0.25807331900148456
0.2689458399745125
0.27336530763537975
0.060343698951444084
0.28818403875585746
0.292286455716632
0.27685896034031826
0.20435962200126626
0.3337557909376343
0.3022346464670156
0.06494412605160851
0.3609150896392604
0.2762892979196587
0.33058878783835044
0.15968582278286106
0.26397443080441607
0.3223515266632433
0.4675254088687318
0.10833157011181198
0.23111596233056902
0.10869697568184841
0.07938852779102644
0.31589498657410237
0.07859681886556225
0.3431906394318109
0.08561455160707047
0.19153463982420216
0.058063853020751836
0.3261650785460325
0.2590165907697971
0.19265543850983952
0.16685340450376684
0.3192409458680263
0.19390883280889848
0.2847430396456024
0.05249307385696193
0.16020351468589383
0.1787949289332126
0.23677806834905396
0.2556279959016624
0.027513460203060534
0.33698670803935743
0.2596733587486576
0.23527644027334602
0.22368370345016714
0.21011029861895483
0.20561295084370262
0.18147359602628665
0.22283052391979163
0.2853913883724662
0.37286808280310524
0.24777315672691863
0.09589335903598908
0.06699804626224015
0.27243120576536806
0.1970947848934704
0.22437963381980436
0.3432426160998624
0.15265997934085485
0.3602152922181021
0.32296327997702134
0.07452246389978516
0.13020960736587692
0.34111485993260926
0.31223249581998663
0.24234848333185693
0.3005905850462869
0.209968596787292
0.4300319779415848
0.203218845760541
0.18429560226360292
0.27520368301090153
0.09153409150540334
0.3746623488837819
0.3032942756139496
0.16024837711993595
0.09206290630187457
0.13858331685433617
0.430004530390204
0.01843044904471347
0.25186408108872976
0.2559746651798186
0.1389005253804788
0.2740425320366498
0.37025352708348924
0.08077545579276536
0.2675597199997465
0.33520416083210625
0.33365282992064443
0.20053777553919838
0.3439937396254041
0.31152132301331636
0.39326914324213025
0.23213419680605876
0.23088872502381408
0.41388392978101557
0.3439553781553724
0.35317895501073354
0.1071914678793044
0.39073264996184515
0.18171689205292732
0.27842377046581224
0.07753046042472876
0.1851084480303115
0.13008943543760876
0.4067249734898441
0.2775814208909662
0.17300501481131456
0.1465734289552453
0.3539927412398862
0.14754640914469813
0.46659546255807466
0.22968652473377668
0.19516236122772157
0.1814722252270398
0.1548335843424857
0.22487687326268221
0.07593339096596521
0.4411796011093678
0.5674480218415934
0.22718211313508901
0.2547429374065166
0.2984556809434819
0.08569625457442491
0.3755145821661864
0.1488735826316883
0.31558710960976827
0.33089855079918146
0.25198364764423
0.23905239664762845
0.24541910016386217
0.25219738952650766
0.3107925152294302
0.19565257505318642
0.38656523543156357
0.08689705009891638
0.3299969686351019
0.4729284615697528
0.3119886737378796
0.5468429286434034
0.21922895354028188
0.18772607358259097
0.1815111080754252
0.06819178818391487
0.17945024744262744
0.17193370799040208
0.38232734465701973
0.22666260530787838
0.19741063236318424
0.3211275347380422
0.07896937889349137
0.4743697977096303
0.18588655847019858
0.20403536822702156
0.24598109523251563
0.3435673257632378
0.19900449954767896
0.2522648511254068
0.22695741606752726
0.27586946575014737
0.38233716374966675
0.09232484187824133
0.2463217238599862
0.13034263537143814
0.2242370647432827
0.1999960083820654
0.23177322250779597
0.05981046247596021
0.2773886986217569
0.31646610138769093
0.2194020305622709
0.14964063428557509
0.3057156304822356
0.2516760086123384
0.22174354377390276
0.08256904976560572
0.14587901093989472
0.24997008780275004
0.1857356089487433
0.4531858767075244
0.21846444888226862
0.3106620140161527
0.3192008342376159
0.2490797341221667
0.21845930959031465
0.19033847868651554
0.23611712492152503
0.07245949056605984
0.3825543211933149
0.2921262642050947
0.2560413807186263
0.32862984180083815
0.3151760275308185
0.283242913941054
0.21253281903781118
0.2298445840651213
0.2876396341614769
0.3256786961608546
0.2510478910501295
0.037645585118638046
0.33948911399131604
0.3249746220977099
0.24457469932301099
0.17153816246836892
0.23501589466032152
0.23135879171172674
0.3374127275444012
0.10945446948217419
0.3440920304719931
0.07680492819979194
0.14465611988222507
0.45891964839449145
0.1404993651882412
0.40849463864877217
0.36024105922407407
0.2949604600172836
0.26216938824063557
0.1511728056229439
0.18511710101816747
0.06846961312902654
0.36381104634064704
0.31989737200573426
0.15496623754020422
0.4769648055697455
0.3469264885684956
0.4041706551585494
0.03624607656338259
0.3176944250895293
0.20282207634813357
0.3410660944823514
0.23361597612855395
0.31528365118532825
0.0771064404839425
0.4001680703584334
0.2462533035691469
0.1600361798252783
0.3000908396985246
0.3750008502595139
0.44638333045298806
0.22149983139101606
0.3190713489254
0.0943244455654469
0.2807719157296323
0.05172796300106975
0.3488197255661022
0.2651063568231923
0.03810186996281347
0.4247341802733764
0.10038123206770627
0.30387752032285476
0.4904259317935722
0.16023777074610082
0.10917960835519515
0.17818265610873976
0.29863393758294315
0.165990370167832
0.09009988302365908
0.38675332040435556
0.20026080551318015
0.24986275089560203
0.2611534008163346
0.2669946595374388
0.32050798275080566
0.12275041970862659
0.23223021084174428
0.06215445464539723
0.2508974618688248
0.24456053608530529
0.177453887372058
0.1256851329439286
0.3871080528120653
0.20904675968148262
0.19292207659688185
0.10361575667540213
0.335401336969537
0.10221928402010166
0.21274737529820129
0.23544991641690868
0.1840389110059139
0.23465957631890302
0.3203482098504068
0.27020971283163214
0.23115159992433576
0.3185957693313306
0.24102029183062187
0.4076251555256855
0.2578484750424738
0.35509724366462203
0.25418506534810176
0.2096350670618932
0.22446495160054822
0.05154825367861456
0.3221801713854387
0.3880867263857886
0.25506694891203385
0.2898013018076205
0.2578214328373
0.20778317969631246
0.2485335413596272
0.2984212418926553
0.25866107961739193
0.3651261036484549
0.42071092426129336
0.14383497397719616
0.2521847628801019
0.3881117564471227
0.35428505471182287
0.4226799249798366
0.3702208499958375
0.34140384826229375
0.2000845798385083
0.05621278186069645
0.07864250228356813
0.2754842324741506
0.2919147515634126
0.23022068253774608
0.015790975945089044
0.38057776394730647
0.24039393605827047
0.28666894556770967
0.32348084129276405
0.042343327437418504
0.21492801525527558
0.17202607838181053
0.5274363933361023
0.4310016109575573
0.36697648949119904
0.2722136692731987
0.18051188656471276
0.19517382958042964
0.26606031173311545
0.4996083177792768
0.19473966784697785
0.32194557334307145
0.3700760587305281
0.3181269705385761
0.4035135331009525
0.017504401389238557
0.3471586509668011
0.31831317015861793
0.11766917697780044
0.1891278341027551
0.08406105414573667
0.4918866613729718
0.35536484842396693
0.08703935008490458
0.1636777847478467
0.24744400292818905
0.3292922432012364
0.14977824189960973
0.16776766029964052
0.4193132682314982
0.2448795483870917
0.2544413394178782
0.21267999130861917
0.25921457984364144
0.32960922355680183
0.16129562730157007
0.07759658195239025
0.12012630645306768
0.2814389801055659
0.3133936612271797
0.2595822371631328
0.2774753307902424
0.17270165413300262
0.1641977305943352
0.04418743640796132
0.22632164317263567
0.38739840621922833
0.20231011659839357
0.2617157041302381
0.18617589459848374
0.13145132462192408
0.33601823023574007
0.32064394517856615
0.3878899932430897
0.35549228103946046
0.4407455514504468
0.41129914999593326
0.27340691750893525
0.4827083015929656
0.26952366340174033
0.4189311343896852
0.269289116942773
0.33170126878039863
0.06383477621356037
0.22564395201532364
0.2617623538471589
0.39072506547802566
0.18575555674985061
0.10875882530823684
0.0954052594328189
0.2268434820258705
0.15822587216033107
0.07771956603375657
0.33831746915807454
0.14482355385852702
0.28154909981618415
