73
69
82
75
74
82
80
75
74
78
76
77
73
75
82
85
68
82
66
86
72
72
80
76
74
72
86
74
73
71
73
90
80
72
74
73
69
71
81
83
79
75
75
80
76
79
77
73
80
71
71
75
76
69
82
73
83
77
73
75
70
75
71
73
80
74
78
82
70
72
81
75
71
76
69
70
76
80
70
85
87
91
74
75
76
72
74
82
85
77
72
69
74
79
73
83
73
66
87
80
85
77
72
67
80
76
79
87
81
67
81
69
70
73
69
74
72
76
74
81
70
73
82
74
74
77
82
77
78
74
77
74
72
72
75
79
76
88
74
69
71
81
80
72
87
74
73
73
75
69
84
75
72
79
81
76
70
77
81
82
73
73
80
73
83
85
78
84
76
77
81
88
83
77
78
73
71
87
69
76
80
67
70
77
78
83
76
71
74
80
78
70
76
79
72
77
74
74
63
74
74
69
77
86
80
85
77
74
75
77
72
70
75
79
77
81
69
68
82
73
83
81
74
79
77
80
76
74
83
69
73
70
85
74
80
80
71
73
71
66
82
73
73
78
79
77
77
72
88
74
75
75
81
71
80
85
72
91
75
73
70
87
78
79
79
66
75
79
76
85
81
83
78
76
77
68
74
72
75
82
68
75
75
73
77
77
79
75
74
69
87
66
73
77
78
71
79
70
84
84
82
74
72
80
67
86
75
74
81
75
76
80
72
71
74
75
75
71
72
73
69
73
77
76
79
84
78
74
85
72
81
75
72
76
75
79
72
77
79
81
70
75
70
78
72
74
71
75
75
73
76
81
76
73
68
78
77
79
77
72
74
78
76
74
80
82
88
78
82
81
77
79
77
85
76
74
81
76
78
78
81
69
73
76
64
74
70
80
69
74
69
71
79
87
73
80
74
81
75
75
84
65
73
79
75
76
84
73
83
72
75
72
73
72
76
85
74
78
83
74
73
74
69
74
82
71
79
78
77
82
80
75
85
75
73
80
79
82
70
72
81
84
69
80
80
74
75
77
76
77
76
70
77
86
71
69
78
81
69
75
88
82
87
82
69
75
84
75
78
77
68
78
78
74
77
91
73
77
85
84
71
84
84
72
79
85
78
79
80
73
73
75
69
78
80
77
82
81
67
78
77
80
84
70
77
74
72
81
66
73
69
68
76
76
74
74
74
78
75
78
79
71
73
78
69
80
80
78
66
81
79
77
73
75
81
69
79
77
71
74
70
81
77
76
72
76
77
83
72
72
74
77
81
73
81
69
76
82
76
69
77
76
73
77
71
76
69
84
73
75
84
75
76
82
74
73
77
81
72
73
76
79
72
76
84
82
84
74
77
75
78
66
76
73
77
69
71
85
76
76
72
67
71
72
75
86
75
72
70
80
75
77
81
80
74
80
69
69
81
76
72
83
86
77
74
68
79
73
87
78
70
81
75
77
73
78
75
70
75
86
80
73
78
76
79
78
77
81
80
80
82
71
73
71
69
80
78
75
78
77
74
78
68
74
74
73
79
75
83
71
79
69
82
75
79
80
64
75
80
76
74
78
77
81
76
67
74
69
77
70
80
70
77
79
77
77
76
74
72
75
93
82
72
71
75
70
76
72
79
76
78
82
86
75
79
82
76
74
72
77
77
73
74
74
84
77
73
74
75
85
69
81
85
73
65
80
86
84
74
91
71
76
77
75
75
74
79
73
71
73
71
69
66
67
82
74
70
77
77
70
75
66
78
82
78
82
76
81
74
68
85
73
74
78
74
86
72
69
75
73
82
78
86
69
70
77
75
84
81
78
78
77
71
82
84
79
75
76
72
81
73
71
76
79
70
81
77
79
69
83
71
68
76
87
68
73
74
70
75
72
74
74
80
84
75
86
77
70
72
78
78
75
78
80
75
85
77
77
68
80
77
75
71
75
82
71
81
76
84
85
73
79
72
81
77
78
89
78
74
74
68
76
72
75
77
73
74
74
77
73
79
87
74
78
73
71
78
73
73
79
79
88
69
70
79
76
77
88
86
77
86
76
73
72
76
77
74
71
75
73
80
82
75
75
84
75
75
66
86
78
79
80
73
73
77
73
69
69
77
70
82
71
74
68
78
76
75
75
74
79
67
76
71
83
71
80
72
73
73
79
74
81
73
79
75
72
76
74
79
73
80
69
79
74
68
78
79
75
80
78
80
74
64
78
72
81
85
83
82
73
74
73
80
69
81
77
87
76
81
81
72
76
72
74
76
81
80
87
82
73
78
72
68
82
81
75
83
74
72
68
