0.8604290555864307
0.8687111335703073
3.0250409720272575
0.503007195400428
1.6803698719843132
15.548206998531382
1.18692780216602
6.544437681014648
4.908247251768406
36.77257651518405
4.104712445581262
1.438278246638478
17.60624968669391
5.640796174165694
1.9864834572672265
76.31088147484625
2.621105537444552
4.571463419896045
2.0710578507642285
21.741823695653984
2.5473539359834576
0.6543889563374392
12.170054578956726
38.49253359036439
9.835398045906665
118.50843507615167
3.1377967733883656
1.29343937179483
5.932575455686033
0.42223259801725105
105.84233354415989
5.932539365697534
3.51145476393508
3.422090175136867
7.9928540023683246
8.02910510274736
8.839443123741818
26.84891636262441
4.731550332163927
13.184577671485613
2.065445655063645
1.3832387824034336
5.754440638779832
1.5787158752752153
0.4654002907210289
0.6502454890180216
1.2680724958936382
2.119588904347649
1.4267974713584903
0.6970797826038113
0.4701390259015713
0.335759249118245
5.288070865588783
1.880177721171484
0.6640899872826712
7.27833628518705
0.6752556885196397
0.5157261150743617
2.324222639282015
48.46778547990343
0.5112578680366207
31.221894560477807
33.314127118765974
1.3104563041259738
4.893523242258298
0.9553386944039581
7.871808812282322
0.3870270268267436
15.256454285460963
1.3630046923007142
3.492119381820339
2.771258092665156
3.5954552640815787
34.78926964297006
1.3781430412332676
1.3116079055991603
1.8984563553460105
4.4379044756880095
4.756093214831288
54.441876781044755
9.467237132246899
19.730244875787292
2.233997297449263
1.572879027709725
2.336198121827867
3.7522778534175427
0.04987327769738083
0.18179892897479855
19.309451565591505
13.09381482893085
2.163408289830024
5.25517258112013
4.980560446561343
4.676249720782786
3.466329074920246
1.4587284544259718
7.084908603625031
0.10920875598217562
35.49618822316791
1.7967906949997425
0.5769920690041743
20.61130955584759
41.954096648789736
1.518986850749348
3.527835677905072
2.2779005811497233
79.8853892955494
1.1852768305775807
0.2149075148991186
4.898465923315431
19.546131005808395
5.552010153974541
4.342618779705912
40.41177099530398
39.31867501132632
8.116438141542103
1.9926809019208565
0.788057774490158
0.7850185833574899
9.354908101215702
5.1501060726787165
1.7812572795643185
12.441915922040018
3.4443670009906246
1.8258511066466345
1.0987011743126156
1.089396064512503
1.4109819625326643
19.688493190830435
5.746939683557714
5.753200859112387
2.0244679926626707
2.629083805670725
31.70345928678264
0.6184637882988756
2.0251356417777786
2.710891192970929
3.925626817422341
2.2896601065022857
2.6525338552291258
1.6899125553287508
0.9426169027002703
9.398763880573693
3.2719330100582322
33.677582993945755
13.794452935265683
17.68781490164957
0.5657993899349223
14.418832083778122
0.5858808799207886
0.9199155631200605
1.5261356030419493
16.582466666145333
2.4178283923240333
0.8304389085951066
11.937999339014631
2.5988212340721097
1.926343484206761
5.130479605800298
2.4005828705536345
6.34583346758417
1.4233688986531452
3.6186766098552003
1.4390525929699853
0.6837491227203705
0.6259591816048308
1.6440713503875555
1.183783937447999
2.172380667974205
1.0970673903714983
1.1709094925058738
15.387256612142314
6.8371140592955495
1.8112228182875558
7.692214438553265
1.058625255206032
11.07365105870244
8.908098267099653
0.5316279429060095
3.6871781774919317
30.89255106183799
2.138025137313459
3.2444841919784637
2.460524603011554
1.0552525520271048
0.6401117719407978
2.7917171304445283
0.8666462674799648
1.7211762785733598
1.6452064837165685
4.746648310558244
0.09511877548497019
0.30152512560621264
1.603273492463087
26.433512756048025
8.201123803972969
19.338031301136247
0.786257984777434
7.277502340336168
3.472259301328983
12.473811420302972
1.281371383873948
6.704012342429214
0.2363664464518188
7.132213163139636
36.604836214424864
2.0038869503445067
1.3045272720806742
0.8210677626446254
23.384691414659198
38.369127481269125
3.480484732453837
0.32965674468024275
0.16796268020158572
7.996627304849962
8.240168643717555
7.866418649051425
7.2788011609353855
1.3281182729548089
3.2330671842967176
5.975851057461346
2.4506909792783054
0.8931329849242804
0.4259491527060889
0.7338868810292591
0.29817231613575557
3.149884142713638
0.2697742565827559
0.1567619157701253
2.9159672508515375
1.9037343674416223
8.464982942275586
1.5921983656952146
1.2235881010221534
3.6846977447198213
37.40148850102374
4.391848764653422
6.325079087041598
3.1535676198911027
3.4874929603953975
38.738448301924684
16.909672184166137
3.5081546646423387
2.6767447819560175
3.907877925845476
2.6169573955040257
0.3493983050739248
21.180014689805684
2.136160515939063
4.041237844542433
43.964968761469294
16523.90732622456
9.369828723163701
0.5762180117175162
1.8728744742972383
10.795892654378656
1.279920731090006
17.627179957739667
1.8653663083127008
0.9504881744012296
0.813828705590562
10.144444513483187
0.9409597060492175
2.914228891328528
1.4501802504686339
1.4343383084678316
0.6234440562065456
1.6541597033089153
2.7629606737347294
3.8172594046336243
3.759211607424457
8.657678445203976
7.304694616456209
1.6639804841039578
4.36237839956003
0.8534794976897077
2.9069480901547435
1.4210834473957754
2.426856722125775
17.878268497736855
1.9911529429544377
1.1759002268420529
1.4896922859310644
2.729986074472873
3.393925646301965
0.7435881865633158
0.0034910367521435066
13.537196174380304
2.521802338467647
4.933460875284273
1.146364154535401
0.3543923995903065
0.7614545395076832
1.7863214253922985
0.881090990523847
0.864535637445828
9.205630294206777
2.78436289138869
0.9228861856706848
1.2644965838514237
0.9693468907009308
0.6945190304799894
53.34114960660944
0.7452367203947987
2.3197096211291393
7.738049093150181
3.468709871351919
1.9388213797961515
12.283725518299413
0.7912260665825788
4.915939028578369
0.8938514296797673
0.9161512672604635
64.50103308424369
0.3059754821338623
0.8407488367748571
3.942800123665649
13.117841035450088
0.8246195043162124
0.9264571021528015
0.7232114064507289
8.160641785663342
6.052315769289414
7.853222188859091
2.912641779306999
1.0438230853178456
4.050913035714092
1.038496824806536
0.5807405299431803
1.5319004478143798
0.2204020467170177
6.071132391731006
9.27159482264755
2.4327807404130235
8.996113700167218
8.047974355940543
11.308111530695228
4.951227556238568
28.772039698763777
8.628273202101848
1.6595946422276393
5.775237070883089
2.744664483328044
1.814589547736726
76.02087042857676
2.92814413672396
0.8746295137628624
3.375693264683145
4.557422889473982
34.41267591990013
17.801884384210506
0.13782701369026534
2.154987466802756
4.96316713278211
12.043828480222883
0.8058042729682888
1.743938514996856
2.261329286659568
2.1952720262922454
1.6723449145888076
36.610357431296336
3.4435391130439243
4.9454921130171385
9.177569788396797
0.572769526300616
1.660041797321763
18.98905422995987
3.5910959196140504
7.844020431022078
0.24819777559471262
2.5621863993196494
3.7664689345961784
0.849495758846697
6.3377820230394235
6.028739024573793
2.9646180354357994
68.1147746294474
6.108260308091364
1.8918282933517312
0.5031932327008303
4.155382387537924
16.934311895288914
0.8163121384010786
1.0472112036794239
4.505322529252562
1.564663787895998
1.3968400660629374
1.2930482268883972
0.7336857083816366
0.12512595335612983
0.3420580294442874
5.199439605494912
7.55287083462594
5.611421073902748
2.823679772386741
0.8178592355655926
3.617398329350124
11.607990129914464
0.9177632529958676
5.620185636966917
1.6870025793611505
0.949923630724868
0.5551613395179827
2.508280933328717
0.6909131662356078
1.3176252645559752
10.121489900976831
1.3536908633163836
4.864870871793859
0.6612930861548373
14.955429308267876
13.281471418621068
15.6960034965611
1.2740882210791662
1.377711566835239
1.3507236290763356
3.564019885530928
34.502229918059015
10.158135499908166
8.22546784156157
0.7957747966818347
1.2180719851734148
0.4567464917235565
0.15190852539977706
25.757122365077823
14.86603479672198
0.07610801735931959
4.126807623647409
0.802727871712442
1.1420281172395508
1.5568221347308573
3.7677143193858305
0.26629377687482475
1.0396535792080204
3.3817481302980226
1.0099059742319845
0.3765437556011054
0.4678623795096245
0.38106726621420667
20.756076304341555
3.756122814483401
2.888415112140981
5.300636696768129
4.37435179454965
6.1901686774871845
1.405595224056515
0.5575218473871618
0.49089071198141143
1.0833474353651815
1.6958948105238676
24.911581506084655
4.366475919419552
1.7447054032725309
4.012807205751077
21.82787390028678
1.3297204257254938
19.844675780933176
35.971309088316985
3.0622199596698665
1.138335948459952
4.04483281584997
0.9598510793282301
6.247780995262989
1.8605728215111854
4.462695104367761
1.4962988329618
8.12318103010676
0.5740888610687793
2.0176469889872046
1.4447784174775922
3.8451685027986433
1.4427360501877784
1.7713270972749908
30.219360886173547
0.8239482133520576
0.45803924910017824
5.124893227577411
0.21916450998781628
0.82189796827401
0.319720172527623
0.8709466593283499
84.97531420845118
0.7464415106997233
3.6671086836719855
5.327094128574371
0.9434840507063686
12.527127998424998
11.485064700778176
9.739970918716514
3.9644943442051073
1.978734959520395
19.32687403193172
0.9247141512488848
0.7564988159625083
0.895028530891849
2.4776266235169815
2.6174548315465347
1.1232746288901898
0.8547321947864371
4.630507398879333
1.524163728095186
3.3269842754114207
3.0413589735509587
2.388503192505135
10.696474771149818
2.2674979659478622
1.0246594362628654
1.5588634134548016
26.396383509201044
0.2592327781403226
5.674888767922041
0.33967358948555354
0.3775265139355035
5.641779179652747
0.639290050401893
6.207342979024986
6.316576199827791
1.5419066013141587
4.089084561191525
5.597147794068972
24.222546598296617
8.851519776357845
0.4736581681984394
13.444583930569202
0.3285619861402912
32.17267523451899
2.670502874070741
9.768808145393667
1.8443055010264646
104.0945877488866
1.925083079339843
2.7050357310966184
3.223414471988047
0.6075448404774686
3.8910150752080503
2.122488023505912
34.04508614496737
0.7878626398628478
75.13523182581382
0.26406595228993324
0.42832566256440296
0.5800083752042644
3.1095061545549014
1.9945649115727078
4.434150085430009
0.10898306949876128
0.51578060379604
4.186487945718366
5.682511978282451
14.960891923831959
1.343754122003362
2.233899756481343
4.270785919289324
3.6941636100097766
3.6433996449940143
2.5537023494721303
6.496351845138856
0.4570675747835444
1.735494631173688
14.487282158538276
2.6656910809829744
0.7307628585463017
12.22948770334642
3.4386817057770926
5.340567583951282
8.310030587954946
1.1157007633112908
2.144962256858774
5.793550699473681
10.058697719617868
3.1907686744652652
0.04592785538917998
2.6008359523396267
1.3221713780134536
5.100317794117489
1.7895564403736546
14.836973784406117
35.64877740695653
7.784065933768048
1.728628219170603
1.765367326648301
0.7066892732798196
4.674063664102298
5.216976834924476
4.113842008659374
5.089418824035709
13.489452608849785
16.008066072378224
0.2097641646652634
8.392366876993943
1.3581029082826017
2.0977933199771157
2.2126946229884563
1.22984289360881
0.19184537194253556
18.180551600440626
2.613261702395007
1.1321544849904583
5.68510591294377
3.3499739650883376
33.66056743981228
3.269682269853706
1.0445863407755278
0.5230182394385937
3.198890410565786
4.941247525494209
11.190419662356218
2.170499687436317
2.8493863662637153
0.7310958674856909
3.5844514832816263
1.3873726531902568
0.5438850232653806
2.6268731081624814
10.046744434965685
1.6886465471247039
16.97954690421571
1.833696126811134
0.5429833757059899
1.6478604433257509
1.6562354022402075
2.478288447304754
1.5989939239107862
1.0176581283994042
159.92253976843438
0.4422156828706454
0.958304563180724
0.06573609622315085
13.408340241166398
1.3251265262964655
13.975346800961326
11.544259186033743
0.5948436891936535
1.509635625324747
0.9119915578801935
0.699926260701089
1.480777668192908
2.991162527989624
1.2190771636910698
0.8089832533573399
1.0876774002294913
7.710187908726879
31.699360378067485
1.672122343401307
1.1702958317243295
0.5334579275045046
3.793488139009978
423.87714141474953
1.4790870257073818
0.9536942724969545
55.265547304240826
3.392633413403934
4.807727692961513
0.6826561251414553
5.298438214475612
6.887845412276937
8.981204674063855
1.045232924676467
5.885012367577325
1.9989479538084525
7.751823212447671
3.680573333978636
1.8431317283859343
1.1108189741093117
3.195092442250909
6.396214652512959
0.6329194357444032
7.0422474548348655
0.3643102596743898
0.8274354261370707
1.9030458663268275
5.440337830347619
6.818945870708069
0.9126831985766394
0.10655183004811425
0.990483305033196
2.3700966707265465
5.5710398780546555
1.064620131022586
0.9713916271633809
3.115299973294933
2.283628929568242
3.144187526600877
9.953019858959408
0.6089966143378213
1.8990381647238832
7.706379805967771
4.621448553602813
2.0541966017304905
1.8683058676476583
1.8295210479278237
16.861597262083468
0.6275996046399358
18.951868801676063
0.4583442139912822
2.0053138419773506
0.5840933211326869
1.24429832391175
2.082987685647173
2.6596174594403665
1.1525961228249153
10.708601218179084
8.50324176007784
36.84999235274965
1.7095953936100257
3.8682175107053136
4.609363965623704
2.8958498022171146
27.183304132787498
2.7700347871296507
0.9859694278445272
15.407623731317303
3.609440852815732
0.9390526910556257
2.5243614767868414
0.5590415437401217
0.3190010395467419
0.9774843218432024
48.18882743605481
0.026392789219272027
59.4296901143404
1.2366155399220005
2.613652956598875
0.9126436161588656
40.35388084201179
3.663786922139164
1.0877640582601964
0.3939053302256061
0.9263968338969747
2.2844313061307893
1.143977057711558
11.643395565703777
35.33028989472578
0.6345386384609735
4.552140326281283
4.7300389369089695
9.024730547697205
66.10973831330843
6.464255934479673
1.2303333533278278
0.4373906767507392
8.089302913465803
2.8900115726355247
11.7152172687683
20.94877683384095
9.202165094405412
28.166541725741293
2.736064450588588
29.213511503304122
0.8922959653870951
6.561330116439649
4.648866192095317
2.6001245563079407
1.9686542648589607
3.5620825799680444
6.131266923518127
0.9559581377300215
10.5489524232139
0.34046072082986756
3.7453576006496005
1.1227631562234102
6.604499912530503
313.8358831953207
0.11450990927409313
3.2605541360421535
1.3730801896669638
0.022242642616010076
1.119678181849057
1.940109602015321
1.4213143658314715
0.1459658183919804
3.3206193633735612
3.584528962109014
4.1741934367178
2.6114036679417545
0.7347574416316598
0.10795483958237055
2.2687913635980563
0.8389936829467732
4.031928221212091
0.5092388239490562
0.3371910326098196
1.5858110482410843
0.7353516072539522
27.076686836161837
3.339257616740069
6.034201581976825
29.55872515901715
2.6507118765545123
2.2720758006963853
0.8983725989068603
11.734002234687708
4.428387155752282
1.633272682275345
2.0779305276876134
2.9167038225743007
2.1116811932240305
2.440354127622421
3.052942338891608
37.246754647460385
4.618066405255665
4.342451331873101
2.03686626040672
1.3647766088812177
4.375424508603301
1.2399937407788781
13.13828306481482
26.47392552785625
1.4843294762920072
5.585779073765198
2.8306634107615842
4.592056687368123
4.2614601260390215
2.5729310606603337
2.654546757797668
1.6139401511942544
4.395061913233258
11.1060754045441
3.8337200172805397
4.223169118493966
1.5600412461040798
1.5388407562819375
0.16479812101631613
3.756938822606719
19.45014666918452
0.9290603100392756
2.814028404887967
1.1264583609290613
3.945756870960427
0.41238286579746797
0.9621704509180017
0.37015625065788266
1.0565541236252665
0.6626206527735478
2.848292219614946
10.537195777566899
3.8670354542882803
11.205824322491328
3.917229174491825
1.5330868815529664
1.9491958936857883
2.5945244628783275
4.4818815591956165
35.57212045971112
1.7075369276596364
0.6670720080059702
0.6089178009519127
5.754089280009177
1.3793674247958663
8.530564476639938
1.0165176202950386
2.205680763275418
1.5392093826518969
2.042019509805978
0.5851568652198713
1.0240386912572919
2.6351003852767727
1.8168547879915908
3.476470373753031
44.08970640046942
2.904194503228147
2.424921742516727
9.274606143715216
1.7401422821231527
0.9156296183292603
1.119532855919115
2.6971820171038052
2.3028052195660185
