10.466969591912152
7.70713669971333
1.8963482954464883
2.2773770818645653
8.008347173596336
2.5491451671116927
4.3672103665651
5.57252831743333
1.5692034573470153
5.7474428431756195
10.87664507814837
26.85888927898762
2.4431546800269173
5.079080741599403
1.647411528780698
3.2248186949311437
3.7568962193631434
2.9083817587169927
14.36374494812594
4.2046788905612225
3.963188522244916
8.56831486387438
2.7998899372231096
3.463164108639566
23.945102095956706
11.142053624767687
4.22924423350527
3.5756698747477778
1.579305236664744
1.28207799738991
15.306753534771369
10.66230362961867
2.06435854412176
10.7217438807179
10.79672798483371
3.2883189485574618
8.936035972419138
2.105783676118198
8.020242291152456
14.246016152608526
3.170592017407305
3.5003362499035013
3.3488842953493534
13.118610089145767
25.288470066411755
1.4417836123626941
2.0796341408218253
3.7567642302382116
5.208620563180032
1.8514169946037762
16.233598297604065
16.027064641326366
14.515543060760745
1.375932304263149
2.900290274038274
13.486535391279467
1.1204108133596573
12.775541498354695
13.116555390238743
7.418652333097776
1.3854800000803258
2.8754529750161493
10.66022861373111
13.364137738147427
6.1014277326287125
9.858092350811702
21.274206814229338
7.530851815113083
6.116518522759531
4.917513518036665
4.996184197996487
14.192473898678639
3.54279846111081
18.846554383632686
5.726116168207047
29.14936782262021
6.025887935800915
10.80326107114044
12.5427213497256
4.189087741729469
1.5423883211658407
2.3892097773501924
5.316253718059694
1.8379376877721614
11.920308848534951
8.109717903828729
6.6276532305330775
8.034579796730654
26.043003408855157
1.2694152958485652
15.317019333381898
26.696353419748554
15.793715626406094
6.872442268498255
1.9903421119245888
1.3032831261515565
6.9720766669596825
19.174694203635752
1.8731811148136772
7.752602121280024
8.909049768282038
13.257111116160603
16.53203533466524
9.14867645316971
2.4910539415310597
5.665527182680064
2.153912184863557
7.767941895480342
26.75019893663737
11.103199271370078
1.5497582263949272
2.8498693605595107
2.239252068259338
10.515128179625593
36.62800770865081
9.082239682205914
32.94230563721375
13.197655570421173
7.256373251383888
8.688964702907908
12.429097104626102
2.5979190490355304
4.702543040906977
9.044995590791752
1.084040981126742
1.5211100885870046
0.8081556957195275
8.203160391793256
4.778331004828057
9.723804692957279
8.29391180813495
9.825647154607188
2.2440434835390635
7.329566553732635
13.595604074023983
4.804554096430497
4.4450497342808575
8.070284518936502
9.798225958756914
2.946263530201876
7.521846305097305
1.51934318323212
8.346910625561007
-1
10.613603552199192
2.2892123032990193
8.876347836905767
4.627392541915653
6.971407677742963
13.652340847632406
15.58727524258311
1.772281109954849
8.709663861190617
11.888391203810768
10.388595485119701
16.42121900393237
9.96549939983234
2.1013046049898705
24.16868053406127
1.3128880671793468
6.815796965328901
20.93524998488203
18.380896600635737
5.190739397436962
1.7947382949806465
0.9355028459363601
1.251262429643699
11.7876780125356
4.089080842016302
1.4995927182519622
47.83424791426915
4.280731455547812
5.47311483741511
2.2814980391522504
1.7101055589094105
12.427297357799514
5.341020129712481
6.1277787148577145
12.838950785257577
2.849764225928554
4.9608845990581045
1.9560515223048596
2.894567335869287
9.943107627876653
16.719181462823713
7.992855534562018
12.758291340578863
9.59074922801485
3.6608312157459353
1.8986499697116461
3.132029348854553
15.85681199526799
9.581415172085062
7.409466333138307
2.834307300897469
2.6857174738673644
5.549383389865244
9.76230909482285
3.547947338087984
11.188011491499465
5.218362359238656
9.704210497117701
4.463875928824412
15.151532600414777
9.450801701329985
1.4882500138680945
2.8964703092693513
12.758989550987208
5.289093530084776
4.266540219186168
6.598776602405001
16.836168606869876
7.105785904717618
1.23480293259272
1.7404261445200624
7.0192216023752465
7.856424297786486
1.1126222218403934
6.831198352960166
33.609463362508876
11.917196909014484
10.230945269664957
7.53735811009504
7.054506466461468
3.1708391663332396
8.69224502104334
6.461061884249679
2.2931198155363917
2.302833554005494
12.11366062198457
4.492600486689517
8.508709106356179
8.395235026629871
10.766645610088302
15.260969324380538
7.860820600666386
2.1402049880879708
5.315643144731685
1.7328411429548132
17.761308144996484
29.675349012567494
4.320727747652036
3.591364911850206
2.1555267462936247
1.770585172735584
6.972401443214528
4.451011903163451
8.276442047835207
5.5038481242938815
8.308053022029188
7.802897672090751
2.455068486837826
8.683385622547135
8.486968648817241
10.478994020947692
0.9794485182978685
10.011032815235854
2.671252860618189
1.5395381359085598
17.923185830148892
22.96991810823514
14.963480913113132
14.580527133380379
2.966242341488826
1.5605214607648454
17.724254705310603
12.980471744806904
1.5349402309940767
0.5016114578868989
4.8638821995880255
3.3512427566488374
2.9535244171314705
1.5703592602935383
1.1008777410865191
14.707174930856619
3.0329551909187105
5.332487748493277
22.518275889184682
8.582359062172113
8.10725819844073
1.1826097471761583
5.947057338365228
1.7704366872667028
3.9811053267520813
5.36602640999436
8.393418497557434
5.343768472230194
-1
8.539527396153503
30.796231686274044
1.639104485880452
9.718003942778019
6.2187189880367635
9.300116148502767
1.2791863301247206
11.501542268253168
7.84577920810532
5.5975060462171475
4.760476839562007
3.571508902563595
-1
8.451936569091124
7.361298052648812
1.9029678368445915
7.640169584044199
17.406805569009773
11.570910784672272
1.4933373239870176
2.6981853584071698
10.440147186722026
8.64383800239149
11.50199900722984
4.860762805730091
9.433656466494096
1.6794275203444131
2.4709925085178184
8.77682487219119
13.162938097713392
9.408172658008851
9.43736177833271
2.5149641662465494
11.593798029123267
10.68549764147115
2.548761744615595
7.284266773168092
-1
11.27344969513138
11.256207161675482
9.75603735038015
12.7432853075612
33.133561892459504
29.815008152685017
5.310408361777962
3.848915954659258
10.662422308996378
11.62499285873388
6.422169526380832
7.096807641023523
8.177862584730454
3.531752327410688
18.694823401331607
-1
7.8785204606581285
2.6791269410045806
1.3863002634897592
9.183474790258469
11.13510997527859
10.606774871089542
16.68391350087834
11.697835703978129
13.095129045302922
3.8214654116649736
27.895076945528082
1.9461292916819826
1.4126333638289306
10.464121031340934
5.535717941093286
9.50053435501925
3.698165254925479
11.381754399601544
2.6058694836395375
5.301381743625889
6.227723031711132
5.294572196259261
14.341176172379893
10.943132615887812
7.5294351984079775
2.784903574740708
1.5988879495808235
7.554226691534242
4.082482679286552
2.7585045370295456
17.89080050167835
10.623987083258728
10.020949202289307
2.2790757966661306
11.21405652521472
1.4798763795792729
12.705308455293077
1.0422038764193362
4.571678983464239
3.183500045022652
15.348719453735862
1.0767728130299032
9.104201631158725
1.4354938838136886
3.5207738018664747
18.765464760823168
9.841875953181633
3.437641775942464
1.3085772950594066
3.395602932877699
2.49567254592457
4.5170346003051645
1.4751432404399498
0.8272525729142434
17.627017114430654
3.0703236149784185
4.681521121519285
11.856072744694895
2.072896164828503
2.4028733349509714
11.536715604772402
13.544215130702806
4.318531002348628
6.247846735519671
1.483283542462997
3.310794474198535
15.1968572054726
5.480435209397069
2.149702320372216
8.029829465321694
17.655681425896766
2.024635107792537
17.234682592975595
10.07307762846867
1.1266248077303553
2.534215842403869
7.316211723166784
9.799937618698515
4.461561865870268
6.00557238987017
8.897766145396442
4.092585423594082
7.841460027643511
8.161005332898515
8.302559215935045
2.953519574771898
9.333594763185488
10.244702318703835
19.175125033643308
3.35132861830759
8.091189156855632
1.825739184807881
17.597640728030683
6.740373964548615
6.803657135302856
2.4524500636365247
3.0164751524894826
0.8179168914990257
2.8128906128388858
4.119540859272638
2.681980514843251
10.784762396500938
11.656508144170582
6.812761509966111
4.726893139027978
2.441298474927746
12.392057965559248
5.086317793033454
3.5064079855284236
14.495660094074681
3.1991086397814508
1.9178577561007386
7.583913017169314
2.5226404566694645
5.249260468903286
9.030183298688373
10.532412432355356
1.0882679303166882
4.150096336177952
-1
14.743457216664133
3.7167738376824166
9.692193349835971
3.5646821567926006
8.402318178520577
9.962362697704062
9.57751169554881
4.157858287540302
1.086427935345147
5.73533922276933
3.091743040803461
3.5303828255573126
11.334622409381113
4.586114332626811
0.7629588536932244
2.0706297187170657
7.954267183851066
9.0577451121013
15.053988804265494
12.7263440064585
16.55208518336831
4.374624256825011
5.828848154015446
9.930108459040293
2.375405157346006
29.845767579909364
7.451314931022999
3.8189438730627923
9.788168557744513
1.1814259019847595
13.454646754200386
7.08650409461918
3.925364871121571
1.9523903689357691
8.696245293674082
5.117203517332208
26.704259099579986
16.606523025287537
9.666283083442885
15.390947498068737
7.891885943550813
8.96158438012043
4.2355009789439135
8.019289746838112
1.231723529332953
4.731176005252008
13.620071214464803
10.635531551447563
5.215992300892006
3.631781570974124
2.977675363505416
15.481913492049966
31.75633918955754
9.329958587003274
0.8814757487508253
2.600761129366055
9.583051068230816
9.985888304219113
10.87717973061439
3.9484445020334955
4.001686349808122
2.2347599755586423
2.9351749462157075
1.8870831851804921
3.9143953307427735
10.700675362072529
3.9820542634078597
20.686172378106885
10.960090071402494
2.739524696370024
6.509057312355776
1.2331002252385919
2.6233141006322334
6.214274374847962
3.7877364321728026
35.26932488426992
22.562355497327232
7.039126254346649
2.7257785144331317
0.9756304361055173
4.237513536990116
6.496444791402816
4.780283778746863
11.92274779518644
5.988969878771595
1.4935015793853004
16.08795617446766
9.120519634620136
5.2789852172658875
1.9129200009714766
3.9386322952828983
11.90935751485811
-1
14.066330653448912
1.817820848014521
3.604055983617495
1.0579039768002787
6.522062862425564
6.672466164631743
9.569775529806336
3.8937897230815492
26.689615943263778
0.9101603630863992
3.595053387187855
26.351248112877986
8.843967760838947
16.179557321182145
13.29226663984292
4.330850956267159
15.395477079927122
3.2367530491234664
6.0968883255137145
2.7014495181457665
20.39634368907165
17.416875608989802
2.2830188302007075
7.607911029858738
6.744356666654761
4.579071641116829
4.835244119516431
5.506941671356248
2.968073955106078
7.338053756972422
6.08006248547818
15.42589137492457
9.847170719713587
12.006281943051883
5.734982754291922
1.7884868249035144
7.796801524203049
1.6435589480700323
1.399839001636272
13.295536847372551
24.461247934194983
7.376694638876533
8.26962199164531
10.228806247693297
9.302701724342047
10.490359593548998
2.600213553869748
4.689217679571256
4.723746092843067
3.446539555378955
9.367451517132928
13.24442328932955
6.664478926129787
13.299490532898533
12.094409307699095
6.6954635002439336
4.15103220407614
8.399853972672524
60.8350676118204
10.45976483503667
16.49668574160976
14.726820704151159
3.9902099685688643
5.872012976884175
3.241155485272839
2.912623021008736
9.229118638005536
1.5036478591363587
6.844422065530339
3.4161103488687576
6.655832973759128
6.222730771685718
14.936729845402487
1.8823576758670082
11.108921327215056
7.387027697758887
4.94528967868167
16.495505036063776
4.450821168394694
15.36581627557315
6.6529050538818115
9.36887375973915
2.454301291908648
5.311745184407873
1.5997391238850072
1.0746127695229506
1.8875612370066586
14.196246348922648
8.47546395804119
14.03140917281169
13.793244374360073
12.291523240233214
13.321195639199264
4.791983693989178
1.4726108367797568
5.632574988907525
8.322853488301195
9.042636223516851
14.664389207091201
7.299838611066919
9.006930979503844
7.687641038816502
9.310056395619613
11.396348050836096
6.726096274276276
9.303531138661771
1.9850933366723507
1.2735002479367716
5.241540867325445
5.1282349598741375
14.294026898123374
14.870672880947579
1.8922836806779315
13.293404670805408
34.1280016427934
10.832044866090135
1.8374454418631683
9.840599159034337
7.403898660588403
1.5476343701355582
1.958170568527491
10.90134820813205
2.4337247247896445
1.598314570643492
4.355661781941195
1.87911708019334
1.392219027504254
0.9481692891512218
6.5920106286172775
7.214111856896071
9.402688856403806
10.757917018054847
9.528245348691994
11.874393213544543
1.558697372651541
13.951219348422713
44.32270301384636
2.845012813288613
7.543032078936957
8.885971041179195
7.008937226394613
4.860628662747299
10.418112917367575
10.205966498673114
3.13170842093611
0.26732992840182557
7.140903452940295
8.19367449741583
1.291774351848541
2.3912081823951596
1.857880302657886
16.84401246096192
5.178511577669534
10.103062315303484
3.1529617640083787
4.040807929738401
8.279964089567622
2.637875897173319
7.4009946900318875
9.590778434129783
7.077715219962379
9.183465555614431
5.55879070224756
1.3244232590150273
5.18475898081116
9.368901551396764
1.3771634333994034
2.201707018431934
27.22194688107591
4.975143188594142
13.48773209884331
7.791964456485487
7.013410945122365
14.969355078104362
12.849572505411217
6.36693312872058
12.537193254332365
11.85541607851002
10.128569019139922
15.407326201336904
7.3574723975608
28.997905522964903
8.69367943193349
1.672207090775974
11.366245913059604
8.591437643860356
10.763144057531466
1.5350628235588304
3.7962197583406048
1.8110105201055986
1.6685187679092108
2.6055264142341503
7.800973871065154
4.1499233071696295
12.364858116398114
13.02540935345585
9.13997251664745
11.37762816658299
6.711275024706861
13.408363537033084
2.045089852536172
2.695714976180609
19.83622914527945
0.9626461217315346
6.395860318147048
7.726431428867847
9.247092275458698
22.207306480008896
8.32094635030098
5.156940857264079
7.2933877437507535
14.864468073172826
11.024112754758002
9.184093031633145
9.211283581573214
10.757121044457865
5.150245974309395
20.603556057593597
2.754448674318017
4.789955580408984
17.120415291837155
10.052436588045643
9.362550358992825
-1
1.6219812931378992
1.0035252059164905
2.9096073564932774
4.490715747997876
10.062805024526813
8.275547648118978
4.461256759279493
9.279165203431539
22.243962883833905
1.3158627217798906
8.372539266395004
10.135505109164546
5.285742941471551
6.87944890716507
1.9793476250584432
10.541517322502939
5.779334201086347
19.673329049559708
7.816355607381543
3.6162005546140237
2.9697824024379846
5.006086220143877
9.048236600004019
9.336315981690161
5.165840989797109
3.8680909182591567
4.689315045132985
3.555235935085599
2.224848872916382
1.6003680509814038
6.632622830813756
12.7496028870066
2.0524942251950256
8.434493111463336
10.56822292755205
2.2886840064645018
15.595365176684165
11.552209849147545
2.7812461334590313
14.716592925211295
15.641710236313143
1.6689090167224732
4.508777728793151
2.5172488061635967
10.53121639708449
1.2850713595907748
7.405834725210843
10.038830358068234
6.66437261476538
12.763146813711476
5.2148810681954965
8.569098047968104
1.6307143549489527
22.147632385341296
2.897110374527775
9.73279184719729
4.146784262465484
2.3202852480423424
0.9140016015583128
6.266153626344602
1.5276804190887514
254.7446743184239
0.9854511989741478
5.0405975973272135
5.8481790077679685
20.01746036438295
5.759568149758208
9.315855870456096
1.527788382878235
9.396835468617972
5.3826319796800455
7.053005309515297
2.0411069082327638
4.852464279946256
13.733162274858461
8.37758471348305
2.089683909765803
1.6911300018235962
2.6124962308667357
2.4835497862627416
5.967326260862362
1.1924051066239754
8.84570814039521
1.8490553022944993
1.2784116904789637
18.29957250460244
2.495432284952142
12.857508609734847
8.45490125349498
13.777986057290496
1.7380021970194035
7.796033560800225
6.611104226553086
10.99005213077166
8.003196219026663
5.101644482085391
4.884071838742441
7.726499502024663
2.6539615060953143
11.831338487687137
3.7141183517168415
1.7130987419777493
3.4845526399535642
2.930463631620768
8.596004927265955
7.750664394942798
5.620478118431477
2.057669652247063
1.9855380486442096
12.778194384023617
2.6908420444391186
6.965636517541844
3.245778062359894
9.47005394267879
0.7681403520509865
3.064344700243957
15.903347711193925
1.1861217691197967
3.0674587467943866
1.9565445859951753
1.9516300665000943
8.705584129826786
3.522115640276113
7.1820095267513855
11.556963531445472
2.5008485044229865
22.26928808742037
1.4581853185725422
5.870096073719271
6.306671617786906
20.98538765964049
1.5281533372238918
6.3089608588540385
5.514428994060464
13.946779174146135
4.507836369593756
5.760471966973497
2.5315866149032242
1.3825434044964169
12.629885735464732
5.885477353676215
3.816910058238927
5.322076055553818
8.399022446028406
5.157172039165037
6.624244684688749
2.892741522523399
7.439747407370109
7.198371350914196
1.0789092120955626
17.8098209714977
14.317958138338854
17.340365773423322
19.78818712283589
1.2262175783303524
7.433294465939883
6.454656170324863
9.553564647708571
4.415780668389917
3.602667765419329
26.90928494427856
4.123806899790588
3.611715928236337
9.859962503489673
10.207860215790326
5.958432607148744
7.251425670441423
23.486097335427452
4.38093439539738
13.002233720413992
13.238675475523344
8.816738992002751
8.15728766949182
3.3721640306479994
8.534022234464196
7.622217777376584
9.77980685841447
1.0810640790823731
10.61344276268433
10.294880950994608
2.157982785755869
8.4642099243441
13.522398991950977
32.14180551687577
3.1221580758008938
2.720113614517441
1.520919350812048
7.01738432838245
4.931759374832743
2.4498305575459036
18.61664163299753
12.035916228648032
9.50670783933391
7.283798472596178
5.535413261363574
10.903469090658108
1.9939916389347816
3.1400264859078684
4.873285975692112
8.781106721864935
13.00767890220345
4.3057040693753725
1.2473885053488771
1.3052216947606818
4.242432286469191
19.55066400196574
4.483192348624587
4.467742005488208
3.1067518236731266
7.5781992787811445
8.358704054883546
17.75746339358702
40.451549311357766
2.5619380265178426
9.036649662887868
4.442273592656028
1.4360254482575228
21.055024447167394
1.313484102020016
10.00240063088245
15.115180889929198
