2801.3370892680764
2514.3756944592105
2843.509472968943
4315.085033344261
2747.8906013332266
3906.521105458462
2567.317820047588
3873.5756566666255
5000.223724772026
1822.614405476097
2835.5387054778453
4111.975589055784
3068.0920526430596
5043.39800396704
3799.4075065693905
3238.4357243491163
2742.777261927084
3545.421524573994
2956.080948451831
3237.232356338191
3424.295515258717
1911.7357548858085
1886.2326555944458
4915.273891066291
4511.098775979144
2485.4751124315535
2564.5791500885
2661.028039877934
2943.9514177862075
3398.6305138409343
4789.71557840844
4368.911112843733
2977.7968190642196
390.79974952397896
3726.0470934973996
1746.3392592277237
3061.702596492002
3759.3992022364846
4139.129942337216
4717.776496685347
3386.0105883920314
3094.360020712893
2623.934395806904
3160.916689857128
2773.2227421454177
4664.10094717836
1944.7315605516521
2544.420592165993
2256.9092278748262
1398.6705835887901
2895.085325489258
2662.2882486022736
2808.5347411299745
3770.310842668004
2457.1408254185844
3062.100011146313
2949.41460570165
2602.5511478899557
2193.6702494087203
2667.6728715483027
1876.7034162216291
3264.5389366092095
2948.482753381366
2672.4727111224643
3492.809056008664
1752.5517322734818
3917.088196662121
1271.0809802823103
2382.8025885878
4505.676496330225
2769.1376632348406
4550.179496513999
4343.247194412731
3121.8335433506586
2166.959633489863
2369.440940657207
2826.3077487188325
3968.2750621423506
2096.485316368718
3521.0416294606935
2467.691861605867
2920.450438877325
2189.4389626046645
4061.5312107663417
2741.8511992817266
3043.022171974665
4008.934301559408
4072.2541903320016
2683.5781928782544
2717.2890267302596
1952.0143718165073
2156.036820112387
2737.483428974224
2393.291753350782
3371.5669496331593
3066.485420304099
3847.0251028108723
3093.8560876965753
4109.835740762536
4152.736719241098
2612.202584731415
4166.8913477238
2740.037318159504
4442.643113957187
3181.241329490295
3898.5540030149773
3225.106990093982
4571.86891703925
4487.679225377267
1612.451322474299
3983.3644001528974
2839.486955909159
2763.5923260136205
4102.834241342328
3854.109559203692
2716.8284740778354
3456.976292242813
2989.225594280751
3355.7649065482888
4710.570297142977
5340.48579167397
4071.0656667987705
3768.178581912216
4194.7209308460115
2341.5195684009354
2174.4750975579786
2104.301335905596
3568.645256356663
3613.593208326071
3377.384008549721
2597.2334010609657
3907.8492921616707
3997.1660929947816
3006.046379536511
2640.763308471228
2110.4118865897835
2306.342292718978
4198.952893054919
3282.1692944425367
4420.869810606846
2820.791752684141
1795.7185022978322
3548.9789078249973
2384.9761665631713
2672.3516566159287
3082.7122697091577
3558.2157807699173
2893.0934830136816
2889.755301873867
3305.710101788128
2528.0407823955397
2852.5179786000235
2272.932619306749
4329.130376177008
2695.331652763925
4351.0017041647425
3353.0062105270376
2380.1227670938842
2184.3899048022326
3284.6946984202946
3800.257310051782
4621.41745038945
3048.929399573749
2028.6031693324746
4283.2903518383455
3695.1174080471624
2715.623715273265
3663.324673973179
4140.097112702718
4158.589086417366
3885.760106391529
2779.585380105258
2844.8489055751847
2753.7287663133816
3076.5762429727483
1785.7208667900024
3984.697110584855
3235.9216679122264
3264.3406359794467
3654.3368644633156
3547.31770360742
3638.467192337682
3174.748983298678
3107.125266354994
4070.7821064699842
3990.7334424597684
2986.0721223309556
2627.752402675812
3218.977635436496
2916.8403040216513
3067.653372826112
3191.6646642944847
3728.5850159031925
4670.930490890901
3071.1973424518415
2532.9283447296425
3343.988360188203
2098.32836505052
347.42995242709486
2219.8642866723562
2627.1243254784613
4586.843727775617
3110.9273289428115
2677.540093702417
4126.579935803679
3534.9341279037603
3983.211287803946
2017.5501864906398
3736.948299037703
2357.8696543882666
4256.742072201165
2723.845643234546
2080.1183429911794
2242.037013971902
1189.7469085602863
3277.050751017167
5229.695473478208
2917.5172639034545
4625.536401928346
2307.18102508921
3864.499481821197
3549.3912541441578
3670.9487419731236
2307.177591319003
4755.3872292829565
2877.425338233851
3000.1574000341498
1975.661760946194
2852.3107212777313
1228.6294415435448
2442.0475148669498
3965.714897383385
2135.9736051322425
1771.9254776097277
5044.744810673498
1966.2506431271752
2783.5346149074544
2918.8025180726877
2045.6303673371724
2951.7457551173616
2605.8620790881364
4526.81544080241
2557.76261519631
2643.5555687782535
3271.92974286033
4581.817526841286
3376.403299657058
2611.115504915054
3035.7515481492096
2885.456257150841
1380.5533184274716
2056.887114576776
2992.856671796262
2905.3329704237053
3351.6157656771443
3594.0161250583865
3085.4295849032937
4368.593247445586
2932.0774333164522
3006.570957622555
1684.2938067652442
2709.5147006550023
3136.735921124011
2517.601955405241
3440.434415429628
3566.0993834622764
3871.1142490902384
1941.004804339546
3168.0608792841845
4011.2525667039
3184.6508588711863
3830.173939772351
3928.199729459749
2988.042578545031
3204.2864616258676
3204.700588244431
2645.99153302655
1595.1096234854836
2562.403687672536
3042.8847903550063
4663.006119271332
3459.5492159357905
3494.0570122983745
4093.595782619325
3379.6338466247776
4802.407730630591
3482.139596145469
2633.9986685311346
3728.522997992827
2202.976606886433
1638.127613629453
1782.3908218762804
3130.886996517467
2492.837621541469
2150.8506635675158
2681.5062427715748
3310.803341731165
2927.218470272557
3456.529461679751
2654.994973598491
4976.287504647976
4032.2542188928173
2656.563509771648
4386.365207728517
3102.763878561647
3250.388775909542
3213.7545161362223
2807.5026307075905
2466.2088527371748
2398.879208481874
2910.1621150354003
4051.427813243116
4986.580309562313
3524.350012380394
2000.5327666283695
4207.496874334334
2022.5821491889524
3100.491565422296
3482.508875099197
3234.7868678416053
3416.2441996696057
1847.5115498326581
3258.014860046347
2080.103580773303
2479.495338850524
3492.7005299804773
1890.4827805314346
3320.9179872233462
2272.8679309728655
3889.860732366883
3442.5273060998643
4883.208504979742
2466.7391579087916
2237.9001902608566
3481.0640622936858
4162.072575301156
2652.816619086192
3480.307338619381
2433.846587534595
2983.374419570283
3869.188504116528
2652.1880840962713
3670.804226813409
2944.815430596487
4723.224629506907
4063.263204663832
5347.784019642492
4688.219322995936
3237.4149527247914
2649.9501960322555
2317.5076288565747
3122.818019933355
2475.9095416776076
4541.263685547342
4103.011522583142
3295.598068883187
2995.505377663298
3686.7893503081987
2429.8828056459342
4477.107464493867
2102.404818463243
4504.306722636851
3344.586931920037
4208.429676200941
3294.591881210734
3333.9975019732074
2347.686098094285
2821.6162868082124
2046.2504865865212
4568.222148194323
1305.477812265606
3024.641955905452
3347.1829410075147
2327.564698453453
2303.136780136528
3519.0570319824265
3433.388489586313
4492.043012669118
1728.3365267812603
2129.9136714449664
449.14793929935297
3368.0326038179337
3624.714549681132
2393.8769107306093
3520.963356363677
4875.759737642278
2081.380394346538
3273.930322452684
3424.7913525797017
2759.9212815038286
2184.3257500554437
3854.079928418651
3318.0892573260035
2993.8208741715557
4391.740463896629
3081.094563116459
2855.1298597655755
2508.3332545768035
4519.998515125381
1691.3195890981976
4234.869021904017
2151.448109517934
2607.44000347109
2447.5217824707615
2344.4490289758396
3065.70060549796
4685.805464504229
2209.332907672962
3004.5591789142195
2008.2333128343002
4550.822967596459
3843.384492381554
3266.8125336580074
4567.2119926071755
3871.453827779254
3936.028684108442
4816.436809221746
1662.1916454806524
3179.7473158676476
2145.2944299614246
3127.5372661305782
3659.1810161573153
2674.4645191298905
4287.393814676549
4573.623727276191
3140.941191047403
3387.8807969979625
3611.263001367433
1731.2860006342987
2480.7790674401804
1819.9332213972618
2937.649602263281
3303.4999987848933
824.5077130286519
2798.105397486986
1955.8804280008192
2099.1504216801995
3875.5107166056887
5235.796284709937
3303.5999753102938
3386.448838125762
1875.062781238828
2271.988733314038
3982.876231272901
3238.635733014781
4033.2367245830906
4641.149682263859
2727.947775157572
3514.979173228177
3468.2136465423637
3944.716761382967
4294.808920087668
6075.373859486829
3471.853069764124
2071.2054334112545
4316.771490284605
3869.345134588346
4410.106598368629
2860.3374731197473
3012.412940730182
3191.3833017009533
1564.681350060624
2504.3119528841044
1603.253149201885
2731.175192290235
3415.1674316694794
3278.197380228446
2977.0446826645775
1728.3701057267797
2990.4531546370317
3568.70775524895
2630.458245420197
3463.2265534812195
2243.332392332133
3204.3836570381814
3875.008771352114
2250.38033759732
3522.434025619914
4256.10776206076
3159.779827836267
3061.957050244071
2315.425000905963
2441.2203041286916
3537.8274394535706
1423.8224182189797
4156.812775990802
5106.244852101615
4791.762148995517
4705.498750808684
3579.7486479916934
4674.337349227479
4717.2700124024705
1998.087091554425
3069.3593541683263
3205.0322865438125
3493.0492200813433
2647.260454246629
4768.496090091199
2488.512003573742
2131.8800976199886
2284.9725408548866
3148.166844855335
2667.25799354647
3016.171092062921
3483.723032909248
2083.3592322331465
3140.220154570348
2324.1401839457735
2577.8966297137367
3348.5606570793366
2828.061771880042
2293.5547661035002
3582.8178182245215
3499.414176013173
4993.718240723872
4604.3952476519335
3352.568960576184
3141.220467616314
3002.8282383334363
4164.470520893906
2555.0635986490447
2859.872693358968
3050.872319787582
2860.673226332831
2467.360664282093
2459.4791824509957
1915.2478298944602
3354.6232376449925
5094.122074185162
3609.5940514301956
3803.8509666031614
2075.416667808202
4826.22727597
2974.184968443687
3196.635027328702
3467.2105625622407
1951.909250524102
2692.305112198391
2843.0720584460473
2484.5322026502868
2500.100218419448
2864.2419351676735
2540.9647921907062
3830.664440359457
3103.3347784429234
2689.5842529446713
3384.037812206778
3324.6498686371524
4457.791964941995
503.56070911655894
2447.791652726658
3371.596588334073
3475.6288508362986
1764.735006987514
3228.9955551421563
3604.350606813353
3061.773539295011
2638.5743450274667
3079.642327138993
2581.951117035666
3740.1210500321336
2337.8044982209644
2164.7096257016933
3783.4185353544412
4226.8771432594585
4035.8698448642517
2744.781353313071
4904.0025140972475
2920.3275994021405
3463.0787867018316
3371.6195858771016
3116.6101978987003
3581.514871284798
2043.9777607847493
2098.9072224693837
2862.3990595429227
3628.5360214691614
1686.226682032667
2859.593673576472
2338.257468987844
3332.265379016628
3521.9564790336362
5429.131800111975
2908.393138563349
2297.196644569364
3918.193597104324
3055.185789313108
3628.926895849848
4748.9517855873655
3063.052685048678
3637.65560015337
1798.2744243128193
2732.708908998594
2793.384607125524
3399.087646313404
3959.8810065078
3993.659254971754
4994.936997114873
1997.042899369516
4130.4289188039575
4198.708331091491
3071.443932040398
3129.7925793653853
2795.0506544882915
3583.690092033367
2819.18574697567
3071.583199022919
3866.5506787158347
3071.8575556870405
2415.479058978709
2053.7239586032306
3043.681675753858
2920.4243098891498
3777.9644572329685
2098.3989250056816
3729.344628407863
3113.6306748543184
3111.358269841045
2887.623256295565
3730.796411143676
1323.4564259202868
2714.466364925176
2961.020356279102
3708.997000914188
1905.8678180836503
2203.880177568924
1923.9142503269097
2386.2523842161363
3716.8602369653854
3065.394734869093
2877.994694507919
3799.1358471365957
4475.0560250009885
1918.8514862326504
3827.7777991327525
4248.671192544666
2743.212834020987
4090.4156136208117
2860.6170786136727
3555.9243656447297
2613.7515475068863
4761.582813287637
2284.9509135916464
3157.4210420125864
2972.483884165004
3192.570913952988
3103.7382991317204
3254.8549464841362
2422.739376512411
3645.016130383382
2451.6464505925615
2036.0102352103825
2097.471691424914
2298.9805354764662
2575.1315793138674
3010.1865154757006
2250.8129704861863
2994.3959823441114
2952.479628740299
2460.255307035205
3673.2450511572893
3958.0111442704706
2896.9570875515674
3786.6218817773415
3175.405354897998
3805.08689848124
4310.692877333424
2789.448071549434
3666.3523078204007
5061.6226739168715
3879.869552928834
2895.8527291166633
2783.52441377413
3419.310319776963
3150.0468813377825
3051.04471694037
2454.6151731833725
3225.2712005664603
2669.101146767951
4116.294150577858
2455.1915197711396
3041.436260415062
3284.271492517326
4374.579084456173
3365.1137850500522
4961.239067329067
4411.577502110606
2652.8882232895708
2577.46228269359
2976.8045480567857
3864.2490738347487
2078.47432234398
3831.2900486180197
2286.649075133899
2480.9150647385068
1677.782205507607
3677.1381231754954
3177.303216615808
3578.1410563703275
3450.1031219104793
4916.458747722625
3584.141556789467
3400.762547443981
2558.652801152506
2552.6319055848803
1567.7195853022845
2254.88636496043
3052.1564716888697
4887.437856040529
1384.4975796208053
3720.519278236547
3297.7454903391135
2649.1650976582837
4131.158980017592
3264.0363442408166
4434.418198226349
3959.520357142877
3241.0774923137765
2712.90709253392
2273.5349737064803
3182.018673048176
3961.7730505945165
3032.503250752341
3792.8935818934037
3358.736158664664
3104.290003932524
2922.503388815776
2754.350265853658
2529.381946896137
3313.109797001356
3460.2420637647824
2533.0311257350036
2982.4513425787395
3566.5359017140568
2971.0472833668773
2708.042029429257
2644.2227496391797
3213.6034511354223
3217.9722855411865
3734.5626726557643
2764.1160195218386
2332.1405925801
3930.117920422139
2034.4518397028053
2009.5561205055826
3867.1585612862123
2983.117670387757
2283.80717776513
2843.56984392382
3341.794472148952
4019.770927061507
3156.1078742594777
1881.337931552457
2904.460376222555
3828.774494747369
4359.459971518919
2241.3377752650676
3866.9911648562997
2407.883926919172
3398.8820605116352
4248.477267527673
4342.2711679589365
3566.470388686908
2890.850728900329
3719.8057153191685
4642.538138282565
2594.3741925784143
2572.3770782607467
3307.659992221143
1851.7417556460207
5258.133097795774
4124.268209987819
1518.9147009561163
2385.9243766666295
4028.555827389791
3744.1246642257397
3844.181410257788
3757.288752923575
1633.181879324211
3005.8093377969963
1813.859026275005
2330.2266240553877
3161.8290211575422
2079.478231864657
3073.987458417928
3236.121873369506
3265.186640558321
2564.9705032472907
4052.262102804837
2149.6594896699667
3306.787405190055
229.56542540110325
2808.6869247432624
3479.6718557374397
4342.947503867263
1242.3446735177556
3276.2639961211507
4080.928077939458
1605.2300063130228
3787.982692983921
3079.502689871582
1858.4257256086548
2637.1923681408625
3502.580241933841
1941.4002645481157
4326.574560271201
2035.781718514929
3591.3770836633553
4827.3328116868815
2020.2567686060736
2496.5520431413456
2722.1928156123877
3853.229865623401
2512.8874967441475
4063.0018047608646
3922.5324356873566
3580.442157722712
1651.4818199445979
2830.239867699157
2819.3428274774005
3401.6235337261196
3408.153833961188
2219.836254888148
2435.4526075789895
3080.407434908438
3159.27411968283
3546.7894492692485
3318.615223188256
2948.0347412167152
2561.2931888079843
3275.6428769669355
2060.1689847771854
3594.182065627829
4283.830468312683
4331.461425107552
3792.6790933145817
3724.0368027573177
942.0563166876012
2763.5113388172117
3615.685308871556
2100.985171249982
4106.120344986774
1557.4590426266782
2655.484788156357
4241.596088496155
4218.128589408057
2359.3904714829823
4617.164591800675
3158.448761976719
4859.089263184487
4653.278579868888
2930.0293677983336
3193.46456105502
2986.018827492388
2813.1368015642915
2644.2987522313997
4298.882361190229
4680.114869129042
2574.8758249148286
4388.041315520617
2603.643074458104
3013.551225721935
2216.63020856838
4806.646927903687
2808.3549083479106
2001.252244381845
3613.416039130646
3540.370334892982
4641.451639090062
4705.644530971795
3178.7137005518225
2971.352005779085
2348.266334061489
2798.982476210526
3041.098694970316
3208.5037585618084
2260.8061933058752
4067.702988047846
4546.456401590538
4844.830962601797
2826.6929631003973
2243.2777983831147
2364.9599779339987
2580.766540545375
4335.330187106803
3210.0275968547567
3165.6865593363887
3033.150135925125
4514.575075652451
2438.5266507496744
3273.480781617942
3474.153864760549
3359.223345272987
4310.867076053304
2280.7032857883905
2403.964342460692
4902.845901020181
4290.223514494649
3651.9483000874466
4079.537204503555
2854.1061344139825
2874.0820935305537
4697.402629583075
3460.1643897255867
2178.792739583785
3816.863731208437
2359.1388455606398
2676.3668075144556
4440.3597907112335
2270.565496205525
3170.0073051406735
3655.3129646963994
3504.4782316848637
2723.1348101173876
2395.651521992896
1651.2235575179948
3543.6114847719164
3883.353792785819
3613.561108549035
2675.36974638334
3264.3873360871476
4505.497275736992
2838.9199424483377
2329.0483851931954
2399.054389060641
2383.5964198626734
1823.1186784291915
4016.460221255463
4131.901268271439
2600.804763722206
2526.7982184531934
2861.9683804744336
4152.945866837163
2910.7530232940408
3372.259814552347
3342.64577969479
3093.36613293085
4104.412386455967
2738.9180773954904
3275.2133022460903
3820.3106366941192
2810.502922596771
3127.941143020693
2986.8056027259586
2125.2108680459723
2649.229119368564
2918.0849141020026
2912.9885132457352
3013.7745626242
3108.7537312384234
3555.735733103454
1843.4511333149417
1567.3441798923004
3212.9730485128503
2980.996756740017
435.1852284250062
904.6644060000259
2502.539408527841
3301.5893767631974
3287.9110170570534
3540.45351556206
2398.7443223169785
3730.682247495309
2336.1738186841567
2467.971026312564
2404.1652903906956
1403.3828939800287
2983.8188628985545
4082.445099460234
2297.4140112001305
1831.050625609409
3980.808102959541
3702.0268541651003
3975.1281058647633
3923.26914431036
3267.6943631482277
2106.757117602562
1977.3967145872218
2911.5205130861455
5371.5595008278915
4774.326566085477
4513.933968255408
1806.1079426838246
3892.298680179832
2721.3802163439154
3465.7870763438627
3359.6977814371407
3464.0804154493167
3826.7397137976286
2413.5325236020653
3232.2434096157754
4412.526718655787
998.2995498787523
2790.023843254884
3487.52079001122
3459.1724938650214
2476.8400136247733
5275.400114660854
2870.611093149101
2766.092684121432
