66
66
59
58
34
76
99
68
37
25
98
58
105
42
43
48
65
79
91
83
74
62
28
66
35
67
58
66
54
104
69
61
88
81
66
65
45
69
90
87
75
58
128
67
54
98
55
71
111
71
40
65
71
19
45
85
71
71
116
48
80
92
54
60
88
52
55
62
65
55
75
30
57
92
99
72
77
68
107
69
75
65
92
42
80
62
46
96
68
58
55
93
26
60
64
98
76
39
69
44
114
46
55
50
46
67
115
47
50
42
64
76
63
46
46
60
65
64
73
44
47
83
69
49
72
127
58
62
78
111
76
46
79
75
55
83
79
107
63
59
103
65
67
78
81
53
56
78
63
76
70
73
57
48
68
104
72
60
47
82
89
57
57
93
82
60
88
58
43
86
78
70
65
54
42
56
64
89
83
69
49
47
70
79
59
60
51
52
78
84
53
66
45
71
132
79
71
138
76
56
69
122
55
56
115
40
59
60
134
59
83
99
74
49
46
28
58
68
59
54
69
46
106
92
53
81
70
70
68
44
54
60
74
93
70
91
81
67
58
69
39
62
84
53
106
56
78
102
79
61
79
80
70
71
79
61
46
56
45
43
85
70
84
87
57
86
159
132
63
75
69
87
43
79
50
106
120
53
43
50
75
58
55
53
105
56
49
76
60
75
68
62
53
92
59
69
147
144
139
93
61
76
67
65
64
59
55
101
89
112
73
90
73
60
44
78
80
57
50
73
96
5
59
62
50
68
46
37
59
47
88
67
69
60
76
54
115
95
62
62
97
116
77
46
53
106
52
68
42
97
61
141
45
43
81
44
59
50
54
75
70
60
46
95
73
144
46
63
72
63
61
46
116
62
50
30
59
62
62
56
87
48
62
78
136
55
87
63
60
73
53
144
60
77
66
63
65
95
75
103
81
71
98
52
38
70
51
54
83
66
64
64
65
70
50
55
67
51
79
91
120
73
104
108
131
50
80
65
62
81
64
65
132
71
32
80
88
68
108
55
60
9
75
79
77
66
62
76
35
146
100
78
58
60
78
79
53
69
90
73
92
52
63
43
57
41
75
57
59
78
42
68
80
67
124
139
96
72
72
51
59
75
96
69
71
75
97
84
51
55
86
82
108
96
35
74
110
63
77
119
58
125
67
60
82
45
79
80
69
73
71
81
38
84
40
77
133
98
73
66
119
73
61
96
49
51
158
41
97
104
100
103
68
66
66
52
66
90
70
50
37
48
76
61
71
56
55
60
81
74
61
53
128
95
62
50
70
75
103
65
50
94
68
41
58
55
42
63
149
65
77
73
46
46
34
61
68
85
122
65
108
133
61
83
55
64
47
59
135
112
45
57
52
71
62
66
55
133
64
69
81
41
46
58
71
81
53
35
18
65
53
40
65
72
57
92
59
85
58
124
30
111
75
75
144
72
48
77
79
66
47
67
61
57
50
59
70
80
52
39
111
67
83
76
61
92
72
63
73
63
79
59
81
122
62
56
78
82
81
68
56
92
64
83
65
85
35
107
79
108
64
75
85
72
52
85
78
181
32
64
29
62
74
90
92
121
60
136
122
92
56
51
112
93
106
12
47
46
100
73
148
88
44
58
74
77
31
78
45
126
76
59
89
71
60
73
88
58
80
59
100
76
81
50
90
54
68
39
53
66
44
91
80
50
65
52
71
38
59
54
71
112
59
56
49
74
80
91
51
57
49
61
113
139
74
81
48
66
91
90
71
93
59
0
97
83
85
105
60
73
80
58
106
155
82
53
94
42
156
57
116
105
70
95
64
67
65
46
59
67
56
90
62
70
80
90
50
71
69
197
154
57
70
64
48
71
89
53
125
84
53
64
66
119
75
68
77
67
85
76
33
56
64
100
92
61
68
57
60
87
49
106
62
56
69
42
59
51
78
69
73
44
79
70
58
65
78
87
51
51
73
105
0
60
35
75
89
79
90
64
73
50
84
62
78
57
67
31
45
96
40
84
77
56
54
51
53
52
56
58
48
46
112
58
46
85
68
56
168
63
59
56
63
89
85
57
79
51
102
72
64
51
56
132
63
69
26
105
86
62
38
70
58
43
51
80
91
79
75
50
21
70
71
71
70
136
59
66
59
98
53
97
73
74
69
113
55
79
149
59
83
58
75
87
81
76
68
75
74
80
72
57
55
89
75
95
54
65
141
80
71
79
68
79
63
76
51
69
76
165
116
67
60
65
95
125
41
62
111
94
85
79
74
47
79
36
128
57
105
89
63
49
37
46
73
56
94
56
65
73
