69.87474615057484
7.6434139818160345
197.22112543594608
83.82155885684526
35.339112443425456
16.973508381659308
45.3739116165174
35.61614623924011
255.81677212516385
65.43801066992019
16.23037930684053
45.69513047202925
10.296824561972379
64.53767939922957
10.632742515685763
20.557026320314623
28.220269858300888
57.030057560122245
72.08770803287563
29.841650870545806
255.9488462536888
90.53020580984217
147.296556236335
16.541960675531517
29.135414983280214
21.255231061253216
46.27049922751478
23.910861259713425
17.625731515290898
29.95654184714883
23.796586305790605
7.75166747117946
18.94329284464726
44.822528046584004
38.15030767201131
52.447840369589066
16.773209686238694
44.81488602414423
18.06150856415278
76.9237975878985
76.31793147797565
113.72559231168263
35.69685524788344
307.451045192176
35.013597078003485
17.644058457334157
53.46185196044021
25.441135390215265
34.79057786612699
30.50360745354169
11.952690615479993
21.17482642691361
115.92907668459787
43.28726046672586
35.89554241688899
103.44434200581563
8.117046190768374
17.739403833016713
12.290710180544707
76.71748148800025
58.19670734698401
249.46596152017227
167.06755853701776
49.91473644556671
49.39075760633125
25.57281115385397
73.41369585234078
38.33079290936585
34.11266192749457
19.200540995275652
30.214314254473088
16.518862619159353
34.116129881933745
3.1476899123617064
42.49049144003399
39.4934473150887
38.75546250278403
11.462927740108752
21.179086512631045
12.139175777264818
96.40396113142545
43.25643743277282
55.29892283005522
15.572910106781046
16.55130996764877
30.483107373806256
17.87328666767885
18.161634145338976
25.035336447275856
89.00535408784403
79.37410119981806
22.91858268538926
27.86139195729941
44.300478042654134
11.18296206369106
27.51080966552492
16.330243013621924
29.613962343407838
291.890368498308
19.929215928023662
46.250822406777814
42.49575062088689
41.50931808482475
9.489302392603484
21.389951114023
205.12898501699394
43.258649398433896
21.854384824670294
120.39437390810716
57.79968037606514
-1
92.52655957170533
22.139378082133806
42.89962614003537
44.3807500315157
89.90920744380655
89.40676550358258
17.80521356638745
29.344712314260217
25.165419660310995
21.106230052817512
62.50484139968459
15.853880889772018
10.230202446399412
10.144406246163895
9.772855125419687
10.167010018137733
38.13846974620459
75.86707679534034
80.10819753560202
53.49593099252947
50.07121702516273
86.21828637020175
19.760761989873743
16.011703459433395
8.025141481244379
16.704498253639436
100.86815841871865
333.02900965630226
11.05425696492422
27.655508477812205
44.95332181923268
21.257816439027902
18.925743533076886
46.58169240713243
244.34379217781392
20.267260177618763
68.7215089572509
17.329357262235696
165.77426513547957
24.381332277049363
28.641083773534746
141.24518618911756
51.64304595863777
27.897526746965667
120.29605792971002
83.7293559868989
78.99101581060155
82.43499172360762
31.90368754986399
20.547097114923957
23.044536440375193
130.35163169596586
30.160078989046028
31.285485709370906
13.231694419612142
23.634971533785237
21.076841375442655
80.87370454718072
23.71965283823816
20.83203069791319
28.25650390944394
95.09812739164046
19.6131417586722
47.32623815893222
22.095300384900376
59.7218932780521
18.209745510873372
39.77565975456969
17.96599880141885
59.46985124784069
23.176565827377235
19.737783647128044
98.53146503986018
20.683839009467484
77.80573798924675
23.70618833951405
31.959640718034134
114.13529521547039
132.01303419014133
12.86451150333916
60.05295742253168
3.5574717375076985
50.0872120473346
293.91484332427365
26.804026966354353
107.1289355861091
129.82999798139753
34.1885000031088
39.064405730183324
27.65189852760361
145.37503077694367
91.19009492658225
135.74166560759932
13.049663363912922
17.667680289679705
28.56905311547735
41.784863024679716
16.66494274679029
14.849060819603169
205.80447359090303
70.11759234391194
39.598721391580845
275.51527635093663
17.56044811498054
14.15270575107395
11.097349656694995
57.98089141678265
2.4034157952536006
34.19680303129903
104.5836837459203
48.9026927858447
122.34362193666843
27.54160162316097
56.3798301539649
25.344214209994476
107.09842852049553
44.65892781834592
-1
23.093340680418333
62.702390022781415
36.00913110627569
35.262454495453625
205.66908158214235
149.49492721061742
146.882534582239
9.005666615183038
35.89895371039907
6.040740442368097
148.32791550625114
22.943111307864775
12.352578279671837
20.609949546374793
18.727424450241905
267.050501068792
101.38014252858515
64.1176785061563
79.40670032784101
50.39296249544879
16.916028264710377
7.703671507700245
280.8619398703665
34.265667399963256
22.47821587727434
145.52870332478682
283.86153549199906
29.931504340123197
16.62707517328239
20.37127364865389
86.21442662233997
104.13969503843062
86.37163037367708
19.484552152020076
9.0892036915294
17.70691340681039
22.067352668020327
57.05151963429552
77.7041518390781
29.266508573544446
18.261248492387846
20.526255061117578
32.07577372573475
12.557857825027817
25.221374762770925
35.65274074856655
54.80922928556663
238.52536308464116
17.937471563510627
116.52779253102443
42.85420752102655
136.280831582909
71.34945586695318
36.42187737875973
139.94743495631548
13.456734259489073
79.88484698902525
24.86166737452045
58.471887939490095
115.12586948867484
71.77998849442042
26.35642356131198
56.73176756424497
47.262918905732
63.02634507899731
50.747275138748336
18.971101921356826
74.86408592472674
16.83166527791418
20.382683004276803
52.745379105684414
5.1075580441217525
44.72317104046195
17.806691257648552
29.13096448833967
72.79432040502122
63.97356530325303
22.07232119893113
12.657044942803745
9.969542393593835
32.98749002033548
11.298208559916636
24.929073204375207
53.65557667422162
108.60374528811458
44.74670631378417
14.827662405841929
9.917688608410499
0.4100138542765731
20.512153092926436
12.687733425504835
78.0726196249341
29.742089266132243
84.91040873724424
82.18662738697813
29.073031642403006
22.41001604558902
64.31375327571631
142.967790845151
16.954075567266678
32.01845112377938
15.408848149717361
25.24629365600574
22.166527706177792
57.23036377293615
10.807292741509556
150.6218698929111
96.02022161459801
84.87009689193036
46.21976595797096
17.89524572888691
15.591048746865157
31.397798213116737
15.975591055836588
29.19649671517518
126.59298462004926
111.16102204871949
125.35176844400644
24.8934994082617
11.248459691720221
18.83968276610137
12.882926742232213
13.939659858826577
36.62956122278441
31.620572325798765
32.48329120767881
27.247140428392886
56.342054150266094
76.4727616946274
84.5046954565532
27.75404858523417
36.10542224422765
31.59330144944322
24.979761957372396
34.686605432962544
12.262634331794779
100.3833410767076
28.72607772701248
49.406253712584125
41.92792903633179
16.44852434003226
114.04344897580633
66.61165347246
36.03196878216016
80.41686799525434
11.598649690960983
65.25859556163783
21.379454525516707
35.07388479500872
22.194525830574708
324.7058740914631
23.03677262049681
58.8496432906669
67.4789713630136
34.437958880117215
54.03556154871273
66.56409253240001
21.308097963140376
6.429424756501532
-1
17.3511541125618
14.23378661142425
29.630342968029073
-1
33.06800704573762
68.92767072874554
69.58228223239196
18.560714050903822
5.147469003926151
26.673454659786973
22.555011515287887
20.690605084614017
71.48502381985382
19.210594663326496
44.70588276208155
55.802373093179376
26.478409801381606
19.393282313135384
38.0424011899389
82.77159705754207
31.7354217430938
16.88706219870139
13.829809907346915
149.45311046954322
8.842988075947758
72.2819498954634
9.788644273346513
21.857335098536335
11.002108400701598
25.98500503695497
37.374488930718584
14.844484787826675
104.9262655907033
11.657953279226076
30.494640542310712
17.98895067309748
19.210342396686173
179.56486441893253
137.85030095785189
25.211207713951293
30.42288426955674
31.592278517258872
11.961828050300166
20.936869886369802
5.455710737877037
19.571340444615505
87.44120876897553
245.73521353161843
31.852891193709464
18.27210993410684
15.45631769299316
41.87040382189822
114.19149092656725
67.86390601091563
36.03758966935739
18.531014729970053
75.12056838593409
37.513828874406144
42.17305615743564
21.445521409576745
102.09297604916932
306.61948724062376
21.049662424833873
27.705177689550634
47.196687381054375
33.849152688683674
14.037805782341517
42.669224318041756
60.813897616284166
28.830034911226537
56.931114217201554
54.81573742965749
37.64320945401455
179.96007412155026
11.151865989275285
18.893524178602483
10.356811275919553
16.837758124136624
87.89034139594587
17.020626168859508
60.763584178310715
11.453493792578154
88.95268421398553
94.23253895971902
63.73577651293296
9.60961622915073
53.7836419702254
54.05619218647447
93.38922026638382
35.23534166922212
16.418043596164814
11.429723001329434
52.71480489785784
17.280615672169883
42.901878842669
51.774492799724214
46.98517917300155
23.321751707588632
92.47573375642301
51.95461870928113
19.063958162511202
19.865624452892536
29.07907055585852
36.661329014835516
14.937578440675432
11.60913614440208
36.742685220169044
167.80916992217144
44.99674900606051
42.85326966386143
11.416704334832506
16.92465036777569
21.890802825063197
65.98744919763833
47.283110780558516
57.82462666931846
169.49401454141628
36.1863864635952
24.0657824979099
68.1535072011361
112.73722722588599
55.79332777751724
31.577898009104505
71.21309687656333
14.586958291497766
10.2398005923517
154.96721717854822
61.55358831313093
181.72391564331758
1.3177856908620398
16.929487427739765
32.20505966173727
325.53499250942065
90.12128971849698
57.100795261274506
30.52155950863841
55.999889238196594
51.728644691270716
14.999573644071402
50.55036792002771
124.42807549149495
65.71242953066233
68.00815217358088
27.938986263050218
45.11118514911486
25.19988300747841
37.87152688960752
66.1471454981215
28.390303868515232
37.9456622438187
91.16619924764828
22.419937945275638
52.72277909547244
34.89538605153859
-1
54.082082454763075
18.250638829233242
119.09848988387289
106.72156080131832
117.99078579975969
22.638897154533417
38.63367028348887
25.7572663096812
71.62403199311557
59.03468515848662
40.52514393012047
31.167961141735407
46.128004008211754
282.5462549374826
39.44171953594579
213.80418872088254
38.337003426091805
34.24538804383133
15.90268056021106
108.8732581636425
39.14278582478909
16.5310224328549
28.483351624934013
9.688432066444635
227.70634138707544
12.318613482996955
13.978144818868188
9.645658257841959
177.79185893354025
14.972939513533847
20.532600844984415
81.90525385329217
14.494381313124093
47.033086346948814
88.79083813164529
37.04512821808895
48.75730087213558
37.109206908045635
25.912215771155818
12.634935727522267
40.47077370329927
24.022027760712216
31.86325330432451
108.70043216269133
44.00733074380753
12.622210384584374
67.7599455430715
18.055579009795764
17.864818132943512
84.05806937493583
20.15088429495808
23.30602456966212
236.52698874435865
32.01311676313911
48.893198478263535
46.45672311527381
28.082566609705136
48.327428612728504
87.98028730897285
144.6883157149148
87.23402314971452
46.0847106269119
128.89861213872842
69.67671503250405
33.08170984759254
10.76361136272355
53.15733947829936
31.49790217036007
74.54285837201495
42.0788778993199
69.7144187143976
198.19511164138538
16.365204184726554
50.161934041880514
214.78296727050227
17.250702802355242
40.822707490728874
8.001250587742168
76.5978493548429
8.079141532766997
108.77503890019263
18.423662389129323
124.97365434882727
65.69452524064438
11.189555174702203
61.077162019445
11.405836475720042
66.03529655721483
13.951275845741296
15.950541719345237
103.78001578876108
41.59940953436444
28.215838518387702
35.7299720366444
13.413143551774906
32.16918396684521
15.352385882472712
24.74941912191943
181.96676728408832
76.96940487036478
17.03996828253227
37.22754979317584
91.58252192591908
30.582622237484166
91.11790076826617
96.86066718444302
78.05845888311018
87.82254690363426
35.864765486663266
46.87270625735157
0.5921489934835389
25.887442735891163
62.41246976450656
15.47337078466772
14.153635224595694
33.14397977889453
29.447259132189295
5.017533561103421
27.044718248700992
49.388796739144404
60.792398184344535
98.88965256689362
71.98916679313018
12.988013378241607
95.6898591824669
18.953312102672385
34.11969198488281
130.41299274325593
18.695151290717774
133.61629171140055
40.51248082177855
61.35866217260053
31.24285427162147
11.684300536877176
219.79338449592663
59.871028270114216
43.83908102855886
154.48260182738875
1.6009690734651172
13.764029532854252
9.845945104245104
44.426496489418504
626.8137530194457
21.32650213703536
32.66037031492008
39.046076915083354
13.361064467069339
17.583004485311942
117.62583728815562
12.009789298809403
37.46846932134997
65.20121038450527
0.8742215524075259
259.62862268532183
22.06927124744423
60.30397091031252
101.16180139505141
13.95157967961037
25.120775422668732
10.556435335749093
35.17659078015617
53.56889271757371
48.548872406340436
14.803941264265735
60.0084351381552
10.800164437836413
92.55357016478628
55.25720924939194
25.22312514997955
68.21054796839134
20.424024633082762
14.504674090442023
27.932785065217864
57.39030725591206
88.54680843995351
24.411730653387252
64.90590951704203
74.3928068753385
0.5688421841953316
109.50019647687627
113.5182674817135
86.61923567244706
55.102901575875016
18.375958901461853
22.66533195606996
60.05572024901828
49.03969890464346
82.08251311055508
19.151101980214595
54.592428468843416
520.6608029625735
130.22351288098986
661.8238930113896
40.26743904178758
24.739515304133917
25.210676245304036
93.61961850479682
112.88799877918146
25.722086160486448
53.758282884541835
15.246902950947547
25.858006879802304
7.56442860948707
6.002539429534186
55.91633830224392
516.4229808398011
149.4430146066439
25.811637275443054
5.644140495511465
33.198562064985445
55.25643314244942
5.238686010056092
20.743958833189538
45.11779938675042
8.104437857599526
13.647124915462369
33.2867791554662
27.53064205292326
197.95840834766645
30.175374597875845
8.29370824365261
14.27049329994306
68.34362931265095
75.30495897943766
115.50808045157696
110.60960806118077
29.52968876920376
52.047826020332884
16.15748161098048
48.74215947052459
101.12189932709843
13.996854219527952
14.168975417866498
130.26205758108262
180.63176645139197
58.72113980188843
17.396633401403477
283.8771139782548
24.960973468454036
34.98972775975079
521.7960588559909
129.61054084680018
117.66625340928886
49.95772343936118
4.874217907480029
78.16623184746409
105.68627717676024
18.850988220851757
131.9684141696313
43.984848342315345
36.426725171493295
1.2936343905044085
37.5294007548589
76.77986628754213
83.11074199491893
17.490784750127077
102.22097434410408
35.243813170914926
15.823776190452405
15.203081640166364
18.461262945426096
2.8883585744011846
29.800196318523394
35.480221668598
27.97252310181408
21.061520350962272
6.2723588537863755
258.72600430810735
70.04624973963745
23.159662496410007
48.82283061835693
27.6897802070571
5.319804396355792
134.25735718333434
168.09663977333716
145.23343437784166
119.9517778014524
11.879322577731065
30.264485628401133
53.748255290192525
21.876666265449394
55.821396753033774
85.55412281001466
8.722668145595472
102.63424587360504
9.90633320371806
24.34793436054875
31.19115291723731
40.262500835046495
56.0621449725189
26.411619023853607
11.118479019434163
40.92960574413865
30.01184763048603
21.86567753149242
32.68962289206575
97.90785681018698
44.84450133119021
95.13682440516232
27.29304497680427
37.949394797941494
327.6453410147164
31.37249593072835
100.8597962567223
7.4247582855331675
88.09664480486015
51.488980139534874
150.52394491653067
59.6581551999651
4.389025544094229
15.41270077872932
19.028994641331465
39.102508895647865
98.17776228173571
44.849922601203694
42.127893811153555
131.04802979539107
14.334690822495729
31.819758721569844
60.369319285614665
21.684402335937023
35.856519310435374
19.5232218047196
9.610214487590726
32.818548862124274
16.630405368249292
32.04615818207871
30.38330072059308
29.9485366093279
88.32379852657891
76.96483837683454
52.888575235480246
39.90815963522446
46.763883215744606
6.525725362605314
282.02786657154684
38.372615845118325
296.907235629857
11.406809738954346
52.4103626203588
32.14552092599231
64.80028051128487
8.772898231152137
34.91088106650245
32.35937130791688
34.13115118259391
73.28279780956042
139.95529348964163
36.9620464840002
162.5105777520507
10.799526940289079
55.8877937310773
98.03094793808515
18.81530283095524
11.852091542751932
21.38652532571948
20.64335481710541
6.953652482953916
61.35472373742271
71.90690171708987
13.53164909195395
17.60848787388139
45.19951054142545
79.69692377959524
19.111250148322696
19.26393751719101
97.44371510870295
383.1684515820978
218.59082280775883
58.934493396575995
16.86115544730992
30.05394313584225
26.263947184499028
80.37654015757272
115.25111521182399
88.61142616394059
181.14436729868166
67.79723961419305
16.95198122041172
6.020188526594838
11.636166408305535
22.7857113764889
122.10171609539046
35.61222982947244
57.571656036593154
31.02467711069203
109.12119922485596
52.24641150441937
29.163983546185733
44.50672236079638
79.10434481221148
15.106784606251992
151.03300297688503
16.13720571819109
117.26052705106211
17.231863702380238
229.56509691626795
71.27762988855513
49.22350275121199
65.63201113856809
37.813020734824576
52.31529013433311
28.248686058205635
71.51533846536645
108.2456266671092
198.25126680688993
39.37885463704196
56.686929694002025
19.589243717823795
110.33703609545776
28.85875743906285
16.128210511975492
58.39746934620022
65.10847251285058
13.742689864697656
94.82145487332556
14.147304763139697
41.47822219649389
43.36976835073817
49.457918205468005
23.496435519082514
21.333943081167867
84.07132337259492
18.03773845878291
32.118195160675036
71.27531713614195
19.76373238456879
261.4654476123622
11.62984037847089
23.392596363591018
15.14174241490084
24.358700872874916
4.16439235035358
50.046841057867994
56.60245555388842
20.971617021311136
1.5548725393596279
159.45586966151222
126.63658664641237
25.334734355875124
46.140837365958525
23.065305459797994
81.42185636604164
144.02428902064992
26.690104623711772
31.653034651903315
47.42281361978818
85.7887261716479
29.052963809645767
44.90073533188463
14.868990218199068
68.17191172952165
18.442724808834317
20.01066721086848
32.291090715652544
50.88887127843711
