148
325
164
148
241
151
180
170
181
247
198
290
267
187
167
219
192
187
307
166
220
149
163
183
128
0
156
249
207
168
182
164
169
190
234
165
167
146
265
315
133
187
142
295
296
188
252
157
167
182
208
157
122
177
156
184
212
151
199
174
199
210
162
230
241
226
189
206
246
218
195
150
236
142
139
170
213
185
156
181
160
228
179
214
0
183
159
201
176
151
299
62
191
222
212
173
91
162
348
194
118
295
182
211
252
143
178
193
158
180
164
101
171
267
165
251
244
160
266
178
278
174
155
163
218
189
178
207
231
253
383
181
171
162
185
205
169
276
218
246
196
174
172
215
223
295
170
252
260
212
326
243
167
153
213
376
177
172
351
202
295
189
204
245
165
219
166
219
219
177
194
220
173
0
236
282
283
141
176
137
333
254
172
216
197
218
205
189
185
176
222
179
189
193
173
190
235
182
300
178
137
251
245
174
234
190
168
174
0
295
209
147
177
321
173
221
264
210
183
159
161
198
292
178
221
192
353
127
252
187
157
184
190
270
120
205
180
171
199
152
62
160
228
184
243
187
278
142
189
173
183
247
157
157
171
254
184
178
149
189
278
171
207
137
170
304
160
312
50
158
338
199
276
296
207
155
152
335
156
352
188
221
176
169
165
175
218
230
238
193
167
326
231
157
255
161
148
277
161
228
182
231
180
178
47
169
229
156
188
220
154
221
126
87
217
0
196
182
150
153
171
167
270
206
159
307
183
192
249
231
204
266
196
294
196
182
179
225
183
189
176
205
170
215
146
195
208
190
161
299
127
138
329
162
176
165
127
160
238
230
195
165
308
169
204
298
193
319
181
195
242
0
274
193
245
165
172
165
248
160
124
199
168
124
198
157
170
198
178
166
182
232
135
247
187
84
172
162
212
163
179
148
323
160
185
203
198
207
174
211
117
179
185
206
174
170
195
229
201
53
256
223
212
90
162
209
271
170
293
238
221
224
136
184
123
173
216
149
238
245
181
192
190
207
152
257
180
273
164
193
172
327
184
164
202
208
145
214
214
304
175
213
203
284
188
185
200
171
158
297
75
180
223
140
178
161
169
193
125
329
153
172
197
148
145
191
322
309
175
317
0
260
154
320
175
118
169
224
147
240
316
362
186
141
68
172
335
191
220
165
177
193
255
182
190
178
214
190
206
258
259
188
184
195
288
155
154
76
234
204
180
301
183
204
183
0
0
328
337
111
224
157
177
148
302
168
237
333
186
192
184
190
201
190
165
164
170
174
219
259
123
156
142
174
268
173
179
302
285
283
186
298
278
188
313
169
173
178
169
186
141
0
147
190
218
132
155
168
174
160
300
204
164
166
181
196
134
198
150
191
202
138
198
143
144
168
221
260
178
211
193
192
178
0
215
163
247
178
138
182
204
175
148
184
245
167
184
172
238
178
211
159
175
216
313
246
172
183
295
146
202
172
220
278
201
223
234
165
126
158
159
141
194
185
150
166
197
195
291
173
184
217
177
151
213
164
129
149
264
193
210
171
189
171
155
174
0
198
264
183
242
126
206
175
227
301
149
187
190
193
113
310
139
243
198
191
204
103
218
195
182
268
175
172
202
200
168
152
164
144
231
179
289
153
257
188
180
205
283
175
299
147
307
172
103
206
179
191
178
280
303
287
228
226
174
164
186
139
303
202
199
0
204
189
137
185
155
292
202
160
173
264
246
199
181
168
209
101
199
251
165
292
157
324
156
172
207
211
174
157
177
58
177
174
163
176
125
256
138
192
177
214
185
242
285
206
273
129
54
177
190
279
262
176
247
201
197
268
306
259
221
197
166
171
279
281
161
227
192
213
214
223
174
231
62
158
212
267
150
228
99
193
219
216
158
220
173
188
236
197
144
221
204
164
145
232
150
232
213
157
228
192
193
256
224
164
168
196
196
31
167
193
212
176
261
182
170
233
151
193
232
187
309
277
202
185
143
141
185
156
172
114
131
248
243
179
320
301
162
198
219
237
321
185
190
209
46
254
157
154
155
266
167
181
271
172
204
162
258
123
156
318
237
269
182
165
203
205
201
281
178
170
146
385
163
178
196
200
159
181
222
160
93
203
192
173
160
169
163
376
180
168
176
227
265
181
164
189
243
211
200
267
185
199
186
172
197
268
116
215
233
132
254
200
211
179
157
111
131
97
176
193
192
167
158
221
197
201
127
266
293
349
176
215
203
90
165
45
188
170
216
215
140
183
165
175
198
294
137
236
164
266
164
189
208
291
190
198
157
156
