0.850042509097646
0.8702888592611853
0.7948015979168372
0.7876725127876207
0.849174210735774
0.8779493528496007
0.8799523536337002
0.7861429515302341
0.8240279028975703
0.761874339460266
0.7093224755960896
0.8390092892041656
0.8722582486430721
0.8503562793871415
0.8276668353108922
0.7805638991669321
0.8621682464504237
0.8374541070896715
0.8497956207660292
0.7133037359170087
0.8737599301397608
0.8347929998731813
0.8800726183842773
0.8427649729957425
0.8380920026967569
0.7479296990561669
0.8727935043525561
0.8913627671661135
0.6039769628154169
0.8685472405537626
0.8409156489173597
0.76003455647988
0.8638641465562338
0.767435144320713
0.7480755787946771
0.7164700037614863
0.8482321544994572
0.8348325529795275
0.8930178544794196
0.8187445264990807
0.840683290200387
0.8732518997772547
0.8120204465523954
0.6444951574331725
0.8126294162889152
0.8634576809722372
0.6659936630900547
0.873321600010515
0.8037117679279092
0.8516919343911413
0.7893574729399266
0.8289931951689791
0.8213098303825854
0.8226317162132407
0.7963214450483489
0.8325867326919092
0.86035515213149
0.8471003628538802
0.5269766205037227
0.8228655926139763
0.8334897022187854
0.8421143725404163
0.8460674377464106
0.795424693207566
0.8387752013353205
0.8024769225465578
0.7946120994882724
0.8435202671909698
0.8295769435700395
0.8758584388167009
0.8320148656144117
0.7004776588516922
0.8448291025827822
0.8608669464268852
0.8432962364958101
0.8593237933465319
0.8401439439500433
0.8631654251857989
0.5790840315618219
0.7989009447454745
0.5051805490769739
0.8387319025263682
0.8564909841471511
0.8056659149917182
0.8532561535255324
0.7882875568869596
0.8238420488202519
0.7802792292252057
0.8134002974467369
0.6431684887732323
0.6818445613670987
0.8883447846768561
0.8191504778946249
0.8586023581353773
0.8457073375082638
0.7466504623285253
0.8159849419733708
0.8627330910406505
0.8718195933382811
0.8256551406710598
0.867713564512699
0.8651533044367987
0.8047938926192638
0.7701887081526979
0.8243227825989555
0.8529725386602287
0.8022943167967922
0.5462303024118546
0.8263464686836861
0.8487431132829015
0.7252914992411272
0.5823773450897372
0.7978762203004895
0.8753655256834474
0.8098017367249586
0.8557424147407497
0.6188852930281283
0.8322412920105762
0.80509752716344
0.7834015943503314
0.7801691206229175
0.8422477119972864
0.7687702606841071
0.8085240098460211
0.6577140998196861
0.801369956071419
0.815374802528577
0.7759806879341962
0.824349368493547
0.8311252743942303
0.8414236887295734
0.7427539554492817
0.7885546280506066
0.8906437771139434
0.7791939677399935
0.8474085068449111
0.834615823619375
0.7879460242484412
0.8878494206241572
0.8483229262039688
0.7923264404986755
0.4759929981727239
0.8901067109670244
0.8028354039815766
0.7475139390170449
0.8429602124125202
0.8033837547520419
0.8521569406050946
0.8655749724408268
0.7949055178936437
0.7881640055114397
0.8486352453460212
0.7833164855699172
0.7446895429407827
0.793284290013655
0.8140571844540454
0.8764657938720357
0.8717912702549601
0.827243276320571
0.8588672565085118
0.5837354705670235
0.8373905834596419
0.8363063496326758
0.89285261128387
0.78545801326706
0.7201322114168964
0.8438312379270996
0.8519944599213
0.47978770872055443
0.8690613568202699
0.7007708663926187
0.8861142021830817
0.4940231185480869
0.8061783379386072
0.8401911767444687
0.7771096912188981
0.8294803704636937
0.8887603032232148
0.8485608260710458
0.6679017322573675
0.8597324670845714
0.7939260849554628
0.46617684056838593
0.8523805299343843
0.7826129584688826
0.8870068393170178
0.8176562991830749
0.8779255837213933
0.8344981881995492
0.8672127419913241
0.8030867927791469
0.7797174745435074
0.803426767670854
0.8364474479764892
0.6450211453038425
0.8690848387839474
0.862961918075162
0.7097004781610841
0.804497908394467
0.8600419081879535
0.8783601347713641
0.8393521515070876
0.7969774957516647
0.5833596518342941
0.826109555246468
0.807610027342966
0.7635396903259813
0.8445751378836869
0.8199497061876055
0.8593537388610144
0.8268925283130466
0.8709847817415475
0.8219742326777532
0.8105392827469458
0.8921134899945615
0.784142810763682
0.8244182940723311
0.880588852475807
0.8215009125147381
0.7571679871509112
0.7625779952244752
0.702894629676389
0.882368366021435
0.7158957134924965
0.7912638986056906
0.7612149182676897
0.7782234876233738
0.8634606009127612
0.8449458044534164
0.8757845575900218
0.8336770707758661
0.8484809826279323
0.5623600637357169
0.506762119035348
0.8556555486256325
0.8182377025081418
0.848698961224244
0.7878067920049971
0.8894399531763311
0.874567478574406
0.8505359237779258
0.4296753482956066
0.8042385063950189
0.8547764446903996
0.8084565740230708
0.7635902645384705
0.8300593661591296
0.8112720398879245
0.8376939649384387
0.7857772788591884
0.879728134793405
0.8579587401768021
0.8697557516285022
0.844871035321946
0.8511446138452357
0.8332666100942975
0.5168814613297963
0.8002441868894002
0.8138623081408727
0.4887998997192496
0.8260506374943836
0.8051922485860336
0.8672489408657567
0.8798405322684444
0.8468256938780887
0.8558549040956873
0.8432330247716602
0.8109213632922705
0.8445148326234457
0.6832717631744013
0.8087768387292695
0.8935759699212364
0.7539151981861388
0.9032990113416968
0.8553853121848474
0.8625343895649895
0.8302459639364494
0.8380844675727621
0.8978253306766144
0.8609421399656378
0.8363973312666304
0.8204562649202853
0.7971484785677839
0.4782828763657596
0.8733798892460489
0.8475103012652125
0.8139480098522254
0.8337843363010813
0.8494530481325595
0.8827343798226694
0.8307495221112129
0.5369426113724631
0.8406856423218227
0.8459995688238546
0.8034525217394033
0.7561255420290873
0.5557100640707776
0.7129084581852968
0.8768020913002403
0.7946856402282311
0.8434566031613573
0.6755900541578795
0.8761768549519913
0.703035777656173
0.732360015241363
0.7149231742402571
0.8343817647330325
0.8313777123832038
0.8614957135858192
0.8542609032701232
0.49715125154316575
0.8611405633552185
0.7350830786141818
0.7732136490072362
0.8648974978924675
0.8005696337067922
0.8706454492071671
0.860818453967721
0.806863136167951
0.5226704617885799
0.5228061779683797
0.8193579357923043
0.7861432991991935
0.7879052056843157
0.7875804818706618
0.8600452399914349
0.7772453054879367
0.7177039033634276
0.7884817247274615
0.48614925273911214
0.8717872628347225
0.7819173284679526
0.7780891118000379
0.5752396999396877
0.8544605199272259
0.8307272938921773
0.5584716555155139
0.8037941040391635
0.8324673256333046
0.8248295783191941
0.5893287959148701
0.8291635912662603
0.8595743416961756
0.8664888124183692
0.523048133006319
0.8151880636983894
0.8569268500692359
0.8513151834286354
0.7805725214330508
0.8494604249880815
0.5844611260150294
0.8536041503566583
0.7886674442836832
0.7256148560844593
0.6152530076577194
0.8305527017791609
0.4592063743600334
0.8861576150761736
0.8377263309678182
0.8229707078080892
0.7852751349350824
0.732667366167229
0.8535646988229426
0.8764866317656855
0.8571583161480283
0.874183713545682
0.8497252506675759
0.8200495948064364
0.8713029969276402
0.8764604333120702
0.8737283411868884
0.851535004231589
0.7281704755029901
0.7594503217294726
0.6748964269396179
0.8965587325755389
0.7133487167789927
0.8059686433594577
0.8174251373780708
0.8635031500211141
0.8784090251296544
0.7986026863573126
0.6626947315447482
0.8072604107532905
0.8153673969895678
0.8584429414197949
0.8484082435878525
0.5144240644991285
0.8471115220220208
0.8828230484763904
0.847833947938342
0.8864582266631423
0.7126128956273592
0.8219988522706896
0.8573309281703481
0.841825163252147
0.8081149478429432
0.6519091450858465
0.8668325206096623
0.8405636316423042
0.8161864631209453
0.8174924922651304
0.7908259023298969
0.8098353092912086
0.8288765374976677
0.5280514659143963
0.4661981149322835
0.8451092470565584
0.7277464495990913
0.784565764066572
0.8154134769496327
0.7920591812856348
0.5008155745832975
0.864639296909662
0.7653251405245987
0.7176224522690885
0.7774755657633101
0.7269276698813045
0.8281126735305402
0.7268524143814175
0.7705098549290835
0.7456960555394182
0.4576290084095297
0.8700824549120533
0.8553962568943706
0.8228949200454356
0.3901168266964914
0.8485061832806763
0.8605742769243623
0.9022775170806905
0.8389570140238896
0.86334360773227
0.799862382538878
0.8277278868853437
0.577228068803852
0.845268217477565
0.8325664779090408
0.8259076495847755
0.8681414428274352
0.5410008620476459
0.8503661704379443
0.4921746912372421
0.8097715422110191
0.7881775156913355
0.8994264139541485
0.8656082822658474
0.8525127117684701
0.45912523325829835
0.8107151848406595
0.7994170084714332
0.890272230488605
0.8724654866182942
0.8383410483921653
0.5578492534770598
0.8709008705331232
0.8329125624336366
0.8918117882137311
0.8331802558860033
0.8686154896694503
0.8327246139385518
0.8412021676932404
0.7619791224720966
0.6630296526313458
0.8594534258749094
0.8718101681799209
0.8724803776745569
0.8256969750849257
0.8140288974824752
0.7746316962564099
0.8735582123500392
0.869644296559001
0.8708971167765289
0.5788256610501086
0.8174025640563415
0.7580669932105217
0.7693545110269139
0.8522129939023912
0.8204465538936947
0.6974373294882233
0.8659543492284365
0.8545085673367454
0.8304210473219731
0.5408965578638572
0.8345215971421807
0.7208733192327069
0.8492504075335783
0.8039960093368839
0.8190502568043162
0.856269693810439
0.845964737828754
0.7498710475865807
0.722594453692909
0.7072066847237344
0.7937739591732669
0.8017198604174289
0.7544787537812708
0.8129887172670056
0.7580277048585127
0.6966076247575934
0.8620727038031378
0.7589739818310087
0.7500351626514055
0.8201385712612612
0.2811128991663007
0.8221064458111839
0.6758857009171136
0.873449934879225
0.456256252783382
0.6779627578448156
0.8462490478968183
0.8350661787087821
0.8558069632864864
0.8100549751018737
0.861793825681299
0.8218656447893025
0.8311117628797411
0.8299098678935863
0.851292102703711
0.8268368394294021
0.86575661901753
0.8943137603980834
0.8364082974566673
0.8677571189003461
0.7449383773137037
0.7707963727868952
0.6923120865224417
0.8215973934780485
0.821379498377684
0.8610373240843465
0.8225123109726611
0.8719722490788666
0.5983935134910146
0.8346951455548798
0.8257387981602978
0.8355428008841836
0.8133521816934729
0.5681642430654279
0.7988774913986321
0.8201407799885101
0.7471539046902141
0.533938654770551
0.8379320968629842
0.78044667994947
0.8035775303952848
0.890008963126131
0.8668597651716741
0.8521453330485421
0.8483266586362905
0.8631035666995749
0.7690583508968286
0.8084051840370855
0.8295523341171693
0.6280516897537871
0.867191267236563
0.5999874016070945
0.7220574758486459
0.8588048904207495
0.8721161205081486
0.727420904145078
0.8262751077117226
0.8624401864174185
0.8151016374969717
0.8823335155110301
0.7857617779878561
0.3544186756487849
0.8344114477242283
0.7406433659594533
0.8741342071021128
0.561982774439375
0.891407633067175
0.8271284350084336
0.7263721374244305
0.6748372877734865
0.8132671815395695
0.7983039750178479
0.8790293025610179
0.7833138230255401
0.49647872008334326
0.7219382005665381
0.7868181834351902
0.46300716097432365
0.8468991231355419
0.8377675575922869
0.8189539683041145
0.5454401404085135
0.8010256340653977
0.8489889595156279
0.840147320453301
0.8140728381037572
0.8048817904152485
0.7825991299505124
0.83578802783361
0.7787826401802955
0.8594376949881048
0.8532790786074729
0.8754243581337855
0.8079134337399977
0.7892673745265122
0.8203810608024686
0.8682908547248268
0.8352200016211289
0.872649421756069
0.8417165284106818
0.8715876911921201
0.8633525619765584
0.6441118167187028
0.8488930238514318
0.865224630010696
0.8276322827867516
0.7835297295396844
0.7720010302566392
0.8381667278220555
0.517223448383435
0.8679063079014566
0.7981310817974927
0.8804148993727907
0.8463224768156145
0.8652832739852974
0.866795266007605
0.866757824789365
0.5383618007619133
0.7944493153913528
0.8057623889378355
0.7018356713388965
0.8829047617818016
0.7907785292591007
0.8469735863432132
0.4019620924269603
0.7884404035631832
0.8143814497619062
0.8160800004167437
0.8435291682696657
0.8583894655980424
0.8478278351439953
0.7800079544838159
0.7608949655735787
0.820900363567818
0.5769367081140653
0.8157551223066426
0.8205373695366517
0.8264936837937451
0.7571804026830616
0.47644035615235536
0.8089247826411237
0.7993822341859473
0.8572362645261442
0.7838869218930806
0.809191103780985
0.8241434867327423
0.8264791148449036
0.8598725474701742
0.8173131850327888
0.867226062582324
0.8402582124400282
0.7347907499115564
0.5750241406415094
0.7948096628909129
0.8241808527389874
0.8542444624719066
0.7868749435590688
0.8292062318878557
0.8251672954676725
0.8861918917723435
0.6395678712853943
0.7274680487394668
0.7830835736598312
0.8195445503894095
0.8342684353606193
0.7930552356451528
0.8337281915917145
0.7814115067376728
0.7902876457663448
0.8085828262551703
0.8495538938737479
0.49754552253474493
0.8346404659497054
0.8087784298743685
0.8139932562940422
0.8076449707777223
0.7830220944344144
0.864784097251822
0.19026551402456005
0.8149811510771905
0.8959710651228633
0.8645590320386447
0.8024193603484377
0.8475130054889322
0.44223852195489205
0.8699282121844669
0.8558675079925149
0.9006597034975798
0.8178193729224614
0.8725855942510528
0.864008148377561
0.8273514211763577
0.8211001393688736
0.8449020055615388
0.8700010869492931
0.8372741703505997
0.8472915247440926
0.7057886442652461
0.881467167983736
0.852251050718894
0.8317150544369909
0.5256015167125565
0.8113735278348295
0.7423310609824171
0.8537653254865363
0.8233545393412482
0.7889550490588746
0.803057356514139
0.8641111368314711
0.7398072847344754
0.8276915343841494
0.8274741991589174
0.7146614439546137
0.8778452911404802
0.6790947567525932
0.8632202875764367
0.4307030871902035
0.8298571354181575
0.888839730271211
0.802279703061604
0.848286222806281
0.8550974132920603
0.6375467197671226
0.8367864568214662
0.7484170731694396
0.820759497748295
0.8381015949101053
0.8794610008781567
0.8359829228757647
0.8486150681200917
0.8562727110581432
0.8576916373260064
0.8220547942815368
0.8535280729247778
0.47125638648334367
0.8684722285666715
0.8157054485778333
0.8134447164668619
0.7995789523424688
0.8160970324501333
0.8265548281918126
0.8455811256751034
0.718110178102846
0.8303069148502624
0.860796568768142
0.8750154994240456
0.8840466867725915
0.8272781535183582
0.8687581679232046
0.5156165646918421
0.8319249747329054
0.7685251193291184
0.8277980279636455
0.8440966909406109
0.8504291025926729
0.8643201496578428
0.7984916705272727
0.8421209143438788
0.8599335032506841
0.8795042086119413
0.4568460232972228
0.8447840951325554
0.8013256808843597
0.8237049642389913
0.8020734733581687
0.8413685080409858
0.8195878651081299
0.8946710699122893
0.7836079904262525
0.8010386827499889
0.6907875677304622
0.8649897769727608
0.8844651404062287
0.8511386930881966
0.4903357098327291
0.7440362701535834
0.7200635477094617
0.750830350714534
0.8450344070690563
0.7696249049780199
0.8186307393728878
0.8714071787889276
0.7980158838447639
0.8141683665932795
0.8658776328079145
0.8626862147937384
0.7693060617090579
0.8712665085624758
0.7593307486118774
0.8519585901661332
0.89637270347808
0.8800445965724031
0.8508411296323835
0.8762340311551896
0.8624560693199324
0.8473768915829603
0.8261315741995587
0.8306398943872665
0.45365754339672326
0.8125304343529665
0.849508568450691
0.8500785109690886
0.8478863962793932
0.7430517848135093
0.7915848703344506
0.8344824622740455
0.5878070343574295
0.8179812159718589
0.7780970838017003
0.7557500551529606
0.8619518946094686
0.7019157269180203
0.8197889059409922
0.8348425066089776
0.8308183124621176
0.8404441650502341
0.6198611023171192
0.8111805052756511
0.44058212944290914
0.85532868296739
0.8306145989594355
0.8161527470572878
0.8011498942886988
0.8503962925466291
0.8335609345525734
0.4932010753031986
0.8535943196113385
0.8541898581609944
0.8750725740450636
0.8653815584767265
0.823733071868041
0.46226267311863634
0.8462252270594102
0.8312917082885473
0.8342363944474351
0.8786999571864709
0.8585518419002311
0.842916666286371
0.8947649995317404
0.8283292090100683
0.4427960261419963
0.7341788618969569
0.5148906629462119
0.8500352707098193
0.8635871911070898
0.5016891252162992
0.883447018200829
0.42517162798772057
0.8030487044275985
0.7633735352514526
0.740798350900848
0.8138956815014482
0.8104251336791862
0.8192973039053295
0.7754788239583119
0.7849228019158914
0.8579590298945295
0.7537441177973646
0.8243411648442911
0.8624234591333705
0.8610993493683781
0.802032892743433
0.7949153253115985
0.8521179546681479
0.5516501623807913
0.8454413194309
0.8532498118150277
0.7109921709760908
0.7221056673416686
0.8411536439197727
0.8552828405430886
0.7494621915929602
0.5565033783116868
0.7938470625792633
0.6066686677447051
0.7230174075361145
0.8445738993010724
0.8660947665091309
0.7881130079063869
0.8423644850349485
0.882662124354589
0.8433409693300273
0.8767653711170039
0.8178043373654804
0.8813853599625922
0.8593097010665307
0.810394972306768
0.8758801778243857
0.8469076620816121
0.8150979393328762
0.7269694777308174
0.8032340142742869
0.8427113809024227
0.8493494464743392
0.8609201677431015
0.8275538535219706
0.7197098910393706
0.8952371620106304
0.8024700207832988
0.83803304506142
0.8784417363988398
0.8668699172291618
0.7844841901752688
0.8685753757291742
0.8854685138862888
0.8370539028176343
0.7659847846571404
0.7887118780114415
0.8241179782344827
0.7819749731717531
0.5189354180135219
0.5923513477048337
0.8394422791460474
0.8431625630158215
0.8052011148519533
0.25389824495671487
0.8334836298841982
0.757077641134571
0.8858660578437674
0.798973963720266
0.28982914171230323
0.8673283670280273
0.8063528626779518
0.8677179860418571
0.8930433055857834
0.8591999673110395
0.8672282858883397
0.7649630287053544
0.8010354431370379
0.8364074071912191
0.8125883504012428
0.8625896204340218
0.862008827043147
0.8507878622962765
0.9143116723874765
0.8633846382904071
0.46891606208693165
0.896576484844161
0.8683926750717746
0.7379243662554754
0.7404063684413336
0.7864592577326377
0.8925928677312216
0.8387942597756854
0.3163804599836164
0.8346514809009717
0.8004232890452084
0.8732933231328317
0.8093911550552305
0.808638745804745
0.7867358373764275
0.7790753867958936
0.8169169493829822
0.8487540414714972
0.8301308288146485
0.8767795124504609
0.835836199584997
0.5357095766010732
0.7388645320914913
0.8751723810654898
0.8444301902370224
0.7874125423939197
0.815847519422275
0.8108145546374679
0.8155901670858334
0.6440221609523737
0.8599274462465007
0.8508606050186481
0.825368760781155
0.8331424113744949
0.7199656829150161
0.8226729921966599
0.8360232221982948
0.7944461613862802
0.8485691265421196
0.8064932911273821
0.8379134574087455
0.8722853948986407
0.8545781625366047
0.8470257402582111
0.8751553032152952
0.87455202407358
0.8535218947458303
0.8457335080053807
0.5242555451212583
0.7351143232376245
0.8368972429772863
0.8591923813700973
0.7539650712393453
0.6779446400444513
0.4769173081493391
0.8793286344369087
0.7567117684230703
0.5101049837907783
0.8682947787713804
0.6653443297000683
0.7725322233717256
