18.8300059857198
27.450997492841744
23.876997380108744
76.44674037267586
57.7298549124247
143.2883771202785
2.4388906678855693
101.74419417121833
41.24853281216649
13.033771673491502
17.136447806310507
16.52357819531996
110.50087765284371
26.55759153742237
18.060370612427786
40.65696496107838
15.35195942871475
20.896858756028145
118.49509113038707
23.576484428092872
28.494998756383136
46.20343758915164
287.4603121136224
16.842040523503517
30.656554139848765
56.16581350013319
76.0657271725985
48.23524104687388
18.13125984958874
14.689827819547329
41.69074234359398
7.751794298831418
38.33495494471594
22.441695414163267
57.954759039335066
11.676924687669336
35.39757047940157
52.10576901925293
148.26953769205775
13.98626222942751
23.839981091882002
15.350527478020464
28.60818267535201
47.48162337945649
13.051474271227118
12.332326051727208
25.154488528963604
24.75773103837072
32.42102831424172
289.37612258331745
140.28369229489473
18.37030107703154
24.81144810369221
231.50089079714772
14.020723409342565
63.343176041738005
15.611693548765937
18.227108678122114
181.625071195724
53.215030425333936
15.006045899772275
245.6378072524732
60.49945424261047
34.06674961561807
33.72993802588301
98.97033877597161
75.55930191112144
26.85585825629468
42.03809302919504
24.825547361434985
9.385974924912556
15.76834729766259
7.873140128165865
16.24997541753885
15.650166279639135
8.687923014414034
13.790638840386281
125.22296671942495
16.251216014615014
13.402907100769543
37.261896743558246
33.782732238008364
20.983368433460658
28.667600286719967
17.502443122330266
22.89768785801386
21.83033157587973
12.326332694478111
84.17867899862256
43.392757970360336
137.47172979951787
8.478974953138568
29.24326576414148
36.91944535929768
66.37780640554975
9.561609469933561
35.07409174076006
42.788283822598494
38.07021463243112
85.38549337460087
36.298470616946275
8.151711717662838
157.2069475735351
8.037219975166026
25.923519550423002
16.052719766253336
94.92139989884835
11.944798287197747
10.042267131314413
0.5229521589161479
20.72073261181601
46.06432034172011
38.45815362167567
222.30929301461862
37.5937336579728
38.25139599837689
24.31547784047595
23.480116475952812
115.44763982176723
22.694473030844446
311.67864940541506
34.15969095177233
15.282585438580249
14.62503942352073
38.91408743475172
105.74744347034121
51.723082406081424
63.770848476048464
23.58917503013101
145.49151442319118
46.47916755628207
114.69299340398521
82.28431145203773
218.6081301435657
18.53941772398681
12.035224412852958
152.64833682538475
20.82051511477547
41.83843425859816
33.00609371995893
19.642114084471082
21.162591376603803
14.983399941925367
270.1511462530394
24.321992839777412
158.8305597785978
36.979663898677664
14.790853887254757
64.40960716077454
30.9793037644391
18.10200368304912
22.22735808388247
22.855794559123364
20.21437818161105
98.48383384230453
106.34615304122882
50.646658743898
38.676530392016616
48.8803107235171
36.54114276461618
16.800406525634585
23.38937829321271
59.53737520709837
12.144289395664
30.93868022341408
894.8745629589657
59.92797306900384
69.61920212449235
18.41215238279763
26.311888097329113
80.93203875889428
35.73163471143773
197.63052216069053
25.542255839277026
15.631214594994294
25.121886770552834
79.93991863129303
24.56234500926781
14.217708000559224
51.485264708045115
55.34997832353713
104.24219421889242
9.678932239217456
144.20271548530675
7.803455965188689
14.238337327832411
37.43882589707947
139.11796523443496
3.240357978162823
13.029520961354867
46.48955099693981
26.14551959964639
28.40839741664025
35.03812742907344
26.944077893883467
71.56400467216768
111.92838814136044
3.796392367723176
40.95185356968245
20.22016520591029
119.82418167239564
11.529989224950482
11.74365148985143
94.85379552993423
99.01607148025425
12.768565637374103
35.21132086528268
14.193055046987947
70.06361085247038
1.861881667406628
133.0611685854168
23.488452140429004
39.661878446416154
48.681279599644036
38.693588960477264
9.423131515867183
64.4017880442339
969.979086535616
10.989021840720877
20.348591149926282
28.174039524639348
10.287622949238395
19.06404319055231
19.67592336197563
27.080857090520393
64.69839337726593
40.61135622107729
24.496679636091578
130.2120553207373
19.070938301885413
41.83344316335855
15.3402871223866
24.60213523384994
17.549463277225687
12.318813707726608
23.85690696078633
31.715994315943774
252.6428268923201
52.845619339444035
25.530449619978157
39.230998516791395
15.863130970439308
26.262108965909245
101.5605384073595
37.03861524564778
28.8807369242622
43.24222961517727
31.41949181546054
44.18949712325302
41.146930232947625
9.95015393385346
64.35674683487053
17.955570526250963
23.284383783092924
11.00677788585129
10.472040208877194
7.164712283577211
102.24377632382745
88.57770438228079
43.90194455900816
86.42587172592326
40.63472697836129
103.3337107291239
17.842727410522414
94.38286280665962
237.63747794925087
40.97638905695788
90.03360169609941
28.264026974330005
18.055406927822208
11.182253065751938
8.928712021335773
15.163498514510978
21.015148025073135
11.876302997800419
9.47020584574166
19.95608515258961
74.93781640705708
112.41055579085995
29.312171814350155
38.547227301424115
45.24879954716276
66.1412352202941
28.178888842571954
108.15606703164275
19.50660960301856
51.87922953066683
19.68200564390566
34.542277739644454
178.3317550276015
49.21918386226007
31.09542735124778
15.40328842902059
42.538105628758665
7.554405769267985
39.91406460785692
61.0547570404287
12.532652883490098
65.84610526756838
102.58207861669753
17.310261441344856
16.142103171336554
30.592311357892783
22.43965596245808
109.03198725418308
348.0400329348576
49.899032478672545
39.76835275117001
80.06802016805977
49.895491378022314
57.30264979270834
23.554110602968294
27.742387372085464
5.823608047423858
85.33342648423609
366.99068818945796
10.99297296743956
24.79086461518636
85.71315898102945
63.45951105638988
23.109994410126294
278.0103396866816
34.019764591208244
6.80819789535251
26.405356780879398
39.1558128360675
28.042329524676948
27.017678537533858
44.184439545592504
17.739338569591933
110.95380753837684
21.93435427358571
25.40681760327396
50.82488347522022
18.88675748632685
33.203388202807815
70.47185837470884
23.5435569699377
22.624078404397267
32.7364906396772
99.67672743552816
20.03377771848815
27.222868422834527
15.628447663341275
8.8736495491131
134.12751747227398
11.186234489706475
34.6364418102767
13.740008608210676
586.7393784104825
25.35983305891553
29.722145421131774
3.144024831341829
36.87396113252231
5.71258796431858
22.591857152836052
38.77420954038186
25.864285169629344
22.28976911662952
47.78757550609921
19.420548805397686
23.188730857516617
21.472792844310533
102.08961932788284
466.2508675356797
1.7521371548892084
100.95954881957708
32.57429889351184
27.277132599707414
105.401423553167
38.52465613376989
51.27839413596473
39.541202948150705
45.872282517021176
63.727690086212036
29.179181015808073
13.44819626390191
10.807808056602882
22.993388193536823
26.493718377805585
35.0593518398149
22.31259294822566
42.23563873158259
37.78488391706501
34.768189461381745
11.463024803106443
15.3952507203041
7.63888737290426
83.75909160440601
140.8931665416722
6.90772701698163
19.58906209899613
17.514473638173456
24.293366969682914
61.43472985006957
47.3998113483349
23.971205272660082
29.81033080186321
43.874144274156016
60.14076840125289
28.111932238839803
34.91553160214012
169.7730478212653
29.361227030336032
26.82974262781785
73.38602632264194
341.8613207163957
39.996394256541095
21.873127498777887
13.078085719081669
25.668757022834416
93.72801942907323
9.952616907753367
62.887418127851824
31.74822766507189
57.55550178870142
125.9029704034724
11.813241935494334
14.016936284386189
238.27987624994987
75.30100005992415
23.239316209154378
27.395009874322383
19.88122189012493
53.508580970191915
13.776892924669788
10.214716736315989
44.81084048024562
407.695243418897
7.920982805500399
32.96893362050388
4.398614282942718
21.005073166287033
15.711714958782444
36.95813243117111
37.855901498902824
40.80929292840054
46.690382642998905
15.319746301518027
10.95106649958209
72.76758450623
152.92167011703765
18.3536602349558
22.643485005787248
78.33264376851965
6.458875351341724
31.877624049183172
41.87676163231481
29.628779399163605
9.484814002718334
23.32984436257566
31.042126595028478
308.3898514233001
9.290032950735759
45.15530953028773
140.6972792714275
21.976005435414727
21.593582237619586
60.794138970455656
15.771370009017915
29.342735477256333
7.878190481775558
44.85239483279167
10.136499883541708
132.11588361742852
15.345674649956079
27.732257424936908
18.41009994907531
8.92824890095073
45.14539582753696
47.99243079360841
8.953144018779227
12.052638415531565
5.739063185505717
16.975411025285737
101.18228977745409
20.411454832636636
11.255113340765337
55.353771534396266
10.042185762786922
7.448031449629967
197.22436146546607
12.622879168040368
53.629122938071816
36.235302221055
60.11393224368391
20.507338008408794
21.986784575033564
17.589329617221015
11.604351330119567
73.0462033004397
89.33127342072609
148.72611721921638
88.78688677676811
31.23243108433568
30.22313858904603
37.97034174150601
14.397610248208691
17.111985829962613
400.7213131785038
39.50254708230658
210.157257356208
63.6172490778687
105.62669574077768
118.37715290719451
32.19100805972276
217.8253107316614
53.6607232378807
13.079640894970542
27.699220766919844
40.7463713599534
29.383684847869667
26.459094322704924
40.317075793626074
8.870126952208974
51.253903733634345
24.410605789442833
391.85150064150935
74.41791249924111
64.58021501128545
165.38356786190613
10.28009557298075
24.330991667903778
67.55996554914731
30.06158048965118
42.848600047150796
19.281137109193228
69.22516164989045
30.82178456875524
51.59093012324257
13.383795980232943
24.876793815219735
8.200136729655465
146.1397647593083
23.036539465834423
34.76943561088969
28.23275297707382
6.314915112388198
90.5184777433575
32.92905236482736
6.023463841125931
46.66344444589736
434.1594411480323
25.30135277519806
17.337498450062572
331.94607425341707
32.368309374083196
93.96374318048413
21.499053738214446
11.09470510718497
33.15294929699176
37.00746162734583
250.2212553978436
29.118477531192234
11.540859266930982
10.808362812730255
237.5593374435126
17.030939852878575
25.434057006185032
26.735504832933103
29.5150414250197
485.1533596734697
12.703345461190032
31.021379506878176
8.147398093396157
9.526630931612319
128.70354110669047
33.05030398843756
38.00795104760888
90.65962413280641
374.2266834711468
59.56021694544728
22.574288567068674
31.228070522403048
14.289964833298963
18.442317398240302
204.2310003224604
11.40003429797907
216.87766633960143
154.11978846799173
38.751271045131
14.43327825649465
62.84382943615051
8.098172558377405
27.378255561872102
16.111209005964966
7.3276989754285555
35.04158972048743
8.030454004491094
20.769352577589615
393.8559082232449
90.22602679258998
11.83643940204628
15.855854216459106
22.687701660111905
13.062082081219677
0.5605956893742372
4.5436359983053665
38.6963240026193
1.9666836008482569
27.840207547897837
55.00094984914362
48.009847013377275
43.2465975419864
129.48027946229382
18.326656052612982
84.53308811138112
85.13775414891423
58.6874782718582
149.06146135594088
21.40631846769458
15.689223997060628
17.485293584801415
15.313889469457559
29.718310273752724
105.85324857340841
18.449717394229847
43.27022660024589
25.866768508238057
35.14863747185475
89.28319088174867
31.017681171247656
38.20662103638598
16.00310567503804
55.21846125415047
27.817621737923037
74.14832084618826
24.717143723129276
61.670951650610554
18.679878290579992
22.481628279707216
9.977683247654241
18.114672689307056
15.086495726335299
12.49257221021077
64.08701347656736
133.41397803903516
149.32118108430922
29.52080206422358
50.040157573167676
13.87031326699554
59.61207272349403
61.474224816719854
24.423979280570435
39.445511945609034
11.32434191918253
38.23576241600562
56.47760960966756
8.319794347755995
159.21351093013132
142.16471042575145
11.184710384992446
14.287145765944496
21.49408440345878
49.269400944406236
6.879945868278482
485.541088983617
79.09816022095215
21.694870762060205
9.62383673355424
18.255242465996538
60.5688548163437
44.60279473637972
16.612452160981757
16.58363609827343
24.924993635894914
66.5539858850772
59.65855591937176
11.275772828504424
6.090451336042473
166.7417768148252
28.653304508592303
46.36695780231979
403.1905067363421
25.800364570980438
27.66917082769825
86.18321411488213
74.40911737748677
16.326088816851165
18.170122834641788
949.9297444456031
33.409844980073515
59.59516243894659
77.65000117702995
11.421567818877866
81.69310794935048
9.55267624909316
151.80049224463872
52.9637666619334
11.046868708812307
74.21812819080986
116.50658546256003
21.662667943831195
81.91065200121552
33.138609339802805
18.571276231356943
16.333852788803984
157.49844643560596
14.694775063541554
30.695809228386565
46.23695517204148
27.88242432627134
3.1047022858606623
23.403577866030815
8.266781581304736
9.358135406466983
14.486160572426668
626.728342567199
42.236364730352236
19.92399597474874
97.05843751253921
47.001963166419344
79.73142111478663
12.231536783589268
42.41901265202691
9.450830865510985
25.732454448330813
63.338108848137566
73.92444838656675
9.609939357458735
32.19925599685892
54.739601267165
632.9454515323391
18.89547456531495
22.42012315597617
36.81450610880633
95.00911512910092
43.8795809317783
55.491707732496415
16.24782987122176
11.821346601433456
5.602367394878654
24.46207905684381
57.26077408764753
180.75258412673074
201.6375881135814
22.774414858212257
23.2212049149269
28.323975973326522
24.4610929734232
47.62096653686914
10.710661128456731
146.10496115242609
8.857325913512812
12.314758489903461
41.36518446302365
11.478214366041962
31.624564874582266
47.0490461774216
217.95964612713829
9.450292865564105
51.00982605915588
151.6660651493965
32.33821891363129
17.40316045017195
147.0352875590443
19.10762588701572
123.06345016881075
67.66873593373406
41.76335979577398
31.30727126683746
27.06712413838984
10.613989040165956
17.27997082285353
129.44019033032083
20.016021228756628
25.849067022671306
11.649391756873815
194.45769220393368
55.21612148087217
27.466960333698225
59.165966811279965
16.927104453607054
177.77082445532216
69.10714525238974
21.24280317809106
45.02203418219744
131.26039213325248
19.5177538084036
16.659408946393526
61.350080120042115
6.3191591035635275
7.719995071542557
33.801383669783704
18.08718685024123
114.97542638751594
16.271407408169203
14.458506386916389
11.957410585156135
16.849222473649082
14.540514842371842
111.09534529080541
10.50384309320186
132.90277570384808
13.792971962020852
23.708182896267644
7.764552708475142
9.5444833966323
14.099802215661478
9.964427358534413
25.20742266498332
21.762115119478437
238.77907948908052
46.69307667421655
69.59523520507217
33.77495311796009
26.226162703401478
22.681145369865042
97.49344075320553
121.22906670360828
15.82522205661682
310.54874970548684
95.15245950811156
11.37732614810683
43.91762533415448
25.596708454302146
17.041492261787216
17.544486387742623
20.409628187506183
59.26556458718695
4.14937000770169
484.84612600114883
88.12063936809432
23.53088830617082
7.856452869833608
117.80614665665672
8.745460958068682
16.853013644489494
35.763224057841136
21.974796967287006
165.84493711951635
49.34005099461615
131.46606464489204
27.5183869965335
342.8466868561462
55.16019695265586
19.085056106376925
12.601973213584985
19.999842662315412
82.03020247511303
103.61713730257264
107.89665427358034
28.47016113996126
17.394952522421438
33.03511194045224
22.648060113796532
32.144512315197254
41.75948637689825
25.88649700379067
55.22508593026235
10.500125665353824
43.03340939167938
8.152239723705033
28.321535828642308
11.89858925246242
43.362396346881354
15.700796091641402
162.92206702103132
810.9340393491924
12.390146640137882
23.17620036789457
76.56039227371922
12.46948305086587
21.0093886823568
17.68916832965792
11.455624975776233
22.408184382730777
10.43719395892558
147.82439968358273
8.872682398281528
34.90104900267904
46.303640802422414
18.256686633674775
9.749183477666033
10.685959237375137
44.01701179469721
13.091333707628413
17.43268095049386
29.116291527847586
8.5755936337116
49.93389095859385
19.07650267170961
17.252919549206716
9.835345735238418
14.68932725195941
50.83194091584559
32.843872579647474
36.9644018077147
55.20881066909326
22.424564330936224
83.11454815729628
250.17001487557815
20.53368401306042
17.144503411147113
28.084037338225933
211.33808968408206
30.210359626495674
762.4456606626461
16.46162349141227
25.056870887822384
16.127776748705095
70.7639003480672
38.56926746473667
12.388945058758155
106.6292737506872
87.56905704187834
15.431057662974565
240.25144268055143
50.83515532536575
14.018094424003142
23.632496871593716
24.173246900365307
183.37379899053263
56.92850686476981
9.17748595598482
20.758998874889432
12.781167143762126
68.86837500795605
74.83097413723064
52.97709909656069
38.299559866918884
46.653776449069476
80.10429526193768
12.768110973661662
45.87002353244353
48.83311385641532
6.835879860717129
42.28720995532527
15.08343747339566
50.05887413495329
17.20062448436495
260.0026854617751
83.5623537280923
32.622988389529255
33.447305075465316
17.85168235922111
31.1041002303686
71.72130220368052
14.375051589015154
25.58051948173167
8.613149687433017
39.98757361657861
26.238867268808978
8.86526704891923
23.667050854168586
46.26537311603813
126.31623199620196
21.73403848741831
23.091472460135144
8.525588254277267
11.936049931114633
27.0307733777411
12.601312993830522
18.32620771890889
6.373327960643385
24.480245922011406
9.518022316252388
53.75801787871382
51.68778460504042
12.152115229714221
52.91060326927213
57.278302301821775
103.54305249399556
13.485928376357755
37.2143417669527
178.76041587151676
30.75283973680827
81.93712504011079
26.921524870863667
313.78083858301335
21.78857857049663
32.65190515481124
28.28642637616861
415.5726060251152
22.484471792008513
86.00559808818649
198.78493475003228
8.507042059348063
296.5348427599704
19.513712632742767
84.14298857881019
24.10534682930144
30.151150364620868
19.25787042628572
16.64980345651476
58.30170647988664
59.24361962179938
23.47565704366572
19.08272248063424
92.66200689886698
71.02133051946915
15.937472182396288
18.363746288432246
48.35842171865926
29.301137913640265
39.22751850554454
27.511563411730048
235.96529979325865
98.14603223461951
15.104538776740986
