35.59707672006941
5.36188181622387
8.261054718463997
30.714769811617185
19.845080359867012
21.90845528098879
6.1212391528862335
3.3468174519372593
9.626001219134004
9.418462107307045
25.01219427371698
16.04306244570095
30.666851543700155
9.580793432959538
21.234003750362447
15.244909626260222
36.11425901388964
9.162756165640408
19.06345690231803
16.83932206609167
12.360431797112204
16.90818389986745
25.706089940098565
36.75081019639542
20.606134094889136
15.739879290623259
21.709130099849425
8.288216455396118
9.380998866740535
25.7697473363215
7.481808343659515
19.65024572450242
15.226090332818174
6.150028913222774
9.933772018928016
9.87433079324894
19.05314630790012
39.69296259756488
0.8180147451723542
11.324750704042675
28.33025038477053
50.500462694155246
34.49900366290782
31.625584064380316
17.765176099662508
9.827638820915872
28.1305269578447
37.198710057327396
10.680087948597643
20.13765941330261
26.22599583204501
26.598457790701804
29.56376311907629
22.27189367690348
21.939154064614932
14.951853831091507
15.15202067537158
31.347672798927224
30.484555919856657
13.39022042000901
9.333836347423992
25.673896920472078
9.477891812848661
18.760413913614688
10.244620241070349
12.148698441276947
11.807869085705956
10.34582780401098
32.6229401827204
26.62498066430119
10.066548170102218
16.03353529580829
35.76056277598533
23.9572689566766
28.267526948437506
23.836518669099455
42.57752872237571
15.185433055460384
8.151122522212363
16.89795550845807
13.422540064910406
31.398876797626848
11.487817813113868
12.409494413517598
18.06577573847223
8.398110681994948
9.252101816075905
9.915927419570213
13.656994744938842
15.323259959279454
8.122491319941128
28.74968133093783
18.02487013399312
26.821317528715454
33.062117219427364
15.845996269676446
10.64457090337728
22.465451769033344
9.97516892855226
11.75913197727114
32.35026711182831
6.704874520364114
6.854553537940704
17.630289262141925
10.163929416426868
29.91780302659924
8.308736631141883
22.8787462661697
5.050275940569074
7.2713127942397495
24.839615096113818
17.514550783494933
7.658968865710865
4.704276209202782
32.619970880735025
11.483448436790635
14.005268663094615
22.031270271264482
26.641818463451475
19.780667197248405
25.63245842885363
1.2276877857087145
48.095073705152714
27.212974025242534
31.943574466166456
24.15641972206239
27.042110475945154
16.43909603666735
17.742710714618227
7.515368091416863
13.98964255988541
12.387858238416927
15.251872673441005
3.787776442902246
28.364008410772655
29.66931857007021
10.786333488905354
19.353688296730343
8.470067617262382
17.84621893507936
14.538080518679847
13.707615106344514
27.594506506678833
11.650550292930095
13.393515242385192
6.6348168829640315
14.764925311382017
18.521305465690062
27.725270177658693
16.438013093784203
25.213568903814277
7.556729997467979
16.462028749697794
25.595228386901233
5.6434887857339
15.829690772677674
29.26399043479794
7.446149075025763
19.719431957666497
11.529892437533768
14.946280056874715
15.142609146770651
16.68609656468265
19.87613835405806
23.84308260746163
13.699099195438194
11.851762223983906
18.452671733869554
24.508774914756902
12.213455665450748
5.203038880826277
25.882324661717536
4.166588334208974
31.04796356463664
22.158711086309086
7.858584312272664
25.011732581877407
7.651239545029644
16.910901822568515
8.927525433742892
38.2359381826164
20.411686865442647
5.8200776511922205
9.657331929325498
4.192228968569835
10.93075906590933
5.018143441076348
17.804043313524314
23.491892242874744
21.452791126961102
24.311874623596946
8.929399887257775
23.534264147644624
5.507082095927183
9.196905601671293
23.91568843202756
47.57365134375344
29.22440938437431
21.474736861902358
12.086840140481563
12.101448241703785
25.772738683868873
26.90673634934827
25.460645455134056
26.59336762034695
15.186720669785334
15.819215679667309
11.950675249769265
17.596262344806846
33.274712950688766
3.422152567316279
14.592103494880256
18.007161760733233
45.76501615038819
28.09666479630861
3.4070598223676165
51.42875204563537
31.88417200834486
11.496480285003729
19.556974171939583
18.88015175644903
7.882939449432236
9.430161343089873
59.47897253265129
26.323392211838758
14.080494393558944
16.77415278785945
4.23243802732605
32.02297874489222
13.265915296406064
16.302593162242726
14.495320254838692
22.740955477731873
30.4843681804636
5.029425785001659
7.003838470347146
48.24374470491253
9.634194917406692
12.110780222590689
19.499420557585367
25.182522730137535
13.759667441318488
19.89856994181134
22.64636996183909
24.069945783020447
17.017720253247603
30.64584492335391
14.506051424769751
37.47963141264629
25.707342491047186
13.355894468148742
17.068098739098
3.3359249014829953
10.016882079799087
32.53960619651586
7.162976201812885
22.886942684633063
11.878110391661735
10.441639008603614
9.587171243230978
27.187718244214665
24.81046310001156
52.670469087351506
19.662089018847766
20.477327667950938
7.350212416612417
21.70185486403348
34.952061045129405
31.707923991897562
16.616935544368445
13.406967545304951
12.529812156936616
10.286995977611408
12.99673360999825
26.29848007866876
14.586269422161973
19.157816172715076
15.282899547414981
21.363723623688387
51.454391246738496
4.025030492446186
9.866093331143308
18.262585641527803
30.740409250377954
45.53234502192837
21.17964250386094
29.695501986155588
38.88177861195385
31.79183944781085
37.30349574512939
13.244324865537461
27.248246453173387
24.147667455929877
11.381639268247076
8.866420418899995
24.580233606625434
8.678130998289877
5.929891591135835
6.3290608179988235
27.463345406869827
8.54679592335299
13.346798646749583
9.471628834930362
28.532756054535753
17.40076672767575
9.045980813287235
12.844182633642475
15.294864420084634
17.94247339925899
26.11142941068104
18.19499726356924
2.5154629812481253
10.470272828823527
20.287881850687224
28.214834192515383
21.661544460331804
25.55625665635554
36.867208608341485
18.457457662822787
19.572406289185924
45.00702913000742
21.03546161259659
31.515495848680285
4.2660827531571375
28.676253390510926
19.648808820307924
13.503159270873867
37.87416969439321
19.550879769843714
11.822776634736588
39.2796311664715
21.924947075776437
20.109458824683813
10.638951394054343
15.707979906139478
18.124555224498774
12.421353645878565
32.72594294533223
13.784969491717211
31.131957269620788
4.990411477627864
16.645553168380495
25.098434459852882
18.218760294292228
11.52741306938053
24.762231436669374
22.91893234070716
64.73273058672439
6.177953874206542
48.80790549175492
3.444719393198347
18.62362403394622
3.2019840426026014
5.66639210793447
28.55630293340152
7.458431444267295
16.4498361757906
14.99617173008115
20.316513433678775
18.59386142837633
27.199002469070084
31.90901155901349
10.023194594010329
21.85744484663987
9.348900899035597
8.149382564235706
6.719831705845718
9.929381500581135
5.485377954288922
30.368784750296356
14.079589381375524
9.951358319134808
44.869643432553154
8.538314210814931
10.49795637825546
27.268793708653984
9.382584135274527
16.51111947263099
10.88874812398885
8.24229773427009
10.425631094649221
16.56347295984403
13.528600445825884
49.56869945197867
19.536382248212718
20.80372134380442
7.752889332530762
31.512913888651365
35.05567905556344
11.467966482770418
25.314873050413098
10.078999956286609
26.95152856838455
15.826725861419497
26.605515620761942
12.620669058996542
28.14643465844521
14.915930157503878
40.19315590003756
13.19146153158843
32.28076248461054
52.840468222902665
28.670018157859605
19.248222015248025
25.632494878394137
14.891539203748328
13.405381644043207
7.928266650176203
24.242179537700377
5.159166442756178
21.9176181523782
24.904478700062274
21.410712516733028
23.300106801874076
18.432468776874316
31.71151651122353
16.97445449801472
29.113750738658386
27.90608746114206
18.783371293595746
7.515598478625582
13.512042653691214
33.67482907296658
10.038471816944163
7.806650494438657
21.686553401540994
15.297069843375318
7.9967525584365236
18.718762496108535
11.60149049988959
5.155246628467382
17.203451124184735
37.21617668453189
20.273440299440722
12.479043064452235
4.39652499970665
46.04310370924858
11.705261286031647
17.33913586489745
16.71790153781567
9.956056792237773
20.002799123735542
12.247284012806492
7.138311333589569
23.622038706513916
31.839012981725784
17.776414825519748
23.99427043301779
53.492739626302516
4.34402183161245
8.886950897370799
18.33721227006273
16.818308718635954
8.772225460223352
5.629959051182337
12.019496619733992
18.649905499571517
22.622837411267874
8.153972671404338
29.50565771194676
10.987447461923702
21.955318310977756
3.6687911761413137
16.372781114505525
31.505570293640055
24.834809254721435
22.501673823572094
27.554042930203654
21.482589353719288
35.35327227845655
33.36114438015606
10.783433924975176
13.130572837553286
27.82180350516941
24.745910437335795
12.58134784250606
15.025329995040611
12.610072609633596
14.859335958306723
23.930072464234463
29.920098860665412
6.633357033494167
8.639365623606146
9.199027702445397
20.899810003468467
16.581676863215716
10.505260156701961
26.891808088277287
14.067836682111134
10.38689506975126
11.943330168521706
10.582716393856755
3.7429762875749324
25.2039936377086
13.693267299386044
7.825944722226624
23.498156380393535
47.286608374341
24.677386859769754
44.26342281244886
16.68108860195858
5.217889469691799
14.947522234705792
20.355538818488466
2.8013400402979007
24.624457320048496
8.066026846671617
12.689770532368998
18.015415718373365
16.308637507420382
40.85796590883148
39.63585351193938
19.37033428724328
5.509995257885493
29.56682486323212
49.75995955309168
36.29749154221168
13.69880769295834
14.396586702996318
23.616236416010622
19.609400683130062
12.62730972867718
9.673781426715166
12.718502192321205
15.806486711718955
17.343164735042908
12.369390465035783
6.616159046914283
27.273587553796112
30.92654781752209
3.2834553539281015
14.382557113066289
17.836423755885274
25.24919117097706
18.218207478213213
19.80886002312254
26.254410450929385
32.14089623205467
19.063473046958855
39.17329585608034
19.535570588637288
12.580094864425641
16.88990281715153
35.420333525129706
50.19058111188862
5.700004610973816
10.840860448486525
14.978532619382054
9.66803632370148
7.566629374601379
30.95091484798555
17.77003142542587
18.198325553478245
19.92959202944894
24.880245790589466
37.652882038297456
42.0005538252104
9.123808554194763
23.183274375660226
31.987761396934214
19.82645388720504
40.31859430993593
4.747399864108183
39.849148752331914
8.974880828168379
27.2337189659754
6.718199659731032
25.405088967124716
11.064881221422347
6.781362570285887
14.532999368837398
11.091623003295139
23.12160156830551
0.4295726709476753
19.44954395995113
16.46505634801273
49.965789302620735
16.56094790158435
9.458760040184462
28.02364645993463
20.152583153831177
11.373622353226612
9.280467489082366
7.924041626191663
10.0936571133875
26.972252291700997
31.162509710708036
3.3908181659391325
7.233804397657763
5.7210703538064385
17.10050893843015
16.62987239671782
8.320733583330401
16.680595227710835
29.942484550898413
24.296828358028318
15.855620080290072
30.304255485788183
9.495049355881928
44.79056558899673
23.847262525477042
37.50328353147111
15.086669320412419
13.60327474822405
44.2419292059865
10.444272248975503
15.04190873777688
8.29386126784781
13.304187451712435
8.753824631139338
15.641010032601523
27.502683140276407
11.445086782671238
23.01545450030571
12.117171846571331
33.94637216164067
19.439045982692285
35.9821248440888
40.268708189524
35.4795943875982
13.729346232732338
9.433306934740392
8.594294534892738
37.97549822630881
4.622621920173703
6.739456847159139
24.72223351734889
8.28958736016416
22.531695357153414
22.860360671971865
32.61130027175633
9.38818142528498
33.73925188241885
18.704032718480953
24.541646336804956
8.128418188577536
27.179302373256647
7.9176100180803575
12.412946890338395
51.17486581486965
28.391417168028067
15.087708200146883
7.066860194999764
15.18433571388044
24.128243782110744
10.189379542358804
22.40503256884296
13.156384855429623
33.56563542230684
13.806852805544155
26.701514053534236
33.10556893235897
10.170616574932492
8.337447712795566
8.197937963992812
29.45258331971784
23.0153030793062
10.616148068920369
14.71882576521506
68.56859787414588
24.347551520751804
28.626546657113426
27.808189696232873
7.551171368636107
11.14078535420641
8.260575260588213
27.63962618961161
31.108567305922424
15.348561288365502
25.161966885902135
9.028874174596485
10.289727275441585
4.768286137469915
11.52963470599579
24.085395041937044
19.04853508729691
33.4448068483644
6.015703862516701
4.904660377691051
36.51998403758338
10.98491259562147
22.407164380553198
29.92011590994303
14.936775363671211
48.93320368406942
25.324855535735036
5.095014793706834
16.58345399340852
18.217413086467676
8.415317944747162
9.598055188382537
16.928450419117393
10.235890398787353
26.62876879251085
5.2197959982699365
26.1286336054544
30.159949886893937
25.494582565644304
8.204662738711646
12.83190084007363
4.0384874895571325
27.00529966120984
4.128143880825455
8.051929128338427
12.6519448534054
23.668240075051838
15.86659837894467
30.122974930963565
7.416338685802974
31.85586177279584
8.285374749793561
28.62480692682748
28.27898224695649
3.1300431775896858
16.31060408667741
14.599958606211295
17.78342540351371
13.582714544169587
8.927623712368016
12.259717933755859
4.961394687467755
18.22800530449499
19.08727442419416
11.678905445105553
30.01370726430359
31.7881097822303
1.487740380687444
5.802155813410343
12.366413480249863
23.137130327438857
20.763560931079798
7.91813315346597
39.052678516381846
6.978223947434559
11.609053833976308
11.813117159957319
11.125672801506829
16.34461214227138
18.092700923913288
11.301138163167973
17.83047004291927
7.7679024542437265
5.248233411223038
29.087300965094062
11.714728589468864
7.893766758576745
37.06411657645027
11.974283133821945
31.69896298379046
18.725666854177952
14.427224381916432
8.07604439363375
12.374226051199917
33.22318616488751
29.429672166830986
8.399485686599077
24.119197280777758
34.61966555489237
12.515804594551815
4.627764066502163
14.249284013796563
26.668774801023552
26.679451607531742
28.86153866059665
18.809882218285733
14.313403272299976
18.8361913173266
14.093571356736815
17.239782062459373
22.225386487861435
27.94160854015193
23.704649129562508
50.15733140115972
47.83598855225458
11.02814752886371
25.720438235869135
18.44976741996411
14.798069490424895
15.646400131971346
23.700921724401216
15.088558180687743
6.00198263071756
52.93942583882894
25.692059375099817
23.65341560598132
16.88378983869208
11.090259888288358
21.74986589730569
15.672255205192874
20.04058452465079
12.463583385996603
13.615266494056943
22.983794585789028
27.84043472435202
14.44840415185497
8.603099100607166
30.3781778508601
6.321368569546947
3.6169406386331966
14.769777688532942
19.063182678729294
4.342901709917118
7.107670353124555
3.8536947182332946
4.226575719346001
13.198276052930671
24.84123922598821
22.04942843997419
15.494800802320764
46.073169191623705
7.237704220722301
23.888749547597683
2.1958967296534593
32.140660385079926
25.39763911802505
18.231110977554387
25.97164043987888
6.566404999072446
18.855331573885277
33.68507325135538
6.6433011445922805
20.043442756064085
8.69639712449948
3.8488427607391986
5.9786211809042396
4.295334645658494
10.176079476078305
13.471532976045008
8.271485940130118
9.419435212000002
21.85659770722058
30.10003928525401
8.537321936534559
30.072686167672206
19.338168874272576
14.075757119635005
20.4119302505098
21.23819124630615
8.13889312697888
31.58251873448346
5.897647935957538
48.361577421230955
17.562061699831172
3.9355742740434194
29.07438663070543
10.769431341601177
12.805294520080661
35.0717748388386
19.640534471330714
5.283454688796459
14.828304848475566
14.48930032714347
10.123928451052926
23.814749464821162
10.104842594727945
11.7031393143593
9.898429706546032
16.68602595062919
5.954198209170878
17.56002097627457
46.29300122648102
27.088073307329445
27.163609376565585
10.864782078078033
2.307453760945588
11.340216796835973
4.61633484620273
20.077794810398256
12.050503520968155
8.9711489170155
31.854841030642014
29.014209663687815
10.045473247986724
5.707157492700864
17.05851097469781
9.324431653154889
5.580087973673214
58.68500873045353
34.09919089078974
31.365114641641153
13.186442314040649
22.985207719581844
39.57998006522184
25.478080171261208
7.816613953962225
6.450500761505783
12.994087262752613
4.80687708578979
17.36333828710868
36.146686090285485
10.398400824276555
14.849347390025644
20.199454801368393
4.632254831605039
16.059314088762033
25.142536878364695
47.19269746349682
16.16618743967675
32.449672746961575
10.551780071057774
7.074730658538423
10.065461682446863
7.383701187496688
19.95413028099221
31.494976446703586
17.181944386849967
26.005148004276776
35.79775669200461
9.26236992059994
37.96261653531685
38.26938130133137
3.4142105385065644
12.042908879298496
43.661510750385865
18.563952886478756
7.3260568152962
28.969942775314752
14.414999328773064
13.906758950924843
17.678210858853003
7.7508832836361465
14.27948475482332
24.34725623309663
17.129878739870637
25.115387913306396
22.67395714545665
39.39557022962505
26.343958104899894
21.035639453525366
3.1019260578356027
25.508204432102648
6.686661589016097
32.904054463811086
8.29642716630641
19.195197235040382
6.93829432618332
5.131815956706977
13.274216062320287
22.852960711972237
34.32062915487311
20.74422276939348
20.993926259486244
9.850517383205757
18.56637196779448
4.134066713380544
11.357508606944657
5.92278427461877
9.072194588244498
5.572527703364986
10.409599208407874
24.757633802494784
28.749269648032705
50.14613738838028
21.61424581774064
16.259787656355023
23.951267117025466
4.715804857633709
30.971998283621986
19.23444768130286
27.636915661457884
26.510244204403374
7.529749446752682
18.500546256599968
9.438927682111782
21.290233963422192
14.635809958370608
19.760724730033274
10.631624148090923
12.885974524158184
41.637704671346015
7.9896702498422645
19.528094204193735
30.315577256102852
8.963339261747679
32.336125061805525
24.859597353135864
10.721889864723543
27.11567237740817
25.910821542938418
10.201874549169688
24.18448110213546
11.4118025812356
11.713069744421974
5.881684785265296
35.14923572881385
23.717591322635208
30.08503099562865
19.87951089765175
19.36139871513609
24.69478002035034
30.106901241610426
12.87956925371189
19.788399344662253
15.139707923203073
25.710445352935295
21.528727305859483
16.7557406500804
54.29690512467272
24.821485961265303
23.805227479647964
