17.50833409158327
86.38799146784284
86.47618611924678
-1
47.817596177401256
65.31471230182262
224.6948434835971
95.95630777443479
101.99381470959688
168.28550302219853
1039.656304632726
147.92282334044964
212.88790222565038
57.11705761855731
144.97487094944432
87.84882909994812
257.9549533585891
-1
140.96169532588695
105.65556201199064
105.56980312173242
64.59132166740775
97.73561221517019
82.02118842971792
54.54065634171951
211.36050657234028
89.0020216887095
1147.5616619609943
272.2424922377636
107.67780528969249
-1
75.48109920089799
52.453963697074585
183.08329471035253
521.4621646632932
127.03292890257542
259.8362435721191
137.29497381830066
75.67497934073899
109.91093363447206
-1
211.19831768181353
519.2697514509488
-1
72.79013307731321
122.45623890058447
-1
-1
149.757038094895
-1
-1
563.5860518947574
180.878188941353
43.60982822985068
50.289081093188955
129.18872277795592
61.79118128087429
-1
250.4170998707347
51.999445567624896
6.8951647268079626
18.23341209533747
111.9742786853184
-1
173.69789962944358
-1
-1
15.697412192403247
101.37249966849772
56.702081408422146
8.625962684809853
-1
98.8635604954193
490.3821004631602
36.9539125222176
409.2957690609626
629.4139702679669
52.39684384760325
65.04317669262883
-1
71.3673967155447
86.48502465981687
11.10561825265106
131.4009948391568
91.27160876456725
49.18507928796647
442.6835817703257
-1
-1
441.9245178879262
262.7027693551318
150.2141558772625
113.05222340802348
218.8756373031277
206.66133846802612
624.2246377337184
123.83143776632494
270.32524614211326
608.8529554114757
107.46646761086069
107.84354318964608
81.75342287056355
-1
238.10412775100514
-1
-1
-1
1.000707132017751
15.3933640624478
427.1407456055186
197.89609544457724
374.1026032625243
-1
75.2550958821241
92.81740697809516
-1
395.7347357631958
358.9624167083644
170.67306056442405
726.7511334851406
2.5500192994534046
165.62155555947137
140.48975023460224
40.71542543450693
40.74873999132746
304.6735971072146
138.65791135614498
414.37765644285815
49.687673622603654
1299.0231481198916
72.31474674469946
4.521694872513669
423.31959549008747
145.7220756634489
154.1783008261877
212.79239387244772
105.31880881340409
239.6162776279152
228.37107212225683
83.10204843022849
59.418194001768946
-1
54.47844493887646
142.31847614223923
127.20209530640005
33.75189766667398
78.09316636740137
139.2801732437541
158.8621190309368
-1
86.81954785417476
-1
69.7500181561439
110.35874632291443
53.09770062257232
97.14283448878525
95.59438390976662
54.241124896338924
109.49446665938545
171.86677288907373
49.011189667743004
61.966341118240315
138.38211137751316
252.76236359037523
47.02596864824005
335.30117182991427
25.629084597003757
28.927438432991188
-1
169.35123419678436
169.86399131034813
-1
87.62323101692529
32.710274860174806
357.67952309031784
-1
63.87139682006731
218.65215159708487
58.72021953171118
45.44216883418559
-1
167.96343834405107
214.2284453584945
70.25931828942872
74.78384328235126
141.7783952365661
94.97888376554428
102.8590098057404
386.74903254195686
94.7091526994377
100.74197675371343
63.73911610833414
121.42476704234618
123.06047214507159
37.00568554662669
55.05462677047833
-1
254.4850735740563
-1
-1
54.705681395008455
110.74833781736191
49.88018379030574
93.37293383133375
148.1245138017137
39.67296659348472
311.46060663266337
83.79985506723399
-1
56.012796279944915
173.31746930995735
65.08330423421616
55.55546202284198
237.85229276371615
528.5843635538845
19.702378506076332
105.88554612675847
73.05308364895275
103.44407208209398
86.8865466170153
203.93617311654876
-1
31.92977348959733
-1
-1
120.3510890482186
143.7039244887845
299.35119424519576
2.734673918893599
6.720110862497569
196.80127521751913
101.88562528702933
75.02095639130904
-1
328.49919782343653
45.0551800532942
120.59062997799911
57.2194451679172
71.44862565471712
104.1563285482671
83.91553030382228
20.53764061058536
347.6637348013653
-1
-1
110.88721750507568
181.36434140007668
81.18513614716994
-1
-1
59.77737576055264
146.05579277462718
-1
265.58935624451937
49.85465620048909
-1
27.45879821943478
-1
3.866975787263843
129.48372748047342
137.0063649477176
227.71673765113889
120.49551833783781
16.49988257838089
122.66960451961792
93.88962727703425
45.00945749627055
-1
148.05887638285145
51.50827217880765
118.87658287685919
24.1974763083838
173.4477362562289
48.715267757804966
5.02453567231041
62.0045299038931
60.347731444797674
237.14636538167318
265.8175178486241
138.50447276101943
170.92306712342526
1061.409865187738
98.98070148685937
-1
379.9580998559403
345.0321553104436
154.49118546263375
391.11186497864924
-1
105.29886222059125
524.0479805276012
-1
78.5246802730994
467.8383008228218
85.66411018158561
32.867505065144364
279.429033953201
106.88056248259527
74.38249191294695
142.70291996237273
42.99769692578174
444.54939619394406
27.09600051614816
27.387710254269788
119.77285596070958
159.94157317035112
112.74029089258431
87.54754805823613
67.5779322544433
56.11999327079759
74.01158581496051
147.56009824654797
117.81955624728252
181.6555208487531
62.58360177722485
-1
83.80894618106345
151.34502615887905
41.181636256177676
261.3485278529784
102.06259027454165
130.144315832769
-1
203.47253941095045
62.483313332881075
131.45756061151795
85.61479384661095
184.04509283860156
28.417297308748694
111.5139324725469
212.98780769929917
68.1454833866543
-1
80.89047357064771
101.9744901228511
216.87430307128704
-1
226.88880207860333
94.48769415911397
0.7327169503115608
456.75097989480423
195.385123549664
47.78473130784763
64.16152610315613
49.52280109739807
51.20557642114978
97.31555811364572
89.11035843354024
57.53583262787666
90.16784225657824
67.68806664766693
73.9612466320913
136.4419625180905
119.7554846713269
50.49003880254703
-1
357.658340374437
9.874087424302324
358.0279296331865
559.7055429546474
123.74858241039179
118.20473996190745
205.12913382677453
82.16386921754604
202.30959760224002
-1
62.00122305987416
54.42577673721137
226.43287689388595
7.7005610233738695
100.67599496651695
257.5901324522164
917.3414880689788
53.85747891134501
195.83316442258976
47.473012709665035
86.52684334295753
118.57146260240552
109.91487722661454
251.83601597411337
25.038594476694296
222.79859637277775
105.89359217364625
49.73785815404213
86.06783487897731
-1
2.6472124725774826
91.5861645574728
106.46209702832267
239.5667758198269
122.99952880081882
-1
-1
85.11887837027675
209.73734994373987
76.56784548078764
79.14225627822024
368.7600789258471
54.16632294239806
168.41230456050855
59.17410115528976
105.41941501358811
557.5385233188306
-1
441.660565937926
51.873964138266956
120.38157683552585
73.0783328958342
-1
188.05762836542448
181.49014592418433
3.1922882821752228
53.88352603326079
160.72131673246741
-1
-1
78.691667257248
140.9207485659779
55.404461099508126
139.2380625759284
69.57912418778163
91.73712760733254
585.0004091511202
64.52357859472703
441.8848868968717
197.529923649734
34.956599679555445
109.14319095228558
72.6343737272112
461.9901281172054
205.34373041511358
-1
-1
10.188591916125391
63.10850624388703
-1
97.99609447082483
94.07760882708173
269.63309555401383
152.1564384310703
212.15192864473676
158.3252294106649
127.10331533589837
264.8662446482882
78.67198213571653
114.75383198329065
296.6531602310287
-1
10.599438132595191
110.1270634738433
87.49617227241306
-1
139.803374032579
78.5823270830356
101.99023414524525
69.1500474864869
2.7810730664895944
17.68033282117795
-1
93.49907835528715
75.41639238258993
53.262983019406974
-1
46.19426582830365
54.408171753000225
216.13406638153813
607.2513989473882
59.86344469382324
145.75626975591544
-1
248.1042936349397
106.93244105992508
-1
87.83172970317754
407.4426555349697
98.69139990022639
139.41837380648636
172.46963963015838
-1
90.86381913298452
61.67605017315159
86.04487123021718
210.23298113647638
232.78500168452126
160.1822474380207
126.64955277777891
273.7220555487327
42.87282765792231
367.98782672428194
-1
-1
62.126942930814394
166.46835349395326
253.6659907374526
84.05550541600212
-1
153.86503333689433
29.77133493039026
4.713234477462194
67.13092020984242
266.57262763773696
2.039153178220352
141.99173555321946
21.331114329177186
62.51236548569468
144.90475566824782
164.16196564556
31.085380524555173
23.769899789522448
165.58849551781486
52.20405715935658
58.92679151420545
28.611689691493783
48.44700929530843
283.5630698055115
128.37818643926522
67.39483585465804
220.6018161213704
157.11505528227403
89.93852466526963
-1
29.18964285488921
113.13670575909367
71.24923121152882
117.28227063556169
190.94088569777585
125.63952025497544
-1
118.79423870257897
82.35891158279645
274.7889603943396
538.9374676524158
47.343833191370294
80.92255246959631
68.19182426141064
89.07614851205336
83.59836420281941
133.4409785339661
98.86188210249388
258.9567738432008
141.973499598447
161.80259533413775
216.73750746422533
50.05088225233972
34.97648317804245
-1
215.37727300608424
70.59834459201666
81.92386065936925
-1
-1
167.69775410821805
126.98504269744872
94.33269620201483
91.67819410299117
-1
56.44831239231099
100.73868837199241
4.037802547083237
66.77381636924653
57.86048990562603
-1
69.70224651236549
171.32448025109537
46.932004135393875
72.37255627391417
480.22230629909836
87.93965941955533
-1
128.99489057816143
197.16919728424566
-1
313.67600917528466
69.94321312557192
35.46286311570189
78.82077835638144
63.04728982050159
91.53639980545086
-1
50.19877022406376
84.32535550924246
115.31500639027236
76.06794187083858
146.974869890695
82.48084510603644
65.85680395931804
106.42899250048801
128.88248824413904
135.947961471538
174.92029221500079
-1
60.25550759494364
41.7762095462404
75.14736002660285
84.04343209963268
-1
3.673774085120753
-1
221.21582512019683
45.89866594400875
40.63466107215373
273.5204821054123
45.60390865886895
87.51379573226404
-1
211.81297685552624
202.96366012418272
111.50173302805786
373.8723397480253
133.66520905594342
535.6742108718789
73.62561042418811
26.273196669674448
26.76522850028717
129.72810427026423
333.0200451338556
284.53767068365147
81.99740316643481
591.7911800255902
146.71308424146247
104.56311618179122
155.23926696552388
51.388632227758606
86.21935937494075
551.3037069216333
135.17188639238708
-1
82.0161036153682
1491.5260801473767
45.03711336439409
47.3213346884198
37.24219087195095
205.6294933830323
-1
208.98814236171023
50.03961718386552
1.4061448172230158
58.10592457281808
48.193413905923165
339.6257851144951
134.89648872679712
80.53941779114174
127.97206819299562
322.42835505007355
428.6702343122198
285.81397886768303
162.35180913930216
397.1786235014062
19.933211127703345
138.48792489996976
97.25539368781355
263.8416898751495
51.404360244507444
131.00349797779987
54.636186950472364
356.54094402144375
125.1120127661957
118.62151041830344
79.81043263585563
-1
136.94761984743997
98.41369800456869
296.20221125650266
4.7466882489556665
182.92828804444324
149.61390702726206
121.81551789586987
120.65538200756892
84.62684691347759
580.8375449973286
666.5155143440394
157.44048293877074
-1
67.44939277518833
124.31780562239918
221.97386151181902
108.99075020868486
108.36774508484548
221.5924164004521
-1
173.12685081660578
74.32707929180218
7.382492121081769
112.23350474152046
81.6072495083579
88.7956389389973
81.39240466316558
76.2333033234977
18.477519003523245
189.06234936531106
75.71611797393898
116.70503728260935
397.39869057622246
613.6516298475658
232.35952593306624
41.18201538439101
97.99241616890511
55.571732257475844
107.63825376103154
-1
-1
138.56795083824895
139.92679178813898
-1
72.91461036361748
-1
184.70121647435914
66.81068177211651
154.88138204456158
66.51844911733828
-1
70.38473336567314
383.68517410738707
959.4163818647801
-1
79.46374627816199
147.84677716907314
399.16962737433545
36.64140413727399
123.24177387226915
111.1869926904455
193.10339291456572
165.56839874054626
79.37787293716498
346.04267890602415
60.4805561885547
157.42466582905288
2.427799376063168
211.94042534455534
104.7565460190908
873.4022208830197
102.97858011682382
73.81774543378944
114.51296029926225
36.772052459877266
105.09628125563225
127.58279601600027
102.68419510116031
86.64220370531359
41.050940061315764
103.00736408685893
168.60606538329816
178.16052476479513
68.92909826441243
205.1272233715308
43.38603622206744
187.3082454080379
1928.3705056057804
217.96565140917167
108.74903887178435
-1
119.75919613705989
57.275214283871804
65.81350289142746
-1
121.50820406720237
135.1409645047046
-1
35.41226853737936
78.5126330562863
-1
52.084962069067046
258.7119268663279
61.74436069895717
696.8534457531532
327.6775726244199
142.21555045670067
134.40874246504956
205.8678880318237
134.26628899034182
48.635519200751325
552.4440150153371
35.3075736070237
113.46084098049734
60.16337928867909
112.05147000531225
89.67431336505045
251.86770428420203
1.3869830598801824
86.0553350286084
115.6744643128814
177.2434469150768
127.68217388628548
84.79856336203036
74.6508066041833
83.35657169796227
285.9085930280322
104.38357599532863
80.45439186928867
-1
211.71060925125929
87.6419050241915
244.1282820090507
190.7969710955407
288.17589708991216
121.39933502699897
231.5143236846278
43.93997668833076
454.6062282252387
38.42438846705847
239.77464372370923
47.47766012891095
120.63563595777627
222.50923531465324
47.41530756193134
70.23687170411569
317.712997876328
-1
35.89510349714045
91.63386342691322
40.613353480208765
107.06680506089265
75.24692169159673
76.58933342199909
190.97449090640538
81.9927431243738
100.67217545369773
78.88782953195039
55.71710482855982
50.05382091723083
102.52587462321445
41.82122239620001
41.75630381079887
84.71311427389493
101.59984869055141
1.400696550457808
711.937627376375
52.502982479047425
-1
445.6732471680294
83.51060308273401
103.0543180162796
123.9808033137008
62.2883176385961
36.44381616001076
76.94989504181939
276.99697408866325
96.19864396221585
121.0510014235037
156.536196755571
50.78232619234544
53.86802037097805
-1
161.59865269217755
193.2763438384965
580.8712194918096
187.88538583347028
99.41345038560766
33.37887833116193
40.54677803420557
158.81281130299226
122.76513087898365
718.4780418866206
609.4397203570232
-1
196.88290175250182
199.60664657298852
127.73900735106308
76.16899586855617
312.39104528766245
260.2646048578225
255.9307585316427
92.64441783344387
-1
-1
-1
-1
171.80752967969138
-1
72.79820014147764
117.47013305493635
75.81459632919587
35.010946645776876
308.3527944801441
127.22134921062464
289.3949436320559
140.660712315698
5.256108632011025
-1
154.73426450989308
105.29767479565115
0.9122507275141093
-1
102.46690095375848
-1
103.82955210876008
-1
223.2444885658137
-1
1.9086406472654476
118.31213421917055
109.73212402203126
59.335965980439255
38.0687302624833
71.92166730786717
3.132110672403682
52.94351425925791
13.030505369968404
-1
-1
93.03463428877328
37.8114504481427
46.743292827381765
61.69478430848642
57.09831784247721
94.26773120040089
56.84618940366485
164.8828794977619
71.5086022987063
320.88431283875263
270.6666563210489
66.99370775549568
119.1933785324331
-1
277.4375478841523
-1
193.79378893031267
98.14421174812158
206.8250707439611
65.9513842294658
129.74580120193613
700.5393365248531
-1
198.7043999193183
76.936995573046
65.4290068367809
134.23844884575797
44.744067359847314
126.43407500518546
77.20597769234608
362.09477550478533
72.43897646132126
107.00197767027703
266.60574280555704
266.40902924821035
228.76046254116397
110.86348040489533
164.78711076213537
84.46506087067364
181.8350707400314
79.94130271132772
203.94571271180186
-1
112.37914409095383
104.89771598023589
132.41507938172958
80.74151587174094
13.03263770866961
398.8868096004432
391.87433504616934
145.30598150474867
48.13610998907823
196.6731559467176
68.60607750238762
42.19764874607057
86.68893616366712
-1
4.551072826123888
54.016470038831656
35.34247871921373
156.2598088751039
37.419616055894124
151.20264461923043
119.67962778124475
196.7853603922063
73.17087812524626
40.08531753649837
-1
407.44536609141426
142.289883524147
104.72197443311678
261.498902219393
-1
48.6630096616467
58.96148241651314
151.7308182314624
93.14317040031025
-1
60.34506537137297
-1
55.654913069362465
100.36105010963306
49.20661213022285
-1
46.46872330567279
70.44139727649932
72.90239420438807
140.4526834811341
88.48890816028286
620.4604017266932
413.42017904036675
57.84804957564444
79.27396230313543
180.31984275010996
-1
96.38092003895491
115.64015246936455
79.1045429158891
259.9508074952782
266.30568704202085
