0.3435394419350529
0.2692461664202264
0.36302928343723334
0.2638797808112899
0.3091165908858818
0.284726029414638
0.2611565838899199
0.4367282054829776
0.3537911445153643
0.2929361201736602
0.38787286759053374
0.27685121467166446
0.34357313585064
0.28214666191484783
0.382327782169522
0.2593648675144842
0.27738462743551096
0.4066398459349141
0.3120541024035256
-1
0.32739662501563027
0.27102353929070205
-1
0.29197846919923043
0.3400873297198712
0.3010502852414465
0.28277762772778364
0.28554183662016286
0.2774374893171604
0.3352867179030501
0.31886521585639904
0.2918814604524368
0.460505793262664
0.3356120189149175
0.3233735620571544
0.240839710288494
0.25660474380452186
0.287173651631543
0.24408483843977652
0.2854066141697535
0.4164530170675141
0.20799821896310772
0.24473232020544433
-1
0.3788363096984181
0.2687267883076786
0.43162124270691005
0.3058934968171768
0.22159415015318407
0.3933639763259088
0.2796219297910933
0.28641158092865376
0.2662028848664903
0.28521793409901125
0.3079541741095848
0.3475819048319209
0.24656652791314482
0.26671388517710864
0.27180501436812
0.30448424329433016
0.2529512615894751
0.30893245753381515
0.29398829521061776
-1
0.45378995834343716
0.2913043089774542
0.2850031189584903
0.3656563515369089
0.2955905037705191
0.25255632881444584
0.36565586454570653
0.27553042564318375
0.3169112420137127
0.357087177208431
-1
0.32654051957748076
0.264116181167395
0.31620442115763986
0.2756951144805878
0.28712844323711334
0.33611242850988554
0.2699706580192547
0.289421480683833
0.3462053515974276
0.30599513699404113
0.2840321600018927
0.25745871276446036
0.3769272424703632
0.2843329198222384
0.2903099301081439
0.3166360880995873
0.26635654136141307
0.25720379918043
0.3357619995195833
0.27789868335778156
0.2709238250681749
0.30993643375055585
0.24295912047935003
0.39106007288063704
0.28812904739690287
0.28395086977573825
0.3323059812164945
0.2628290844765088
0.3271061530770146
0.24009654354662735
0.3368388604688102
0.2840733877865722
0.26542270553068026
0.3680924409051868
0.2613745271615425
0.36104110687435365
0.41327996073587425
0.4109681232563316
0.287387370038614
0.268242008959129
0.2898832837098405
0.3036070590257992
0.39142026709494704
0.3252619777231746
0.429157289157336
0.35523930247248053
0.2704098179363266
0.2945143809501607
0.33255549880026425
0.463355070782664
0.40520689500468954
0.26752238039601683
0.41043706286807635
0.3356558345556882
0.34777159542081393
0.4893752325102617
0.5472103843316147
0.5286774903665981
0.26551273355549765
0.24264342267253125
0.2831667134291398
0.2603853810993165
0.27411299719603993
0.26858939589012215
0.33410401069293505
0.23880571142119145
0.33831769301545705
0.23398804656987357
0.25355948794069033
0.43496146234632865
0.3651119800446446
0.2967184970311615
0.2786312498759863
0.25572199097719417
0.34772443894886584
0.24178403170685553
0.24455253241578878
0.31826872635206144
0.27700485879834136
0.303974464225378
0.28905141691520975
0.29045124787901566
0.27676134682201886
0.29711046753966813
0.30470051454952024
0.30676574393474304
0.35578379493177004
0.27077500024566103
0.3141055156688153
0.2912143846958388
0.28212066343428976
0.3891443162263757
0.28027196261099446
0.3611324743330359
0.26189182311992387
0.29750404355620796
0.40175945670551494
0.35889859402255275
0.2906410947593936
0.29509399837366457
0.3119931859152486
0.3086139988019411
0.559023274435981
0.2663944670473627
0.35658186581222423
0.3425934702082466
0.3212188029217101
0.4465286701349994
0.25707276233362686
0.3036386040468062
0.2709734417863587
0.3172158557432955
0.2614212898040694
0.29424632177363497
0.25530598129878107
0.3517155481145035
0.31697481406973615
0.24092131537954925
0.2527396431819719
0.28223258647600846
0.3162010707083192
0.31062748915490224
0.4682709148481146
0.2776008746540748
0.29938974061650003
0.30752000722408235
0.35674641418455955
0.26978987940629173
0.2780484024483392
0.3925115388399002
0.31591881059376814
0.2852277918734114
0.2910111446568339
0.276244001886011
0.2798406183020481
0.23627692607085968
0.43733716797464717
0.27881935051390666
0.2926955160885811
0.24646301838883852
0.42353094224058685
-1
0.32223980252297657
0.2689351496277474
0.2788046083323391
0.2743672471585816
0.24094746547116988
0.304018254977742
0.24647391605342867
0.2786207781554777
0.29394190997790504
0.2940836290668013
0.37699024198306685
0.3023129858656068
0.260086525633147
0.26109694495538904
0.43097437513497006
0.25263979887018434
0.2873255513200942
0.4169394914299177
0.23525974348563355
0.3321776115068212
0.3733638122229594
0.3172676212539663
0.273149404853434
0.28280094385171284
0.28946705510526727
0.3936669255246492
0.3313392373260122
0.37274013206232737
0.2338768907817288
0.24123760720366844
0.2964783664948604
0.3506049276703846
0.3721452009080364
0.2777305333566976
0.3839734701056703
0.30798485112483015
0.26331702858951933
0.3117670221268251
0.375402068451684
0.25213811379655254
0.3226759363476615
0.2889722043205862
0.2914438688578149
0.3048830838802584
0.29205187815911293
0.3254079369541122
0.4096758822120371
0.27415366343323855
0.27220693710475075
0.3314495212955771
0.4724766793804288
0.2614407687722106
0.32214085344231813
0.4163710782723714
0.5349380256449188
0.30619859586941933
0.3100087122938175
0.26867896215725906
0.38225305450804653
0.27889964243835885
0.2651835768899127
0.2795316439638099
0.2987026267511066
0.28932728310606304
0.5001356613131547
0.286349908016431
0.3750257564786018
0.25937316097455404
0.3187933189533578
0.27752479528596236
0.3445531153172668
0.2702165461047491
0.22838355166898278
0.28498162094297386
0.5633710374063743
0.254199680306755
0.2690877376681545
0.3079377614801113
0.3182883520126036
0.3895330033902904
0.28146577837579745
0.33541276444068036
0.2353206414745098
0.32867776316787534
0.3928289242829037
0.2913835509175986
0.408120559762943
0.3054217131633783
0.24882462899683067
0.35221405149099144
0.2725881290600955
0.26200619792644797
0.37169734081616845
0.26613271152423185
0.3071681773197253
0.3574082163174054
0.2778116607873893
0.3656762907452432
0.3287080533021268
0.29587359599372676
0.2587247575288305
0.32901072579734014
0.34079556080763385
0.33105962683515844
0.23667928775906916
0.4884066564771099
0.41185798543839436
0.2629880565514295
0.26521123518543477
0.25217691264306286
0.27768620502537855
0.3561656262191449
0.338211444704993
0.3129144629288829
0.25682022989320774
0.4148436153670534
0.2710861478723391
0.2718142633175826
0.2762152192808317
0.3463756916852432
0.28180644166695445
0.234770764203702
0.3176903165908179
0.22621572146233795
0.4412390373925603
0.35807233019782914
0.3068031107339988
0.29473773552418137
0.3689122725972217
0.4134147400524443
0.3198757105776784
0.5773835401161355
0.26995674052231544
0.2773790071901304
0.3441691654868324
0.3472741719957895
0.3727142446903777
0.2905346496191565
0.3112366275283787
0.34713751036778634
0.5559877406797602
0.26772384320242876
0.3126235154775346
0.28806140101669814
0.3125814228060161
0.42238239874346295
0.43259872713081043
0.2569838755899141
0.2519061983852495
0.3346563646444918
0.3631237033616366
0.2390990415008753
0.2668093834730329
0.26380889040714933
0.33714573653303176
0.237497840315066
0.45693492388095514
0.26771599078547964
0.3275658713732316
0.3043171929351509
0.2839228307794906
0.323559758293794
0.3878031782609795
0.28143785930754245
0.276506247321129
0.26076911871556185
0.35233116917273094
0.3597498229206786
0.28160496501611865
0.24347317230743654
0.33536875549856787
0.3344287506982444
0.2368262258424671
0.29803443892808124
0.2376036207010711
0.29239212553297883
0.2544059432682008
0.3275145851128573
0.3333335492736089
0.4381954832095384
0.30986900977890475
0.3008020734673276
0.24734981261081698
0.31499622475736966
0.2942580126854749
0.36773227322788826
0.33425831423447494
0.31043270299941383
0.26147772520110024
0.2507554573065624
0.3855384430440243
0.5817285501713013
0.4125365838115743
0.4390297820326017
0.35439971765367206
0.268394518873339
0.26279287071577695
0.40294007382055663
0.2461779574913939
0.3565827669632357
0.2512310153606972
0.24470203783031644
0.30226203004174723
0.25616971606379346
0.2639238596442791
0.40367529833823557
0.3332520346077908
0.2770243705240368
0.31174774395433075
0.27242029756678654
0.25821365657374606
0.26353810484549617
0.28125011892203483
0.28011890954088203
0.27743953156451584
0.3229818956183883
0.24080558473933905
0.28068662043255244
0.37608312769461927
0.2896377341921652
0.24423194923774716
0.33200873785764423
0.2966555357576259
0.2689577804204554
0.32458311025693765
0.26855243758079794
0.3635053022429835
0.38636834571286544
0.268301236553903
0.3272658536464788
0.4714455359529527
0.30466429869868866
0.2514910496728875
0.3285891925211435
0.303835355634708
0.3725939011198539
0.30288543151615677
0.5793101405995225
0.37569989210985155
0.26226364674056424
0.4780340085549568
0.36955993602836
0.32104682058213985
0.2775430598017641
0.25926414155948374
0.2788926788671271
0.33712929354337995
0.3934037867279567
0.34695174880724855
0.2966523894086044
0.36081792309500016
0.3283705586737313
0.3146067060509782
0.2715979520401443
0.5362088598305772
0.2545877399437645
0.2777688580764872
0.2686166043378505
0.3798218752602079
0.29659372283128715
0.3244135364815878
0.3660462525069675
-1
0.2853921086554033
0.34968763389374147
0.2998623551973406
0.27853853854095756
-1
0.25319198871305837
0.41673915896125746
0.24999370668370702
0.28309470903377965
0.2306295450793618
0.4254980998664257
0.27395039544905714
0.3391585893880054
0.2775707482963114
0.30848517273010684
0.26342522179725836
0.3914842438431318
0.30781634267280533
0.2512835696899852
0.38527295827530905
0.2575863728410689
0.3403633446209488
0.35481350294529157
0.2725535035589948
0.29768095833750036
0.2588689591374268
0.2523499610803475
0.3246138127249471
0.27718705360551854
0.29961456447947576
0.23041893397391344
0.4057918834563669
0.5079559851202238
0.34674284252983084
0.3359035066463717
0.31739316100946935
0.2832147541754634
0.24145814534534227
0.2643158489801215
0.29133238924244076
0.2529222228576431
0.29610868528409207
0.3359035107767193
0.33694748978773903
0.3325417113454009
0.3267580076376348
0.3273346773664324
0.3466168512601167
0.4185676505566103
0.3565314016675245
0.30844713403800184
0.2696222603177969
0.2845446924629109
0.2726299026563314
0.22586785879114443
0.3091043479943746
0.34536398597753953
0.2431570952448388
0.31443770893049083
0.26542760931616144
0.2917012765624032
0.4384741389603171
0.2864016732637042
0.3031159187241316
0.4181785064592476
0.3760468586672747
0.24458339563252451
0.40380888480019184
0.2891948147292285
0.33091903494094654
0.3571250114230018
0.2645429550609586
0.260572198173307
0.30060864752588384
0.2881318507951228
0.2434370990943881
0.2755589948634673
0.3301171117380247
0.2577437110835369
0.45430069681199026
0.26276549946843664
0.28387771991701904
0.36997903223682466
0.287660871817247
0.312035156341256
0.29950489846115713
0.3489218908245064
0.2658153182864897
0.36125972040494725
0.39915265585059745
0.27258314055011706
0.25965436626361
0.2665427771256721
0.2696126847608083
0.2670643408400226
0.24795526684800534
0.3461297899470498
0.32219422412956034
0.3202915446544188
0.30471546399072563
0.26069759484433164
0.2918511214332676
0.30535035745198336
0.2896715105831586
0.29025193024714435
0.3026309749164092
0.28092908088725244
0.3507246280912114
0.33997009246216076
0.37801882704385376
0.3087281686719511
0.23523389157435926
0.2736056976973438
0.32379761381566446
0.2862143568000965
0.3421877754046046
0.3247860673437559
0.24345129284622433
-1
0.39217028468285836
0.28996103660593714
0.3411527711750927
0.4192830665202775
0.32374382698537707
0.2779275040520904
0.4497221323613546
0.42411304670527783
0.313168535140852
0.2828659288152123
0.4190456440904837
0.3870536638448999
0.2738721060151018
0.345191764396096
0.44665774862139784
0.43388244698750517
0.2190983158312343
0.29729257440396345
0.2468285338942433
0.3040479826277358
0.2564390785391959
0.23805573631260885
0.3408390774930278
0.3157349030628362
0.2986335741889225
0.28646470811824687
0.39755622031595494
0.25403534255139787
0.26793377017374753
0.2418375661317446
0.27066885876826713
0.4839179446971499
0.27875770486858387
0.3999552102956748
0.36167719994120673
0.28044013498203296
0.4075953846322685
0.37964078569995485
0.3723446009194448
0.2537826097817256
0.28031611568214465
0.3215706370615019
0.36719948848265066
0.3218224557894988
0.4055131448367655
0.24122128765367368
0.2996998073985364
0.35237070428802436
0.3377457592349796
0.3262046914431797
0.28728234274989123
0.26307104010098953
0.3598142643212283
0.36579294846596455
0.28987342403958904
0.33924004456432494
0.26589716799667784
0.37238341731100155
0.37454867701236966
0.2597579573422576
0.32508645594404023
0.3297509643058694
0.28385987549927433
0.35661527161171663
0.2869313548202674
0.25589101687113674
0.37065912114284927
0.3002126341329463
0.34939128189768925
0.30055326643174035
0.2927035836935381
0.2827088514273024
0.47557392669171666
0.2498658584877117
0.2954296362855664
0.34972069661368055
0.38517853598128626
0.310036146186129
0.4039495609732161
0.2857712292212233
0.3043374640623989
0.3448933467039558
0.23417419934864314
0.28740839464188117
0.29759865340247804
0.34843603095004744
0.2584191659802522
0.29646482907693694
0.2911769717476012
0.24985078731856056
0.3105739487867485
0.41189537423535344
0.5343900710381796
0.3346788358177549
0.2585100000024078
0.2690213519492041
0.4462641066884093
0.3136765298857218
0.2741195903936337
0.379481128369093
0.32322380883034707
0.3046026938756444
0.24878869499766249
0.26934776024880946
0.3292442959286541
0.25070811895748824
0.21345618060432342
0.2260505943980413
0.24252254360614584
0.4247873932016937
0.327009103127846
0.26025601068840565
0.4874367855986156
0.3766659489249412
0.2514040684769359
0.2438767850475203
0.37352982097093945
0.4732825663851366
0.2502285404916962
0.32026394089192445
0.204856024274817
0.33456058829919694
-1
0.48998757853044655
0.26461786637093143
0.32753541026819294
0.3525609506088066
0.6263389529769449
0.28373808889569707
0.28504624943021045
0.40481012973951447
0.4718043300173669
0.3176623017471287
0.24122878113155388
0.2692548135112628
0.29147092407742814
0.2882380952746407
0.4145262692984929
0.269688283334056
0.2751106603407651
0.2530366926927858
0.30974154809871385
0.40746468381248846
0.27644007099215007
0.29552887507663395
0.25029426466710747
-1
0.32631171876404497
0.30626733660433386
0.5537074627926126
0.24689093743235171
0.27125156190573907
0.3356654180321962
0.2528940692868874
0.24929621514180259
0.26640578528488806
0.4651677306086148
0.261853571114668
0.3036738577271806
0.2333292442919384
0.31524385872693694
0.3923667632888995
0.2654146311700415
0.2889195579527467
0.3064856640552519
0.36535598496902866
0.2768443160183486
0.37160713056424055
0.27737695737303153
0.44038787169797333
0.3503942640651452
0.3467558933816041
0.26155220510897303
0.2837645839936707
0.28490586557504255
0.3911909850425988
0.27617969126853575
0.24112775452380922
0.24760452272790656
0.2921770021482454
0.37581421293557293
0.28996630963841274
0.26521191597504823
0.24885294980653438
0.36937950289434973
0.286628495881178
0.3149840475091237
0.2984930175732473
0.3257334621300079
0.2670771146874667
0.31714613711081713
0.5638412959476553
0.30678235224932543
0.28608112881442394
0.28583058666408023
0.28723330062112207
0.2796032137066614
0.37543194994546014
0.37277648850530953
0.2500982335517733
0.3401077814158377
0.3027887068749374
0.32116087170341684
0.386521027991002
0.22648257439541783
0.3123093936507631
0.3159891154093212
0.2836298249664048
0.4312572779179569
0.4871703447833412
0.2789235406778924
0.41257498538155
0.3510480027535243
0.30919980462540403
0.2698322129655766
0.28100209902986006
0.3213252923130797
0.2681946395340787
0.468520389084885
0.3157853068963843
0.27887818213464977
0.3366284825009702
0.3315691563796986
0.3616876877469114
0.3012073207808621
0.313573989659736
0.3363442142258544
0.6179472977448018
0.24016080539370516
0.2814113030694305
0.3487629309283934
0.29625978310453177
0.35482992822694437
0.39907607896336095
0.28900094953693617
0.33229843305477946
0.28481639289017224
0.28015463452723155
0.25778992817913027
0.3266997032214553
0.23768612642268777
0.33011768179772166
0.32617624191541894
0.2899788916175525
0.2548197174001819
0.2773205561141332
0.2617341966557244
0.3986449603008737
0.31498077784195755
0.2895498477455194
0.2511735930461631
0.45139216787660463
0.3221730850972822
0.5504297567447305
-1
0.32832222421767077
0.3231313925387826
0.29536825425599605
0.2822282084339034
0.2748187974642288
0.31998812472921756
0.3712356093933197
0.24465741972583427
0.2720450832307292
0.2808550603480425
0.28276861648917534
0.3918995218919382
0.2986620568248125
-1
0.3019481187054635
0.41795974782283485
0.28589285445952994
0.33485054178263995
0.26295062531261304
0.27386318673988097
0.3674303322576823
0.3667539085159665
0.2617020019425749
0.3173372016961868
0.2437005678127289
0.37763045343027907
0.37901990380479966
0.3170865480935352
0.26454776658201284
0.3063837254192976
0.3782618369635192
0.26450010713263095
0.27762409725603543
0.5765582272458556
0.30573356741529684
0.5318572455719056
0.26442607527115447
0.49192656088015574
0.2888804610812553
0.2591797400725826
0.36842036567241054
0.24523280420389967
0.2840842342878548
0.2599057433681952
0.2922228725495038
0.3477030260769868
0.2464802357112757
0.24923964323171854
0.2523321406386987
0.39238105041685223
0.27400666831805387
0.24363566365477352
0.32220918219685557
0.31709376969911346
0.4243271118762333
0.29261894770771735
0.4676611132381928
0.24997538368206798
0.37816576871663027
0.2834367987570119
0.2535307084044002
0.29266517205943043
0.2911152219783554
0.5124015039005527
0.5289950204370679
0.25739854789128813
0.2804278531900823
0.38999337295231684
0.32078366978519013
0.2603940259299
0.41707833941051187
0.2640999652976136
0.2779683744854939
0.317790841108156
0.26336573084627346
0.5201932934593416
0.35690415417094984
0.5049296779390422
0.3529325430170405
0.26290773439286524
0.39946354074433
0.30832367422622525
0.27295016152862017
0.26584242001735353
0.37695883008416975
-1
0.3457823854859354
0.23911964278564718
0.28557796178314
0.28741304212523827
0.2391784273287193
0.3051638794331006
0.2843152904896583
0.3092755577330441
0.28552144847279626
0.3000228727661749
0.2684997294800355
0.30626837062917156
0.2677188577683399
0.3164921780448908
0.2814618216018948
0.26863967329499416
0.29221848199279543
0.32848432023618046
0.3167655882609076
0.3258664794398191
0.3265094582992786
0.2899503577262757
0.25421600113474907
0.2732835817706538
0.31408358198086544
0.28075976325340013
0.25724406947191936
0.3818007427980741
0.32079240269688564
0.3632048825806787
0.2923307951186381
0.2759628075939571
0.3758485131580761
0.35003899955114115
0.2799348399168411
0.2752203612302554
0.28464964797992515
0.32240024847309157
0.3238678747512164
0.4324563511164786
0.35419862657351797
0.40021368976726823
0.28559508680197687
0.2775984188363835
0.27925928995449817
0.2991368969019197
0.2931754861698438
0.3250933079617475
0.2781844908454597
0.3414452277580563
0.23474460831389513
0.24077708351744642
0.3463694452287266
0.26574141244850324
0.3863262291113222
0.38357937269696085
0.2976100913416713
0.2624645141556014
0.3435257349051922
0.30749373000608576
