1.3954463286071481
0.28250688264009977
3.444815001692386
1.4770643030364938
1.0812289656071066
0.7360050873676857
0.736709143907516
1.0059976694552588
2.2824171580200314
0.851057157583894
0.538590250235113
1.055773758739933
0.2802734564762619
0.9015777422056365
0.3792170298746953
0.7526241384268799
0.6435617881445591
0.8213601454267995
1.797420596953647
0.5811108460691574
6.686702174720367
1.4127180529638355
7.3904348351994615
0.41034517608051946
1.2935438269666935
0.4616482867962053
1.0759912468166852
0.6527991652009364
0.6948200347263926
0.7981044308759659
0.6303068793057518
0.25337566958110763
0.6026075238352215
1.1673826869016262
0.7645986321388644
0.8863414636133169
0.5228182356992095
0.8793285387166727
0.42070204948708534
1.106237420965487
1.995453583824277
1.3319938992809066
0.7116242794428669
3.300592200617511
1.0491337541709898
0.44415607095328175
1.2262413706787365
0.6977861042544792
0.8824045354594088
1.168334591594159
0.3251824730997639
0.6467047839478657
1.6248879518742763
1.6396827085756671
1.1110487207524837
1.1769415280313396
0.47146524679163554
0.5374522485678865
0.23337372362861047
1.5316925860735333
1.2550346051811228
6.2618094075688555
4.6894472550452635
0.8282598626306107
1.2580754085872001
0.7659016294407005
2.1795589110409903
0.8300963330850922
0.8269750362739589
0.7266216110157292
0.7060267877486327
0.4567215108566761
0.6595618986526445
0.11533766415072388
0.7139178918595608
0.7669009464326467
1.1156180760640635
0.6127379534827063
0.39226120552122173
0.342575156433124
2.1450655122168802
1.407963316445455
0.8244465893451033
0.3934423914526901
0.32833258865889664
0.8034056301123277
0.4873936318331088
0.4125479658394669
0.6405397258728479
1.8205134204948958
1.2755780228772324
0.5702135422759685
0.8372719249313118
0.5358517898476541
0.3916990740741583
0.6968915561290057
0.5710805745308186
1.0917440851333888
12.76075637816503
0.6498877456709399
0.7409390995951437
0.9903107927065279
0.6231648893093584
0.37402148248573663
0.32770438597263585
3.61938619952366
0.7130035897191206
0.5421101407154992
1.7709962977525666
1.3206878110169709
-1
1.985505058627304
0.3923036890601012
1.5781080277711985
0.6027694927062209
2.111418153810563
1.274892065772164
0.588468547620422
0.5724682174398801
0.8295760192542101
0.6202378678472081
1.2840855901947583
0.5166933328597149
0.46213091895876973
0.2935372610031238
0.4821186298223862
0.36340007850805517
0.7642828140528668
1.1590282804017489
1.7327305750654591
0.9707068663803388
1.135725147975234
1.493980238720372
0.6423755080035666
0.7124616330351675
0.36743927403099286
0.4523565256189055
1.897042402396194
6.625486623522224
0.37451702920687263
0.6131053734501152
0.6751506105528436
0.65727599368266
0.7614635919272847
0.6779197429676498
5.33501069465078
0.5650507140503132
1.3388729149797916
0.6667330146905052
4.5336921661321234
0.4971317492860701
0.8732578504751519
1.7834179707466138
0.6725885158951334
0.6647461452839781
1.9231189436755425
2.1265121000251637
1.4670500193641363
2.255459334757967
0.9008496150209986
0.2704931839418248
0.5565328368850992
2.2860231229961236
0.7121249560950438
0.7479616153256773
0.3701342444195909
0.6134618246675497
0.4165430346185001
1.181566738122553
0.5089422328153408
0.5843073305886207
0.7897267126220466
1.882169254714669
0.5923810103473945
1.0488706016147313
0.5967737489996527
0.7530567468086413
0.6116128501708811
0.8651655228806646
0.7171062246382848
1.1252171642143503
0.40164961020102535
0.6048297296055315
1.6272018798269061
0.46039649218517675
0.9640761143683027
0.41660967455122394
1.2171720043780148
2.026094855502547
3.2294355840181206
0.40033210739749175
0.6742653626472841
0.16680373574836785
1.025378730181875
4.0913365481158745
0.653867795700895
2.107282055827039
1.8260242720172368
0.9110551142834549
0.6017791088910829
0.5523243468981148
2.5718135215741933
1.2775613276377966
2.2607910298474154
0.6772323904365489
0.4774196345838617
0.8958059235525675
0.9239045199694679
0.5769699474447036
0.43240878667950816
7.012433368294965
1.5395471520011788
0.9459572290208038
5.22688890290935
0.643866765137247
0.6487834285255686
0.3393784231373237
0.9618264929334533
0.1065504305805089
0.7201806149066434
3.0011507062991503
0.798775484955403
2.35914400723856
0.9907177153385224
0.7138121220604496
0.7173722340594304
1.992736177844943
0.951818137174972
-1
0.6167144048171549
1.2869335500601038
0.7322083944444211
0.7641842513004079
3.9196607244776307
4.820614302051554
4.4522574124456336
0.2850288427096589
0.8022458452714645
0.36558098734469
2.6677060573193287
0.4909117331134499
0.5048644127799866
0.5563795812224513
0.6166896808417365
2.179202888385959
1.658988677522874
0.9748431306390034
1.1549978278632784
0.9721653061749683
0.3196225631435813
0.22553272426619295
5.918458191835712
0.7451392723814321
0.8492298801312191
3.8805433953984516
2.5740193509018074
0.5585487250488768
0.4211474319674233
0.46466486824369263
2.10524123602604
2.0761718560846223
1.6158405448570903
0.5918044278121981
0.42459999743459315
0.5703535805855534
0.727210006915653
1.1613292694068154
1.4118337390039082
0.8922365582833419
0.5729678261042802
0.32019979352830635
0.7565995964461252
0.320431092476948
0.7143634700747536
0.546902611938959
1.3368759134883552
4.532964175714144
0.3622573815277749
3.9801452526595673
0.8644160861935823
2.1593543767543655
1.3615171742130694
0.8728147460737061
1.9237501517365032
0.43800853760148417
1.3658798709586344
0.5041535562764694
1.8950826217849868
1.4276097828570806
1.094722389442134
0.6179829166543132
0.8669374990300174
1.5694647326283044
1.092885457442243
0.8312549017465117
0.6449678341585283
2.0314457288686847
0.6101743619772397
0.39671047949375554
1.4179549145784969
0.23324779485224745
0.697182193887575
0.4179922835738437
0.7169237039771141
1.269185543030156
1.0579744322430134
0.7030079444044758
0.3692964621224528
0.25194183583811103
0.8619939857631592
0.36233081417029545
0.737081614983482
0.7145475241600765
1.120252851380284
1.5040723997477603
0.4789848150143003
0.30584739944416095
0.005855018767508659
0.8029451916875351
0.42085572539339156
1.404994447257335
0.8744654538838521
1.5519901893320223
1.1480570086549804
0.6520132964958627
0.3892551251495291
0.6485870343086504
8.819041189050505
0.5605509345656519
0.6895793273118298
0.5503169060932029
0.4770836774352016
0.568465642314742
0.7050358324620737
0.49724505821365983
3.1979930137467765
1.8781176946913323
1.0526097048284715
0.7088432330120445
0.3148965132828015
0.667055947667206
0.4735183135640937
0.33170427135076186
0.4091184397043076
2.098435601045504
2.2337680791115897
2.398355031785378
0.47432204666590966
0.34155276735162177
0.5447653502624784
0.3271963624340511
0.5974477111307889
1.053016092121462
0.6627456431871781
0.7184015994157641
0.46024167564710416
1.2305527576262454
1.2086034300480535
1.3902086431375467
0.5218643487768743
1.1981034220486664
0.8954671515663187
0.6847113980773997
1.0220550880118087
0.43168587670690645
1.657352888475625
0.6344895373838703
1.2389484876772392
0.6703417211854622
0.513803842131992
2.9582729573852196
1.0218964243115303
1.269037928846956
2.264893094382463
0.47851367967091063
1.140762787587242
0.665570071870781
1.2639789948532791
0.564595681360662
3.8601420088971645
0.3144465741774995
1.1155801299237034
1.7797131871092389
0.9648211596293398
1.4785802281117666
1.4210268770083556
0.8218917759532111
0.3146390553467517
-1
0.5195735432185892
0.5142101700444747
0.8090844419975205
-1
0.6221625372080215
0.8430224235793953
0.8902638570205256
0.6888660337980361
0.1625459023811516
0.8496613898861018
0.5482629329473565
0.6503933642342322
1.0736232774504912
0.5635971777295592
0.6483972448924259
0.8812444095103311
0.5322867416005785
0.5465684131829961
1.146267088831748
1.169974621740885
0.7642396522422821
0.534090864152598
0.5381927197596921
2.2346773893602636
0.29891348270903895
1.510525302064483
0.5169494833474709
0.6445522502427383
0.425565342087626
0.6507576484917078
1.1395386618865098
0.33309400770709574
1.364041712700062
0.3666506049654891
1.1120778283882051
0.3065818641825359
0.5528172799237533
5.319883876799575
1.8307968427637376
0.6702425112896486
0.5788076973323687
0.676169512405598
0.5910313033290646
0.5989377485198142
0.18132996417766797
0.8093044232991242
0.8427095580124364
3.517440284029569
1.1601237090950935
0.7159594655425323
0.5481181646640305
0.6479569098773447
2.164194264742824
0.9887479430705731
0.7861332213924108
0.5089251369922044
1.4166677923303892
0.6331444491971387
0.7139588776054157
0.4663051805561695
3.134298784740723
3.3112513179253003
0.552742604215254
0.7078526910428563
1.1598598842206347
0.9951236716541717
0.6140139694946839
1.2804714093586202
1.3882920247074848
0.6285174409847037
0.8536973638326947
1.1380279390836592
0.7201248451681165
3.9596649615796267
0.2958484431617663
0.741993408571729
0.34302142496546373
0.617624025517817
1.2288969658226068
0.4146437077876258
1.305256700270897
0.40333945154315404
2.009752446563327
1.7621035767428637
1.0995528276679827
0.23328100858723333
0.8797516280714054
1.0335366690452392
1.137378976796353
0.8157767064285668
0.40183740575751337
0.4104824910636134
0.8841426595977171
0.5905687801075524
0.7076018204036323
0.7682049400971895
1.216326189319909
0.8950676375961498
2.0601703442870107
0.9622633493680415
0.5680181992564809
0.5747561441051595
0.6761954839163835
0.7547643223612656
0.6294409338208797
0.2800749394076373
0.7525049198324025
2.4900307575746883
1.0247410731000703
1.3344529194348977
0.3951987192370848
0.28889513828182684
0.7773331057161504
1.0162728597537853
0.6701534524066319
2.7910644660517443
2.657106038695534
0.7261548071490804
0.5806350179663523
1.7018789981893547
3.615461913222791
0.8652084850309733
1.2124644100327588
0.5742174562826232
0.3612020001705468
0.27670837072204874
2.4935679609415162
1.1067847916880456
3.30622247172036
0.0339043789814083
0.5467855102153046
1.0210731800271233
3.690913781716698
1.5578305674382982
1.278068332723065
0.5807608498808496
1.470796587959205
0.7197175316846326
0.41031864856762695
0.732347862541073
2.8533846540916645
1.2382666736631318
1.6592377798868483
0.369565203192762
0.557634047544314
0.5048743069848174
0.9429166647610878
0.9225687857169163
0.8099757508399241
0.776579276197298
1.2826923015809448
0.5569298490734815
0.6403834399528079
0.587294747831435
-1
0.6445550167362604
0.5639343309469401
1.1712664049231325
1.5909099916015432
1.2248745267397398
0.7889960611829824
1.0374026374964067
0.7468658608024891
1.6110237541667618
0.6977248269708712
0.8698921614738973
0.4704855429852598
0.9876819200068426
3.6917216835944004
0.9493402808277607
2.844178119260605
0.9178283334362377
0.9464563322483476
0.38753584196042584
0.7173654519466826
0.6358812972387241
0.5507024001738161
0.7900337647171877
0.3318061896752617
1.5778382821416737
0.5182920905164412
0.397664025472777
0.366722052436798
1.6785728377622156
0.4672591407417722
0.4455332328848228
2.345863276045139
0.5394705847653115
0.7955169541147822
1.8914356356270583
0.7073708507502945
0.6640765633370915
0.8907625224908864
0.7810054652113021
0.4138229925901444
0.8223598808255078
0.579757763508572
0.6993540704992406
1.4046257526142971
0.6918778597333143
0.4229223748125121
1.9282264588944795
0.4173856148642452
0.7902527021629685
2.314133791576861
0.6951991142237209
0.5100227098217538
5.040328573545793
1.1840834199960875
0.6836691153485358
1.059525955008321
0.9396051891097406
1.5587802644905675
1.4759981577625638
2.229426329217784
1.0269524165807635
0.9615931466601254
2.7140068103334754
0.990544271998625
0.7056942221014036
0.33647472498097625
1.0894062601170165
0.61077894169996
1.3757513449956285
1.100596744245149
1.6418165488154457
4.24148892958355
0.634223261767124
1.3023515778879589
4.852084850025633
0.4205158045602609
1.1581628791991387
0.23206042716675512
2.425451378688814
0.2459067931085491
2.2685820743316225
0.36140681759843846
1.3363279890627222
1.1297749771503989
0.31319826418479657
1.1037979348582512
0.30185983128672994
1.750000102096879
0.4761742888695631
0.33229492833326135
2.042609860684817
0.8985191704508227
0.932106744832696
0.7014854298329556
0.4596003845442552
0.5116022719765985
0.6747121453451924
0.7425628946497815
2.5220288847739236
1.3182675590231374
0.6669075157481962
0.8249543505159971
1.4197488063602455
1.1438555579626368
2.18083945458647
1.827532767888895
1.350369053846347
1.4926356767037599
0.7607567889500497
1.0502942703556943
0.03374563552097927
0.5170565581725487
1.0672123726922067
0.6248955543480809
0.4609207725011112
0.7166817277876291
0.6231623090025546
0.25921211848273296
0.7818147072418072
0.7749724508326716
0.9442423489498453
4.516828472552996
1.322373681896851
0.46420189906692516
3.2817768371887306
0.763709283195564
0.9327075359105951
2.254318990320401
0.5261826917755884
1.80217060636235
1.2551181941859253
1.2555251951468331
0.8060180435590765
0.2595171967670769
2.2468618141791095
1.5583878880499649
0.7876729450886162
3.0210470478705305
0.06814640893731858
0.4434770988063901
0.40950908161764166
0.5973137520239425
9.255856163136112
0.6243247699254771
0.4784130802289894
0.690209173897367
0.3354776219421566
0.4943977350466336
1.3934712343661206
0.30463764690556666
0.771981474120637
1.2971819414339423
0.012028542266006482
2.500310919514908
0.8800170119228784
0.7386365980425872
1.3564169199065474
0.3936330214997915
0.6045557237607506
0.2519344793068886
0.9593318752869255
0.9448242276244526
1.3985558331559316
0.41862449410292435
1.1511785185412626
0.30854460821111
1.6793623117667467
0.9157426142214277
0.5951734206617625
1.5672485310581699
0.6777782200484417
0.5382556368220269
0.8474864127371448
0.9186751376167486
1.6498804809618026
0.824256732449351
1.0657892433187255
2.08064858197567
0.01433211471507758
1.9598342117775105
1.691436707177561
0.9158320698400815
0.840789126363102
0.5984342189919786
0.5668387890562205
1.4460889616888448
1.383455717352239
1.4413272094678051
0.5379104356656798
0.6111867053965404
13.491264239953601
2.209901629685749
14.853054785565938
0.8753101591472975
0.9623025499696002
0.4644614190120145
1.5330486232488594
3.0680448650155667
0.9260733365283751
1.976658609387197
0.4156621001329497
0.7782441026723861
0.2922576335482371
0.329002560541317
1.673265583223231
15.739612298005005
1.5779096041026852
0.8449305506336204
0.24801640570028072
0.37236989192722075
0.9609883394645
0.14204674554316027
0.4043873603762422
0.8585387468645884
0.37670118346313136
0.5188516385139623
0.5733979660053453
0.5263659612896064
5.584290399827756
0.6423174961739242
0.25032778853511944
0.2570456341303763
0.8803171738017295
0.9443010208558897
2.429059220597585
1.6708405464779799
0.6931418254120478
1.3658237821762942
0.4261328025248966
1.0849424734333477
1.430982727915229
0.4879999027232724
0.5272008534113344
2.3291931994570305
3.923138059361672
1.0504026420719748
0.526370875041227
2.8682671387714667
0.45276431078625395
1.243410696132305
12.546316401317249
2.1887684039636066
1.964279053552972
0.5143261802731337
0.17778270817236325
1.553752919505175
2.5579099187765086
0.429774810214657
2.8712249096182356
1.1468788363508364
0.8917582618173746
0.04007396556828724
0.8359049221987992
1.1421074250012593
2.4291405302521545
0.5529497929716275
1.98627354619875
0.5300059646222626
0.6479669615142188
0.5692818651421896
0.5352696349193123
0.09181631182944613
0.8222636415927302
0.7875867530121015
0.6165511183067827
0.8609869201727562
0.22491489471355036
2.953852733235391
1.0686690209006124
0.82781363010254
1.1582227471498787
0.7298724045170708
0.2110934459644819
3.223059495016188
2.066794851856899
3.2624943417148122
2.0091322422060407
0.4696199456533127
0.9552098340741945
0.5983184731510222
0.6044651211043747
1.2959456875765794
1.4967766306713537
0.22040583946184675
2.1064597501936078
0.382708336249906
0.7105547896388299
1.0058881907573856
0.9875317341847852
1.2122178835074986
0.7049057437018248
0.48293756099836815
0.7975879617144799
0.7176036556357136
0.621125011775999
1.1990782662651094
1.4365464518653541
0.84481732140975
1.1323825388771747
0.5492181633618815
0.940263704929446
13.877246414400952
0.690718334466155
0.7943046593097912
0.31413776168843877
2.161321723205877
0.6445120046150914
2.077034248832401
1.5107729212591343
0.08422265989837224
0.3324195395818575
0.6223485654444325
1.2557657231877462
1.8328898226215542
0.7670762361628456
0.9146445715956762
3.34262121339366
0.4845572815269874
1.023021907036646
0.7306541266970958
0.4460726497699725
0.6862999876239464
0.6970380790620663
0.23260481672350988
0.4885317543431895
0.36755055272159376
1.031650353859298
0.888464191348833
0.6113084112239577
1.6009317593863794
1.0303519239094177
1.3831339548409236
0.9900445367229354
1.1187960406488953
0.2643174571692686
2.9480462513051138
0.8913734962550577
4.961312854152252
0.34214441215760133
1.3580740276171175
0.7220292178759169
0.7670920273028349
0.3651757734746251
0.7364044763279903
0.5504433901573869
0.8773142006526163
2.0677825162176693
2.912633974691508
1.055567960493917
2.585470545550505
0.34438980426060617
1.1528183877402896
2.2726402241801127
0.6349069362433263
0.3234190283166199
0.4790601393504992
0.5136852216815146
0.28146424017876553
1.0495332670799151
1.1041266487772994
0.4645735857099948
0.6905732532518908
0.6721396830325604
1.5496195386183835
0.4531513512249006
0.524416425572343
2.3898722433967072
19.9631761779633
4.585188915935157
1.2693103525215947
0.6423444148716485
0.8793931343825394
0.5312697015811506
1.569172936332159
1.9942891246889667
1.0197701388903175
5.803255831564534
1.0926474970368365
0.44350756072467656
0.24414356623105302
0.5437141924186715
0.608306470658473
1.7198396911436369
1.2003676573801796
0.7743224479759363
0.6832274562370153
2.0590331906046804
1.2164193882529653
0.7155119444713722
0.8533599301740823
1.5258798403261
0.3965362469166503
4.3400112325272495
0.33951576865646754
2.617549557478685
0.516937701203484
3.1176664638871965
1.6396315838298763
0.5354077050321181
0.8621142296839143
0.8826979911033767
0.9516260647333327
0.8865251104663763
0.7013737813926925
1.5079468357905301
4.527007790173309
1.2022826872057293
1.0103137263740822
0.6193427599508404
1.1626465953077931
0.7320857861737644
0.5064718921180644
0.8010251768685616
1.3786105274142093
0.3715219531636174
1.0673220953225775
0.34357336686699763
0.6879983463517728
1.0287235735184135
1.2458730283078778
0.8417192310510748
0.5218959965264476
1.2086767707059414
0.5722469075444753
0.9104773573794319
1.4299985614334447
0.49586858345915497
5.415284692768505
0.5583379174488049
0.7588089920565136
0.5435009297966141
0.6767525463312877
0.40929671032813736
0.9047570334099891
1.1311994504725862
0.6042019571195986
0.04907712799027125
2.879190234467242
3.4577195377880434
0.7707759462675208
1.1159784662380678
0.6744251844257594
1.6286859381848864
2.0517119807634083
0.5413198099669464
0.7194517944889517
0.9091085833586711
1.0177470429830093
0.8789234719198152
0.7934624475840559
0.4178379429946019
1.0152605093289604
0.6445141487727665
0.8525868909302043
0.6437669269414524
0.8739477903185532
