176.43200343701116
221.15061034102968
124.10670847428568
154.74091992912525
213.2454914968633
88.47330289924027
57.78116425994574
51.52794058630567
81.68243358609539
109.9988998587421
85.14568105640598
132.15660185120225
136.43015137957514
124.65704946324624
22.216987109948207
182.28399247823756
92.28423510716182
109.01525654740179
97.17199246577563
72.75946671123097
169.16580574291538
27.615660429900913
207.59309345555394
217.51721949398546
202.23819786434677
130.02434938975168
149.60252028856718
65.48204122447665
7.691636933690864
101.29092115528205
218.51990831312102
194.77197234784452
51.80802316116099
130.97117763261315
148.9163509332003
121.31091890367175
43.39383788482526
104.1462086187631
82.74534762786222
135.43058060384254
196.71457803666533
144.61601612049623
51.36447600551816
206.56222744440197
195.55577320429393
65.5621204879322
127.5169717513445
189.84250448481203
54.331723586695084
339.26176971069754
66.94389673991155
76.6962193558066
181.36980246397388
141.11732778179865
162.65215810010608
103.53563198514948
142.8700174038455
161.81829901308444
92.40056938862925
148.3412822007334
86.59766927201105
139.03975050664138
104.87015962888077
98.13711791683461
98.57963611607136
121.8195447677074
102.2678079207484
131.76443524356418
225.78235741191472
142.34605204694031
58.332071308277676
41.889856568256455
78.56296825238557
85.81133669853462
76.30821227909145
41.78918723384925
44.734041833967176
170.8051811654867
97.57916031247453
66.2806013378664
40.22497738687694
63.14177702570244
115.27420738134497
59.3978477567676
140.7827661336699
152.84032477718492
167.88815090281523
55.99739464880017
57.43634364049595
30.263609139058953
72.10471437237638
90.98960052993395
147.94739793555289
87.64640165961983
91.27001764879391
30.047379869918498
114.223232501423
77.4864446008097
184.63854405184648
246.02065671760585
44.259505287226624
96.56595183645918
16.098959887693738
124.41038980010556
71.21034469538681
149.81036728845484
80.52976153668511
271.22502230917195
74.03920183700363
111.99268247228973
58.22885157247167
140.18013332888316
251.6530293138837
217.74472341925403
65.73808672070497
122.43285586060823
87.07490188053444
97.31282670140462
119.60102091515736
86.70113036543945
99.07712820566891
123.47406334806786
106.73275482650835
147.7682580249005
108.62922196769804
53.17638420668
89.43382555154514
90.16270188922115
121.80661443093007
45.59826000799499
69.4566109238468
146.13615231777783
243.9125978708247
29.715693493741686
214.36285381895516
14.439832963226703
81.13080112648568
118.62027113546154
114.48657309708881
122.9623934088193
88.37746266988003
35.83384974285223
68.60903278221409
98.8898159631315
73.59869488586546
40.49880691976536
49.11657040627001
157.92596129593414
73.72266012894792
120.47694190772518
77.77956789540583
126.79278362936515
78.1024765195972
156.38351556773577
117.97431447834808
41.70839945677305
175.65702559552707
98.60941644017882
19.829647055749877
93.68119727737883
90.39330290209656
204.42787511136896
181.65795566030226
25.298530649959197
63.964574886092784
103.31147508576842
329.08469616708425
192.86662331070622
48.13171713911721
250.64703216573994
64.75605564879201
142.33537787374604
147.24702972112644
57.50832690802741
146.46873374609447
67.6190172853583
44.35296625761284
93.43449494610371
124.64568478892416
81.26155407900676
305.9499167455492
172.70435507068376
120.89220363555107
51.372773180455454
192.57709547101615
90.12395772424169
31.26043084768031
150.51994688049163
107.5573403692813
101.3289947028198
186.26532715202438
126.25957654851263
107.01943239349521
199.94942403277383
87.12686912766598
101.83104230064795
124.96971003850307
142.23926812192832
280.34586785345823
20.50286738983406
42.53901903926489
77.51021524527995
171.464344183606
280.2649665030154
56.76114916559915
216.67159023490493
102.24905005055052
256.61634011039183
22.30742651803775
247.39885923095557
130.47015809131958
233.39218607562418
104.52383550697252
134.44496824810201
87.06878072839851
204.55309656350516
100.3551715952866
119.85189239400178
341.9008206544024
206.6837530823548
121.9790402925406
240.9941042463073
113.5671131999555
130.3501771918856
99.46240944914138
21.879991615636794
16.395149491672118
70.30976391579438
45.42634495939551
96.13762420667601
95.74476176812776
165.09945109659472
263.0636636656769
139.91538521301723
71.54237717245861
65.25831004097435
4.4136181570160335
94.41062688003747
194.1140966279908
30.24415127335366
179.18360607471124
37.3475985062855
129.86433965114975
110.46491540016925
96.27871784590816
169.57801483204184
135.87260978894392
23.405974274308754
43.04876680128382
148.23451263312808
120.14762794815326
103.03773571269573
216.88767486809826
99.33546897198978
139.57607522052982
64.27077597382012
86.24687090335837
159.73194459234261
94.5055159457932
148.5054928612945
77.10326738178169
47.442025786236194
308.75467022906537
44.87603759309518
63.78794064551521
96.51433639587455
87.11918048132648
46.7021702424641
56.513396267150185
52.64663978421309
75.11682646286934
97.27460271481257
101.76661863011537
48.45025886587991
160.14393363694717
120.10338035857413
251.21391795643672
118.32549570096477
94.32978631425196
44.092168182072065
73.71852231920883
326.9620196104823
68.94838255238159
283.6489484954938
38.53343467308896
97.90938110478106
148.21806736279459
95.78633784926072
97.5693918731519
17.906564453409175
73.28857984355365
225.1283278199575
97.62656016870213
39.15354396633053
116.25838408549605
179.70594910968393
155.41803881795994
86.60802390915372
53.49844920737348
153.29414863456435
140.12278654340017
45.973277582482815
98.96931078721944
159.71335558485225
221.0351691710285
49.11014205297357
240.57048570907364
98.65748509674643
111.6484556078565
139.43797365684367
146.89084691287707
40.3444367011083
100.62474318085195
112.52220605798203
114.4618804303391
79.81465556771887
83.58632787941892
141.17988793585056
113.10099431131738
99.098604639102
129.93826414267392
152.7075893418185
68.73297905843783
93.65637625107509
30.912557225876345
93.20798377337545
50.83041872745731
102.5980256620477
16.899153540652463
79.5254965469573
101.36142064799837
189.07467879538828
66.24408530803908
238.8251973956494
69.75877732388538
76.05501412744842
247.97222516123827
132.3379823051364
20.089549090264786
44.75346477668011
80.03265857388094
234.09622676016292
104.91228669307266
188.87332662906311
100.89412589875994
244.1487900709133
32.75020655871261
167.34656008145458
81.573131290931
105.86944249398046
224.0389775675383
73.20247589314336
50.19692062401862
151.13560128783257
146.96334833504145
35.31087839977902
203.74043079900162
216.2033674861307
80.45509607933657
242.90309827675375
119.19615716271224
64.26958408699058
46.72757423072936
16.2233478661177
118.03982478727887
127.92720078429927
155.68916293606503
86.66623853895571
75.77021773046454
60.14457957374161
11.559664940628135
280.4673475497948
57.684213359602246
141.96598816846017
112.34148971405087
92.53448139237702
162.2945380113148
110.36372386225156
119.24487552721592
277.2067166909599
99.86050620149527
46.92948694383548
70.46004563027158
70.81022278517624
192.12015799479224
50.818986229376755
161.5954536693304
137.24814151070163
89.39382638656706
113.60745385477153
136.49422602076814
94.96169626780905
157.34828587587398
45.479222720765684
57.130736675811626
115.21169224073357
144.5555589748367
60.254955618465914
202.42247172953057
169.5298816901913
104.45986624519243
146.59501818915942
84.14602923848362
146.2248914476447
14.2847241621559
83.92149799797859
54.31158213241323
81.72071021720485
54.91334703829448
104.56045211395865
222.80052777096645
155.96930503304654
296.58568298118485
91.67265619319853
112.03325879075113
68.80247389476337
112.14583914434914
181.01988705656325
223.91445044985787
157.05590608121744
146.2262085416623
275.20124953530035
143.04698290878116
100.35932052055466
58.96461541294162
44.48331057587891
121.33111547053224
91.03159767468941
108.67339966383314
105.67237678689592
211.38276344121746
148.13147916660188
45.73426044318946
295.3352936601425
209.29725903314733
36.966240425028815
96.59438942397847
203.43853711125
60.07032365442591
119.911288258786
47.18635129879244
55.80010171602605
65.61598213294094
134.75835323353328
139.97208754292603
74.18528012647819
184.302030475624
140.91903834966226
68.01685998569354
180.75125863313718
160.47677570447667
172.9976578042876
299.9176276749902
182.32898523550898
93.91760412741652
29.471715527847728
77.98888277892324
123.54236215467961
123.65974608235823
68.10028143930857
118.12493439899835
200.16588258070252
43.01248146556995
105.50421516042348
159.11660898280297
47.211917403517624
59.70689276750175
153.22587868246563
118.92241117223966
96.84164073250065
106.04909670753408
190.750657329456
189.20203798203315
100.63862778244236
112.09001524786355
130.63297903944263
152.71480721008527
103.44330058081766
59.526467318687146
111.31378075410765
131.53035489395455
207.33314593271714
59.82773446012469
44.38072402299999
152.92401284162827
64.86762906781424
91.71019650331037
115.60104002215394
80.98284407772
95.02109737945223
98.37378038427197
58.3556879344991
198.13369376211472
126.9943456779098
255.16278116750777
44.789538234344924
51.842145406511776
58.882836705740836
183.1060019110766
76.89767606481979
111.06849319173936
113.46648322626498
165.3686717359803
103.2273988942638
97.30151280123386
173.1134926581578
296.6961211501648
20.836279858890645
111.53920567784508
98.89917007588747
210.77082860191348
140.7282813720808
99.77410828906461
186.07223753625306
282.92624969556124
168.36482277902113
66.33890559528984
291.98358843083383
153.6868381308986
208.9687856416071
93.78223021758023
104.31817686288622
50.36454633542683
26.36788159776044
221.311577184187
193.38277723576985
54.155469147010486
50.71720654926221
35.133515633433966
82.56037536927505
51.29414804265491
99.29121956251102
164.81359338018868
236.11253291928438
42.62171065134677
140.99302103231733
60.27740340580522
85.73221291402567
88.49406133138531
256.55727489878285
152.82554572158355
209.27719696521956
111.68970790139917
140.02965337672157
68.64309914610637
74.58898781587848
103.44534242234353
214.3068532789095
311.51132044851204
119.64784220876224
86.04752454716333
172.7266054039509
117.60489505391783
183.4281011517971
89.47399676987163
225.5759184823459
109.06398068245655
52.33766099731688
69.76145205742856
158.8471577777737
81.63448812485971
32.897211225336854
47.532883809040335
92.91349422332837
51.18686910598043
37.61017837448238
99.33518447767698
14.672992010615546
65.05654325715304
109.16501644180913
132.05848759503502
103.80648842697603
93.81558345762032
107.56330396669921
111.74679527958997
193.11339205092713
139.6756950837983
118.56798522350294
115.11603934229437
116.97951856388487
24.407928201662173
82.39184125906124
242.40190218909743
40.79718322699913
108.76414454918815
3.956546389163557
110.91943050465268
52.505949388942106
213.93178182998264
96.47529363607693
125.16135171719445
184.55469566557568
97.33200700545612
206.93725536483592
32.93519164363642
100.04970005000392
187.95816403849196
139.85227573680828
137.1749243959368
9.694647169203613
71.67618910330452
259.5897158603283
119.56512763568911
73.14228325029448
68.07561095149542
59.4188140253464
107.022463684987
107.834554764349
137.57512603476437
48.782628050013635
145.19698492430328
152.8310449529107
103.55070615786791
145.0279799986006
67.16098576793114
28.12062357136495
77.1313817561391
106.02456910915107
126.9581762769947
250.40182697628745
87.11542606992474
78.38097425123921
116.05261665602417
158.14214739625774
151.6228075130339
145.28247827966467
70.75440064812116
63.88664324929408
139.2676577061164
87.91882357978479
134.7818184233718
97.59190369353637
137.48697641304565
88.0021600867157
185.73824973037395
39.66219768996817
139.6514077955241
44.6953306409237
56.66635199437762
69.57487998251678
98.92126950399364
125.14904687704733
100.88530070724056
183.30557746592842
257.5756297563364
39.701487802122415
278.84695716890985
140.79179978279646
167.73073045259818
47.49059440059757
160.14762892500536
99.83897959527819
116.69396513412832
54.06348208953796
219.155258255925
139.62393835250688
275.37072395088205
93.83953654606783
133.5918960393415
139.39469257571128
33.47023474836752
117.62261249577102
66.14807968442175
108.76575079509152
388.71475271458826
89.48156835274582
105.80108456141151
38.81172198551441
65.70278961019862
302.7961204555348
108.12643629669138
23.828193936611147
99.28273164227834
79.14033349049674
93.41412794641485
83.94998917809131
99.67142456896806
20.21183179133925
144.55834336998674
62.24168955675876
89.59141317496464
93.68660532200013
55.49510471915751
138.73776572369613
66.01906613941087
215.08372100238836
82.52802840728978
92.30792855747939
59.24689402727009
34.45202723891902
141.67353189996874
264.84326573940444
70.51271834833865
91.08868103847963
56.29882422651955
145.99407758267975
166.68597601752973
105.74194145679769
193.16390345423733
42.99389556896952
355.719015351836
63.7538228259937
56.8383477702784
119.2870273488485
129.769747552666
107.60002217392494
101.82581861233156
125.93709186042294
186.30061009097162
124.60709118907339
124.08478531376481
141.97239678054214
108.18326347002564
133.63923241445724
115.29386344995547
59.37636372588377
188.51966051310555
167.70739451422736
131.02372274612472
126.55685526749818
28.919246102010263
381.7195077233498
86.20585269317081
37.266586389469445
260.3053451483219
129.0842652039192
104.06904291072817
86.08727208297765
103.78050762812765
103.79117355594848
104.45366773184189
143.47883496471655
143.04907791036754
83.78819462219816
66.12088148892903
119.75470708019976
84.04275782634296
298.0420689187157
64.02579723766098
251.3399456628276
161.99732684781648
56.9347836432572
63.1558139367016
83.86376743256996
140.69861180798662
167.82146201079613
103.09832873414227
50.66881689428805
80.66387602181432
109.91569966487705
49.10278049728641
10.505818480510934
104.25758783658415
113.88770840933924
52.769302129307455
95.04022903774516
149.2836638189339
252.99636348310722
100.61179223356714
56.60131756658173
67.6110497507352
152.0203217441685
129.71519670823378
315.9861663210264
20.28941401132633
198.32322400215455
137.43914487578223
94.83764978010606
113.07049520856485
102.37883062185634
34.29572758283393
75.83191839704288
45.333503558523695
171.98213001868547
128.5174907015112
208.8050998830351
75.69486330894445
114.13472794351989
75.5369243055405
16.683989478052055
70.94178131651286
104.01740947189252
61.09427600028454
160.56903266729302
46.403468416946076
227.06217692210726
56.70158210397329
104.16337294921308
114.66497798524242
168.48084688887303
98.01351852283172
116.02072286070502
74.95288103122851
201.42372258290678
65.30031656971941
368.5091548956231
58.398261742162894
143.94947361365044
297.26382751136106
122.85451083907418
131.3533773584898
210.81025466798877
83.5062371730803
247.04583433224732
132.00023625094835
174.83888206264183
133.39594139185508
210.1085999089381
56.2326825891988
69.56393531221678
144.85833765075765
117.62776709719664
118.05341257085743
67.1039476795606
107.68926842040148
59.22550232653525
243.2666076220661
282.972154110481
105.26984084983587
48.6530338339638
88.75602436882342
150.99358006033052
74.10506894052598
121.88862200319194
51.17732206202053
251.44585595682116
294.11677367875774
235.8412594113739
54.81600679842508
91.7947316834526
75.39440231004059
34.496012606884676
95.36522848967525
173.17702177027397
89.54487162355649
120.00561118416452
201.80572165199354
172.63313650504134
302.7868390967275
92.19650200023423
41.05720350841645
239.36938134634588
91.28130805918546
222.710083253492
49.893248916554626
101.83448307628876
223.65404765715198
33.3221347904408
47.40935648163289
67.7527767939916
51.81745493443995
75.09065264178024
196.0103963646317
119.68821481428556
37.13542719705263
128.41577109837843
58.69262870507879
210.13436011168517
179.11825388761963
109.64836319267046
131.19905276865543
98.17619004138194
179.42425842434835
193.12819294193804
56.19704714154613
146.11488497036922
48.18388615841626
89.19970764745315
49.77729269976385
70.8420309165227
39.84465021298726
204.9188133547961
272.1310272373944
52.492516326917915
187.394867361902
120.13560598494976
40.792887464316685
62.94596249220975
54.405264885742206
226.43855012831654
11.245074489031454
45.421361985770275
129.93181350244353
105.59435430711322
163.54415622315884
205.89679582109665
134.65027595975567
73.56661203622167
24.12663422272321
68.06618981338778
59.919829228410926
57.62123113811806
130.4212450580377
116.10315338485513
61.76809600556308
78.42654616321079
86.79529753234135
51.265568274883854
50.876863222680555
72.23885789472278
102.04989787445272
186.45625060125778
162.9092896573311
67.35102045729124
68.04171465649489
100.74972803822628
85.9267997253824
103.26164740466241
97.73026513867912
342.85501500766463
82.59864614108409
60.402495160242154
148.98003044149732
276.5713535029371
98.86473603496874
156.22589039059906
76.0030467388884
68.93332509630193
85.01708520587754
16.034432926339573
138.2569929001917
148.57939364879945
139.919724744187
166.20672150425085
188.02364313349153
79.52340141381536
124.96704903930367
198.30522266538998
62.141121225712965
113.96805392720162
97.28291139462704
161.6914265084555
38.73324834281518
221.27233299825278
159.52567062746422
40.63838087318937
154.63536720045408
93.8197979533422
32.92186293262754
55.460137162604354
42.0268237656943
47.505010160972276
245.36883693388208
64.5272916962603
66.16300383446203
95.72446120971776
22.224521805335733
76.36583937002361
98.9732344139294
176.46297405978248
124.55937257643792
57.92344637823187
25.270375044039913
195.80927276717836
82.14480030039249
152.21412744389644
100.34086410230631
103.95800891195307
147.48051048582766
140.43888860252488
62.433151823638006
42.324784134733385
218.6440821900562
126.83857307286044
48.31824614338115
119.27911624169474
142.67466845923192
98.41079542983417
27.994448247009682
219.6029732138225
80.44964690668779
171.44531922725287
109.82737228846273
49.01012170770371
209.62601175167424
91.09898747156252
108.1671696729264
124.51601235402826
139.2539986621339
113.26082486989172
151.50958462112314
29.89500030486924
44.02952118494328
155.0806417871766
117.18663390730138
126.91140662657006
114.52528243084757
27.421765499960863
139.04384012167915
136.72562223087988
35.49225232668721
278.58678326615643
100.15192695763253
80.48045577725696
84.84575691998882
124.38234383260885
74.81698074854312
87.99807617520307
112.76128148134447
89.16372785247903
