0.6796873620895391
0.8746771639531836
0.8447045575572616
0.8264661635881099
0.83646193978881
0.8221580579662809
0.7925103768869681
0.7980848238872953
0.7715858290564312
0.37039563144556964
0.8165768009074332
0.6219593435411952
0.8402539270965903
0.7045665395455756
0.5061550691325136
0.42393155039468844
0.7335986196312696
0.8796634059642523
0.40200873385524083
0.618498752724576
0.8177399419384304
0.874223151247115
0.7828916487446684
0.8211677043884775
0.7867649283056188
0.8060579607236135
0.8220662879189929
0.729401158942477
0.8543565670077271
0.8351182374115153
0.7892875244797812
0.5149166836889232
0.42901053759942465
0.8121116666282122
0.8314608762055404
0.7999863421830722
0.7141582282034212
0.8886684042822637
0.804548941142635
0.8507567571060282
0.7188065942314191
0.812959774835957
0.8724476437286361
0.8214450367819306
0.6382957768722191
0.8122658984323043
0.8789003742357445
0.8044910886590498
0.8812994033200077
0.7926845919645296
0.3100259318108805
0.8451114463251416
0.8433507582759132
0.8334454791519196
0.363970803949841
0.7817348808063401
0.27163543331148443
0.8054940564284653
0.5991292568353985
0.8246737025986566
0.7500464786349976
0.8254184589516665
0.7728178920353879
0.314181024584997
0.8203051475546259
0.858900502088362
0.8599941809085812
0.8411362181701934
0.8250196915355763
0.8438088878274144
0.8483613455823235
0.7966429207245724
0.4300188088270183
0.6922059621438048
0.8541388441930595
0.7604162467630502
0.7397256974322293
0.7676559721218248
0.8647305060519035
0.8521203779615958
0.8570455266449145
0.325664247105416
0.7967865155622149
0.8215982218457798
0.7955640179364467
0.6978096208103874
0.47390333326500034
0.8565006597754896
0.8304022673273007
0.7667491971253964
0.8209110722496131
0.6250044726322974
0.46424183566388255
0.882156411029366
0.8430421143837405
0.8244962756301435
0.791825979451015
0.8304906275326426
0.7568938772252873
0.4750847810697425
0.7962702290860422
0.5505256261779845
0.3175365729023292
0.7956237272210129
0.8619148139950346
0.6202408030746465
0.8862377847334275
0.6884170219763996
0.5159075639514676
0.8518076578195195
0.8667759784907697
0.3633356192793597
0.34340768408763855
0.7691548002281725
0.6212992871122799
0.8677910991704556
0.7935528346620508
0.7796361041262051
0.8827380220486826
0.34153343438045036
0.8131163651003596
0.8460959906009122
0.35518643795723925
0.8391811436692906
0.799810037355267
0.32771670451110557
0.3769989838136945
0.3931150419514166
0.8050156179557184
0.8818029248363475
0.7787210736498509
0.8138364686273585
0.8153077320993396
0.8252670984000675
0.9760268793118478
0.7835964115237894
0.8533731428264231
0.8233372405600219
-1
0.7604124800332608
0.7112853864472614
0.8051840137112611
0.6423187103633743
0.5128114145694986
0.4417334369767433
0.4668517809213445
0.8111191021451156
0.8149529877979909
0.8122036323563802
0.9111229266445513
0.7581011997255975
0.7876284564424312
0.8148214865229335
0.8183499841370468
0.8151687667014338
0.8836466571433078
0.8329325465764248
0.7237214633676403
0.8086445606702752
0.8529043773965794
0.8531934145980892
0.729769379433701
0.9724792703552754
0.8190036928939853
0.18762116488807257
0.8368061961868607
0.8149434901763506
0.8957795098154935
0.7558927064612747
0.46139596994003873
0.8675402823380343
0.8155874452010938
0.773385048724677
0.806534107616833
0.7846583026147205
0.9081666957989499
0.8131371744193575
0.2776899040428702
0.8078306901696597
0.844972944963712
0.7649398399773072
0.8007416245313195
0.8154388723575972
0.6981157028868036
0.8113173399314058
0.7150738404568457
0.808488842340549
0.8783231222706004
0.722015625249501
0.8049673613779952
0.31284808400733116
0.7217424720534
0.83043265201929
0.7851049078173287
0.8740925432369936
0.8373490532453902
0.8457891291370594
0.8561670923272079
0.3407823793088748
0.8371515055000098
0.7850532264041858
0.5467428291650079
0.7299456017984335
0.8910049929007002
0.8500815599882772
0.8941581736467382
0.8163073570905495
0.7155939474168577
0.87123485060762
0.7982449367920618
0.9542206346633246
0.8381093067150172
0.7750434821151502
0.629563212312696
0.8420118585084171
0.7529683748245042
0.6998584376057149
0.7758170375292472
0.8187953124214258
0.7763721217106829
0.7862705595983117
0.879677378736667
0.8358516724344375
0.8478413646881142
0.8081062371159053
0.5704141890194916
0.829367628920648
0.7439766065686169
0.8766589902296694
0.7474151195074993
0.7609133435277013
0.8324828812836941
0.7495595019991937
0.8775776381746432
0.6630440081565268
0.8203964501152098
0.8327413383680562
0.8724701533019917
0.8140686475126266
0.4569025449118448
0.8820227589137688
0.6520303381599906
0.4222436812139169
0.8367567834704371
0.8245328581610305
0.8207865480684147
0.7890127832996469
0.6647597021629942
0.7559910937706678
0.6645313509378997
0.3891322985273622
0.506460836492006
0.8499458948330892
0.8286585658950907
0.8952267022383584
0.48558456421776225
0.8556024217433644
0.7717290520630709
0.7914959033736476
0.7512351992539572
0.5534022939203033
0.8313031219458606
0.7830464254774137
0.7458429397695658
0.7290730628782767
0.6371750342161693
0.36996742152815554
0.8717037609212583
0.8991007178630522
0.879185757688518
0.21515238361645622
0.6915743010448159
0.80165515858975
0.7693158104360419
0.8014462666610324
0.7469446585880612
0.8670426404465308
0.8024949495952541
0.798005068089751
0.7317504050456357
0.7815147467552032
0.8778148399465548
0.7419327584878584
0.38256207651929075
0.7887914979453434
0.8515964816636217
0.7435725829376117
0.82670394874611
0.841842957006872
0.5140535199568588
0.8400207687434854
0.7218614783957259
0.8723056923300874
0.8103559786133756
0.8323707792429254
0.8440091256846506
0.8578034341680212
0.8315118764233727
0.8441771978316814
0.7641811683132438
0.21743298782876022
0.6388896045828183
0.7832643904658413
0.8436799954497682
0.8085594081703964
0.7538010009364879
0.8490862995092161
0.7514870602317106
0.7772126675703461
0.8360545521362572
0.8528025540774625
0.7992916296522046
0.8030409876541567
0.796279270590429
0.8297445977785334
0.7344884764339016
0.7598147874286036
0.8421329628239136
0.7819571713341043
0.785757039942752
0.8252220712485072
0.8014036945997048
0.8260843697322438
0.8261487695913273
0.366262454142849
0.8835967626440944
0.8446841560647822
0.8075119613826196
0.799535461524431
0.7406980824962353
0.8434053150205398
0.8653975687392905
0.756478448626689
0.7753182321975449
0.8927920766473856
0.43302395527819687
0.7696778444683283
0.6466572300080036
0.829711550532029
0.8533629415043797
0.8186955399077516
0.8828716138456929
-1
0.7770903739351355
0.826442042145441
0.789602518283587
0.7634304461793331
0.5389960252894457
0.7874708559596106
0.7748483453343769
0.599116039095247
0.7809823294006832
0.8701098139696221
0.8599456541177605
0.7769737492951428
0.7687653116034112
0.8151579558951163
0.8026706609438959
0.798927541496589
0.37979221776986116
0.8177718511603442
0.9074322349822072
0.8298145162735168
0.8400221627692036
0.8542284003892502
0.8687069347087545
0.831060592260144
0.8182950018371858
0.8330386036025481
0.8612547680125325
0.7088053995707256
0.8312870897807838
0.6205863450018138
0.8032371114688899
0.8569248893209941
0.8401403309863695
0.8404468882753188
0.746563038049855
0.8534007980419349
0.7391725347766912
0.6939410837559552
0.78441437019384
0.8661386804918563
0.7125279091593073
0.8540825762535056
0.357848517613585
0.5887277403337223
0.764124679519669
0.8091094134019909
0.708019193286515
0.8459554580566768
0.7966294790425827
0.8295779958438476
0.4140189893157946
0.792512196060295
0.3896057294582226
0.8027740103937774
0.7719797754898546
0.8554052407780208
0.7962102370385706
0.8665536820682782
0.8445476495902602
0.8274382030148784
0.806557220321575
0.8597729897574716
0.8433116448511847
0.8449083106421702
0.7808799271668239
0.8103915083196118
0.7818325182118294
0.6646222119414356
0.8072819743278175
0.8224007375627325
0.821472840598067
0.42223239821871983
0.8256114240212616
0.8576244366602592
0.808106112224628
0.859936645756102
0.7107619320382357
0.7282999588266265
0.787351844234041
0.907587895869894
0.8527319122364219
0.7126535776944882
0.6492442580654998
0.749240554719852
0.40450637313033405
0.8581418155635189
0.8033206956855338
0.7653887875685259
0.8355842194787092
0.792632653907124
0.7396386002610202
0.8561400212685991
0.8461947827837408
0.8539825526040539
0.8106053514332703
0.8739752938549363
0.7683128185174302
0.8147001101165339
0.763604581868881
0.5731046473985634
0.3253963421291149
0.7479112130171608
0.34767610272950233
0.6870800849448677
0.3446079831662752
0.7248112851537817
0.7603705563602229
0.4826383661189124
0.7087554876308878
0.869834530088038
0.7431111772078272
0.836442344710708
0.7689122511462023
0.567610142835872
0.7589625253915546
0.8455195009144973
0.7596368507346778
0.6775281107050526
0.7314034937753948
0.8335427788058861
0.3624610713653995
0.7445750855164978
0.8392365052404877
0.452906826486576
0.8215629472093138
0.3314775953036087
0.818428256755581
0.8171792466519046
0.8694395922504932
0.6820716761652768
0.6752772764940659
0.8289190342773329
0.8526484527769956
0.7642040705732472
0.4267682766142545
-1
0.7991058627238873
0.7371091994470931
0.8526628442332477
0.32574754676115897
0.37499296310824376
0.6958473060184562
0.8504772432086176
0.45164868551177917
0.851557030113955
0.8451338117572003
0.8406560803169572
0.7575923885869017
0.7877896045514234
0.8489674594508855
0.7201338661570273
0.4002157007915003
0.8168024537590048
0.770315105844209
0.8116347462471698
0.46737686638395404
0.8136080458378959
0.7657964496687291
0.8224610061026779
0.7430052853396013
0.8189379312016674
0.7603036239973681
0.8441151077025293
0.803837182160335
0.3498733807217176
0.7838796331414368
0.5356114345409067
0.8903001918638584
0.8185603129159673
0.8658738511379127
0.7601969703625835
0.7961159191226674
0.8192155500737941
0.22774346386871508
0.7987532019057899
0.8271576964191122
0.8440905292492277
0.7401245847554467
0.8866203752261819
0.5968352591991556
0.8078033039988618
0.3963762108893221
0.8537705782960647
0.8660664473040671
0.8422702478559997
0.905240110570168
0.8310016475251336
0.7967029243070083
0.34524329622330496
0.6824663999639904
0.22162203058470725
0.8591516962956545
0.7874337357065235
0.756069507641846
0.43136231626691135
0.7781604825419317
0.8646702687113041
0.8381101965785291
0.7246427958854423
0.7930985303057054
0.836516532443838
0.7088728016873322
0.8113884334619992
0.8260501795141105
0.32436613586067414
0.7290135541363614
0.7062055946562455
0.86207559831686
0.8124041024987112
0.8592273267762962
0.8493727280309823
0.8511339554025243
0.7849873559347283
0.7863216031431386
0.488119813354178
0.8550715215095563
0.2929140444654682
0.7536376114436908
0.8090328337814436
0.7699539125727504
0.731406307942634
0.8502806191831391
0.7351387656757782
0.8325444096216288
0.7947576730422341
0.9066950888610599
0.8032462906755673
0.4026818101362409
0.8317853743836325
0.8663988995111003
0.8600753986803349
0.2827417281676139
0.8473997092062482
0.8314994073444084
0.24197753332514274
0.39407505302059315
0.48249339601371544
0.7445632695199067
0.8618355839725969
0.3258152773178157
0.8481140650042787
0.8670758490652053
0.8453979994578572
0.7329395164771124
0.8574870976471813
0.6743078254879311
0.8665351229517325
0.8402211021793267
0.7854371933270887
0.7292548839560593
0.7644329424579173
0.7831911176925045
0.8064608424343201
0.7577725427904918
0.7686948724176362
0.8137123183873436
0.8414597142616487
0.6973190451636322
0.7210872129383694
0.38183400051006167
0.9067286881138049
0.836499212743778
0.8276750100273804
0.8266936361270047
0.8076007457743809
0.8138696072049456
0.7743869041930496
0.828960175631835
0.7960819104030742
0.8382256042158736
0.4793413410356019
0.7678110210897845
0.8601331809570232
0.8137334516822881
0.769724797237435
0.8140181781509122
0.8963882388899169
0.7766181602602883
0.7370427642487347
0.8030795351952655
0.7029367767152855
0.4583429894705311
0.34069684778267234
0.7522384966208739
0.8003760374771065
0.8217653310219886
0.874881731235504
0.7349937844602665
0.3345851947898115
0.6683433918285926
0.865567200360011
0.7759198665380749
0.8005905473504564
0.848140034172777
0.7493496848762575
0.6593936116277347
0.8685426311110359
0.8309975066247881
0.34042024596878784
0.8307658538388615
0.8458937702131377
0.8273800246424099
0.7903571927878825
0.45212961594716106
0.8797983460547285
0.8548843870663776
0.8089086880277405
0.6885798120848711
0.6780836134711068
0.7931020380682043
0.8616877762541773
0.43475619653919517
0.8531453683209229
0.7943402388508405
0.766752163756043
0.8488143048218498
0.7924855631808678
0.8168492766940776
0.3815966222960687
0.7312912430303125
0.8972830736484156
0.7005352083291371
0.8419746969996371
0.8449647668945126
0.7272396573765296
0.41919255394310995
0.7548046016360062
0.8675014525939877
0.869473959486006
0.7411507564410102
0.8014184914009904
0.8033156080862253
0.7020869172009088
0.853892584185812
0.8644440000406743
0.7045063219767236
0.8357169288409736
0.7945198791361421
0.9037425714754563
0.8407928767409387
0.7343653452113934
0.7895542779282614
0.31749957701316256
0.8252638012113465
0.614413884120242
0.6727987853297512
0.8143876107769017
0.813680502223572
0.8848917095319737
0.8195325533343805
0.8104197689394744
0.8224473131027793
0.8093459669540766
0.6122102028371933
0.4178144001864741
0.8537678937588571
0.8643098305133197
0.4101519187102713
0.40326231564312104
0.5970815178258562
0.8572807513714711
0.8273309444878487
0.30813782023789743
0.7879705515702717
0.8816628763483982
0.7663916653962144
0.7876980283453926
0.8742327718371838
0.747701595041256
0.7399406053063995
0.8419563817943568
0.7845540715417016
0.8001957890775526
0.7594307468088626
0.8445345275512777
0.8468082488377391
0.8514473564474541
0.897292536770506
0.8087035549600854
0.8002046679096589
0.7941543253488657
0.8813170956826197
0.8491545774730012
0.7528775433979713
0.8064020254180424
0.3051317947319294
0.8587876175730691
0.8212113676307864
0.8695479539436045
0.7585548595842726
0.833622560812887
0.8668413758436034
0.7805259240508883
0.7791780509681046
0.8828458167422286
0.7317767594604034
0.7993082776603421
0.8137514356959581
0.8419418368759481
0.7595061783523702
0.8750358201458412
0.8378608516777342
0.812440269629719
0.8718796343879821
0.26888654480967167
0.7732001892859486
0.8229317553327736
0.3121667708406383
0.8133091177668132
0.7804140953960559
0.8609852125662742
0.7950472827416872
0.6416779535970595
0.7962519701599174
0.7296437383601576
0.8624142089688733
0.7647267099415772
0.8047527372735657
0.7152375924045665
0.7387671651541167
0.7184958350959739
0.8490366852529901
0.34997364516709667
0.7582348967549424
0.7585413514657098
0.31545257394436266
0.7445871666635981
0.7831575355017842
0.7008989435847974
0.8012794560682654
0.8337468383316351
0.825252502374887
0.713326082817937
0.8076803543433375
0.8230422215579971
0.45510696350293045
0.7174601454387568
0.2830675971594875
0.8081681788575639
0.4416970360304347
0.8573279601167654
0.8260924008229917
0.8455410338618988
0.8820564489745406
0.8267552745281459
0.7724745406332745
0.8141170994995829
0.7677368103057316
0.8405374649843014
0.8003614152858937
0.8696898638106779
0.8589644573440032
0.34336328844031616
0.2353533294989844
0.4178328283828523
0.7444197044093802
0.7575164490151935
0.7564522986894586
0.7978918772433257
0.7513769369305969
0.8386949082609314
0.8609132516994209
0.8266530807487144
0.8575918755675582
0.8115681767776562
0.8033617031513529
0.8183351718503843
0.8422544862200719
0.8022239616261666
0.7430673199284243
0.7860084662195173
0.8526705120665463
0.7859004573135833
0.3155320744733783
0.8533238889732249
0.7708536714307443
0.7537468588156564
0.8086281172914307
0.8433246756977851
0.8565731572667787
0.7985002072954417
0.8162380305544901
0.7614949122640612
0.603704804909575
0.8375181856326106
0.8418783988223171
0.3695917877743689
0.734417871431243
0.8112802313165668
0.8716516212002865
0.8804061128160932
0.8228669210528432
0.7401379756497267
0.8240518802376646
0.8409053918220308
0.8151963087279731
0.897004430067025
0.6789342566257179
0.6286520052130411
0.8271577011005311
0.49998665078012305
0.6489798673186832
0.8810603970689447
0.7224207581116474
0.8548025563533292
0.8446949750708944
0.8435598289700721
0.8942665196349234
0.7111833469429548
0.8228374111633512
0.6633306981627876
0.8808678073889231
0.86127772289298
0.8808103067391028
0.8653789408431241
0.6509782956238708
0.705558344148567
0.7816373460679723
0.8009383669897483
0.8470960010912894
0.8486767641811996
0.7858528684258237
0.8403581454678759
0.8072505433497088
0.7812777311541429
0.8230749462287252
0.48265090977881864
0.5234545363406189
0.44147772255546136
0.8357563804717225
0.8975666907036486
0.7668229930102903
0.8045183296081093
0.816190083881204
0.8315214078534763
0.889847170499463
0.8258596606103288
0.8169088353738154
0.49079139217760803
0.7630463762598594
0.802290993155627
0.7735010340199822
0.7609121037445885
0.7268788973117458
0.7829055833933456
0.7185359045966531
-1
0.7956638835979712
0.8523052356604697
0.8368014896870051
0.8508621230263442
0.7840154703348112
0.6001241524344473
0.9026112541940902
0.835344534875487
0.8173946866885011
0.8430500764442448
0.7771352232728141
0.7130597589605335
0.2934569072394724
0.7221572989054469
0.7828401188108058
0.585563728820103
0.7889159654828638
0.6721635664766641
0.33977086413835883
0.4449093370445393
0.8333650634634968
0.8708607877728327
0.7821897818413635
0.8325016809649881
0.7979888532055648
0.7224437791461159
0.832193489369369
0.8189122853239392
0.7616265485014357
0.7855318894506109
0.4641002709107577
0.3924876682352046
0.38708228603350747
0.7519648970326345
0.6885826504303404
0.7664057746407926
0.8363622495209141
0.6431560474029538
0.7235410240364653
0.4901015622479315
0.7358784104441413
0.8163289405410177
0.8847854083389037
0.7438937016609201
0.8312401858957403
0.7968276183307146
0.5523423660009377
0.7981304169786039
0.6766528894097497
0.7734498032836825
0.8489352660866152
0.8382965636414575
0.814424863471505
0.8010516845280108
0.8664618239903273
0.7425506262371611
0.7388691143479625
0.7646445563813675
0.8224142827503425
0.763027924112364
0.716935288538723
0.7322762493997381
0.8367420732011688
0.8085319765245527
-1
0.7686902357783204
0.839856318080341
0.7726256421644695
0.32869664547512056
0.8461658432733563
0.8517164355136485
0.8011896662158293
0.8912994258206447
0.8555128827669232
0.36894254240552393
0.7163970446176307
0.8372523172756743
0.882476711870374
0.8241034970758707
0.7538293285516706
0.8854287302082792
0.8070983060611976
0.722599657074274
0.6270273166913546
0.35737857544060625
0.8021109347990755
0.6733225406180021
0.8776478311627727
0.875682411003909
0.683039432989846
0.8314507024009405
0.7532724755912406
0.26181935164650705
0.8264871433634486
0.7476546929773304
0.7649723285563792
0.747680542734535
0.7377309886577567
0.6902553035654433
-1
0.8295626977053476
0.7938801645325078
0.820462005117458
0.8546375373879209
0.8307649518732672
0.878656786230151
0.8507840619189406
0.4506524853487214
0.761118957426729
0.8405763060035885
