213.36275380554525
48.702174733372615
335.5418439786829
12.064543064411916
230.19287555485244
27.140971505536893
20.5484821686822
88.51202023974672
93.69371398018386
67.67313036956962
101.28782006902847
1462.96713809466
171.66584241203526
112.96739737385104
54.26596248204901
13.382830652714798
39.70320149031473
51.41312197048769
42.149059562164354
18.973479123194856
111.19968801340801
29.41714149600308
132.02045434880003
33.26663886646389
47.64664662462876
59.82456666363948
27.32411775762117
70.2384899672687
510.4380474762029
89.85493463120119
42.18686852219694
23.970105575924183
27.505204499913535
12.739476054374279
23.338096527447018
8.568574023342622
32.54692298302499
54.40355317716339
26.171754671271668
64.0724602777511
35.06398694666071
87.01976560794209
21.253023135676727
94.91397612900394
1335.6784363820948
24.21950291995542
239.24200183682146
28.7604236273413
40.23425906262872
36.84384250275246
42.782694378633536
1365.8500075842478
61.803534290173076
22.32230104379395
62.4571924779306
25.95423612979257
57.480959642998265
157.5126831306972
20.46637441372994
1629.2779562378055
33.83183789367262
73.75085997606604
9.902911399502543
21.390541609943234
249.21157894273674
53.52821689947532
26.93206048267057
49.74401419608964
18.015258212134516
409.0279023079302
101.94262155717988
11.465664745991598
23.289808264803614
49.914310631064474
180.07323842631945
109.76609667607492
28.583836443522504
167.78845371455506
19.792491990676755
136.51871157708226
23.198738791940507
49.84777088815776
23.898857386934505
5.235244358111171
42.77580367589914
64.11252792971472
35.19904639082008
29.39595965540025
18.402042153401883
73.35501771342317
27.982178405275334
12.99684239146998
580.6071231444237
130.6763024613048
23.748384622428098
9.659381898683383
16.438573477661542
280.2336124612697
26.390328499880617
39.50327721792618
28.31827349455946
33.6906300861578
101.38967606444913
5.902393667006456
71.4304002484376
18.59860857229414
154.79980710193058
18.71686286260604
142.34303968618133
20.081960899598208
40.55793028411803
84.85506942328084
56.95635466961501
15.122786967268455
19.920905306354726
87.54234043456587
198.67341120307918
79.06943465615424
74.88911601207316
29.405520676497407
12.960002551586305
21.204873706468405
26.99226505297205
64.37148717055973
35.958318789420495
37.85209732825245
274.9722393196263
75.27154643371024
11.150976120432414
120.88263338499283
32.57695718065154
152.2595131853279
87.77348606743425
36.15087373049087
21.923627167441573
25.886935837414292
41.10910917155562
101.69029472752212
237.73948969021464
114.68431819648471
189.96426657171446
126.93032164587878
59.319224439706744
210.32681316190818
14.500625784036881
213.74925819545547
28.734058381476345
44.255222516382275
156.05094933136627
69.75595652462438
28.00798232589896
95.96875577755182
27.52539933474805
136.777129905509
21.262365049650818
2.2697750423435323
101.94267848210116
319.96746907827304
67.77211606928348
44.57043458947829
84.98709730285712
363.48820433772266
988.9185980373899
16.478563708498825
45.46107228755072
17.270553580822448
26.5826857820267
1892.425962707958
25.01219364978785
44.483870442382084
14.53403377625784
153.72073935117635
113.75309505465523
73.93955304545078
223.83556489275418
27.079624698618964
28.997648728480875
11.033508734045217
127.5502547232969
210.3337016156096
347.32302055539753
80.25446014791945
54.800767592497984
25.123925721175667
81.44262810946397
21.734613931645058
92.30205197827755
79.26715870009484
16.565773102827077
30.815901563956118
38.31346637722517
883.1781309096924
22.15601943616933
57.1608726958487
60.35084136914581
77.36973310471157
18.924866831267224
24.757507010180632
29.112253398281137
860.9919631173699
110.91907756550353
19.880850606613475
64.94151316262253
14.600371719874705
73.99886387168168
47.982478735779054
116.26383404825708
142.29381897395476
51.562209658921766
17.199491550372375
31.120337870266003
14.762600251002869
74.07376479648057
115.74411663027202
23.964513686484764
23.012895951152355
22.106756520349073
48.171897276240855
105.50159875888167
36.98396652185988
38.591731356291525
17.140191993625606
28.602286213540587
38.85775972412248
32.3358730652152
56.48367210734288
28.767940119854057
28.04439589849209
48.098855821034284
117.77570335540922
71.0094326697138
20.940865992094473
16.88937624185512
57.415804385360005
236.05812122450246
32.92199656944853
910.0165973372415
323.1786159925571
34.46878338847289
85.40733759563817
453.0876911651372
71.90433342129887
50.67376029326915
32.06452204056758
28.371166650787174
71.03449645545105
13.127285578053069
118.50488246530395
24.944863016954816
59.793315014580166
11.401096186258872
409.7826534391666
144.2187841230638
44.90050733715354
262.4031731879268
133.8861283203937
67.51898821778019
12.138887992259615
80.52923357801384
109.97196764506934
970.2186754394445
29.85255726235141
53.451776660678455
35.38255738908693
17.52285478957526
94.185162558579
39.63937355290688
20.731620502030747
129.52869154793459
42.77042651362591
123.44922406059155
83.62153617563949
32.86709508791856
23.26499142423885
6.594520242433632
291.300643642692
71.55985217952205
13.800359051586105
245.6028536435257
76.87296400793535
54.199635407729446
172.1039193996632
422.9441734045604
75.64378209715899
45.42553729270681
30.272941156739268
45.1666703109264
37.20542313606062
37.60948987413811
252.44117760881988
14.088697881220492
17.713517761884358
18.095601408818272
80.12606823964103
235.40320640749042
29.37099621081994
66.68787362284932
22.60213011384927
49.33315465578123
13.861672544458273
13.20305418939256
29.88170899527914
40.985314985669085
23.68888886206302
35.67063216278309
141.06752960648637
74.50136111891486
32.58233189472535
39.151337624154685
22.027056695768042
34.56701195585321
68.23070699829508
380.18183636572013
32.44679132324044
288.08164699889795
24.902068939066275
28.879893283813665
282.1767515597503
22.13342965743396
34.57282745953446
49.48951668448238
68.28524776733077
270.17708955567946
522.2435583619194
49.32687655450296
164.4022208665323
30.55090791439922
13.50954708387006
88.60616502379976
196.72354250911297
62.58148589165736
122.34974008966385
88.27217101521099
29.301107788158372
355.63051242845756
78.182829453018
339.2731909524076
60.65146985580461
247.45874645713477
22.02923188613539
16.953347507608395
115.8526741983823
7.724876707228755
55.99973759246673
19.731613328217357
29.817396928408325
76.53872718880893
18.728810628555284
32.33580896093149
30.34161938564493
126.88523688812903
183.84698383467435
299.35857461772787
145.36813661909946
34.06971045582215
34.40355731793001
23.55130944198709
22.872928933595258
79.45207967163547
28.184424840180597
104.98368704137935
25.77932295104156
15.459349994747116
17.237218575858286
23.181361695176033
31.480441432093908
27.73238222350747
46.214518214157415
217.02771096717254
30.086763999255563
40.546574935933755
22.792677026283716
80.91739932894157
19.425314369012707
187.99966167351582
149.29391788513675
76.33933405319694
410.7620253986499
18.199000032011696
54.573053233405886
112.1945533702268
18.32478433930335
87.10570886684688
107.30236328593921
39.477522683607724
37.66074307823139
403.6088360834483
232.2324467103533
109.18749401555249
32.750269270732126
99.16613955503128
268.46384748957394
64.45927077086688
28.641863603399486
70.30431404646883
58.60004808435962
11.010969746298894
29.695455659282967
23.743072703581806
26.215587457725952
57.42523334320855
28.27930783836649
26.33722744345591
20.09709898427797
64.27066481013274
115.34726564601819
37.2597960795431
40.97517728034977
19.60096034943079
28.181624819769578
108.20732542065649
24.47481842553074
17.874494199308675
70.00547636008659
27.299061610095084
9.376709470527363
23.040050833111003
22.624606753300878
16.495497471830323
138.78729941100667
19.223407148494903
41.355703656798724
17.270834334111786
54.888764965978886
29.392692202215486
200.0960859059594
131.74687130280816
68.300858099074
7.162300735772333
222.28849290261778
58.74864769575392
18.12503030926903
13.475865883673602
269.77288591821934
471.7116261609674
13.555916976139084
38.08842495833177
58.27710989825209
27.650727542060224
134.01440474874713
57.98991936258191
81.29949936137608
5.450502466527672
36.248051905291454
318.53509996116725
76.82704519074505
182.9961987398582
111.02838366655602
175.31122276169725
104.42178468344423
59.41577388081885
109.0315260523117
256.06575801287437
11.767901488724654
31.5647503217752
98.24608641234623
19.5228739249352
386.2485821241569
68.83647343573668
25.673954808096195
78.56685134780277
206.90028500402252
402.7428260974295
18.9091431911371
57.994957175537415
49.51031422691983
18.27451403052069
29.280169580946882
24.838513671088954
12.562214696828576
497.3912446651832
91.12234978610368
98.44652693388788
41.64904702530125
28.730035499900918
11.723938256431547
230.5615681199586
23.823636201184524
110.10086427829154
12.24955950846539
400.68088467180485
55.718255868290015
19.530855670163838
100.26247425532138
37.38302104170638
10.66259388540313
72.89840675470582
119.32229934045854
35.109893440435876
38.43588869892092
60.885959876614045
1359.626026801124
39.04918803118164
38.029158742835754
53.05898189385552
41.712477888308065
251.3049712952799
50.53722732209271
66.19607984510125
303.4897527972433
192.06434972497186
16.093392021289162
80.55123232558654
810.8479876939386
36.17429879777125
25.115050302642185
12.08586909916045
22.77536479373631
35.83634797252903
121.4404820292733
71.07360595627966
42.87030091923829
11.714741485889515
82.39818516102548
224.97775980921006
23.455959117108577
17.517589700654543
87.85464506680759
22.978793074773556
51.57105939151301
30.351631721587715
314.1325710695934
377.9277347649281
24.490393907372773
164.44854315920531
13.49160194060075
27.893516300227624
34.62047511314183
66.44335513594419
200.82436692188043
37.71642026464845
128.66405295564564
40.6017568669885
54.523297616476
106.89878864222733
187.8916561604046
154.53654060666997
1477.0577742765797
29.557327228389507
30.44561498039321
347.1879058756161
903.8340285380564
11.892728860878869
64.70762185096036
61.61668329502698
29.35108833831082
96.6652060985921
102.84777556627829
26.88285287575834
17.97596593961475
22.59779792766325
21.579448174429867
12.537107449771307
106.12555126403998
37.7257516395125
25.71750982523254
48.55071321222471
30.439550683000014
63.81033026924308
47.03132523234017
18.79042783396193
296.4338144093275
219.98318280097627
69.42351617123639
17.132518848942812
20.45340362773726
26.391992487175298
76.53103784462712
157.08914015001957
102.91027328244711
2.4931074201939083
73.65780851107655
26.95533822978854
162.65416779862517
18.4720573264316
13.432796144977127
33.606141873510815
81.77392780600088
38.26236364678386
58.418629140337394
71.28504678990689
71.36830851870208
16.819356112626036
14.43622852197433
16.80294573178995
178.54188295206018
27.319495137194988
18.2010268019777
93.28415411142689
27.915228175532242
57.158072248029
117.97265402981667
216.18635411294449
140.31409117071598
46.30976275430394
152.72029881244637
49.478391737253574
81.60253991075739
11.026195071187477
526.5680150849284
28.177055396085002
159.95971947563675
26.822054478799593
36.00015583999658
29.358642252965943
127.76647631421255
14.777445727235389
62.396344539373494
69.00192382328136
35.36257849955396
11.168965581011383
263.55176661375384
9.45741280264533
20.666500602943014
74.94655930476169
45.81989494087423
41.83302511511405
858.6079393523291
19.753388026408754
30.41798496508616
21.078696344400853
20.497483807325853
9.540631842288622
32.78557489272839
22.836252569370657
126.93802053874708
68.73821211358782
43.729063990490644
21.96939142251788
46.41415934273293
27.075697853962883
35.688092301560815
40.006160993373285
71.6870906778097
131.58921736912413
19.512919202293826
512.8243003583735
48.486723086043554
1852.2530921843227
269.0422283077485
147.72125228256812
20.39728881229079
108.89543630555717
28.76374746103448
77.33898317458382
125.31976953719915
72.33731203278607
18.768499053631736
46.52286867953409
100.27144100578128
107.71230304484862
62.72607365110362
31.898102254259342
2354.4324609446553
15.46842325743713
76.7000700389456
167.73269471606656
20.635892748919318
187.69759788206332
83.85740380506098
1562.0477786069353
208.2216245869043
54.12351420557841
19.584895972507386
58.28476708272631
44.90974294291582
33.22536620645297
55.55091875658087
57.92902978574869
38.91056207366738
136.28665870275978
319.5271716253505
48.26319093866414
41.731487520281
88.15328658542383
107.80083148226713
103.1201238508865
57.73273497186391
35.32411630583759
13.947071146632249
713.7509347191842
16.973684530684537
73.44117363192063
94.47569797758236
25.87110004812176
52.57892734286252
116.42169780374941
114.06549027630348
12.152741011139854
73.53093341581844
37.45754871296013
69.89524777580006
17.272928044704294
176.96557812854022
233.62775811815112
56.41050655451428
146.13436841860394
42.79404618838446
27.597065600647262
48.690429394504875
31.461820073270193
149.81057696956648
35.86532247346013
24.181892992536056
15.890836723086874
12.92920649901511
8.733926526772478
127.21322192455919
20.107998302326063
40.57473234096004
40.14312495979091
280.9349046493448
403.7089376153781
74.04224147020514
37.47467923722943
141.66641232988187
38.37344403489
53.09701008362077
38.82274212114485
33.410885355184575
17.612883848719772
186.49983455404112
18.97827947558449
25.406191687571006
22.065461682943443
36.004757196064695
31.372332462157107
134.4033977383536
11.656642751593058
30.33678082210084
19.097057854690906
21.07164537788777
81.75499280459353
420.9877091442696
20.120144732293557
38.663674277530234
23.597235643080776
180.67727685850522
23.88212978345676
15.313632582039867
54.937000043546206
95.6289464496089
182.14593980169207
25.081014353162256
32.180639956844125
139.67804031936416
56.87758794963564
304.01829588112554
39.208624962229884
191.05362988988767
20.82469937189497
142.31393383826526
32.11253705095664
404.25075097848224
37.60952165109753
80.59830347483137
30.70577631079291
18.086279204634778
23.47367211737275
70.33855019012533
107.13931533098553
84.04940454509557
21.39268479787955
42.31246898142389
185.97872826211753
214.971349519197
239.8692457973297
48.59503802211127
199.81267274720864
31.7788332679793
12.763224674212728
76.29378627525878
12.832851028888022
680.6171405949739
33.5121662923666
15.207960942167128
28.760547333877508
24.887430996319505
24.46596915364245
45.25704759520078
143.50490680830987
55.36118760387617
139.58130301423975
47.22740487831139
179.6901158751024
499.2589679402278
212.54941201624493
78.12776635001033
11.394265506325013
22.9201847449184
24.379791418660368
20.818640272512777
14.689676265067613
47.523220617311225
37.21378248104048
54.90088570416464
56.4265107814827
69.54646579292012
133.53774023647637
32.28011852584658
77.49519666891139
21.637471025023046
15.098389191216755
71.19559315327197
30.501709206412666
186.62245325138286
1920.5900244829818
343.40794959085684
14.009124912011675
22.29855699557671
18.602117550419486
9.571492982815549
7.351561253560875
112.72988555885887
18.24112401702513
42.27267826120364
107.31598068179326
55.79292565019154
20.56592849683154
38.13279590524858
8.491552985137462
24.98666907889365
17.996613240834737
45.908535823308895
80.08732108080213
102.55322854100855
76.99101829854327
146.75461169253705
618.1047113102355
26.517040122667836
343.1279033944354
26.94083956018929
327.7620807705862
39.1536330759162
37.82290114569715
60.324449861685565
47.12391314565042
13.364302483293532
160.13637142782923
14.845867403114445
20.28173234709253
54.36870260027279
36.91643241557324
41.45626941897504
17.164862773310812
7.3316222512693585
115.88912260101274
3148.436497338055
403.5436390464537
1559.1334895116338
50.493571881579435
15.941223077678726
17.883401591370035
32.558662048930366
45.389558746260846
26.67469552247011
30.21263986661429
9.54872102296859
15.700463576702305
90.75355424650392
48.9191859759325
22.19804887885697
275.7483780963759
25.953147661155676
44.013724738884676
71.48076447610761
223.10914638689138
48.57489316626499
72.94846326364458
26.204562147680118
114.9409183644091
98.1443998605873
53.40634281239507
29.36026601032207
27.516047418490526
15.40296608528957
25.831689236084582
25.699220946625818
121.15339522678282
84.1830739913355
179.4492700242817
179.66047920644837
58.27996385162081
27.18698506732735
73.696180791019
12.903176072376478
24.988235374886703
33.43238500308288
125.97959366551598
28.365232708507612
18.12597471207283
38.736017671052394
57.23926802879816
147.16856312025146
63.82372322505962
38.905145226216796
53.029665603313255
73.30651911398274
43.74680474202002
118.19285740922247
19.99242526122992
50.87439266076764
80.29172305618701
91.01179150469645
25.640451080836694
239.7653764835044
37.77236746706472
220.36018729873038
149.9809187900713
20.10201108315673
274.11361225329114
230.5101212144474
26.983920002786007
115.04872249420137
38.837311542712555
43.37511567502078
27.30043581014846
273.862098788244
98.8725563428785
25.192897255384416
36.51441522660074
17.37126707893001
20.837049073947032
19.705903912011895
48.67210611316584
28.897318213780014
48.101691089429245
150.04672208315327
78.11138046398548
16.662998302899638
31.149817955491805
12.800640296080449
11.386922332860415
29.18087107154173
154.74604603485983
22.424946627756476
16.6813611828321
61.03441828093809
122.38791734876857
13.804491628136871
28.961839836406572
18.271021416748685
96.08346840814627
32.135050032807186
208.5122166051476
544.6510787525694
65.19975543243632
17.020031333077434
30.9254834208874
151.35337166768335
51.36637761669978
14.037765691640157
110.33224732579896
86.68834914621603
26.870741629956555
29.3482218895836
46.816345349425816
197.81394995499332
24.631412192943568
68.7675157155016
25.55467859392966
17.980409086129455
383.92376163338974
467.8638032130224
16.06921815927435
19.77151550481068
28.834141185728498
21.83440455426571
43.16934164506643
13.070726375770695
83.58370629453991
207.0025699259368
163.2410369711089
142.9496079957056
241.80776202766953
31.471819263789108
13.52864405286283
13.784813720750998
76.25831446246993
316.4060408255233
53.547042453890874
20.865520019184952
18.93936216336543
29.633561043673463
99.31731334247189
74.9335860940162
63.11963094043137
23.337220138748563
92.65973822404356
5599.933106116862
185.87218498228023
44.09750518165616
37.100476519084374
59.50483633785612
25.12820155440182
1478.3462261504662
2876.7258688062498
30.972225218531566
19.620168918663985
63.72520296320729
