195
129
192
152
134
268
147
106
177
306
199
133
161
142
128
127
125
206
276
182
181
149
160
160
133
240
157
218
161
145
152
146
198
164
124
161
187
224
170
206
271
160
165
176
130
173
158
179
225
167
144
235
194
159
186
123
199
174
88
182
212
155
133
125
143
153
138
138
203
136
168
148
81
174
179
258
260
185
172
133
220
302
128
148
132
134
173
161
164
275
192
131
97
152
141
110
130
158
164
126
166
158
95
223
155
169
134
131
170
154
0
129
284
113
169
235
228
152
130
166
103
298
108
148
152
136
145
147
175
131
146
113
136
102
140
171
226
163
151
172
199
161
110
166
136
161
145
237
169
235
224
159
231
160
126
179
100
224
171
226
138
122
134
160
144
147
142
150
188
147
139
133
209
136
214
249
160
160
142
183
135
168
168
191
143
162
136
180
203
256
164
132
174
142
151
159
173
185
132
222
175
140
123
273
152
143
145
193
109
144
142
202
191
143
158
115
145
113
183
143
183
157
189
269
105
135
201
174
0
145
182
244
141
129
225
189
111
136
295
264
96
161
127
121
129
237
198
146
212
217
116
69
203
205
247
63
236
105
122
219
298
100
148
198
161
269
148
252
170
189
80
135
119
126
186
148
149
103
233
137
138
165
177
132
134
111
190
228
165
164
91
130
140
169
45
134
252
150
105
95
105
114
114
232
258
134
189
176
152
174
155
146
130
162
178
161
129
192
139
147
161
201
192
168
196
128
133
113
155
126
146
164
164
131
163
161
185
207
173
160
192
175
157
151
183
288
148
145
143
112
111
150
164
132
130
153
229
64
178
120
140
181
212
170
144
156
304
150
198
131
142
183
170
223
170
262
125
253
126
156
118
135
141
174
183
232
179
171
0
127
164
146
0
165
146
118
117
145
131
161
176
204
121
246
154
178
174
112
155
218
225
167
224
158
213
221
140
174
150
111
166
141
153
177
137
207
176
205
167
223
126
157
150
154
215
112
132
157
175
214
214
237
196
154
128
232
187
180
140
139
131
101
229
249
219
243
226
104
128
206
229
236
288
215
157
172
192
187
173
207
226
220
177
148
152
220
155
122
176
124
156
117
130
167
193
217
168
260
187
175
126
204
135
199
147
200
178
137
235
193
151
138
148
201
249
255
87
128
268
220
261
122
161
117
247
114
175
177
255
155
228
154
162
212
251
236
154
137
177
226
186
240
188
184
124
149
213
139
112
155
119
196
164
0
162
281
135
173
137
125
212
128
129
133
134
207
130
159
167
177
111
215
154
50
182
146
167
156
113
238
140
186
49
161
173
167
157
152
206
218
114
275
146
159
208
158
133
183
140
175
191
151
132
242
167
208
265
247
145
98
150
138
243
169
184
103
227
261
242
139
146
133
196
155
303
278
261
212
157
260
161
182
152
169
248
108
134
193
140
256
107
169
186
127
133
207
153
126
193
129
171
135
126
198
155
134
194
171
243
192
216
204
192
160
183
184
143
283
156
166
228
183
123
232
224
246
133
133
206
177
127
158
141
233
244
163
158
107
49
201
240
207
225
150
171
135
94
239
99
171
198
214
124
144
131
200
228
129
167
118
139
149
128
124
67
147
232
132
162
152
215
149
221
227
151
155
157
126
220
161
209
228
187
197
154
134
149
161
160
154
113
249
202
119
183
191
216
240
136
138
171
158
149
150
126
105
157
149
232
252
133
180
160
48
121
208
154
173
200
203
136
145
165
132
156
88
193
166
186
161
146
167
162
132
237
148
143
191
158
173
263
174
109
153
221
179
190
135
157
128
190
127
149
123
262
273
152
147
239
139
161
152
141
197
108
234
133
240
163
141
154
165
138
136
143
148
154
149
165
177
225
173
147
186
154
143
221
154
167
136
134
129
141
118
166
185
153
185
148
165
202
163
166
136
150
198
269
194
144
140
61
214
145
221
155
153
165
194
117
146
264
134
94
117
185
202
175
95
112
96
157
206
123
117
248
232
128
151
188
145
242
128
142
110
190
153
168
205
121
218
153
194
170
223
148
258
190
158
124
113
144
170
74
184
205
133
122
165
135
134
148
123
261
231
175
163
169
224
193
116
174
188
164
180
184
124
219
167
156
151
202
318
105
138
128
127
218
144
304
181
107
179
234
197
138
160
162
148
194
229
354
194
207
160
210
124
130
169
165
213
128
133
255
125
138
132
141
153
165
209
134
162
190
164
128
212
233
72
231
189
210
204
208
197
183
223
209
200
197
143
125
155
147
210
162
127
133
200
168
117
