26.268149897702333
25.099750391019768
2.1155948241901976
15.331331457054594
340.24653462664253
20.42659653511633
31.262723880149803
364.7388513447415
1.080643215272138
219.86828611197203
42.28995001925795
33.84782422068418
82.80120053096104
108.8335954734968
721.8988773305994
29.086935082459227
19.44501147280679
11.03789410551685
86.62818988537983
46.57930026650224
45.74279407384135
163.7063550599134
9.702093960334539
186.59088061606468
11.485947273566342
94.01777134401033
34.93797317637788
91.59846958727334
88.11099231518962
74.04680399271683
22.5711110729411
289.30293979563805
12.820431279643815
545.2974758701921
23.550328415624122
56.94619412308453
31.405713020183672
34.571000590014265
142.39765679594737
61.08203698477025
50.31948882094688
23.120651529541732
37.4924316336799
18.956017548493033
67.42110800968483
26.120092852134018
28.20548095640944
62.26730197323194
102.49880048837228
35.24609564361008
87.10944031883177
161.91364591175437
22.422477179692663
146.2863233386787
52.19494954455151
110.24326175648571
79.11499571058954
11.864437367663173
124.12759680101892
103.64082973247683
25.002671177738645
10.806610256260898
34.59298852435751
14.408639492298553
23.74375597785699
11.771295336832525
18.670944874789896
20.46594868740909
16.768967641869096
46.448303005588244
14.126148658714154
24.734284814334266
18.348079427371783
95.42777825815091
23.15542961592872
12.699411349385912
17.37895481344195
398.86243326042717
251.27956833823947
9.223682009677821
27.485004361237742
99.81457780378645
47.05363781728052
8.654149613001165
117.72422416367749
30.143615405983528
48.73132340185926
23.07754044723641
7.607590644130294
510.22517565354764
19.296870312919587
52.11753095376207
50.00001609520179
19.546633847486923
32.31233072597585
16.53385172598175
42.70313642001713
2.2741983139678994
7.680604475115348
29.761171586431267
514.7124811403175
225.44482981484865
13.10542186006225
23.2568690892866
117.44711382290545
111.23296578307125
16.18693945241538
16.529999513038014
109.52674201366817
35.915958535489885
17.288158882123433
19.677457347031527
48.80750478609221
181.08709427117856
17.79417005916181
19.520969501144624
121.15310539967555
39.73449078004585
14.994507925144863
62.0764308647477
8.451936271756209
284.6387640494416
21.055929939338775
83.45473585364773
25.802357133310807
54.58222236253298
42.27658358655389
11.013660762686376
16.609283935761386
31.055017482259096
49.43920646672842
143.1767155352831
112.54044838409024
12.828754301365432
8.422599091933963
28.924411022852617
16.65929784559266
20.573676556711906
15.534628929775838
30.275141912221915
16.124627237249808
27.439532706527935
36.5554782490344
16.75876130856072
521.5874913573052
113.61885774925001
29.40010671230769
101.18762808167156
40.26101180069674
23.231524166316
29.93110167892961
12.205459926133436
16.83126504018451
98.05966411618772
53.61263795769204
16.21682836792882
28.15898131524376
29.48168328101385
56.987540364501434
28.08309490226143
19.543444257894446
14.596746221408596
225.66109596207068
20.35037497901601
34.27024403359365
46.632590022550694
73.35741612712685
21.183079918960708
27.143213618735228
23.275687995396826
79.64357660632976
16.00365665393653
44.075224418234576
12.351909960727356
15.452833465464655
538.4894200571317
11.117463621785474
9.189374103850659
80.71805325711033
62.506195286020024
19.206006114068106
26.286304975336552
53.510303182800214
75.17893893105675
14.425425109680521
13.231732251595439
19.541373674539635
12.013902488788437
14.621703884704566
59.60394273384808
17.25243269618567
31.23237820510388
22.4712734993643
169.1166985918011
64.00071256885126
96.45184526908486
16.413106327845504
16.56939478667539
24.544664826699208
19.349832900859514
20.90114600074373
28.737240527586856
265.91996313372255
5.882122005950969
42.48998178525817
29.19685664569394
3.865411769473568
9.21703423232702
185.903205637184
25.411841012021803
12.065322228302586
44.18441895529931
62.55005324308719
15.843132986857343
10.724422031001886
6.666780678107112
16.212899787441142
22.861530817489395
56.019760562365384
26.468282869629412
32.00497104070366
42.21288018127881
14.692408120301184
18.718532594977965
36.15323015258262
45.71779636798956
104.50545212319153
13.174084142372147
99.27733979447949
439.6996454404549
9.73428476147274
69.20068396470492
33.03580119774077
9.457115697296134
13.533005687999756
26.50458432685967
48.47795516069692
8.31099040311811
23.848956366645503
156.69607520355893
11.249309530995085
12.600124154015177
39.5170488055824
16.78937307925725
9.389013793336245
103.78651742327914
34.32672793420507
35.527177180828076
80.37492263095658
9.842268504532257
125.29151254479413
190.7959822366141
36.962272255854444
75.877427936457
82.34037025258172
6.391946248889967
16.97640129076636
26.816497456242455
29.730156583058342
21.813414243439954
13.980350391643618
11.453565471989398
50.84263042317544
21.230886770445686
160.3449335134514
9.154283143872648
56.507267054842494
125.52394053705629
18.90675677689529
20.66812494639865
87.58492769963375
54.499115208749664
196.87369372104152
296.39598762120096
60.612649703628165
110.17896179185838
29.57778536164765
92.43750006138293
29.57601266186278
8.547227465904797
124.6397101921173
36.86905256114508
228.67107690157397
103.55524876000567
183.68613844764843
25.280950570496348
19.160606922995264
19.567139107887247
4.727322020767975
141.42503346636076
21.565450223658033
47.816807384053135
15.79333323979785
32.26124240533361
77.7002775464374
18.546155647837423
11.459881433490445
11.432012140425908
17.210351987259006
40.3677419595896
85.64702268049548
32.40261998017479
84.10927013744121
6.564796716298708
66.03856556536651
23.11432465642931
603.2913725186133
67.67225136261085
14.500511477823668
14.686308975255871
20.7434942519333
6.703505472372553
16.27855394696367
31.411401245311176
128.31972665281256
137.25992827990186
38.23986153195657
320.8730385554149
54.61875248500066
102.35974897271123
44.761027548031734
23.859372029776285
48.92822796329356
36.15068061077537
29.621208304469565
61.50813647149302
53.424255181614114
24.332569108272054
18.341299007675858
27.519867949559124
15.632362460563618
37.69541652571749
57.443937863131275
20.936965198691055
150.0589147665164
60.17949062519628
108.98290049652525
448.0425639039508
18.181209346431924
41.328314134180864
227.78960313235137
31.218623346064685
64.85783813235979
30.073112254935754
4.912248598210452
289.84683053138247
38.65233232348834
16.563866398597085
98.01488997415683
24.771826466005063
16.350349513415246
37.790950791444224
18.0179199005632
64.21492270082793
11.820262993577858
11.897036733715451
25.316367924890084
45.396827222543514
41.44294397375364
9.354865897302199
192.78753465975805
13.316053812668692
3.987555962856552
65.88488139503657
217.03070789965682
22.58206326236951
17.155616071426728
12.267407273449754
34.02676996459418
13.110938916500936
50.214039481267655
49.99315197120975
68.48864514109697
212.69371569535812
3.490323001502275
235.96453084269118
15.11121559451828
15.833868675102497
23.897281823210843
24.058810694287853
5.511145355784529
153.379005969804
10.594017310835115
60.359673856151936
28.692322621210064
45.66518488718613
40.04156041702065
109.72836952656702
37.76269442972004
78.98155554832525
674.1011763396388
141.25337541979354
8.1829054859011
31.81962780147677
215.54351793947848
15.348782408614445
23.14161398534168
43.81087012683282
229.55838139593337
33.59354166870631
12.033024277388597
48.05286481517137
25.822495772425732
21.777221960658693
38.89921103214106
159.8227613647681
71.91361472888843
66.45549027813783
14.283286989166797
108.7172934294828
25.44654366025178
120.4154062500378
85.72130903991419
121.52718215502392
56.215356647566054
40.30445238112619
35.18699742005373
10.990040292960574
17.54718443753417
19.878327508013918
28.490856901879038
62.98457963205446
9.137682672873456
19.50438533249907
36.850653385312064
18.619063421057
26.50737264233851
31.990138539767795
28.410541828169922
73.35463354671711
976.593893120543
31.009969843243535
96.17810363402833
18.108352520809667
229.23499160881963
18.562305193016694
24.300735753141282
19.6161589636402
132.5117753337099
13.511843349834589
19.98867299627654
8.276149083272308
62.30284295181888
58.01926156993709
303.53817063636643
131.75653279198085
63.62117867132289
6.972792170334322
21.837597049729915
26.24321083073689
77.5253882432121
64.1545983467313
176.50588476135295
134.45019296944974
12.653459517864434
39.564921987116556
26.340640878412533
16.51132792576063
71.83389442225148
7.539922528678053
72.6995872528919
103.88907081024357
14.86469119618273
42.172844743214014
36.66481105141041
32.202211347568
167.47275285849028
93.58863254557048
11.47062503252585
12.389269083972726
7.32042671073212
33.924640189339854
75.59689254047453
19.699527659707403
73.37081614310262
45.254576739567256
100.56613963125046
19.264726142104404
97.06468446274296
10.624077479358268
52.60126008613824
241.1337812570634
20.517213426225762
48.39507717401705
28.647361706486443
15.335629740004949
20.545711403353717
11.631903555826284
8.877784499208591
125.22364653568674
22.194056381561655
21.603507624530558
93.52532808050381
32.05920236270313
478.7246198447268
95.87240835008316
25.253900378671258
12.91389226760361
21.76196577997034
32.839518736781706
5.143832558373813
27.300740183142352
33.779994546225296
9.617173609162728
28.15931078952565
38.210212102537966
33.52523328180206
10.217601513103354
37.8909679106304
16.549938931658485
263.69946283669134
30.780069410337834
10.068089959065585
10.630404038536758
47.702070344784595
80.71310479718102
35.9547522029477
93.34389127695918
103.65214399602851
4.597020951641078
21.489649387740762
31.1510759191492
21.018119524530025
54.992912596450665
56.301095809050736
44.556657356022306
219.04688674454746
35.720519138717165
121.15599735738043
21.559147869350678
45.936322294225036
12.115409238294925
5.853114886893933
16.622171739861408
23.771913904578913
5.477589180970199
76.11597551410891
79.80965704717558
21.98543445496403
30.67614847591003
17.862468955166147
17.71883413807724
14.531717444683048
24.324153549862796
14.794709075350735
24.237435002674797
25.950537194782935
6.1718637974657415
81.74610640437511
11.9318539745411
55.01732197373104
9.086660146730127
23.994467377076784
10.518219633550366
14.037261794711123
19.914185325183706
88.7873177314331
8.509429014827619
71.58689770286773
19.713901576911184
20.637614696610644
118.34298196718409
20.594892179114204
7.581431330359979
11.198927586708587
82.16563948767735
140.0667498488207
87.40406674120939
15.626934766592676
21.968314070977762
38.776892461213805
18.713702585957893
143.42569053992
28.884338468559356
10.771010108456109
58.154703116354575
58.05992178894394
19.022808777924816
42.62784842313641
28.202205154135935
10.356482470066892
20.397083343234083
44.991131952400345
48.32688875185149
189.8422421879809
15.975885368149417
14.453737105026232
147.83874612809748
106.32268902254235
134.75263011979598
31.041132174491064
46.90685100165142
10.798312112182744
107.57739959505288
7.160103876131189
9.023471228860517
54.348091238174476
50.774356468873926
28.113445205273962
217.96958009248746
14.894709594696169
22.308847496793167
6.334883812392437
139.83119176943478
92.39584699765199
64.04775109807387
15.259305224043935
34.91512130796665
25.772326660113357
4.047565367225088
63.73560519538688
264.28350806309567
22.380363933483316
14.64573768867253
8.555416316856963
21.42640488972504
136.6197791815146
9.036150423431561
26.42889179970067
6.796182617929046
26.432423806936253
21.059865182924234
21.99422754803031
41.66341214802224
37.2143017470524
24.07492970408505
35.95995517936245
18.023640722950336
122.79897010762014
13.654335859122618
23.26143308540003
24.975754222759566
73.2026772989605
78.33015576858149
17.924906850409343
64.76345685742332
16.241146382955527
9.339334579227508
24.090792435975608
31.996362613103745
21.85043726277499
12.079062190638613
86.0494440108518
4.547958612953884
114.76207840592156
7.878566382650063
1.6518259009431502
13.060026731514416
169.08775126334368
5.043776056863891
23.8268683689664
146.30910034931566
31.312668880860056
30.963768642432075
23.066849818119973
99.227071473477
128.94550324221245
17.466612598608126
222.1417541336481
19.866422858996668
100.92570320217698
1002.553936034763
23.896222178689243
8.765548540430949
26.37946219397817
20.691430057104764
8.963239652770389
14.999349400341185
16.436810043417793
17.103662660772482
16.047541767965487
133.31715640628843
27.87598548188347
16.095539790000874
35.308888405937815
323.39587837215737
33.21382157963631
17.310568971841853
68.10671186188479
17.341692648185035
21.355419369009255
37.26918041458491
24.444646677779822
46.03055976240949
122.66983191955086
18.98844170481419
55.18948141595481
123.90372390340322
5.85858593655293
216.5901680803362
18.822191670663
72.95221037339694
4.3504325849219665
7.053036591976237
56.16938766032361
150.76330021453845
93.97356828033168
26.40997515610421
73.81577703633705
140.37053460038493
138.0511135635194
94.34712798298702
7.406712768893251
20.421561916528642
35.72414921593936
29.61697581035262
59.36285131473542
40.278331756274426
14.712651675537392
44.98291471121573
15.274570962389083
10.580064968197119
43.30344402972514
6.891484950053369
23.643110759291087
65.80258770695784
13.15661605091021
14.965249891761383
30.713073184407524
28.39223470313572
21.828102404022182
49.700769584915086
13.734640588359582
171.03563684869277
46.72871904809414
26.04437108389883
86.24681114229078
41.12537236079115
49.47265676242466
12.6884292248086
13.673445609278577
21.018548241280076
11.904419813809236
11.449904509411795
22.158174960123283
5.857382161330742
146.42179749632575
122.69220330317265
68.11155435099273
11.753286983102333
39.60358451951402
221.7895486852307
143.89083627118208
19.67524797098667
32.12836043855254
140.38157744613136
73.20493440022521
40.60854451419492
132.96626447073928
90.608942382982
58.82760613730396
33.52066068749026
30.463966449626195
25.42918870726418
111.86639416615367
35.58820305938772
8.167904797152298
22.495810695547377
14.450783532011972
86.89066114037936
52.26184163967044
12.890467843668683
26.96858389670947
59.16272600606009
107.69929589438313
62.88314600268472
150.1756720638722
10.02336444520235
20.453184680503224
12.979315368293133
29.239236875119527
18.084002107168498
85.26704098199073
48.80155475790522
47.23468269925993
47.02014514788855
13.479534684926243
7.873952445444589
66.60535661314954
149.49172217570342
48.66364627918061
79.54073803167684
47.062345874689306
235.66189571123368
321.156688090399
28.054219445933835
14.19623548458535
103.62196747363713
140.80642497758836
30.232585862771497
19.09642442269495
81.17887664669462
45.80786023323719
15.134402422518658
30.507020761935987
115.53219512850433
500.6685869014664
42.01064673023165
112.0864996957229
97.80329042779323
205.5020769277014
14.055574048171064
28.775570724249008
900.465635179311
34.85017478210376
110.73602089067904
39.617651689133886
36.091291341203174
11.596324147283118
63.60687998143971
24.70818847167215
22.212718521803062
39.17651922951103
18.541267143491424
46.15829514077243
27.459798156938298
9.736648896683516
13.400203607230965
32.31516678872094
61.725152192491585
104.06227685944116
300.2914718296219
31.822139690809212
26.624800368641836
26.903756327135333
17.472021133807218
60.33505522702374
33.9199714429481
59.254870728681546
25.53385026255438
20.66891620241061
25.398947793752694
52.536999989922144
42.48156732866738
27.962412099533005
32.97116985036444
10.35901319684488
62.481799926387474
15.354569061793217
17.506943518348965
16.22335212828961
43.303340169936334
10.419183703216644
21.070881418778068
5.521794790489587
31.854030040634214
16.979069391208327
34.2594424759019
56.05232462983128
44.13151596950253
15.329720382478136
17.635245586717957
13.216908476103495
21.869360697304945
22.575068789994845
24.839477045069334
57.024033372234435
24.260973726898175
20.521246506176542
6.549752501306894
23.97592125839986
52.08397768050747
38.63843549644791
12.868882659393911
251.1309207471386
5.926963362335162
78.62551144076718
32.741727090410166
21.194806816594717
25.010533024508117
325.3876731903101
22.487439328438736
42.656857021496315
23.919890783440454
211.92918816980315
83.25620953148068
290.72154301203227
87.05116862466747
74.07834629502946
59.6299701219776
5.9333385309347975
11.081989125792708
100.26839651341672
35.72497445220466
34.09516441677281
248.17386246184478
14.733308390737148
39.8791698648394
18.268162909271197
44.75337311701829
101.15477497769933
24.11986247955781
11.172825716871444
40.45288896321573
42.962267674482405
35.184539644216095
45.73714373139378
49.05700586732382
15.902401118401851
135.2525522416432
210.95071551832297
49.371111202605995
19.01204896640014
31.6073556708787
147.7935968912785
6.623792487973859
60.57058185024608
15.728221045312285
477.18964264069473
8.574671627342594
20.276990807144557
12.444362186943284
16.47468609335307
1.3282174081302254
10.213062035032733
47.65716236884502
5.781750356190967
11.325953550001815
43.59293069767901
56.61280647288924
16.58529862450086
17.757753616984544
27.681882339673212
175.77602733018065
31.07189728336706
503.8576583823397
93.37739494059883
15.585865112428372
56.640840014522254
12.82366946115998
41.47379444403124
157.64904425146608
21.70681586157748
107.07282585929528
25.921010631603636
19.34595521565271
11.02886459153244
82.93982328811185
11.868326001885777
621.2170738312531
325.4355963490137
11.296212453505094
83.87660576388834
27.721316602800233
24.003025913423137
10.637563609289773
442.48866921964105
19.603574070111442
33.78766988303317
219.8425194646789
22.915011595659756
27.93865661637186
23.994331630536294
806.7263271148473
17.62387251134863
31.906522811885722
19.38937914623784
48.76347513576847
14.438751485175443
21.28918456997021
26.473843965271755
124.67522889711847
31.629086902683913
364.15832295126046
28.76217307752343
25.8044395381216
40.45097291194989
260.4198455845607
97.64930168515099
28.183453794029756
10.790922134252556
61.93621789168148
14.405168043983181
55.53517472346442
24.41406847862092
16.14789755237586
32.97391309775328
57.3402206291021
16.78457420406051
43.15043926522418
137.6996036828363
104.32358610772144
2.896336079644691
27.247726546318834
21.197440637759044
10.333118063593254
26.075756159805675
4.720858678156902
8.847237641369482
11.079584489872682
12.503578745801006
172.26694644462034
111.30246213759027
69.91724654493197
57.99862380654089
59.378387056169416
10.943629816604837
14.028807526342646
67.20381844023031
12.749783671284217
