0.15632417270011992
0.0930845850109873
0.041130885313574055
0.20010086222420345
0.1652200997977608
0.2026615242290406
0.34998606146314837
0.05489833815680827
0.224940677654815
0.0546572125258744
0.07962023454746664
0.3038034850964301
0.08667955550728165
0.09988944674123748
0.10072057154403109
0.19588783403729934
0.1953740591870502
0.2593674691130812
0.06311122833068926
0.06374564205414665
0.1262381258011905
0.28188271584020075
0.17961872971009937
0.2680601753402537
0.0749004362118123
0.11238635865347742
0.11326962687738863
0.1398113539581264
0.1275788257582899
0.06959894919890931
0.23663391588133204
0.07911703740439899
0.0649338059620645
0.1330051967097084
0.19860191661320775
0.11382282858761796
0.06406067133081819
0.10307573614926642
0.09509486980125352
0.2604520025474784
0.21451624987151138
0.22292474477745247
0.2577317291376667
0.18903304801910134
0.14715967140779196
0.049571049204559924
0.06972113788093909
0.21208278041377202
0.2776571738450391
0.12290462371838924
0.2708011891911642
0.10191667608821724
0.09529249009170174
0.07872981519240999
0.19049355795149298
0.16385643663299737
0.14597760335618742
0.10564739580644712
0.24782903407126564
0.15628872907255598
0.19520196162346376
0.2253556390023242
0.1882803670426668
0.054513734424042976
0.22019718601110203
0.1230107334307396
0.10036235776811467
0.18250090861192003
0.2192678181106472
0.18304155236695446
0.12336819489116307
0.11501822039059113
0.08375984151288311
0.26131365807488804
0.06625450028796381
0.19600197563969132
0.30968393138073796
0.16964637531724128
0.26145758680738146
0.10438537345830144
0.18540889670767047
0.23748427276929507
0.17325882032937087
0.2827179164910696
0.2187746239894567
0.11713938885316495
0.229526263647533
0.22512922529335383
0.10083792711483962
0.21322921677949558
0.10736293534206681
0.20239224526771862
0.14342271697284767
0.3652410874865573
0.14354772457037315
0.1400467579967427
0.04640152919092275
0.13969044488764926
0.31625978002683774
0.09953171255738803
0.09417923095937565
0.12273030613307172
0.25391378046559177
0.11526132604608988
0.12673561858631083
0.10715226611433164
0.06086241855644287
0.11532186198540728
0.15091839018665618
0.14670713802519006
0.1577776999427441
0.18687155889288884
0.1207702799929617
0.09411045175329079
0.24159862198973941
0.17562914804768925
0.11172331049100319
0.059258774112468764
0.301682981098547
0.18455789831358677
0.3144174943432832
0.07228799108403608
0.2920253131238629
0.1670047835383557
0.15111623621289738
0.17956376119052594
0.17597398481674004
0.24315945757261867
0.092493219839509
0.15967951404513364
0.12703576831571972
0.15375737586055754
0.1718136594174305
0.1306768164846422
0.21268673100486452
0.20828052524410334
0.18528411493173075
0.2222892027941823
0.16947035367938293
0.14940444936607544
0.39326690073308296
0.0784655839232129
0.15455627245406545
0.23738419696693586
0.16987564764675883
0.11158259058034765
0.2265116082912005
0.14739785827604274
0.10149331919768213
0.09254651571853129
0.24019262252681056
0.04351175495115536
0.1786558346360004
0.24112289130686188
0.0519565814351209
0.19513974478210103
0.09987334182516014
0.20575513627850617
0.10828260891443141
0.10389573735005404
0.2350209798376872
0.1270525208611181
0.03502515784591071
0.19687488761928473
0.10452385183260234
0.08021440417772692
0.08910477175878846
0.10519995963997802
0.16148136021790946
0.06796359464426455
0.14212717567364833
0.1224692826245309
0.12729808920911712
0.09010764070012141
0.15464767219275452
0.24725725018681063
0.16933536568918048
0.1207483486807177
0.07614887517718834
0.131576891179499
0.0795537690610306
0.18472658298080824
0.19310357721549404
0.17057930625283496
0.10857559945985118
0.2889425305806994
0.1052108363892715
0.20740135697389783
0.12652156149213692
0.11795370808125445
0.10721549238153351
0.2823245188062684
0.33017758876797093
0.11530640083758562
0.3194033750735199
0.1865955094471975
0.1569811361986375
0.23281669914351413
0.08716393165708981
0.06788169776289696
0.2306663088305296
0.10572211058573085
0.12826800310993958
0.19846985984431054
0.09900852620027413
0.18007106324225577
0.0542654934517088
0.13633380426949304
0.08771207366091639
0.08317888505918547
0.11272284407772873
0.16476506002032457
0.11288041747250786
0.1301260606915934
0.10378007117067325
0.11146244954690274
0.1512755566619988
0.14334709078077382
0.24787862802732347
0.046353827373245116
0.07506255690364853
0.18927173893049773
0.1910852735384041
0.20969098150775115
0.13714975632565418
0.07638879770346886
0.1007045342631847
0.05815955265845896
0.07193084653016851
0.32563212637974714
0.16521416002730455
0.10435754058289731
0.04030478901968644
0.3256564013747633
0.3251947358848033
0.10341382467234045
0.13444879658207137
0.09019698597785157
0.08020086823373829
0.17706812739717148
0.1952911180832035
0.06798967306288645
0.17670225456271596
0.27019135200549144
0.15032022947240614
0.136626759924138
0.2643391922835692
0.2328000338514957
0.0981007007473675
0.11824503237262919
0.07192659702289886
0.16242842572585642
0.27570194785976015
0.26948866493674856
0.12016244062123836
0.06921403579849307
0.26363480611253465
0.1508993461174351
0.10310426557058315
0.09054578385580564
0.26725180602421683
0.22963404931102827
0.09158681413553127
0.06283725327018692
0.11945273829447804
0.22442685960547246
0.12809574284644862
0.06751451967114844
0.13416862542027438
0.08967258349960944
0.2375042742714679
0.25709421447865666
0.09398902675038825
0.06013538474724689
0.15497506812275758
0.09521640165646165
0.08683057387695278
0.16377589379131846
0.25551697850076593
0.25945857681660434
0.2629175603436933
0.036542083642775156
0.17800318725382402
0.06194204825460246
0.07938679305281265
0.18445754433496223
0.14475267054846586
0.13380167993513728
0.11574550203306626
0.11003469372879046
0.24152284670572904
0.10970445062197312
0.15213203944099388
0.15031152317686655
0.21030960485107641
0.19549428185792664
0.1775517631245285
0.07054958512624754
0.09666868605191183
0.25683055281789147
0.08932142617333741
0.0572957296681077
0.07647446603338937
0.1895494177911625
0.09469131384017317
0.30138184794764605
0.051258478664358786
0.1651614023198087
0.16231844472780602
0.13702052872949458
0.11615963862105119
0.12777564536546945
0.19609164765699874
0.05240289369069081
0.1625869652911206
0.14403956510834334
0.1533538662569913
0.2063429695450061
0.08978609978602468
0.08063149514190002
0.0557512474333888
0.0786519601800951
0.2640571713976718
0.092675200624741
0.28893152172346054
0.23194712218841962
0.1675553421726393
0.16572800559787287
0.10967354666117896
0.10647976946943245
0.16206038819279583
0.10305809424679385
0.11996281037684974
0.1457370673234334
0.07500856205458864
0.2061042827646774
0.18149931164153885
0.23684066259032566
0.20914498035718643
0.17299820211959124
0.17088987119186375
0.1132110072725739
0.06381222857584043
0.22499894058589925
0.09026263523066168
0.11814335627141626
0.13217866051495458
0.17018687853412132
0.0651707966809791
0.14535254994714567
0.032976517826112835
0.10369263294534266
0.06484653684269583
0.024476782437581016
0.2167213313944427
0.08265617987097373
0.16783920171970104
0.11648802324143617
0.1944693235307315
0.09432059715087332
0.2037544479259988
0.11714893292545582
0.16048771724059457
0.16337058437774157
0.24728759358849045
0.16690073840577932
0.13778686696441664
0.11294953510409993
0.23584105073415454
0.1826080150875349
0.3320683902067831
0.14374479172927065
0.2924289180329495
0.11789702737157175
0.13052999697821335
0.15908700168792184
0.11790374796475024
0.28824656061754433
0.1503382935144435
0.11220501289299727
0.1749979719608527
0.13094401448782517
0.09413923326120992
0.2037645350831782
0.14153064353748404
0.131108161876705
0.18414825327466877
0.03317435154277622
0.17070226789056359
0.1537883220750497
0.2221978458824804
0.03553318868354104
0.18396877658658112
0.25008049734805304
0.05835523073159717
0.30225171095714853
0.06707189234812264
0.11808418204514765
0.2090585574939097
0.1480075785284386
0.1307804677072383
0.20880594520053092
0.2747946860941981
0.2140213513711627
0.13740207700063542
0.21264747692437647
0.1358504489412991
0.1129688901033918
0.027827587119952226
0.20935635444979184
0.22163871873543556
0.08223463796731509
0.09857709208809298
0.2900785401308641
0.1338145861044502
0.20170869350311824
0.2878938394181509
0.11581492088158417
0.08098436173954418
0.05026505164395232
0.266007009058919
0.14792755936614163
0.9318761453284359
0.16398757501273065
0.1190804151129231
0.1365383587662721
0.10444093845395247
0.16065170378403973
0.14715140818667632
0.1789301228590104
0.22197450712450364
0.05773650223512859
0.2727258073800524
0.10476015537743727
0.10699141205591478
0.22878781453372668
0.15293265351973978
0.1827620090916937
0.07056621225241105
0.10736997925773975
0.147269150611749
0.14748870210098852
0.2540181991474963
0.15278710482311034
0.1648409398078587
0.16529779293056146
0.10477721948063445
0.17877683198987357
0.33260443084613006
0.08711497583275099
0.2643663767341507
0.23851253432769906
0.17206493730263292
0.2739406137839952
0.0864440116272717
0.049461375631482556
0.14532027784879112
0.181915070671117
0.18758647191276115
0.09934265463005464
0.1008201712241437
0.1231032927105183
0.13852138084503982
0.12787089837044838
0.09885010625792609
0.21898698424184304
0.21335989771057517
0.13584932494290367
0.11142393853023728
0.2822844604868433
0.10329190814065352
0.1573725582009364
0.15972780248249963
0.08193126254148177
0.0694492764519792
0.0709083676657963
0.4216228309059217
0.11285964373929254
0.19641047639416562
0.1306525396874194
0.18873171798898827
0.12503430028986498
0.09612236415033523
0.14933770000325555
0.08294374970143878
0.2643560424713217
0.13378370667092662
0.18064436396555714
0.08602023383393503
0.1301297613318566
0.09650115375801809
0.24815509600887303
0.19912423758443076
0.18142425271885698
0.16904054810523866
0.04177798031927521
0.18793629911722984
0.17354528721917528
0.3034905701799738
0.07704243621342279
0.10835699449049992
0.20175769906792304
0.05241045559267437
0.20301294910457257
0.16302150555544878
0.3034013201351811
0.2160974644558459
0.18449751153064964
0.1567985913808773
0.266171188637471
0.15801573516394385
0.11011022836065072
0.18025454992309492
0.2852810502887562
0.2852363687429884
0.24788046155265442
0.18003480807767613
0.13874316435956127
0.1113351313815223
0.04699733706041545
0.1029060989093995
0.16555240916171676
0.1693127171766666
0.13888406716803592
0.06834895041876207
0.11358612707626659
0.1317393349299813
0.11609912110808294
0.11582399365836132
0.048507684226894526
0.15614597600390523
0.21302596732237075
0.04657537229500035
0.14150726531514105
0.22020480327907668
0.1872695338493535
0.3045033670836814
0.1889414780731059
0.24817579770175946
0.1276524325953322
0.10362559746609927
0.1052012285142005
0.28789288726064605
0.2429919874840362
0.13019993083433548
0.17123294909450557
0.11965171365348934
0.07525120169178294
0.12963099481245383
0.09380583054684027
0.14076229984821406
0.2082509476781625
0.12055194126754117
0.11358129733471636
0.17733330316010537
0.22683056055403034
0.17638593195833288
0.16342127207623833
0.11099521169731326
0.054544553802111005
0.27360671964989736
0.13330467754440173
0.10730952915677507
0.22267830410858067
0.1433712748310975
0.15793829602439768
0.17884894560572126
0.0751412389394837
0.11737709471111639
0.2658707705465096
0.15660098031810232
0.03412823848897769
0.2034859380066409
0.1248021691566861
0.12050216293993343
0.173203131165832
0.10276975585135054
0.17037303460645625
0.10902454594670717
0.05565019783626854
0.3773321327297773
0.07042891119942005
0.10369305449112608
0.07304700438285901
0.04868168040313197
0.1579082590317294
0.3653635689536687
0.13452581639728503
0.2560553486045316
0.08817501793177804
0.12318632992682726
0.15737264595423195
0.12901673144307574
0.3000369922358098
0.1651711030978269
0.059524960002636323
0.11369662045983148
0.08717661053336045
0.2362624643151847
0.16284046450870066
0.18061523542554717
0.14061078462114118
0.23374766117686985
0.09511055087374377
0.11785335120012362
0.07787128718531014
0.390966531848645
0.2584567644791828
0.23215502277874003
0.3293706503751824
0.15754692251664296
0.07321952734360175
0.06514784160243449
0.22466207465275823
0.19156618529365532
0.12530627055980248
0.11399531874816003
0.2127387656360651
0.13713659809527895
0.4359022152038965
0.10337847589195388
0.08685480030524131
0.13680489379125615
0.07713512446240164
0.30903436301199994
0.11192092039837462
0.21990146763293747
0.12620463692638295
0.10690954235122596
0.1656703261565758
0.08396764493069604
0.10088325726764591
0.19543220509397619
0.12847711099637812
0.12829223418534672
0.16895193458354224
0.14220957780981977
0.07922133735153937
0.12730901549433424
0.16504033644929067
0.140473401102701
0.04136230505602468
0.24068659571136525
0.2147524941818458
0.18685199968689706
0.2347819176592092
0.2517607067316615
0.12451552131188462
0.21448499331282314
0.13304452774839734
0.2022698329536176
0.11918550308509554
0.2442609169431272
0.14272205241527985
0.169392373533116
0.2756077071066783
0.0811162971362961
0.20851923920199547
0.1474571073009146
0.11127770873743131
0.17896287910095365
0.28234498716939993
0.18767951287646625
0.08672325575700965
0.15167543280954326
0.1786310739636158
0.10497116757781805
0.21567447808210946
0.16329722806724942
0.09526978929602886
0.16023152707068433
0.1253240642871881
0.1571912645224839
0.20387647160160885
0.17087869303861444
0.08878877334789304
0.10892902111403122
0.0707142921494096
0.10387473350234903
0.08946162728856571
0.0683354038230277
0.0795712369620826
0.06247837215107243
0.3688465963227364
0.08846616695794662
0.07530755589567979
0.25673644280645164
0.26845573198406647
0.11587357269680597
0.08808387590131926
0.10203470697700334
0.1200223986859841
0.24006160604978807
0.167343185518069
0.1384166839374372
0.10570436323200731
0.13849181671976296
0.11060133414357126
0.13146576327149492
0.21525653197245143
0.2073989273706019
0.22688024120543093
0.11945338708166647
0.12430792332645454
0.29951290925237406
0.16671173699395522
0.1390219009864632
0.21144467779639955
0.21630160596088635
0.20698191442944017
0.07613751193166135
0.16180109827001438
0.21654066803610791
0.20917116717465836
0.12294795413267527
0.30399125878041805
0.09392326568932902
0.06428770748707387
0.08547445909152768
0.13430187798541324
0.08990725646178381
0.12202708307770385
0.1298798139123556
0.13420892697798095
0.09682466619110054
0.0873775162478093
0.10365367512756847
0.24207583222395426
0.19304601680101421
0.3140888283747254
0.17752492670974396
0.17658610568706665
0.1911266500429249
0.09290478887383602
0.1991970059728413
0.2807655991200309
0.07385270618523788
0.32227260274772007
0.07787474744683928
0.10312532102151509
0.16832972388406547
0.09136349089323231
0.13107491374178287
0.13974033971290792
0.13676943784230594
0.10187879328066002
0.08339474447227681
0.23447247010295308
0.14488500311072047
0.3156826506104618
0.14282839122787364
0.09532975350113948
0.10230908729670946
0.15144834969206275
0.09771541106138856
0.07908010497870908
0.177088469969534
0.28550032895952193
0.13251929719374886
0.33569761820783806
0.16373442140039862
0.1562822122769331
0.1454351428001253
0.24964508689666307
0.14343892934364183
0.11936477895718701
0.22254467302105915
0.1590275272062115
0.11542961537890264
0.13615403223661682
0.17460885227413314
0.4070117269945322
0.09344276511766562
0.1970181615415327
0.2866581864664864
0.1292608770560765
0.09840992133093217
0.14947692899704695
0.2903698085738847
0.18218204787739692
0.15861799406034807
0.18312308262407231
0.16448591725647882
0.20733091686855448
0.18005625606996498
0.07588173260585977
0.32225498472367403
0.08813836804404622
0.0766274929011981
0.11362283627921861
0.26856983728223033
0.2080877162635411
0.11429383872862194
0.09197294056187369
0.05834524159653083
0.0978174254917747
0.19666854951942273
0.13871944243117326
0.33466891214519373
0.07589222669305573
0.38370528901951234
0.12011885640284528
0.12348824037571127
0.20364717350013803
0.1159273619146473
0.19017028249239698
0.20755635295922278
0.09320299406757294
0.11707881512066988
0.10961166959447889
0.16584339723470795
0.07540538808828584
0.16317929680516408
0.10873451992865846
0.22217675597525802
0.07324104677755511
0.1115786330016966
0.1429519217968744
0.05076733497548761
0.20749549454160537
0.09272626979262176
0.10513164280424014
0.1165396393721742
0.12231513359843119
0.16492416999366152
0.18760007470086215
0.13650856553800125
0.22580069986260842
0.2273141133547206
0.10110395844592945
0.09935401247652512
0.21646748798394044
0.2517323838787181
0.3611621624053059
0.18404940901667696
0.07637547121040934
0.2514696446822215
0.07881220529562405
0.10765279971563092
0.3177559585106501
0.24185036866779788
0.09285367710074725
0.3132031949874323
0.22654462367491404
0.14912480401657824
0.15047304924805135
0.10048918581346325
0.07304957929334167
0.1493046029652261
0.10285900835441637
0.1586340439236799
0.23944970807717722
0.06356258737176304
0.06180800572076164
0.21049730351722815
0.05663723063386675
0.11839912740532996
0.12443173469638379
0.09180889319331273
0.1933332044379762
0.13694763380366404
0.1359535535503846
0.2672330123995294
0.10968642253675336
0.21148167034230814
0.3427235402310667
0.18972253348860252
0.174452774742134
0.24448445925547915
0.16908451602316688
0.12121019020574654
0.09805037343226086
0.22496810333278627
0.17525712714226324
0.11359841109308343
0.07237485316274309
0.21100285849602843
0.18673561159080046
0.16295038582737073
0.16181606840777785
0.07796007832346859
0.09411759315541234
0.15697087535497775
0.12921561705904275
0.2254760931965379
0.27846096169825574
0.1732455229995332
0.07799354933842612
0.20762378266850065
0.261256269461922
0.11263108321502378
0.20128006652545646
0.17945611866947772
0.1942829774824271
0.23906640940320928
0.05616129963098968
0.1398392929238205
0.07608007013748272
0.08905667967854482
0.3950294426530046
0.1471519265639519
0.08735375136617762
0.07152977383847926
0.13000973641873728
0.21950328572186098
0.09776709645567211
0.31553929228904454
0.4253296704621045
0.09896233761697104
0.14158140554016838
0.15266485898727516
0.13544106630538202
0.20931502368727745
0.09418494893616519
0.17366918370047674
0.13140322684321687
0.19438472619436428
0.083643253905711
0.08810330529725147
0.14232478795940262
0.06451984620920918
0.2369693636370336
0.059212877706349615
0.08893501358715249
0.060725335778196755
0.1481030639835866
0.10915988285054294
0.082568490821497
0.02199666699403938
0.04504515870822315
0.1109090553886241
0.20985180284748636
0.08777162151013228
0.13618382104540336
0.09398481129063616
0.08995929868593407
0.20524444687650484
0.06499053713264771
0.37959851771760394
0.17819877156430783
0.1244545681853177
0.3187232691731667
0.14564791362273125
0.11982682825743406
0.23739161966194167
0.1984291717461981
0.04873557090158664
0.20189613678560556
0.03631878959694255
0.05324060259494384
0.2545834777548459
0.38624156384620706
0.27388795306101593
0.0956956337129
0.14123901053899438
0.09016988261630003
0.027090721057366592
0.14652323479014948
0.10731409999309728
0.29773033269276844
0.10226806573044138
0.06019718866940949
0.06795169853351034
0.13691034557494097
0.13303753213499578
0.22076428698300332
0.1353107273410016
0.23288710244079497
0.17642713490971157
0.14805715298863792
0.07771251555432368
0.0951314464272798
0.25783949074331447
0.1094456694451881
0.11930184385403682
0.23646326197317594
0.2699063337469298
0.0797595931385041
0.15162230648662528
0.1307278424849143
0.17696978721909715
0.1839400272724171
0.30403368381264884
0.1561714107185904
0.16165311250924447
0.15254288775157063
0.09689852244762807
0.08028305259363236
0.06590556968395495
0.32150900440654856
0.1509799333181621
0.1488233908720739
0.1932976403800544
0.0726341162165542
0.042389179140610134
0.08261348739854438
0.07264907827886335
0.08736496925072883
0.11188764778360304
0.22037550200784845
