789
994
817
816
809
946
849
817
724
849
960
814
1014
877
735
692
857
791
802
783
845
770
728
689
829
849
729
837
715
729
792
832
856
754
790
782
771
742
882
831
936
1052
876
837
660
623
710
844
818
768
897
792
709
818
587
798
799
850
782
834
700
841
852
783
817
839
823
881
782
873
821
815
801
843
838
851
848
923
836
815
762
834
833
728
802
851
826
819
828
855
808
801
780
828
838
775
636
1035
814
787
784
783
775
830
752
785
704
801
804
730
710
818
913
745
851
884
728
1015
836
807
818
785
770
774
756
820
805
837
755
854
839
872
810
869
863
859
798
893
777
1239
743
877
849
820
591
818
691
836
822
764
785
750
806
741
1022
821
770
1069
781
761
777
742
722
793
836
838
822
755
788
835
800
650
738
731
847
787
810
837
827
770
777
631
819
801
783
848
853
807
759
825
704
812
714
848
750
810
753
700
803
767
781
806
865
685
812
817
843
834
775
810
767
845
807
704
803
781
862
837
767
876
867
836
757
829
812
869
794
703
807
868
858
671
814
765
663
692
1029
875
705
1016
827
773
779
771
790
734
827
863
745
830
786
811
840
715
803
886
778
833
693
761
1010
816
819
766
742
785
772
858
821
842
857
865
795
780
895
805
859
846
814
807
749
853
792
748
742
724
781
823
797
1190
817
827
800
718
822
689
773
724
776
1069
673
739
743
801
791
860
746
702
749
782
822
789
819
812
1068
761
772
834
866
727
863
758
771
865
815
836
787
761
834
856
701
823
888
568
818
729
836
792
892
785
803
823
879
787
664
863
816
819
833
779
873
704
854
831
794
877
800
788
842
591
864
921
810
661
1040
753
835
814
804
813
740
726
821
747
828
756
749
845
821
871
833
774
711
862
767
758
578
829
795
820
783
772
815
870
832
971
856
872
866
886
963
822
853
847
744
935
840
816
808
820
805
846
857
756
858
886
703
698
723
1077
896
840
722
845
817
860
832
840
736
813
822
797
774
791
782
1050
852
723
879
813
832
704
699
879
779
726
859
867
798
810
670
881
827
786
819
809
815
787
776
803
713
743
690
826
667
891
816
797
843
643
708
783
799
682
792
778
762
789
833
843
816
880
593
756
694
812
760
787
724
1081
876
797
856
795
826
795
799
861
917
883
967
1103
827
817
940
820
845
690
604
811
757
838
784
808
775
719
818
825
754
824
824
826
790
760
916
705
797
814
849
1148
746
799
816
839
805
840
843
800
780
784
777
795
846
764
779
752
687
852
635
776
873
677
780
768
826
754
821
833
827
739
747
814
713
894
803
872
808
848
789
846
788
826
973
881
789
757
814
832
780
872
833
833
635
710
845
764
814
826
719
775
891
790
803
985
768
889
760
849
806
819
799
810
771
703
773
799
840
843
753
783
846
845
778
701
808
829
682
773
857
851
758
813
867
834
775
780
825
864
845
820
781
866
733
826
894
807
787
835
757
758
734
861
868
780
730
682
827
823
804
771
744
758
750
829
808
806
905
720
712
883
777
812
856
793
961
1037
762
839
795
750
714
707
722
747
833
720
838
788
901
729
846
880
851
870
780
802
683
819
844
847
785
826
796
812
829
828
853
838
809
860
858
839
919
841
789
735
658
889
814
798
827
735
813
805
825
1044
835
854
837
767
810
732
827
784
749
835
787
758
786
851
743
649
852
844
812
878
784
834
800
817
807
805
789
822
961
774
697
645
891
711
746
757
867
764
770
864
857
766
759
800
842
775
778
758
773
811
771
774
798
833
808
759
843
779
865
793
860
771
793
832
787
855
838
818
855
843
776
859
831
850
727
777
795
820
833
814
782
858
852
807
785
665
867
783
846
838
832
817
831
849
751
772
817
881
848
803
852
716
812
721
821
856
797
767
877
818
823
916
781
806
626
737
796
757
828
850
823
907
822
789
736
789
856
800
671
853
741
814
734
679
789
754
750
591
777
846
838
797
642
830
863
753
715
807
692
793
816
817
780
855
825
826
875
816
805
818
812
869
678
841
823
893
777
789
822
716
809
872
778
848
798
818
849
824
889
809
795
824
846
1076
759
772
828
707
828
837
841
696
768
813
854
807
749
846
785
808
798
755
759
853
813
776
814
887
791
851
836
872
849
801
783
860
805
813
804
834
783
842
769
669
801
794
862
842
733
812
854
864
885
848
826
843
799
820
711
909
852
810
761
786
766
723
886
822
855
719
877
664
831
771
818
695
829
867
805
868
754
750
830
845
875
836
837
754
837
1019
782
738
847
843
809
821
817
836
824
750
699
833
824
794
