1246.150841255897
456.7375448737153
762.2523619125507
971.0492145921174
334.9665491259366
656.5849579476308
1021.5956283029287
1440.0881855642454
3184.982164317551
773.9884030266145
1699.2933730495636
2601.9178888585784
828.8456612458548
1241.6689041766463
917.6485212078064
1114.1790590927137
464.2969332057427
1706.672282686144
1026.9571625784254
1725.7749141092925
1075.0198253531664
415.45058911593765
262.0797574104014
1685.6396996766048
1920.7643309643008
595.8946045412077
647.0365759911998
540.4688042914922
1221.5613361816095
675.7693672213968
554.3441739101679
2366.1180809437697
1190.5651771318667
49.323710485596884
1080.0707877364168
921.8008256733044
483.2505633852328
2545.124420965206
1582.0448624247206
2910.7766595926014
1117.293433081876
858.8320895153413
469.24690534267523
1521.4576075800376
404.2179099591734
2865.2973172382012
606.8881942025097
704.201939882043
777.5325454922544
115.45878800890335
916.8508068982758
454.10619121315256
973.4754383491587
1236.3372366042404
861.3396450386697
1731.7869584494783
1648.2477528872744
1173.8131014461046
1075.4298051714525
1048.9476792617604
186.69344198615082
533.8781664313594
1015.750768955824
399.834512956791
1367.6299038617324
188.32956707447417
3449.3081250134564
298.630201081102
1239.1578654784562
3000.883204220798
2073.595035636267
1574.012141492369
999.5125661271259
541.8169098104421
742.5368787202476
776.6292752907195
864.5334347367333
1808.0562581317743
307.9834525049281
1552.9989441639696
1115.4993679333186
686.7313506673453
547.1834497875191
3021.661259103722
466.88141908672026
1207.082043734649
1105.2116571732743
1390.307760493921
562.1616366066552
285.00031273006147
182.7857501722903
282.8034959796878
698.0871168401612
694.5832168571421
1174.2008372835248
847.5515159683279
2301.730852545469
1684.9031303119318
897.3667039554302
2950.910480168781
682.5559768177288
657.6926027893167
1669.9742879318462
3449.364909174596
1809.697360789445
1082.4999693706106
686.716780671914
4048.2007141518375
1730.17051068031
466.10580634867404
2826.9944458794903
1246.5255334569113
1098.2578118950603
2982.6558251325514
929.1821538128619
636.221894183172
864.8895979418284
1446.7589793070451
390.63342850360675
1598.5194623886052
1950.2818674300438
2499.391867942774
1411.0165745849877
1973.4937048385848
479.68628859514246
252.98304265001653
526.479671236191
1084.3547870474863
1296.7225069516212
1068.700968620525
1383.5541692425645
1739.2044049509545
1421.3696719882807
1798.8863368196648
1303.879222114709
260.0300318256803
1354.6770456182562
2639.7152549223565
573.4345213468512
2526.7463469664826
688.17661146563
115.86618637497115
1179.2759732277902
243.1483243234974
840.7186924792717
1204.1967761105839
528.4796652763392
360.8954400856877
860.7904308845578
2125.0695980075493
469.8380819001618
872.8094559106456
389.83199891409083
992.7567942091698
1014.3145939440026
2586.361177955903
1254.0433012048336
761.1195337224705
705.0044851739771
1341.5049438508502
2027.914764899273
2871.7426028982977
1179.432870311554
515.9965318117853
1349.0456225358653
3264.1383829701326
493.16237165561216
719.6949465131877
701.9976558195069
2587.3878119518745
2136.010917372732
1231.4538898447095
498.1859722735531
732.6883815227375
967.6061840065813
660.5163314649353
3158.394100541888
1617.837990603698
615.3447301684436
963.2478087386095
1893.0516186209156
1565.2094635605135
2321.766812756679
1294.2328718017504
1850.03069838436
1605.7701422180369
1623.8416115925413
1386.093875516391
806.8238089005552
445.93738575922686
1474.3654055499246
743.4871640169038
440.51769821733416
1762.3377435648972
1157.7526352198004
235.72677285780765
717.0648049168472
981.1363197336138
26.790549190062897
431.8271245283813
1229.325233296811
1203.8022191288965
457.1688229925276
569.5028787170154
1956.1486007820517
907.4943800485693
2219.5329157409683
418.4873633744689
768.4492566700983
970.6588590935633
1962.1176984207495
318.4773434183075
427.1458601006241
417.4017585908407
213.2219227678
1215.234674774956
3745.9841938303352
229.1744135230802
2042.048136716913
1299.0196041846523
1051.8729038199156
716.8814490447126
1635.0601425567918
865.3195743398488
2374.5466484250765
991.7542870357987
768.6996469245098
146.11235423394461
549.3620339419975
1198.8408548728341
336.12713933337017
2617.2680802055766
505.1648193776261
929.2359099501481
3407.3908674005247
357.4056154595984
820.508232773215
1214.1631613407976
244.53124749972355
760.5650343736692
556.207785574674
2995.8868574642697
600.9201182921687
401.2700838810145
1497.461107381959
940.5242270495652
729.3234031317916
412.73882340457317
847.1608369569371
577.9256775031206
103.28760760681585
442.3175487503842
484.2618683106377
1259.7235369940454
963.6540565726558
1586.4897190723536
1370.4573101800531
1549.1499860764177
355.5757608325393
1605.75242033007
182.7650001846122
552.3393269074439
2450.0709599967404
595.0092598390703
1011.2247016515205
1456.1085636362282
987.1826359089682
224.20014776876152
1148.1892772585438
3054.673135835781
2073.0486249229843
2530.260940370905
954.6127612994779
1974.3427487975382
409.96795019486797
1407.1783633164077
380.80725437318983
295.05949826153153
317.21387328106607
878.6710468568709
2292.723801766172
898.9535136093715
1491.0012244072575
1813.0961964685496
1855.995423181149
2296.16373134464
774.8976418001639
536.733139596389
1153.3012620616116
564.5147508987861
182.8262849984727
214.84549994577748
483.0669579846857
949.4835679339249
359.2396726689307
572.2722032180574
1862.7333095633235
774.0481041785406
1865.219929671244
2069.43345434635
3349.902330756679
2547.3100498647746
268.29780254506846
2077.4501646239564
1154.5619506121375
768.7061859416394
2012.5469140495236
811.3247192286074
532.5638492065076
605.410465167006
1278.5757851598448
975.2055981854414
2176.3417537999208
794.952152885657
507.267274528502
3631.417839488901
1007.4883010737046
639.7896225703457
1317.4909588816156
2989.0156283970673
2008.0560751365513
402.53498580721833
700.7034691957857
550.6001840286586
589.0672091398234
2310.1858775754326
393.8663440777169
1717.206998270566
747.6045114447727
2595.4274345867625
1508.2109603277434
2841.8215565281835
304.0576169815796
564.4083864886437
679.0764407682415
3317.503200408024
1508.5302640609002
2827.7302098570976
1038.8381017922807
887.4293844037524
3489.3019475209153
1002.7772085295021
1827.234436103094
403.0360383898088
1451.5831742538646
2802.36527642444
2757.7802436665147
2444.0483960211272
2089.861040488713
853.2055983292989
832.0967163146371
330.3881095097577
393.24125702755396
1212.0724953281638
2141.4518685602434
1043.2462592475895
809.1367314841459
1173.5919406864105
509.66764940624455
1056.8600433676163
353.2923840784497
2163.903484598338
409.0106620838873
2996.7935505821797
1163.7801688632899
1155.874582220283
269.2834326492217
696.1804622193126
393.8473322556034
1130.424380662569
136.19460086878814
1571.845163484581
1939.2003884042697
322.2113974374801
748.250526439394
1199.0902512824525
821.7863304653561
1897.831012621281
851.3511493326515
1936.6540081825315
52.84500971834094
537.0175932708422
683.5329153612734
395.6785012470505
1680.389137223029
1781.6389302055234
1202.3558528599294
2507.501383287524
2064.3932668921557
370.5755382146339
266.0617149690353
842.1055669571548
1603.0149185431508
2680.769366341689
1549.5439511349118
1922.8271575586216
912.9650894574819
459.0250988245144
2149.567126260273
336.26485917321867
1391.0555024042965
577.656231920735
423.1065560508925
2147.0112790109865
342.468607509632
737.1866765375399
2993.530617147551
829.7416413657336
631.6267011032623
185.71992793440614
3149.454484189441
2895.7066134562265
2045.2957736942058
1723.50791953196
1931.7693607805306
686.4348804693412
1152.6705437617227
596.1098504996143
611.6976602424718
361.10579672440366
1791.159125242763
1400.6530630387456
494.59400608996265
2913.9396678486837
3085.19359592698
439.80820176465687
1150.9773515967204
2049.12404130698
884.2992285620999
237.2648775191377
423.51208044558626
324.5045992481427
1047.9203218936275
50.16750657105413
683.736100032992
77.2525613896382
413.5617862859479
1773.0871176810015
3997.8977252982836
2355.9622472448086
1307.2978371453341
473.04190901759205
432.90661703690176
1694.489203735072
758.6437927937127
2447.951579510679
2131.1260739066806
624.2992444512156
2723.7839159879236
1714.7751362162005
1643.3942676958745
1955.3682650380706
2118.3863467627266
2335.4201731535695
1316.8084036845196
986.6421945197449
1179.8722767837087
1137.7571834497867
908.2608388079993
301.0990130720317
1388.01843845797
195.80755479772512
1361.9333492324904
139.67583479844393
1007.9335712159162
1129.0358312455676
1617.66201102936
979.3374779471542
219.44651827224132
839.5801546060754
773.7993196017497
407.40936588024175
1295.803436636718
293.48102295258843
1532.3073527340543
799.8600794876377
237.97871154397504
1365.4412884236865
2975.11173410411
1010.0256919425415
2141.115976247795
249.08604416783635
1141.1249902851778
1215.8967602457476
148.93760554866284
1684.8498677371906
2135.4985219197533
2058.8271292568156
2236.0389796852187
1156.4141610272136
1871.0316234939608
954.4731183349901
571.4969873771698
1581.9081137730898
1733.9644316138235
2202.608354041762
604.522709706277
807.0049817850925
1473.2684764240664
977.0295868609722
575.1668136996349
847.7467378759561
1404.3047164713696
957.7265455537179
1923.8416836424612
286.7539385407748
1968.0075992344325
742.8077955074457
587.5990026474592
1185.6541248982446
715.934164624619
501.8863053011405
1373.5164495311637
1185.2651890170648
1572.2004470278482
1541.9715286617507
1141.0054961643361
689.6907931997753
552.9517043947966
1191.620127833693
989.2718665366408
1539.2814556455864
406.5636451906426
509.4181418215171
586.4754001472256
309.5904969258337
882.2062020228192
1692.5907821754251
3530.7835169795453
2035.3287333077833
618.8082532666924
366.3551921238723
2257.3405866747557
1210.0807674099897
698.5245158968137
1100.0746348253465
392.7812905857184
1300.130153558935
1338.4844196815145
1494.1062098981188
1214.116155522735
1707.6761751156391
342.7102377747946
1592.0596716649216
1897.3729241183717
957.4338228660216
426.04005734547144
669.3316294378576
3531.218294346386
173.30669616494944
451.07124858599275
1659.5891890178107
1022.7418887352555
703.6072818819828
816.7940347378799
1460.2793791927888
405.9496248614139
918.5086221940907
1767.41268410767
332.6685447516512
678.5451810638777
903.1149149571818
1231.6508034703522
1388.2701900998627
2584.108259623831
2134.6579175548377
458.68012127714195
1509.0870757712905
841.0248744222675
1032.8746584239684
591.0974211388975
653.4838745040531
998.7015735862892
443.3201007399819
473.80804966632314
1071.5243431723297
1188.71462440616
174.09592466698453
624.5037267029642
248.82643455014272
1457.1273504035512
1013.8675283868016
2111.546172558564
2410.709853285409
910.3473158413253
1256.6823564916597
1142.1521130575807
1281.3691723950467
2218.762046924925
1286.7480107595463
1622.4226754838173
186.72501415074453
303.89192782640214
839.0147536464772
702.4875729273183
3655.5861866811706
1570.7865183766878
3166.442590691351
372.82935198864465
2046.8944043475035
2789.2398837389574
760.1215665809742
587.2855562880696
1030.5113009044505
1854.0915205189106
578.0220728439438
2096.3752418121135
2550.3131990933725
1419.6583565771018
553.4493927060456
1320.545569009813
796.8605676172214
504.3398391805301
2367.0398038317517
591.1641284700627
973.8598187617181
734.8575152066745
689.2910932615611
294.7555143355898
1204.6082544867875
388.00786286306067
322.99047488002833
938.9682348331378
1246.8449931546077
201.1742090328486
159.84099866739302
1078.9824632711213
1276.1473560090112
1962.3024433107842
2309.668153166404
639.1780521840334
294.6565535232813
1032.8782651080019
417.79415677398174
1104.4471113532036
2004.3747385676093
1130.194100686139
918.5740756818525
1589.7907874361244
1252.5545935013622
571.0147867368138
4417.457696940582
444.204842521361
1551.4457156726414
1967.95873169224
457.0099681989894
701.4839018587995
601.2048365971709
901.1079313878053
2711.418145099654
216.45350960425367
213.73889106311523
597.1734488290966
205.58695906151104
1481.1571884020436
490.89984402382777
353.4381028831359
1493.1381181868817
508.50016945384715
363.08645496801074
904.9360130975415
2543.2656321669847
1151.919476137962
982.9503371474675
938.2888856688892
1042.654157313127
2192.130412173929
338.419559447224
1716.4736711722321
3231.2056341493007
1443.5721145615626
1451.0191302141932
313.54957587166524
1027.80443522705
1574.1195338970056
1141.0900177239187
676.6981905612311
2195.6495917253287
318.3799144703433
1667.4799506869954
1019.5515656956673
769.3831908555526
376.8432136431242
3123.9806232693463
2151.0756218846354
1590.2458395965875
3733.2794234847224
332.51718104822925
1066.7279329597707
799.5601863432036
1215.4606431916368
512.3328976288063
1310.0256465617392
467.6568780462686
514.3052895218791
535.7035420224496
2153.8326075424447
835.2710696452853
836.2157720592664
260.4406535164092
3653.461625594127
1204.0800386674655
870.4046858627586
1257.1089415995991
721.0904821705561
222.43477977827934
435.5855994453257
2108.0746768057497
2964.9032380492104
229.44216963377644
916.1369382724888
2225.210929556468
530.356732137785
1206.5542918536178
2183.437048548109
1298.4353982383973
2024.3081546379549
853.032859461205
848.8570549746453
1775.3181743132552
927.8796171256762
750.560468030598
1704.5343281048695
1970.320635282863
454.47712978558525
1806.9586690495657
1863.4041131492086
633.9408153707789
1143.2479891832943
1655.368006752356
1155.6610110025513
602.3984980177091
1197.265986176929
862.8335828891854
983.2072954103902
847.9667779024667
965.1812734416582
1841.9153743192276
1522.4906194664486
925.1411344376264
943.1343547725244
891.0842511496656
1029.3712151695377
239.55540455347403
557.1543689140897
1915.3705355319773
711.4573947990795
850.5177416979319
1900.5271099097326
1065.6539877852795
671.0143298287551
531.2719470325104
445.58992111330195
1630.4954601936515
3088.2071652032328
2832.921883736556
152.14638600839135
1044.9304392239874
307.63743710686384
1336.9379617166785
1617.2737557153891
3124.1683234627544
841.4254820792426
572.2758061158909
630.6259041323602
1173.0867345606744
733.7519106703996
681.0868186779481
664.90842535793
440.66069856804364
4051.51640022933
2068.1850434048047
112.20380914078063
261.69496840977564
1337.8976127036403
1884.3974363748632
1046.6702741628528
2188.4167177893223
308.19421924382834
585.2396496139422
197.61316108916049
749.7112821030317
887.0857804536812
969.934448056524
1089.5689185577094
1363.8918513233093
550.8074333812797
603.4771239864324
1880.3212762417854
478.22950799558424
317.91227047838214
229.04278519675162
1442.5366180457145
1978.5162774796663
723.988386202238
176.12275641930606
1437.05029372566
2110.0300051779886
575.0462979703491
2889.6977733293493
924.6613412105993
337.3219242966481
736.0186815406995
1716.3234036466147
834.4616469341374
2142.314616903302
426.5536358076238
1048.9432471529722
1949.523852916288
615.8891009438629
398.8120095037493
746.2239798419884
1131.259367598003
387.474618287596
923.162336866816
1487.9309301225321
2143.390091540168
236.7990435271425
780.694927263556
841.4486722301292
1985.989789670439
1281.5451282963393
390.1849282752038
908.9405452006546
646.3897395700174
1389.3495024482067
1951.7172779423422
720.6392195588465
523.345426804442
258.99364590016035
905.7300801540197
779.0453009758954
1234.9231572896188
1418.2293714155087
1845.2576204414845
2649.025957035809
3002.3955551236154
143.38941576780064
793.348210173581
1913.937462922424
250.9467672659997
1952.8056862704486
137.6464481824638
776.5796051465729
2292.5577107487225
1273.7004572985704
408.99201422003244
2004.0994692680313
2384.299291666692
3950.8551559389593
2162.259424763372
1653.3327692612618
501.752576455253
2474.166841239453
2218.553316427684
609.2028275153834
1019.7057983415579
1181.6130749669371
1055.3827429327682
2311.834663272697
569.2204926785298
893.3800310406558
1058.6583881559884
2886.772623211894
812.0388889832054
258.7998034412189
1148.044953020015
1190.4680053979462
752.0951733766449
1719.4604528374814
1703.7922551392478
569.870374053774
332.29998194355807
436.84001893700605
1660.904093486045
823.4176561319837
661.7682669839095
2861.3603420536565
3274.674046941523
2210.346091601214
1160.7841633525
209.52423926473853
269.6373844850442
367.80951240715825
1629.8950356219136
1425.3469197843467
1780.449838628496
603.8629333450407
1974.348207901544
324.12375495308396
1119.5022030212617
2529.3963839790663
1589.58123821651
1180.0873305851633
530.4612441031683
684.7695670011732
2615.961239079345
2731.780717488299
1504.7944678981387
2202.526800032897
292.5927301742441
1333.548383558892
2169.550452939117
1607.0918001202915
980.4823894549862
2191.828364202457
418.2489036728539
1369.786530250568
3027.8340323940797
948.2819698127463
1866.7097953388982
901.1132629954369
899.2779318356777
680.5692149570472
949.4153112496297
229.5689273972197
1470.761316406057
2655.1739380795057
1599.1152859497834
830.1088562859097
1983.0881820471268
1828.0459954831476
1714.9711107720295
1132.8154736928518
890.4322101889677
421.12584485131146
208.91083968385357
2202.07439422562
861.2338151726543
442.0445112377921
436.29050442249314
683.7435592767068
1224.8889762569163
845.5364401853215
990.6159056211278
1004.6029773064521
515.5149310884844
3486.8480634659018
493.7791080707103
2333.932623404082
2245.649225054882
531.6844973558677
577.3590074278624
1373.1967249486001
1227.058248374916
785.2300439470732
652.0733374788826
1526.2765516452052
2110.335188112655
1493.154402401799
906.9201943822521
1007.5513462027177
600.9257534470189
938.8579655693256
896.6172819216049
43.225796484168725
266.31738028885457
617.3480533858071
679.0526548609218
1646.229642482917
535.3793572707903
672.9059318203299
2135.832449170982
1938.9855171588354
343.4698396597228
952.5589388058742
250.7833684915913
892.3967779526928
1305.0077424679735
523.9873570305182
722.8924567108716
1181.46794690147
1155.3024915404792
2553.7359484474628
2955.7140170299967
1602.5814350948488
233.62223918509986
536.351792165255
1065.2483913146489
1523.3995170754577
2391.4539373255043
2464.979397565092
555.150012693607
3435.562370292758
920.1724298895471
1949.510605576633
907.6072857786776
2875.5602221986965
1818.709960607986
231.69175989815483
1249.939554532009
2967.536267538239
234.25597983499563
404.34413846965117
1782.7087096256407
295.6029602498035
1018.8639109694085
2749.6390469131757
487.3318255890704
270.5834317826846
