0.3884456102867842
0.25484427870253
0.25885133873143695
0.48799047209290713
0.35495677820480726
0.331606674970714
0.3283625395637004
0.28974373283238164
0.3247543399126607
0.5375562467404801
0.27921076917460674
0.4816061221314237
0.983509417520532
0.6161520091227412
0.6625855808045678
0.36064813371855725
0.2598719311683547
0.4380985282588457
0.48331719889176433
0.2549811788275354
0.23604273834338768
0.27541080935019385
0.6172601565335918
0.654977949215202
0.4612457149289924
0.3524539829372316
0.29258268618448907
0.41512364682521063
0.4736941704436622
0.17007459324828533
0.36351202912089414
0.488176405906241
0.26912924274592426
0.40250791142247994
0.4906162235053266
0.4272859906159332
0.8195754397312109
0.20919293176742698
0.258125304467199
0.4879031042584966
0.2765835733313872
0.43774008128914144
0.23159178416053958
0.3300445932465228
0.18851032198984408
0.4214481262843535
0.2947132039707216
0.3416481312054029
0.6509910045425146
0.33187916759944186
0.4526536341922063
0.3953814765726316
0.18966134288317282
0.20449656181077522
0.47903488005469635
0.2467411494206761
0.41963643848888443
0.14535377336286276
0.35925608961817285
0.28475499988151076
0.3309007901414566
0.47311250280057565
0.4017655682643967
0.8382155593480025
0.2768762409495044
0.2786523827714138
0.6539507971474153
0.3960663403970286
0.21494847735634093
0.6669438207738844
0.6739496770025426
0.318479847348196
0.4497456050555369
0.3224664333613304
0.24994991499435146
0.3104416810738077
0.6468235320082927
0.4514128287390764
0.6508816148696168
0.27383281912717455
0.4313116343835118
0.3858562753445407
0.4582651067854448
0.10851223535276935
0.4889779945397134
0.42457473934959267
0.5063338525338319
0.5274150597204935
0.4488597432728281
0.2078718044492813
0.5070156064207565
0.5160977510201068
0.4075040626294443
0.4601395207065325
0.4556984614121664
0.376058374356118
0.7513817141378272
0.36139652291381014
0.2916655776720176
0.31338112189896783
0.8567817336884517
0.6113104546639347
0.1488030063478091
0.5205011689161926
0.3260135655613678
0.3546282457813048
0.3569510287295685
0.6037321723887646
0.45133831279624853
0.5422847439067383
0.32438286753660106
0.3223655220875972
0.04963738230770673
0.201098282782149
0.3478742936316846
0.23517020308189054
0.42116025378256394
0.6492524006631398
0.24280298499838796
0.2832257982720288
0.5614212590269491
0.6011502909185409
0.5050283251457938
0.4314097408680341
0.4437186402053518
0.6885321961143249
0.3484636517624761
0.278551400548358
0.4731194413949389
0.317644202526605
0.400070034647019
0.2696384581348008
0.5438461775804483
0.23097083806134128
0.26722923540721166
0.47646084531551103
0.4799530918843458
0.40759269426858147
0.5950459215035209
0.33214355667561085
0.23323567309191237
0.27032906163741405
0.30399895655627784
0.860983925744416
0.2659743050688274
0.5471618494024642
0.42323787090907816
0.36886789357710964
0.6344505219989857
0.5836193356299382
0.3816881404421233
0.3081944455319738
0.28707968473563805
0.487646404148751
0.2560868936232367
0.5210897745146725
0.3836303114543012
0.5294253912522598
0.48373418166907795
0.465833897331554
0.43400437596550007
0.6355222785099652
0.24124571459988392
0.6894438483161819
0.26092774385120443
0.299822823912651
0.22419294133495618
0.5391313658772983
0.28745198321078885
0.6596454602070815
0.33304029928216344
0.09661611685231901
0.3811189422364901
0.4857668744253636
0.6200048044653141
0.2569274414121995
0.4317708434962703
0.5578861438487787
0.7302366929307581
0.31809434277604
0.4605700986629575
0.24903130068323887
0.30540854747356533
0.6509158619549482
0.43418759955671443
0.34654301379398966
0.5574929526686984
0.23174549870229214
0.4683599907350388
0.28998582619666063
0.6763949422319934
0.18831616671076742
0.6540194374987922
0.3844293656570214
0.4440711428307489
0.5337965912240955
0.3423682221917204
0.518218706868621
0.5004654980691187
0.4063844575933788
0.2644025108880023
0.3410352364458272
0.5796328559152234
0.2970113922971013
0.39393561227487595
0.4015338581669385
0.32580386672793316
0.13957636536268908
0.523439767078757
0.43158236939034306
0.3377398920491063
0.1540436438920695
0.21494429589894112
0.435167736627686
0.39207559100286404
0.2294783423151823
0.5714920821281537
0.3122501976311408
0.07296569485343599
0.5776491505236506
0.5840902499857511
0.2623925154469574
0.22310404895321895
0.42245755602443624
0.6845010111995128
0.30863867699570185
0.4931954334521603
0.5535781669989306
0.43616022403254895
0.597903063658136
0.3679244986062427
0.7697287206881795
0.6641842964966878
0.18871930086951352
0.2323492586673652
0.3342343224109317
0.3068645293343659
0.3294544389001326
0.39905986935909776
0.4833591050364651
0.48278033785477703
0.6470105003099601
0.5754165116006023
0.19069805511973065
0.4754318346875337
0.5559806672824835
0.5853119103258277
0.467487521652398
0.2781114750874075
0.27181166525679107
0.5441342211268004
0.46191564375619243
0.29441172258320264
0.3949649816368547
0.29238449691490787
0.5188057688938111
0.22251425806986616
0.4927796229950099
0.3653641904098268
0.4478967597622508
0.6425588868881826
0.6919979330411516
0.2274494039237017
0.5281735896718868
0.4997319672433174
0.7055190270596237
0.39333127106335253
0.4372319130600666
0.44686975107023386
0.33485024484784975
0.6928327926985458
0.5562864398663729
0.1636075792939126
0.4384311741615914
0.630051311460071
0.6846115639078745
0.34903980065483436
0.44432952395637165
0.3452501045561636
0.3885537516950829
0.3432787811574872
0.8199039939901178
0.3927674239732825
0.590910291857411
0.12857643375829264
0.47430818906174943
0.6177073083737753
0.2993698004926146
0.49059257378162724
0.4595736629023952
0.35247333683520365
0.37277361815299853
0.33886711022583954
0.18431981810458778
0.2676519267921776
0.5244045556950578
0.4082083885752644
0.7222732320711385
0.41783879398572904
0.30711947955268715
0.46055306895869663
0.3859029599101018
0.3269752302022218
0.8175831692782368
0.3640847800344335
0.3676470190294176
0.3135901605335698
0.6021163658724146
0.18390635061306512
0.17935326062734336
0.3886510458696216
0.45791353782783834
0.34155842148111926
0.47195023478562687
0.45300976060995224
0.8524713635048058
0.39936832733192146
0.5371431828661363
0.022352024629085834
0.08002470245650567
0.3944035931264743
0.177249821498151
0.369906062048187
0.5948558377564078
0.7434563195354481
0.1763141390156944
0.38478040976391764
0.4395700553734802
0.4975838682450056
0.4605857333588281
0.027883015555806013
0.6366719935088243
0.5747866457573285
0.4642289596460162
0.5313554118790697
0.24770633994451197
0.15304914394257457
0.4535653406980826
0.5678715364351693
0.314568247387808
0.3340114703530271
0.6270002437559284
0.2847851284028708
0.43290744993434793
0.4183515657818837
0.48339263243376773
0.28923264942422316
0.2586229197781402
0.5913507306001974
0.4723601699079478
0.5834635586660122
0.4753894824402177
0.43131285913198897
0.3352523044650921
0.31178301426255123
0.33068741667770213
0.09946404715501087
0.5607190606638741
0.34516647991200244
0.2518550275144587
0.2297394399936006
0.38896346948088184
0.7342839665384806
0.28537685873135243
0.23153318112343468
0.5103329064643309
0.5640503121254297
0.2171649420209434
0.2983523296757512
0.4168325369528908
0.8240232266328571
0.7649994629918275
0.6117325895827305
0.5710772435227967
0.33322668160789226
0.39000349579138677
0.19074810565207015
0.3529116357623275
0.20912228796303123
0.6120130205917962
0.48617701277588443
0.44004823372765545
0.32766628355138616
0.5380057225202186
0.4843252002920509
0.3357145169147442
0.19510420304297266
0.5032370398952865
0.5051869342826031
0.6226993567317908
0.6263159135240862
0.29324085586208154
0.20801220571645648
0.2219398636387514
0.42373805673766896
0.5568123622533563
0.6414212687029994
0.4373583654567258
0.32055620699713316
0.5851736360471792
0.27761818560959195
0.17000111602018234
0.16516816186956454
0.17731460612181693
0.17660612011218296
0.6581528740371709
0.4529945807560897
0.33427197407634335
0.47924501598785496
0.3513258408845981
0.5202539368021999
0.5747754813824436
0.5698922705402271
0.582770086634519
0.42310765139312606
0.5498583819093623
0.5670585921328923
0.6753569202117345
0.1948194277601392
0.054558974465630974
0.26576323673152497
0.35946831004189883
0.5565526218716447
0.5552167071421497
0.32784412622085723
0.5922862850406123
0.26205140958283085
0.07590128710611722
0.23932989720876383
0.5173301360885869
0.47507060074151564
0.5863252489561638
0.4857993227323684
0.35206135504026015
0.7053213963253004
0.22145081172493358
0.45876086824289125
0.17770762376777421
0.28758603740182725
0.4162420605685515
0.5681530507642849
0.5638729966654419
0.10176098026442612
0.18235744851386276
0.1604552474673028
0.5280503787389563
0.4307661461879904
0.3426803803517623
0.2764871622941729
0.3594048897451903
0.26881347101664965
0.39366351559073504
0.4599253016134456
0.3559902673834072
0.40440852882819667
0.2996763916989295
0.5915624666220427
0.3071200028486198
0.20100168273226332
0.3381584824959305
0.20200418565932604
0.3230239064664478
0.5224241228272991
0.5423303169374469
0.5674386087384522
0.33402810358990564
0.5837718747968949
0.5532789878896137
0.7309358368237734
0.43931592378016027
0.7394929468321588
0.2966949378289601
0.48537635894517395
0.30451672308677147
0.49746101313207464
0.4412012828116166
0.4406038888782205
0.5671220710387657
0.5558928600652143
0.23793077612537103
0.24728059173869957
0.38316734653509876
0.21488605609265876
0.39416169765549486
0.3760855006963811
0.48625336247305956
0.30913737944907194
0.1850984437994548
0.25578130599011933
0.3317887750606941
0.543452122863318
0.34816965079295387
0.22746517726840365
0.5092189297491625
0.11011694152837428
0.630254460664627
0.36914300192989413
0.5563114130042018
0.20996237051513209
0.5878134078016737
0.4068984590316637
0.30896730050702464
0.753386647374917
0.20359278066648512
0.19420655540385906
0.4400759347080603
0.28155471622711514
0.6656640693962189
0.4444670523666957
0.41483157065931003
0.524473543395425
0.3322767166264307
0.17629606697958836
0.2605845969246265
0.5526416629410331
0.3967186394100452
0.2074927588493571
0.3995924511226878
0.4165430267071878
0.6541394737383402
0.31244965790342977
0.6474815889929394
0.43553244117337553
0.377824491439863
0.31888034724252795
0.23755873924457296
0.39091486575326684
0.23014119789028092
0.6550071624323526
0.05495432605007152
0.32340777142100346
0.28878980600974974
0.17088511970819434
0.3843978845063096
0.2810695080065116
0.6483111538704921
0.6003351269931417
0.3886441551706088
0.37135311243305724
0.31464426352181457
0.4542591964328858
0.5856317736646539
0.5205331132275044
0.1827653773532048
0.49363618595834685
0.3749335061954326
0.7334264179543655
0.5256682662580693
0.2578342973053866
0.20403762792375385
0.33788266025961455
0.2441798003813811
0.3738085277664979
0.5038611324017508
0.6218138720085173
0.3386965205007968
0.4610447980484765
0.45716880312481856
0.2615121911574218
0.5047966274059464
0.3575762743977557
0.4877415272183578
0.44740289853521953
0.5236918530214515
0.3644024474036371
0.3055044102627505
0.47663352237943124
0.6289910580045226
0.21558083329517808
0.25627910002780147
0.8025303361566538
0.37751936459572205
0.7771310124839826
0.3736687196553836
0.4606950185559299
0.5356850680158406
0.24455983378534982
0.7119455817238182
0.7888581903065731
0.32648611003976974
0.280301184348262
0.23291263629981002
0.4323246130498559
0.2990258681040871
0.3809878302694129
0.8022400174852267
0.143204443131071
0.44783093392569934
0.33979230951865236
0.3047512439439881
0.3900009245243545
0.11649112580545892
0.3294153952102258
0.3873647984927346
0.7010433446560128
0.385144625148551
0.5798485682049217
0.30162535960170483
0.34898569713804684
0.2788791872294335
0.3542572020620562
0.5855568528628274
0.46706259299026737
0.7495144948244957
0.44670791111760255
0.3755282962166083
0.47852396432913863
0.3299691335091301
0.058918808985941734
0.31729711606983957
0.3699975145247314
0.6056533482267853
0.3000570746484462
0.42500256289702465
0.6583736421855519
0.4498878017999955
0.02285390202930263
0.48729879778226315
0.18917886174514859
0.33461010669128993
0.28069089403221986
0.6555923045520505
0.3851572988833673
0.24531534608211364
0.30923027580139567
0.20846334188232293
0.2492908299048227
0.2855245731166146
0.6943728386626917
0.6317321800194581
0.25891623492427257
0.6006371897026443
0.5672890451285985
0.4951615089843007
0.8050644951293039
0.360895785455096
0.1690407499916012
0.6597628145313554
0.10836968041132115
0.45949482542208625
0.2547711961222806
0.35686812385279715
0.3272348158512364
0.4286262897889911
0.35202197394558316
0.30757177828002424
0.3232692020981491
0.6191785479366927
0.18995490629849585
0.13227588065185888
0.8407072674821379
0.3801280395485675
0.37710124935077904
0.8363102258512282
0.3646703602923604
0.8896195508662427
0.2349493472789649
0.5337725390772845
0.5397771453600146
0.28377596270927175
0.5031967224449682
0.359040648451216
0.5342008871038866
0.6771651433486285
0.588457716187438
0.049685546503089914
0.19087566914737852
0.06660167252977435
0.5488461104661945
0.5352985536524747
0.6036856859604777
0.5881279805416559
0.33570660256782825
0.21298456655806755
0.22639744131478573
0.4262751367710536
0.3261845691863981
0.4776095259569174
0.596455884448781
0.7801448497357334
0.7822397938872998
0.5259791208047429
0.46411812501369776
0.5714008561719316
0.3112265984553432
0.2819554912320166
0.5084915810081901
0.49851617654900915
0.5353625071032682
0.3384889613279331
0.39628898048340083
0.33913756376844834
0.2889734909055367
0.7267968541854978
0.3251851775955815
0.3458321368680882
0.8047254520089431
0.8361076848120688
0.5100944856907056
0.3997713368798504
0.4285345259044499
0.6175214214490488
0.3283007661035166
0.21153245465332238
0.07469915100181179
0.289814456469799
0.656500449948353
0.5619036534757805
0.3660143325117977
0.05014303310628249
0.39946840517778714
0.06081226795960012
0.7754333443536098
0.5330188010654728
0.422517309493614
0.24946877493064454
0.2139939827701003
0.3353045662608284
0.354549357969696
0.33714209706020276
0.6073391110646409
0.180985387568022
0.5461292746155954
0.48965440267581195
0.6269234561621616
0.6432591659712634
0.5429627854081243
0.27898524917015466
0.11219363535129871
0.28570295812489105
0.5315982388432416
0.5257232993457447
0.501425888177968
0.13052132415514717
0.23254851382787597
0.4410507087852817
0.7996796143723347
0.3532359498475957
0.19166394232864647
0.36610382978413736
0.09619496128884128
0.2740682897828459
0.40528506015551863
0.506518579980547
0.053545845106165384
0.45847384935420255
0.11917234243413688
0.038071953700219735
0.41809942441371173
0.412527512496104
0.17458348536933285
0.07129955181440191
0.5663312161595245
0.5285328250702802
0.325532190368676
0.44689524751946835
0.7095673364257541
0.4027407267304505
0.47855895592426534
0.43862806684098643
0.5817315443499429
0.43152137901075416
0.22376413705017964
0.6060567760217055
0.5328229586949195
0.4893330097721542
0.24812196307447817
0.4839221009349171
0.5780011458878795
0.24309086687778453
0.6107217960429733
0.26771124334138613
0.24337430276329583
0.1349260862665706
0.34735621606497796
0.6990292881568684
0.2894966518247965
0.39236067740555125
0.46766985365005087
0.23628409516392168
0.34399007574368423
0.45384210549787257
0.4760862369610984
0.6547385587086436
0.18131718079446724
0.3283248196791379
0.28134757724570136
0.5701169218465303
0.3741839499797231
0.3578196794480949
0.29601775419956483
0.5056954652084309
0.3037886789255871
0.23028872844754417
0.5747059741407974
0.3889646144744042
0.37027259954868247
0.5333587661459501
0.3601426241098556
0.29815653030045847
0.6601513668803344
0.48455401579560786
0.19597334196951863
0.5383298899213027
0.3403822983489154
0.39390547445396523
0.4888508832083908
0.345070605077997
0.6312906884923573
0.23959801813571266
0.27510639222312583
0.6380349396670348
0.6890808520168618
0.40232998390560026
0.3319704334505434
0.4182261451936404
0.27964301165060707
0.21867125662477657
0.4702044850717887
0.37530218313935165
0.1768413415672839
0.2393479976298273
0.3307999238340894
0.36183893225953756
0.36984142676608106
0.5414456249481987
0.3823447660404678
0.4386554810295216
0.515982941992013
0.4058183077894455
0.4852634677832093
0.5240451590014713
0.2196846644076491
0.37220746815082495
0.4508998033986727
0.36701859996462116
0.2574118965409318
0.5693777105123903
0.4315138908842612
0.7045861371533965
0.6782700551449584
0.499169754945213
0.2804819873631766
0.46651486553706256
0.44563708771313293
0.8288622237873079
0.4530278952015756
0.4102838383017803
0.8169744213089531
0.4925380886018854
0.46905641936786174
0.5269072272299665
0.41687935120349523
0.44416148701603436
0.2676871445262621
0.2713166254830505
0.3770454301099716
0.43604372416973625
0.6618852118685876
0.4948778929962464
0.4167266281071687
0.3460493967819485
0.2592200265962488
0.5148015363291651
0.680764329886966
0.43375775122920446
0.4929467944655974
0.34396698503062445
0.3252983163039796
0.33348772360889406
0.6147609613972229
0.5023001134472734
0.26895974439563947
0.3274755467380808
0.35219139124890675
0.29997395700796725
0.5650062413914304
0.32913697682334075
0.3187007172652321
0.6367258669110659
0.37051835354296503
0.30837733049970734
0.3551569952019369
0.7198182239514306
0.43909195496012837
0.7301157401694343
0.1383269706820285
0.339637555064691
0.27758763458258456
0.5586890137106093
0.5556503518886193
0.2140003988496126
0.2839224779728488
0.35217103363275765
0.19318606247473605
0.26913607633670555
0.6165832177825914
0.5381978712193031
0.421631798088173
0.3232462792612725
0.19817600589102585
0.42592257307981185
0.6058175683813497
0.5376700724748033
0.2024636734213888
0.7070001691941937
0.3709323366281851
0.47251671677740015
0.6408257801134607
0.5882655341910142
0.6171499054043225
0.32124540070789426
0.7278672642692389
0.5513015915136897
0.4928188100538643
0.5201872659143424
0.4197606448817424
0.6528159066383542
0.4924210537294602
0.34566244943632385
0.4590564601409598
0.5044342377703935
0.5131442840211842
0.5876904351044736
0.45066442551136526
0.38629443330347496
0.23828109610444212
0.3121470948402602
0.37365159164433637
0.3379426320017611
0.25946578641686086
0.36139617248155803
0.5574502187731094
0.2014326851052269
0.47888278862468725
0.4263786996178134
0.40303362391261766
0.6622272815579248
0.5141152348898056
0.35385646180548547
0.3267668861002393
0.42461358040542385
0.5810616225981261
0.11208849063306368
0.6658380854507461
0.2890315676193872
0.3945442654598803
0.496732702754561
0.41018256012845294
0.5539242604732748
0.751238336272468
0.16542729965601358
0.683154840038618
0.18447148956787007
0.38019189528522396
0.3058980094953412
0.22754548950834452
0.3127120876053862
0.22789030233719476
0.6076346507042013
0.29739697040239715
0.5322138614764573
0.606925934129629
0.5149082118718519
0.3653582857110138
0.3735797706890975
0.5993755373453511
0.3366358204975974
0.1683572935107822
0.24996699798692085
0.7144274028240025
0.6004727512596416
0.2775182211341506
0.3408782532888748
0.534833097952907
0.24054688892094403
0.23961930049580743
0.19944797173959652
0.3177054012320839
0.3927570952629112
0.02131998599055268
0.766292205219111
0.4688138307950973
0.25836912005435264
0.24899485177743588
0.4951182200002765
0.5910588252870029
0.44774662740606214
0.4006479670095192
0.5963572955618057
0.49367304211376023
0.3987049910533808
0.28697269984524726
0.3765807466768414
0.3303250336649379
0.24183015900202662
0.7517025286350772
0.3034988646600605
0.3556163443642317
0.5580504221043615
