0.08162909379893443
0.1849731789924864
0.25635236980061077
0.07032664353268572
0.0906156557925032
0.011646541376472273
0.061130245309465946
0.3116983804176044
0.10071909923674742
0.06350141926284149
0.11203232739408527
0.08311863631597398
0.12624023303415402
0.10128618095097493
0.24156283187574734
0.2582458336497592
0.08610327656806614
0.09325408128133486
0.07278689776806319
0.042781466069205215
0.05177284636242515
0.10968832600901204
0.09564662693815111
0.022584019491596344
0.07836087089786654
0.09257788653622215
0.08309787236760342
0.2942320810179281
0.06993322763805833
0.3618778724785297
0.08425942287389253
0.10506162640410326
0.07044289899711018
0.237853326185094
0.1353561483191018
0.20365564948299997
0.08731199018857887
0.10539352541018591
0.03690163688260349
0.011735820435744362
0.2436441831098899
0.2873585691605321
0.06510375944270363
0.04254672008379515
0.06494090891673181
0.12307149792083252
0.07787377934247822
0.08580883949831028
0.08795861225212305
0.051590810826605264
0.07578060275957654
0.09133756270014849
0.025765472341377996
0.04613606958784923
0.2345723335738356
0.3496350846257674
0.10540411155879933
0.1331289787678431
0.2779151198236148
0.008525800635199017
0.11515391230777344
0.10180731455997248
0.2388399328894188
0.29702087074862205
0.11198087393419306
0.059482017590907
0.09496787287573132
0.11322411119563235
0.06435703266994412
0.04185474258157128
0.06677533820740206
0.10803393074981635
0.087200651380999
0.08757696900774638
0.30201566961389636
0.09485518808600803
0.1694373975954356
0.04273317263955845
0.09908019586198914
0.2754219867942602
0.06655123767544499
0.1027535894118677
0.06800007247886046
0.09872997038581086
0.22034983701309585
0.08532967129305333
0.10447220345622758
0.31269339345564573
0.08733995003617176
0.350993824431072
0.2299736799238266
0.07756032893061411
0.12779555907080484
0.10151790804019312
0.09566169513671695
0.06310866520414836
0.23816229765099806
0.08252884597593964
0.11466209725592842
0.23408405168183832
0.044896151113717774
0.08670510722459017
0.1374896018479282
0.053493757621496704
0.0792605213892803
0.07197617351624527
0.09818255100253417
0.0624380299476562
0.08577700039024168
0.06950298352466447
0.20620361552623523
0.10118370104578653
0.08215737557822725
0.11682963519676082
0.3015443940931048
0.09001974491112608
0.10732795665905237
0.1692882875609136
0.32230961743526326
0.2563341786140172
0.06218918609829226
0.05784951091234382
0.0975771737871626
0.04896339094388318
0.12466407510645028
0.10699103687024637
0.05588661943169783
0.08648975037711824
0.07923311662038346
0.2201068823404294
0.23901262073983134
0.3034805746386144
0.3893936527215561
0.0711240308084706
0.01182425893518199
0.35569979601932006
0.0945321434026153
0.10749555487821488
0.10929473796743008
0.043450088456765235
0.06991061622468357
0.06319239504194209
0.062111966994840305
0.2166798631837417
0.21844141604615572
0.32563292926776777
0.032647806524013764
0.017131721409975223
0.30084611651276477
0.0809099888349019
0.10343768331176056
0.10974825073887155
0.08839791342746256
0.04855522996366446
0.14289199838789424
0.16336490902599515
0.05758005711980531
0.07647919432501318
0.10601810871125605
0.08940926738958686
0.07164568759214028
0.0899633926347213
0.10576524695214344
0.07747250950791695
0.06124625414000419
0.3537836556056072
0.2578080017322955
0.05905434666213772
0.29567677344150645
0.29016648433417547
0.056176146716530664
0.3049309351642043
0.02349466060864968
0.07548167648797989
0.06880344488778302
0.10142040066998925
0.09959979091128368
0.39115377976303045
0.07670192396808143
0.06885391953088953
0.1159052220100364
0.06987382553383172
0.11214402726540659
0.08074669682591708
0.12424872377941751
0.07509196174714187
0.12996506945751019
0.09311098026016108
0.2644195327594781
0.23463818697476624
0.07264252880804989
0.04783089164858953
0.0568972180471435
0.08542289824936233
0.05654331190295166
0.11063484507437639
0.10808508618732822
0.10657026414469442
0.06696608607425009
0.07286350814004929
0.12731410720069383
0.29627234367068067
0.0890232625450856
0.10404474069807407
0.08352919801801424
0.0559067833200998
0.2932397933092226
0.040406018415308165
0.10366264742338586
0.10747048025313923
0.09577101346094465
0.03986137371015523
0.10971574383851447
0.25450424067985544
0.24007777967618005
0.06998926183230274
0.07898491172823026
0.06027762697303119
0.04840537071723851
0.045710324261439804
0.04997347012839879
0.052003137196088255
0.07220950025978011
0.10870129473679668
0.0929007077003672
0.07882574062296242
0.2703875639765618
0.053967636143592464
0.07617829271959449
0.09796236829386341
0.11384447894308614
0.09655507258300407
0.11111129654410286
0.041474647509792004
0.061827130802823975
0.13978232023974024
0.06403247344063598
0.10328172419288958
0.08386760275921223
0.10496726356009735
0.1078126845214625
0.13999761777610367
0.07087096670929796
0.4001670250004455
0.07919867994755038
0.22248228338872492
0.06730970492163309
0.05285651599391238
0.3360468112346663
0.0829708527860534
0.08126691318366172
0.28896425437306295
0.2157497306543937
0.02356900642927205
0.3892961570685853
0.1138721199445713
0.06290814002253203
0.07320533387035666
0.07257403111332371
0.1648468461900856
0.20767783091624942
0.27771323596203706
0.07990610613555926
0.06026536463135509
0.22475905730577903
0.05849434745379108
0.09843714084640164
0.22762800071586306
0.04887977639768539
0.06387879864722155
0.21982895221146628
0.3095702840055925
0.18790190440120186
0.09844190907187025
0.04167258960975742
0.06287590796131333
0.20004850190627954
0.09135778942461655
0.15813676535454033
0.08378824019957416
0.06229306593811576
0.4558863290239183
0.05289261998543908
0.08047654547428862
0.3240271529081819
0.05473632472077234
0.12201908373990031
0.1116245850129821
0.06599934181896626
0.09080345128174021
0.08875058683164082
0.07331900054032718
0.10636716870559505
0.07494482653312357
0.2874743985181052
0.11561518649632295
0.12249689458604422
0.06698934803873542
0.09826241459957118
0.04712903267778872
0.12607882286410746
0.28965115738259517
0.1009831152984195
0.1714432454069028
0.09082060357437785
0.33465461533944313
0.08823341186578756
0.3142899276168934
0.08707834572653811
0.043621191068057605
0.050974114480311174
0.25379786698064344
0.07374922501039029
0.13589805752802195
0.06742325692254421
0.334079231143707
0.03723271684563599
0.039685417064487645
0.09152548827822649
0.03774519076592907
0.11660964381861222
0.08459034695902357
0.2633425593865737
0.06071282209387075
0.08080834539723385
0.0878059238978101
0.054283043163064135
0.050924191825620406
0.06156050364084172
0.10323161857725711
0.0673531331115833
0.1179718324493757
0.0769679822362531
0.053060070946796024
0.07536547154987956
0.05474306723906831
0.11159628260265772
0.07122764545614091
0.21653960158098062
0.04526693120988379
0.3318891477154178
0.10450656091727786
0.10210678528633105
0.06456012620853077
0.07906349668080669
0.1263770605891461
0.09257739446955432
0.08122421876123137
0.24228352121527086
0.08709385366042473
0.2604461073932151
0.06563469709241988
0.11658259434057677
0.24371165268979272
0.0883566417166106
0.06142755328949284
0.0627324975587255
0.2929379105433683
0.25257411820815123
0.29649050999737275
0.0963391576726859
0.07446624219797758
0.08463402702352373
0.09505896369176235
0.2562684446739102
0.07401291291538252
0.09081045562002926
0.059882367731107486
0.2610942276485558
0.06998069242428363
0.15734209398206286
0.06964063397363275
0.11044819759449523
0.1638495738282962
0.090931017721657
0.16157156877405107
0.12035137311884082
0.0826020086036645
0.18286037190475934
0.20277294938571902
0.08542651089350406
0.2577617106847779
0.07442354423448988
0.013562281256045037
0.2511546155290099
0.05513278459885471
0.10476062757112801
0.08884879904943038
0.27073102421091666
0.14621632870213405
0.07792027822352691
0.04489141001329286
0.08524029892182268
0.07265119471082247
0.1578378389284468
0.057277590879406974
0.3631032485513237
0.12026172868931237
0.08495501831785676
0.11700684070324723
0.2566368172463232
0.05553103409906458
0.27978434721199963
0.043868661376305004
0.06842769007361318
0.08798447474354952
0.06017869281957592
0.08958951213348273
0.09776590702824253
0.10733533215967535
0.0995668880433603
0.09893799408340097
0.06699678242871639
0.05506543952135511
0.0692724024767476
0.08327953856582213
0.041166495803447584
0.06328880935949742
0.1835140882672778
0.1162948586553748
0.44361473212547087
0.09585288706571168
0.02724705366698987
0.22912536108598872
0.11168772261401337
0.06602354258154199
0.07212170193913563
0.0692195650267204
0.0930260180968172
0.09585448806443371
0.3497428088827929
0.14907558530354947
0.20856014782457413
0.2001762203661374
0.08677626409070523
0.26813895610351196
0.41883901636833687
0.10893256450078279
0.289258328049578
0.06963338850314942
0.05096418961907787
0.22789604911730324
0.05015004063757469
0.1253945265316444
0.0983375363564974
0.07184035467228671
0.06828194218261247
0.09900515234368401
0.06344188927189016
0.06286288204800808
0.067808837321299
0.1269138696993846
0.10168496715453514
0.08107927824641054
0.0845742208989886
0.08764718308831664
0.09610957391608894
0.09809397632135484
0.0752447511182889
0.11974362545024297
0.28804223196107065
0.04246405764493984
0.3101038647372584
0.1131290907844559
0.06957976583856652
0.06753591892971154
0.07214395255793635
0.07683458486334331
0.07092878510610442
0.16025901176012627
0.03617528960000323
0.06792809835875312
0.13744556054019125
0.06948762177652082
0.3148039796392161
0.09157905211907381
0.0456958309520935
0.08684134671498821
0.05107738844781916
0.09443809129578895
0.11216016257393178
0.10288569945719343
0.19167540604031666
0.10367476960818109
0.15105807573498334
0.35742565664158116
0.06934083183692548
0.10706664472972692
0.11289453066217715
0.07337483468796824
0.06538265769571831
0.3151866403728086
0.07276000168054785
0.06435425479716358
0.09268421635534412
0.2765659275809389
0.08707027665126865
0.0761615761493629
0.09533823616140959
0.08835150987856236
0.1031857046270513
0.07695702182653136
0.1137466028534273
0.06526294507136467
0.054708597187710505
0.0709733557609481
0.11457734669437165
0.08524207127557586
0.13246814828962392
0.07872196315735382
0.0842929108046213
0.2532911295634003
0.21017318516077232
0.038358638429020236
0.06550330350795565
0.0909497322012275
0.13205418817404133
0.0608808268372893
0.10535367369211225
0.08743298966791671
0.06130098670996971
0.3495452215568273
0.05207355070129254
0.09295817646893069
0.36052593764345975
0.08293021003798004
0.3068590938529902
0.09240311063099015
0.12108517777559209
0.12419861553464219
0.056132151487632245
0.13040090511149774
0.11790362001558741
0.03496381022519238
0.3368700596774775
0.10742659263809866
0.05974650847558373
0.20227788202126248
0.09716231237596133
0.22259102651753626
0.02645853647131339
0.10198089057905817
0.06543172348936428
0.06166441498384391
0.06851535225660066
0.29030271778787947
0.1047066681878813
0.11479437043983849
0.19695831530437646
0.08083338396274618
0.06736163515966634
0.09070043758114976
0.06726971117625115
0.33354879821147704
0.0723899780955445
0.09817241613586206
0.07378057351550525
0.018543524614447682
0.060846704370648
0.07568607337601163
0.3820164593453482
0.08905049819632542
0.08703566142215538
0.05380751266583657
0.1817032965141354
0.35211730090818105
0.050241801178027935
0.08168418561898397
0.1437683912624511
0.1416255724882083
0.06968580544461149
0.059382614205095365
0.0673468866031055
0.09749056167334454
0.06676755351284393
0.13851919058001996
0.08337599932092374
0.08598751835610706
0.07275995511031416
0.3139902104780968
0.12617299716342636
0.11914473969307751
0.07265767501696922
0.06130272712037202
0.07864760876926327
0.07531195434795995
0.0956170702379144
0.13183244678554448
0.03325002692684951
0.07267907681593856
0.09231355338029953
0.07774223511824876
0.08225488576622401
0.10707164584598586
0.06418792539138428
0.29808321920012815
0.24336948459608948
0.07651508712985944
0.05616731824213661
0.3095949851466039
0.08532432059697541
0.23457654994564076
0.24579753584438838
0.08734450347255052
0.08268635451830508
0.07574043068170704
0.23713366615553783
0.3773941061833773
0.09512042885560697
0.060528509135578466
0.3566698343033907
0.06704775025201763
0.09654400153025648
0.08446239744048187
0.4553793466849104
0.24026417454563842
0.0675891951796255
0.0589045399137888
0.017364237888236426
0.0393582792959034
0.08123904886004564
0.05789859597756119
0.1108888916707117
0.08636713709203553
0.0888804209457831
0.06893335979163287
0.0557214367437378
0.38701181339662194
0.06700457880805244
0.1024133817471889
0.3821248585396635
0.10226629396470768
0.08557689928741538
0.11693814486737884
0.062408730191022825
0.24107120834760254
0.06959039227745753
0.05436304435591901
0.1290322885983495
0.06315548447312902
0.07255075061745558
0.08892846335201407
0.06210858872821127
0.0726773510761183
0.07102152652590005
0.07726227168767581
0.08095531011797177
0.19535322403164915
0.07204502297721349
0.027068987929102707
0.10840571463992417
0.07917914388989236
0.06792818495606327
0.1290790542156838
0.09971265569206315
0.18053913016863002
0.10310105718669751
0.08836160063135046
0.09728511094095849
0.07348710871288675
0.3435364351912628
0.285819916267468
0.10405954383846291
0.08671135920360327
0.08311502890116687
0.10109044406041649
0.1349716533506296
0.1650660186493521
0.09197210228444634
0.05148763930294811
0.10839108389548481
0.04583028355830406
0.054402204325134026
0.010972076907815983
0.31166271577747595
0.09528774842024258
0.09311875969959546
0.08342515819176138
0.1265822973527752
0.25497124802407567
0.12068580522803087
0.276120225258387
0.07053997231992327
0.07662086831427346
0.04874820454600707
0.09473055813111274
0.205670392956164
0.08814008979410899
0.059325779080250954
0.10847100749166916
0.27484666303462973
0.10759922771438284
0.38727793164534813
0.22600770486093047
0.3761554552605276
0.08874881457629565
0.06287739863203229
0.24290945996591456
0.0722223336924128
0.06822298191364178
0.07019236877158667
0.18452640707846094
0.2848007737080928
0.1157129926102826
0.2308321806641454
0.0764452169954316
0.12860987753126987
0.05182270568168132
0.19310273178292992
0.2663191980458911
0.20175078013392736
0.061738664628997394
0.0992197099335521
0.10270067634585242
0.05801610623767156
0.07079764837265545
0.08287674744549205
0.1407455476556869
0.11061850385052453
0.062499314945365265
0.08108602082644148
0.0787526037469389
0.12519415115680338
0.0711851037785828
0.08849791415552422
0.11857006136441967
0.18085011202726706
0.11726900759459497
0.0791536918893517
0.09805499378625107
0.09980436466595294
0.12465601885578491
0.08144088066251993
0.19935052854897706
0.07569428707308017
0.054803313436794204
0.0577510861968886
0.0957793320029183
0.08737737795721563
0.05409655773581379
0.40381111678396364
0.1043168056855179
0.21768244189648506
0.03850620450808738
0.07247414530809725
0.0731281626752332
0.0491761306389405
0.0480887620413738
0.23151963920601493
0.10020424807662466
0.028813466840993594
0.19273270663477315
0.11993473108850539
0.14409037427218638
0.07196781128089774
0.126042800420363
0.0749711369155969
0.049194428828331284
0.09864906607587096
0.054298870117455385
0.06333667685963447
0.0827266257083664
0.10837656669437822
0.05197441321002915
0.09983784767255646
0.0513748009336475
0.35941542818696154
0.10569625443861998
0.30452372778770287
0.0733940493498361
0.05442593797121601
0.11983101066114366
0.04660555165624472
0.0961589600897522
0.21687432324408135
0.07729972283459607
0.0616027748441467
0.10812420465676606
0.15972684500062903
0.07116931253150463
0.08107867621965667
0.11253591600375235
0.08657000766533643
0.35856833019085915
0.05417302888505601
0.1270088489323486
0.37750397674333835
0.3376472589045251
0.10585184351258506
0.07823772936922033
0.1066672320738835
0.32684604298603526
0.2425362793890339
0.1010125848121754
0.2751082128126932
0.12485107591827586
0.07651616423342521
0.0435982903664812
0.13582045483351024
0.0672749888948283
0.09422647875588032
0.167647317724182
0.1247317168436236
0.08790252644959035
0.04461227051518766
0.0716398798800269
0.09716652782003948
0.09608858671650411
0.11873267628150516
0.09035708693788612
0.21224378557271273
0.12657488009243426
0.1151810231260653
0.14833652661461194
0.06626648832912618
0.08849262940961526
0.12884494326460777
0.11433072811641438
0.09156861096750825
0.0818621465599886
0.04854081772662644
0.18159076500110005
0.07568418176833226
0.3714045150458921
0.23895409453800923
0.1291341467092329
0.35909606053022536
0.12372811141773139
0.11351990770559336
0.13493740088652328
0.10065060487961053
0.09066709804605722
0.29946281683811576
0.3922481371366486
0.2891939672720825
0.17414714690687688
0.08302827508040118
0.04782373674060888
0.1750339202438742
0.1939004061855191
0.06585675194681849
0.10083096736275202
0.05877682444930528
0.18268378489098375
0.10792703500633462
0.048769304008085726
0.26704057253662
0.05245339411451148
0.09071449709108063
0.37700451863810264
0.0852401092980965
0.1138016572151765
0.10970062953504771
0.09886377877653302
0.027330276037612414
0.09680289623742167
0.09484955740126719
0.08514515658410467
0.08368516784669955
0.06581246621395415
0.10717897456120648
0.08057471948282158
0.10749222444874894
0.1204455292802383
0.10781138216373456
0.3195025761690922
0.31080999823550687
0.10195560796560264
0.1148164946154574
0.12181952723188066
0.21908814093980702
0.1085407260454356
0.06598243443950261
0.06544729414329961
0.17017533591279746
0.36568131826177364
0.0916567348675313
0.10753263818080325
0.09222093431893699
0.07799617391692593
0.10310644435746331
0.0895823583715309
0.14163662484078318
0.10321253321100395
0.083332948805317
0.1059925928856397
0.09427006759443031
0.07056961058207888
0.08247964060251325
0.06009547908271058
0.042406757005379464
0.07027524275006591
0.22635821003944742
0.11937764284781419
0.06000127023442625
0.06857018106006711
0.08144802337667571
0.12735795172103595
0.07291567333198108
0.08422488291023388
0.061919461802597664
0.08047529287483964
0.12127022775992753
0.24537271191036783
0.09422009579893273
0.0909271523681376
0.4395402408004132
0.07696897416675133
0.06296532777929892
0.2266793862072827
0.08680302696237643
0.10469115803865489
0.10350452864083501
0.3737348614820115
0.09617527977583834
0.1257826363298714
0.29009005050824527
0.08617895694670459
0.09868507808259495
0.06296734782458503
0.11336734664413156
0.11592457947603094
0.10555249861459126
0.12927603759571046
0.05795485160888423
0.07598190376868522
0.0875327171131182
0.07354287484143089
0.08110951772988925
0.0779012082724446
0.3147406156248848
0.037425561294305604
0.1088572905809127
0.05206309012442495
0.06678072179266743
0.09332466818275616
0.06349720178704832
0.07352996431540357
0.10279906899644231
0.2761020485812445
0.07077813946771991
0.10364639724411874
0.23313995162444376
0.10353700263657119
0.030995405220901974
0.08077719991827868
0.0958607929678145
0.11056744807993751
0.10929939952500003
0.06720781669528211
0.07359071799510013
0.0829107746845521
0.08377424440905584
0.046384385664337495
0.05132043484725471
0.12896612105900404
0.05498540084612201
0.11154106256856446
0.2419468874657058
0.08604615665622346
0.22657397002819796
0.08040782718857492
0.12352180969156594
0.22853062214626588
0.08622460514900376
0.09449853660322144
0.1002929330678146
0.049664605258507036
0.0960577179505387
0.06407844915935283
0.07297141863812058
0.07732674530683037
0.10601231838314233
0.07553191424137219
0.18819028433467386
0.06772660885664653
0.10550164157443741
0.2567800917667554
0.09641407691087271
0.1058817093808627
0.3588564681867545
0.0953017948079295
0.07607132611053341
0.17413075799447877
0.19746328852587172
0.09795747610568616
0.08992910427161854
0.04662288598900852
0.09932343868742832
0.08151935483735441
0.0778706587879848
0.15481106458151703
0.059486832662070034
0.06780149657659873
0.29811944473671553
0.09390828607850848
0.1299267498202617
0.23479783463395598
0.06517090659265522
0.028587330563445076
