9.509329978848195
16.848336236614397
20.49143146075441
0.09106290460105414
23.97958199876732
15.456620677972918
20.232764693822162
13.135489753290434
109.3413420677181
0.035074349247072714
13.449587021589677
22.486161732647417
8.431154793463548
13.047632479627545
28.17426054259292
14.631550613590358
15.561323967403764
39.249213879528554
19.770665135011892
53.94327325462376
18.196171722586847
14.403705608418273
57.09038596803972
16.57035502623368
18.246513970839832
3.7072940862645263
20.948386537098994
17.094365528103634
26.261531744408213
20.422720960186442
140.74879289648604
27.732004382086227
17.570616649771043
36.32101613408962
20.150465976178474
0.7815284858028819
12.09205596447628
21.7207556099866
19.67528780292477
1.0483948753400563
21.681151822714103
13.534538048038591
14.812521171820656
18.461598126228683
13.790716797828074
18.07291386104836
31.100680223819815
17.71094243759825
10.358832251460736
14.223565638737872
15.452879780377664
21.99898008778626
22.274451987936867
31.96040508621751
12.83183211939309
30.61067606032202
0.15215054742741196
21.06665594791629
10.404426908713546
11.96243525909506
150.04694856212402
54.188070212990056
14.000563251066163
17.511659664109136
5.100152694570638
13.93447411136802
19.917436436997747
24.480010144567167
33.537896285069635
4.934972985930734
12.268123557222202
11.877550392093056
16.44687587181241
64.9483394186755
20.411735072562866
19.550216911378012
15.171333617079728
23.002066994558582
59.492289929476165
73.67791643214224
26.062663792977002
14.191716727481616
18.665829069802783
0.12170948057654929
12.762688164456815
22.32120467706219
15.480327277341381
18.36617662871509
18.711320070183568
13.83730001590886
12.975359992670677
92.10454822721499
23.384869324308017
18.855605417972473
45.210413924628625
19.466391944691722
18.057689144253185
24.039013862443955
9.782584388630124
11.755691127105884
8.20711639468446
125.5576510628608
16.148884173524333
10.232068834692853
16.659614657138697
14.228802810988158
8.740231099060319
85.68876156374733
18.185044626245347
16.887612444680666
14.071626662872445
152.5405218749175
14.343939836861491
52.46346236271523
18.119577688326316
92.74618859113525
26.9941013331448
13.003513343747588
11.610248955682705
16.341993298881434
20.27368731209545
23.879563628671235
10.143551896700702
21.240948522903153
92.65601251960291
12.666267299230084
9.09097439553328
32.01685957052103
1.163890456496545
9.816370063091982
15.56314259431005
21.471732180144155
14.136694637626402
20.78513710302534
55.878190753353124
13.804715885736872
8.60030729385285
9.64505330654899
13.854872160948991
28.148744361877615
11.16761677615001
19.325418329931853
26.590356217765105
25.52426119810529
14.187421988293634
5.561902783541294
106.37778728971887
15.72284174863995
24.54327240622197
12.659278405420238
15.810798280832655
12.085136837360109
15.446832243270565
15.604301350394161
9.323286476241156
19.60552895578697
12.490136472575337
3.2990437648285664
19.375178190074063
24.892500029486417
16.792261975572412
15.315245831115847
11.769491558914616
15.320836583347942
17.792941951925712
43.253221577724574
18.198312082050613
10.131495398937497
73.56014633627356
10.283756029825831
18.583168611672438
64.80081138500536
21.112500584566842
14.462447318999772
12.729585026626836
0.027211324636827284
19.597978743410373
24.79788731544416
8.771441476284384
59.17323780500263
36.715297887722
14.167203868589787
12.380441493506385
9.418212329507954
26.08049850985085
21.795625268136636
9.665116225472875
19.954585968574104
11.922047806728507
9.772044718026097
1.8880822235447885
19.309744133588154
25.428700547402705
61.399244556770704
20.320688214019036
90.36574993047448
12.367237476436177
12.066593403742788
0.18425896121835977
17.16795699097582
23.660939461868413
72.80586482298841
13.381447913363598
14.192393298401884
24.979335983537887
9.604513722852998
18.55437527713852
41.12594488849558
8.109434484007684
22.033234596935507
32.12567992963801
17.199216172286313
138.83490374548174
123.51231259411219
7.081114223439714
130.22353589356263
12.743268871523533
16.27249755230436
20.551746573563804
21.66823760325671
13.023467872319188
24.83830353884703
22.932899413336248
23.09161561444337
25.21190088244533
121.07672843122413
31.05726324113153
18.49628819580591
86.8985410064281
10.658461263747038
26.491423351841252
10.158364038961757
17.309261840382042
24.742911309694804
14.06822748411012
11.680073873609746
22.724976545443464
43.790012117759666
5.282993865602843
14.160959253451269
23.041308753475775
6.15074488699146
74.62610673123184
17.949849749434122
43.02445889891922
23.60592123873532
22.735679828617478
7.951179634852906
15.229039423054182
14.520387470088748
10.049637177135244
18.745288602085697
13.243986831805694
8.002456567603007
17.611207385699124
13.627321681720186
59.0991571020795
21.453645189960547
16.286477069467246
0.3851068807095868
15.953197483926909
18.30804982630249
0.0632288611232232
77.68308306596673
25.846831325495007
19.142263014960246
7.665155417451525
26.451262173973976
14.299407268819198
81.3583826485569
23.190497462511253
9.625018667922472
92.65339578494752
17.107420276214672
14.952235189692887
19.20956052381007
20.240590744951835
15.504286945166562
12.532394248324234
120.989698388327
8.739368963753106
18.497740074222033
15.766037448995913
25.574868892183986
11.249921051923051
130.67830880190064
9.495648977514673
21.538081310109114
9.127500495362412
74.3561445256318
13.585775734332643
0.03564197679871081
12.176516242359746
15.674554588838518
21.13492590215222
22.38868294122999
27.134655873762977
5.159597808565554
14.707871703660109
18.250156844499582
9.819584568172438
16.840520558006133
14.076125097857307
12.282335926094063
32.80118788589897
1.0603302013777878
13.005876457844208
16.601220912875146
18.36217101540726
19.174546323312
18.331438713745147
26.69428414248361
16.727878824940664
39.60881297683471
10.724559750456814
20.69398358659213
24.611493932667383
68.28575348900736
11.184120210922195
21.346970586883057
10.451909465212434
18.732022232082464
12.46368673135929
16.811514997051166
13.054229223592898
23.014369804040314
15.893907473293766
17.321861549193976
7.44080372981514
17.660820216313326
18.63612383577802
15.48032088824639
17.296280855358667
23.51444024016784
27.340850867936062
0.9274295556051937
76.94681935945289
19.94401571661322
35.867012246186796
13.625044488066836
18.088461257860498
14.006821761562557
31.11820011574476
3.3089174712362217
11.102645341572455
16.07692777736387
19.238475098952613
18.60303071688577
101.19171958033998
65.86550394310171
13.381737360379189
23.356011730109167
104.31420894207672
20.42719138720508
30.18902847332875
13.646666691976431
8.146360875182976
18.96049441544507
46.585653680528345
12.147939743020938
20.311219136390935
22.026903315189752
103.31188744258756
11.10512731401038
10.317584702354724
9.536860290091031
7.691167734350452
22.132622448589288
13.528756365481632
0.4927301524165161
12.923191587403034
16.49799736996247
133.77555226103158
7.170180396072852
14.07307495129669
12.894265107293863
38.234905793352716
27.58114556676173
18.9946634864598
8.502215957914325
15.844817489753652
15.523088547324521
29.24181864937565
19.242440515951206
17.11794144265742
11.482037745831866
22.95284709198117
12.160665222355192
12.313558818997153
66.89101286359465
14.488860082049747
19.298273526582875
15.210417457963779
18.569374463238464
16.951074971732695
12.998426269943295
91.6035298229916
21.48815889868203
24.514203740451183
15.073516728243556
11.822061551448034
13.35918724972345
18.099588718704112
22.077380692632467
11.497815499032328
20.028329980081146
10.727930628804181
4.217388491838701
19.222583870491004
8.260229712885355
23.056608375812303
16.18614377525742
22.881025986040214
22.711509679959878
14.665399634505768
93.20174387134927
23.121487185888903
25.692360292234465
19.563808237457376
17.697716416647417
16.69485370475813
11.199221795876921
23.367055005324616
83.97514691283065
8.926051388767778
0.5370706258263317
18.026355200976525
17.77101241637013
2.6178167410940603
10.09253186070128
23.14811210157313
20.597550892704866
32.952752945322906
86.01400529854028
95.59099109262247
21.30055369735534
21.564919176442828
113.35456487757995
102.3208705904811
13.401375278554431
13.011457091316387
10.694976881619812
12.84796758367728
130.38765944084764
11.243796857670688
16.105245990256222
16.330978896581996
16.10948626430923
17.280840002369136
63.25489742288059
19.56262858279307
17.414970378183167
17.414047833017904
15.60301831808536
13.630644995135432
8.724954504027405
36.060261144714524
4.477008756275376
4.212456359760528
59.79295736546066
22.888029565446054
30.28648891230679
13.188134719980832
97.81446845373452
21.655015155715585
15.846280616323467
9.460769811490227
9.826734175390637
21.40280914070774
18.048288126067852
22.25449398921415
6.505773999016711
19.989486288604652
10.2613162749065
14.141552141191465
10.088785564576387
19.959564958195507
23.377324118503594
15.38333917189454
14.14521763901675
14.697391457865763
24.996009333083087
59.238851627093105
10.69677234848239
28.59215877632403
26.262190428157638
8.001935979531973
14.993145654145135
12.84888987400605
12.658793143764152
26.614825931851563
15.671633648268074
26.17946683049909
74.56810803165963
14.641710273147888
14.51420204826011
13.11196912346056
19.01796093683436
9.986251928300533
11.774658573287294
12.462749611677854
7.819834071765038
15.354826636955291
14.990395766401184
31.868431494148293
10.123740073469886
10.963903311826606
60.78879830756985
22.625755483814917
0.14227261844982658
11.314659283266536
13.06625837929253
10.908923541770486
17.05278742271688
7.787075467732388
13.68152081585259
6.746716937323418
18.4071412789314
16.15690734624905
24.836254868256027
21.736584636514333
18.572048527507906
17.980441865230326
20.346311633899642
9.700665866759266
16.58709860701393
21.87590507647883
14.0272726787326
20.07929285683142
24.587479375876654
13.435872078851826
17.024387057432367
24.983332985983125
17.64503999267587
20.097803101601496
13.39638979470455
22.34622774385243
4.842824195044684
9.43721786390313
21.308097671986456
27.858236415299075
27.640900558088255
1.1603585997881765
22.026644274114258
11.232769733672175
17.249014613843595
15.664752100049128
14.54849393288857
17.595679002918594
16.143893744756245
18.622178940550498
21.052682837778452
45.50097586542416
33.21955072232117
4.4248209765476405
53.897254700955266
8.110663707900494
16.05501962565696
20.30924589876275
27.16185372167566
0.09811892256670823
22.68869018898856
56.00898173779562
17.377275882267107
16.748456946367252
18.926464999655845
11.665054517105462
14.91194652361601
19.584399543708614
18.142925103179735
0.09911448026308466
24.344169433110043
6.323489923674965
17.778810674460694
22.055757713103645
13.516471816140335
18.01722033629475
21.70675960699889
15.144679966555062
55.37068184385829
21.116167329418314
21.60703980559714
19.171997147376306
17.0703438116663
17.95673038580048
27.216212387840205
25.693497907444545
19.670694085493427
21.726487356846892
7.227474374319815
11.13062523045324
21.825542236591875
1.679910275615286
22.732468328740936
20.766663259499804
12.845774602825623
4.317277773980254
10.585967988751293
17.899320327422856
4.86622212184672
15.408891889981641
5.736614816877757
0.024276730897412002
18.627073085110062
83.50036276017958
14.932234915935613
21.53873578697807
3.036923708754128
16.07234553573986
24.663774511081915
14.215284114805486
22.577085599891106
10.328892774601147
86.57886576038824
19.002008685709214
20.48182435198175
21.253440818028814
24.64587506543662
26.187061416360326
12.42209846111891
16.510955823772505
46.37844247727909
2.3105470648332527
15.369279669361074
59.2891924192538
18.404818891741478
8.38675880327761
17.70423430164058
24.60916050629279
51.97078134166104
8.276761891484533
19.071847267564138
13.7850784682363
19.18441089353436
27.104826028827986
28.68032781469109
10.875653292712949
28.91584364715054
113.35532057249351
12.976248105198374
8.982441464237368
12.512494532422432
44.265798767721364
19.175732188723867
16.477143733296245
18.14878718965854
14.829582561064862
16.233154449841066
63.146091123500625
18.353344969166507
26.03966605674447
12.58468347531474
15.155928117234001
11.699976609352268
19.66959985810546
8.129992892852284
9.745317909443905
9.004949504057299
16.083483613605342
44.615891671732584
14.23937008421636
14.621936122887929
13.21234101123699
14.660066920431714
21.962636021690248
42.40245328851327
14.75435749190992
13.790339007537005
14.149895127101479
34.63357448359446
19.559245424825484
9.119994421778756
13.418859409298882
20.134799861461975
21.2207953963776
13.015106182530166
21.50693695761694
17.238017767053027
21.615272941298986
34.735645963091706
11.642693077050469
14.003809603845546
24.675213863814097
12.737503416166534
14.12044433039217
20.12113655074503
10.685620593678886
14.910945658766174
22.078912461548875
14.836580537336774
28.67576237987126
15.470852888290207
59.6107210157974
14.232657252384293
39.25476291716116
18.39129844104355
9.49436114344364
16.703522489091686
18.721419278855596
10.41894068658048
27.181347147474458
30.599170590803794
16.743623306815277
13.273040976745587
19.980716192807183
16.95977174292888
0.1379488694119242
14.34706131028347
22.163502412012605
30.205665623420938
17.859644428826524
16.71627561481051
17.54965393310985
18.668551400385564
17.49938454885322
23.364790628689935
113.9904581340801
56.84195388483635
126.8771846635497
15.169135578777833
54.48678536846285
13.60876420402064
28.02135506759435
53.474459308180485
2.1690077481469783
12.29059947038103
26.435861801415207
22.108116689690217
64.9653808776014
23.863361099574306
99.475137097673
15.555022103012712
12.623361082743179
17.598109753447076
7.933309175974136
10.452443794499583
14.835077934405508
31.876938983402514
53.063483462915926
14.534649128674602
13.531390632304497
31.776824718304326
21.01326752066538
6.759074824892952
7.246948383934199
21.280796438881396
17.53289909898903
15.419245657085309
16.044898773751296
24.392624766720793
21.97081828416209
17.921050027963698
20.910398863146504
11.054611285204041
61.816559184877434
50.39538252591961
12.246123501377207
22.574097571643055
20.484713130627977
12.534335274695673
14.818652051922864
7.188085160434224
76.29644015447484
17.79706737959772
17.56011955209989
19.462939696280497
9.804504093679553
4.595828343843533
12.752248954446436
52.2893444317802
0.13591540752510156
19.59418434035523
13.452167118796059
19.230319367799265
8.311382351394403
154.7267360898047
14.85201855472402
59.930768533673856
101.04718369219314
22.314844560978973
12.67942819088337
26.128050223359857
13.40167119082125
11.137557755053157
13.33702510604142
0.29456628559306197
19.115822398890142
18.042581500383736
94.157642122317
16.944740698674263
0.39546880230359216
18.496900998657786
14.71588894195308
19.385925434180056
22.800071848176355
13.983588840173953
11.187757182746413
16.42763281645724
16.99251817406276
17.502592916274597
14.315451577871208
26.905586043639005
18.124045898345088
11.341060746626997
26.798294437059752
13.64256037707671
17.678709806004893
17.371087519708617
18.06308855542354
84.12183116052432
5.809054929855021
20.28546467537697
145.35086190003526
0.0546779834144584
25.936802987567976
46.25067510331677
119.02988529022964
106.50897321114691
8.702297702617148
12.314205168413784
8.928332016457025
23.792087849244318
22.408505139698534
10.46830750934707
24.928570704475597
19.77165943839896
25.973927342509484
12.867932849846378
68.24601903476093
13.158006450430715
0.6603562886386151
14.19394862710472
15.017777372624925
19.636690641770784
0.0669188440187758
47.06544416576509
17.579396099301952
13.868445636848836
16.667654468761633
15.158450054166066
145.41670206777803
27.92148255116275
25.710455010234373
19.77726662135928
14.326205937436214
23.292359825942214
24.608050810935232
20.11303092668463
0.02236873580045832
45.80367804087586
18.99721301536738
17.053838467194268
12.668333072377973
9.799030839942258
13.190182964300664
52.40981702697096
17.19249997416355
18.156230688140887
11.543585391485152
18.454848837068706
22.173309402051117
19.38198246230239
8.845676183033385
18.58954850914132
24.445204065614643
20.797922425760614
29.971178776421546
15.841851404062753
12.154389143608558
10.803892359236162
25.87079757016653
26.276849971091025
0.5632867157655539
12.470904544640563
12.863773845151776
14.327891323278655
54.32625003372428
16.75073510911824
12.301052993748815
12.642794829386704
16.87065508756794
26.16638347831922
17.101804472826572
12.530159580275596
25.622591820315535
9.902895159834273
5.230014957401876
12.797169283546834
16.538003042610196
1.6953664811920033
269.3571073288137
142.44080507698143
20.747117483647603
13.12413551187499
8.464351950493837
22.65876798497917
32.26189651860626
68.13554840592997
25.05830436723388
13.826053107857769
14.322186165713523
15.840390346509308
0.657855751137442
23.239817369941743
23.499805375384735
11.75497019163458
17.505971188086832
12.372337404490036
13.98741490869723
19.73275236679335
22.705088378724053
48.172748038154566
22.4164237857374
14.582372467488836
14.881829116625596
19.758521712315872
17.755712703972176
11.777662791570174
120.44655255211278
15.990149646251949
124.88222484943455
16.933740020942132
22.35974312317331
25.071838821064585
9.671562492625238
15.63040648051946
11.061024897870729
71.28842737799468
16.625268691858302
67.10731404877242
17.734298757337804
18.13701277087902
24.02964380108642
13.47467504120582
0.5433018784747888
10.916291037893595
23.81238753822989
20.544191345538792
16.580115018597844
22.197476671507495
17.71688733332288
26.74559977022152
1.7743382516096913
11.192585288860888
17.490041143373592
114.81036217387893
16.66601229278497
17.074117733093114
99.09323771128047
8.609427262124795
17.445053878954507
19.163883252458728
12.512681754661967
28.4784037029114
14.1427896747098
105.03091328938933
11.503665584434026
12.250546139547385
17.33084652339241
17.437260321746198
15.911099711420652
16.299642170273707
14.238381715439226
0.5045956181829279
11.20344545554222
22.988007779569607
19.933472664794532
20.711261067470623
7.709597142483611
51.89852847771413
12.275229732950503
117.30956541909323
18.271125326659224
5.81775442698759
13.648706203039128
82.26174827696437
0.6715126112003265
32.204095542471954
21.896131912813143
16.392297214507447
15.124905261122212
34.25145392291661
27.88868124056928
16.601448321066233
0.4320528513140398
9.745120134873963
20.72089922910141
6.248062932881822
15.168296146560138
31.27540862353908
18.925567575470655
7.298451721660568
9.29460314446439
25.319762585728537
15.114873453919516
16.46997522042166
17.92930033410611
15.159602019422188
77.47507817543811
13.25534675178669
