229
189
193
207
211
229
207
207
216
198
210
203
209
199
206
231
208
197
181
196
174
193
217
217
203
200
193
189
198
173
206
215
208
180
207
213
217
208
210
204
224
182
198
204
217
213
227
211
233
208
198
208
212
190
208
189
227
216
183
187
206
209
236
209
187
222
218
257
226
195
207
193
204
211
199
196
193
207
206
215
217
188
212
211
190
196
186
219
194
226
215
190
228
205
188
193
200
220
216
214
179
227
227
235
194
213
189
229
210
214
184
214
231
193
200
185
202
210
193
210
172
202
201
215
209
183
197
216
196
192
194
221
181
215
199
205
220
175
211
208
235
197
232
215
201
222
237
200
203
231
217
213
173
213
237
221
213
191
188
223
195
239
201
224
211
169
211
219
184
220
212
205
203
224
209
188
180
191
197
228
243
223
205
191
216
223
194
216
208
214
230
219
195
234
205
201
203
201
193
191
252
238
202
206
174
190
182
203
201
200
224
225
199
223
200
191
221
215
211
209
195
240
203
199
212
180
185
202
199
218
199
210
214
208
204
221
195
220
203
187
218
218
196
220
183
211
206
197
230
230
186
226
206
202
220
226
206
220
188
223
208
215
197
217
212
193
240
253
216
206
217
200
194
187
231
232
200
209
227
228
208
198
221
221
246
186
223
198
186
188
180
201
192
210
225
192
233
223
197
201
201
236
202
206
230
208
181
214
207
211
209
181
187
215
192
239
216
196
214
247
198
209
217
241
186
226
219
212
209
205
189
172
209
198
248
219
202
181
229
218
213
190
188
222
225
249
204
218
189
217
239
218
208
227
201
212
194
199
218
222
194
210
215
232
226
233
220
204
201
212
168
186
170
182
223
171
237
226
199
235
207
207
200
199
197
196
222
200
220
183
220
227
181
185
178
183
186
221
203
175
227
196
234
201
188
219
222
213
186
189
228
218
237
175
189
244
201
200
177
206
230
206
211
220
201
190
211
202
223
216
174
188
207
234
222
209
187
173
201
214
229
188
184
195
224
165
184
186
205
210
227
186
219
212
216
222
198
199
192
232
202
204
182
238
203
214
181
192
177
192
223
207
223
231
200
214
230
231
210
189
212
208
241
166
212
198
188
207
198
197
213
222
205
217
170
184
201
211
211
208
206
200
200
192
226
210
237
198
216
202
194
208
217
173
221
221
191
197
211
221
205
221
203
213
207
229
189
193
212
216
184
216
225
211
207
217
223
182
217
204
230
207
212
201
214
201
181
199
193
235
204
232
228
197
192
241
199
204
228
167
242
205
209
210
196
196
205
182
182
226
207
206
199
197
221
178
204
182
201
213
171
223
210
177
201
206
218
202
188
233
204
189
198
202
207
206
234
213
198
253
205
190
185
238
197
216
216
184
223
214
198
204
232
203
186
202
177
220
194
220
207
196
209
205
186
199
205
216
200
186
210
202
196
184
216
203
186
191
217
187
226
186
198
192
207
213
218
243
219
225
164
229
229
219
212
232
219
167
211
221
204
227
186
221
184
206
209
196
205
246
212
220
189
165
205
210
207
226
217
222
230
200
199
225
199
220
213
213
200
238
198
197
218
189
184
221
229
261
202
211
187
186
195
221
191
216
204
189
205
197
223
208
202
207
221
224
211
229
188
200
205
172
205
209
192
211
193
196
220
185
221
207
206
174
205
197
189
205
218
215
224
224
229
222
197
208
208
210
175
194
221
200
217
227
206
189
246
211
202
198
204
227
197
209
195
218
179
207
248
189
219
183
195
223
184
210
201
207
184
182
217
188
203
218
197
172
200
187
198
240
233
206
229
219
202
205
189
212
215
226
213
238
223
205
216
206
179
199
186
194
176
244
211
197
204
208
185
221
229
224
209
195
231
201
198
208
215
190
188
238
177
224
192
214
203
223
207
231
215
187
217
230
191
192
220
216
231
246
220
183
205
206
197
224
205
238
214
185
210
225
202
201
216
242
199
228
221
225
186
211
194
168
181
210
195
215
196
241
210
208
253
214
220
210
220
187
195
192
217
191
176
216
206
211
221
188
210
215
219
201
210
200
208
196
206
230
187
204
204
235
200
190
180
221
196
210
206
223
204
210
211
204
193
181
193
202
192
187
185
162
223
187
217
204
188
205
229
210
179
188
216
177
198
218
182
194
243
238
231
214
171
213
211
186
200
223
197
220
208
201
210
211
201
233
206
201
227
189
186
206
254
230
154
215
221
213
207
204
205
230
203
186
195
229
247
225
194
204
214
204
197
200
219
218
198
201
221
215
181
179
