855.0384546293013
834.612995161206
596.7573051228659
620.98560552004
888.2871194430734
809.5216885703877
565.7969410769219
764.1704108497834
718.6912253688336
465.0001625182777
553.5533815864849
629.1739633974612
971.3138637067339
878.6309161421927
388.0938784624831
1115.1129084825084
988.3422018435452
790.8378772839638
805.0431788136159
562.4786530359754
969.6826336661413
295.4056537463284
886.996475399779
863.5371352896655
1013.6823869609253
783.7762035405395
1117.0765010162472
811.9420944982767
296.7754233926896
1022.5192902256623
1072.111187565812
1217.8399640252433
864.6166554082392
848.0366634699832
963.8297989531887
780.4644248378029
636.2798234887929
997.8493879845296
870.7540695738181
1111.0519308663943
695.2822374892835
821.3029992078588
1238.9540366679475
927.0614219808674
984.4914058679707
700.424831227259
877.7283711038831
1098.97176656347
470.9067676471984
1048.9466384732912
684.4462966294049
603.6882412429175
1016.0139120815362
795.7522769170622
829.8881372091573
912.3831239861516
789.1832346657909
815.232588047887
909.1118261246202
862.398054907793
606.3771832508761
682.0228274606968
774.7327994998509
806.8736677559552
853.8004081688769
1004.9795600605022
768.4956622661986
936.4865918857565
1186.3067835989605
1028.9335527546336
674.7257074969273
591.4026162318737
900.6028583901965
693.3208972634245
744.5794900365296
720.2606278893026
731.1615141704068
799.5028586391888
880.2124558108984
806.3996475118714
736.0644076708297
832.613728747136
940.9457101898732
770.8775594130293
848.4143076722671
1076.57600623557
1028.1219513814235
883.4429557955148
520.6203285192717
425.6749656563571
948.4516784398332
800.7909920765022
841.3882072069987
828.4505361684918
694.0751759047579
568.7792411657788
723.6494287424406
877.0735989813176
975.879417627501
762.5724931299276
764.5906586503464
1083.2606973745544
604.9218304391118
1022.3255160777198
528.7624228789227
1133.1652867131115
660.2113811916391
969.9639076904543
816.7233096014288
848.2098296454881
699.5638133226162
837.9793632870551
1066.5248700691875
737.9233435041403
760.6432109217718
1098.9205121184161
731.6179374244385
873.4743088165461
950.6261504802059
793.0536237905969
962.7152472118167
826.0678956877498
494.6176380586433
1075.7364427855648
705.1922761403889
963.1449861163223
846.5519924256922
940.3562523095244
777.5833846580605
730.4472150020576
633.0665810636413
875.4045213076896
1021.7128647712915
295.91826877500165
788.545025350568
284.33957296286957
615.9706419000438
640.4119902565318
838.5973287747381
752.8117542971097
656.814486426134
448.6756777413307
651.1454627075693
708.3543755330896
604.144494058033
876.4108380007037
496.62447121458024
807.6619085744111
683.4213546886614
796.2989782106868
745.954006687918
863.6192628407628
751.528968618302
978.6797339377396
800.6407974333679
591.0573453079702
647.4089640360422
736.8782523538619
414.63162795403105
751.6319300648871
698.6395034984741
805.4064375328059
1387.2304095451725
536.4701454408907
1035.361660074987
861.9589580094513
1151.6793411365295
916.2064546877663
649.3123877224175
967.1815978167741
619.0672721359323
1006.6256697472903
1061.9139299371868
1076.0032378486271
1064.4419840016583
1064.1627056220598
500.96810803264924
1105.129640115508
774.6087757023198
1080.9953280491286
957.0575160140386
870.0689119940997
523.901138685958
743.2988212185771
1092.7145288328882
1201.5919899438322
292.4650092487706
1106.3658642869127
920.8412922971129
774.4258576207961
824.6152812050718
816.108418889792
802.4395053818015
946.7307660126311
622.672315805224
1095.699028740474
595.3251861291812
734.7613431561905
908.6414362599102
288.3051250126607
703.5415213901
1013.6207657579268
1069.7569846685287
829.4500833138903
581.5043925279983
923.7051828377324
786.280149522384
1031.9041682614788
441.57107039550556
910.0275711843032
895.6427468165098
975.4351396859348
924.2784454827924
558.7106332378338
766.3398942185056
1387.3812119975325
712.1417382775807
1046.3554381390925
1048.0803506454176
1231.762890880892
719.5032134542165
899.0606415164661
815.4586331623764
914.6791119015655
962.2090178325022
445.1854963664309
383.842502633602
768.6123972689796
809.6917084509981
701.5468896589392
1012.7701174451552
815.1733293524118
1159.4247470454288
837.8654510959773
992.6481899414374
642.505268441132
78.76531334838637
949.1381532790655
1295.4655318926693
577.3907899267675
945.8393787258532
647.4227671043645
751.3755563906136
784.4148350543935
734.7841056943065
895.46193892459
906.9261424871036
477.0831882850198
417.45990781624977
962.864455448325
856.8654750184157
794.4787458317863
823.3798124480483
685.2802388871459
869.9465374243179
772.4406949770573
806.8656573680164
798.2015610859811
643.50154400252
814.425856859334
775.6226665198444
732.4649000819634
1212.4500577851134
539.4264499623357
607.3283414814722
873.9954127189038
740.1841236922105
422.1645458639796
641.6916353397799
794.8427883663991
883.9960188460309
1046.4800277296983
560.0150192506147
584.1664796264296
939.61249836963
967.0232944648295
1176.2352732479771
1094.1172856071867
670.6226883274435
700.4537884096934
1066.5015347472036
1020.3457845709726
842.1510561423321
1061.1550342404455
536.2125672210868
871.4659894128811
898.4416566966731
683.6848558506201
868.5357781102373
337.39228370529446
843.7765462927454
811.4919367802077
839.8918958371154
616.5645921281574
928.0752250986003
893.9011252633106
831.3283790663905
855.6917156052691
883.3191180214077
1048.0777942646514
1102.625491998977
400.9211319017258
710.6777229640182
776.5986626845956
818.9831518993865
805.4646915765587
985.9276815467332
915.5512843577444
871.0698519765426
1063.8576796377138
924.3623322096147
727.5937405793366
847.7063918460384
845.6761309586931
886.2468885534371
678.4451879650566
798.1097447514368
654.3183659869026
1026.4550997300973
689.9465613706669
938.4914963547689
984.374875145278
787.1052890552194
568.2825303123901
494.8062079742522
969.0549184426073
718.2750980986136
985.5209631899696
312.0218700549106
591.3754834983818
761.3416899155065
630.2189271439604
682.1701734499421
1018.1323078049268
915.4459090567394
586.8296199628425
865.4162496048153
954.8326349368934
535.705711026308
797.4815547019047
666.8026505250144
1126.7246776813001
863.8703926076332
756.5578912001597
996.0914766050242
1084.4885757566622
402.39693773337694
862.5517978589579
660.89226095189
571.8854779594247
1047.1942693734745
872.2869770475954
485.588911285066
1186.5591154521135
1035.0165930190203
423.5308898607453
1197.7965119067223
971.7598164034514
807.0904514806059
1022.961423943307
1029.447715767191
686.2790502094881
845.8985546120371
429.5184701661145
852.6142368614829
782.9632365907987
754.9458184221318
628.731738141617
1072.8716135553357
628.3852260465545
310.5230534044332
1142.964963095356
796.8761604086468
1206.704740295705
920.73638595392
1055.9993853769352
677.4273559479839
730.3311419036186
813.9235388319623
1181.930566781388
820.4538290731995
651.6956878018664
671.8777347607513
369.2859757000051
739.9821605129091
679.5893431157468
773.2760777448228
786.038712160438
870.7919972749236
787.3992400081884
687.8072241416393
710.2722982620248
794.4303891749471
765.592133050012
767.1336807000788
869.1838814806108
936.002151375247
576.4787496012357
636.2539130273582
859.8952171185898
951.8801939187739
1170.4622930888602
807.2438597241179
1113.5511284247962
359.48245190537966
744.3111093540851
618.5261857136453
818.5213406740365
823.9782619796191
956.4197252246873
850.5766893058535
1007.0558240644526
782.1035344080499
721.3347026862743
893.0800128367465
822.3907121946512
838.242530725687
1155.7669573101543
1152.8539646891443
830.6163280795179
722.4584237153217
1111.7760793149785
726.3969738784662
976.3532998593452
507.3282021138049
881.7593839223186
932.1523258264737
792.6981701594791
970.1192493949783
873.7681689522889
826.4098943620695
814.8850769525167
845.8648365372012
896.0839427384622
846.4591226612764
554.3716107910792
826.1948456490434
710.6934324945973
709.4627608857148
1351.0987778742033
848.7905319764334
545.3794268891174
626.2841807226226
598.3432669862763
644.5891439501266
906.4327209011882
826.6594233645014
1018.7517553707971
903.5131448234367
741.5464230094018
945.4402394098572
1157.157175634096
1125.9975028100732
847.2240568012116
1068.7781796788054
348.1544062625349
1139.2741927864192
613.6779163740623
815.3982956798623
829.9377792471926
996.2135883325956
1038.2280575414156
596.6267776336233
624.9464112550852
873.1142109369291
630.1051524089075
608.4679646227534
868.7697719377244
1080.6079980124339
972.1658124308021
887.2219472726391
1200.8657661448028
707.8123597387897
696.2412033599575
837.2218129525588
887.7179538218381
918.3968451130532
795.1511715444396
723.6071654658977
952.1665753656475
1114.0263814238112
761.754382952991
738.2471352367642
559.7155494323349
1196.236763055701
514.9111025879865
920.7659429945644
1003.9253259615518
920.3323809470623
957.4726054461296
1139.4804489495496
773.7448877924764
1145.9014451215646
762.1067105190298
1069.791006611052
642.4470000472654
582.2764619571678
789.6478914979499
754.0068212730732
908.5853553228309
968.7299099120773
929.9286603135562
921.1157286600517
838.9051440032506
999.2207066549987
812.5413393432511
1341.8495728323978
173.36631848217505
999.6720849914145
642.132207830626
1181.147059989949
1028.5327116920535
1025.5291699797829
814.8794525902309
941.9495554725945
857.6471098708842
605.7218558722708
1119.0840992062078
944.4503820337856
772.7706491173667
1002.611936807172
657.5812331656704
985.0950736975793
747.5147959991083
842.3433795657432
857.0492205636159
449.2788767532122
748.420321562444
596.7141526056606
687.760186807185
549.9477829753249
638.3535781262248
814.7804271357822
1087.0111713179326
737.8954215719513
680.6507242519871
892.7765918498319
768.86549901161
1033.764065387826
907.0299564197663
1063.7827175937416
889.2651737467992
926.5727453893181
673.8648448445995
662.4979521942303
503.14672818543136
738.7928559899713
812.2997512068182
980.152365568123
799.4848146990204
884.9668627139466
903.3590656561643
765.8401084702222
854.1840460581375
957.787120016369
1216.746686309451
798.7304043676497
589.4543791940746
784.3139534375229
993.417338107777
800.4968281943679
617.4764508059877
785.4116408281329
844.2389038993409
954.5409061793279
632.098696289112
977.0137431959375
533.1898851558492
776.293979856495
955.8294833401923
718.4311076896503
771.8226459676434
757.1453052748957
728.3075488325105
714.3550749049471
1008.0609294021443
975.4676897355779
835.9300478163063
955.1043975064089
866.8822731462774
385.90426089514995
1032.062652594952
972.7018198294184
704.7026307426748
943.8217587881863
128.8915512942959
771.8549038286235
664.5446568533584
857.6852872960598
516.3726938737055
1343.0319263473145
894.8291084676438
988.0154612157285
1050.8384072008553
318.4973886705801
978.2877147575362
1441.1656600314584
897.6978957843672
1048.3406518386407
192.90471890661343
560.3927618876761
854.6518882728054
1068.1230529864938
925.98705505189
570.9874940948536
758.9572693489428
740.068879586921
771.9838503101112
948.4906454387439
856.2691637817368
1280.6411099413008
965.4069077216406
996.4251761720584
726.3296651602634
467.9406765510769
388.9786276860431
709.7475815660163
649.6458822193762
876.2349887039641
828.4340517276671
658.5914345565154
906.8961458109692
884.6429218821735
946.1845680977956
905.4906585368948
947.8594362147031
787.7318232022104
706.609402392779
864.5816933918386
663.5132025074037
820.4006545366058
1171.991647695147
1128.0653951848722
599.5076437006202
1133.7595485318534
636.1959291147917
914.518396670935
742.0395734235046
809.4449964717621
771.3629017674757
704.0054987652728
734.8945042097573
953.3349076027989
1084.828447653399
973.3145905370526
413.8246056736386
729.9812235395361
852.0883920662753
708.0272594027241
581.8894120137281
688.7220420941964
1131.7965040270924
1064.0836044364432
732.143980450927
707.6520934476432
598.4711125643055
1158.222100947249
1036.2287537589004
852.3220867040751
1122.1666275708349
535.0411120946038
853.2642684618968
495.2026810639091
749.5915523370203
1301.752785458627
1129.0700394129935
1144.2256053227218
342.0416502559494
1141.965144879159
1312.9013755827182
834.1145413003388
337.2850707920089
861.8446102168169
988.6137668457919
847.699804981884
847.2576393223426
873.642014129851
295.9343907795238
662.8289857380611
686.8759197930598
857.7937645553098
972.895429985727
660.4489967105188
968.7569428234117
577.4137242448182
881.9910274740407
738.159732563646
731.7121022097634
590.8543131987702
478.33528066010666
958.916480835768
1074.9343103360475
612.4135523389582
794.7323751407314
368.03348268154133
961.5381402881671
1083.6172405130258
655.0339602366988
949.5596881795395
634.0282718022069
1466.9129224339597
625.6924451403197
645.298639322298
669.8911711301083
883.4543130621112
1035.857144686693
759.3693106363439
864.5994280996285
789.1978083479831
559.572697976295
780.0914759131805
1113.4835301206901
784.2794636614401
886.9676765474104
986.6738509594994
878.0515035014985
1310.915689059318
1032.9626151373877
1056.4463962398986
1154.3324569175343
593.7127675651097
1194.8761707734354
961.2730736478809
505.94312855643466
1081.0265803066734
765.0589457947902
713.3425419508287
827.4960630892442
628.9044215077382
527.8718169349877
954.6968896026456
961.2937958624234
988.9289870798342
830.8810772619249
730.0480045165027
894.3952258933566
1015.8955907744686
997.447350913408
957.8458883864719
885.027907602832
946.4184155034893
845.664978876906
811.3320457034397
791.8394862705242
874.0288336592419
867.1595557402405
748.1717914707871
586.9802010906724
907.5879160161909
790.5489976040451
523.136326989096
154.64171820959416
724.2108143140039
658.6007855907673
400.4794238607844
656.9750461150206
831.5951290705307
1075.621981601266
798.2791945208564
712.2512050587378
725.2528195698412
893.1647769319756
1315.3971404871252
1176.3329125814557
213.91860446399832
1090.187743870887
1041.6679900664665
683.3971469399471
1013.2553762964355
1111.197163804598
505.76141688084584
772.1036663733147
660.9676177205292
940.835327045464
774.0738447797464
919.1634688716647
927.8359932854049
848.3514136773172
622.9076729147004
281.13166979565835
763.3357653707329
546.943723334172
745.7050793884562
853.0433990623067
624.6830288362103
1023.2695406995407
856.9558496383663
710.2047703699441
998.8494163817852
807.66051200088
1084.5955564608666
521.0188799617797
743.6629839621572
1081.0140541274577
520.6617088039224
1189.981646406838
657.4084453445611
874.5059258714236
1234.140343792902
757.8977861792685
887.3169049817063
939.7077452993907
838.5989906716131
895.5832878674391
958.5825258168836
1121.5679665695495
814.6555222169392
1152.7880042547174
622.9793152523193
622.7597858922804
1207.00192206023
633.4130358079782
972.3049964615913
602.4430564119115
809.4543902649311
599.3439628082508
1215.7594018989616
1286.5821599824162
881.4550082454109
508.76247915533423
887.0235006287435
718.7692376514367
974.5554469099675
964.3395207027579
704.6879149774289
939.9814299587437
999.1390218862009
1421.1239787089219
663.7365135252315
1013.6239037301201
677.2891639187128
392.173351966254
641.7012610986051
1230.2944896281306
757.0102451708412
741.437090429162
1104.942523178336
996.9213535938676
950.0962358924585
678.1651879620501
435.3224171184775
1104.8510708352285
790.5469760165923
1181.2922401305966
643.202036951988
699.5049836943745
1024.1024693194472
487.97411716635315
1046.6198414019973
697.8938526474385
705.1032689107346
394.2996606894757
842.6389895238374
810.6786363699509
657.3215328447036
1031.6213031167804
795.7769838241107
828.4910781453246
1340.6204923268865
926.9896435475263
762.5869280598461
839.3511460932489
966.4486333917214
826.944506773484
942.1741283802529
850.4875799840419
687.0960904505065
743.3551747910118
507.63504774634293
767.2324974332674
611.1604685545212
806.3538248546612
1242.0920443312207
778.8487084969868
737.7353172267965
954.4466389923426
666.664537307647
626.7932960188929
712.0341847850324
716.7651867349658
368.14343631846816
695.4406208197302
730.9019688356027
861.4865971886666
735.7980431174107
782.2559061665502
617.4346812584037
986.4308508766228
518.4170047199767
661.7247573924278
814.6666276783891
680.7431938447406
628.0718038970494
817.1637097996644
775.3780136861442
937.0615859432422
910.6717980006026
502.1884925319102
431.67283070512985
581.2696801240726
597.2564462945493
1070.5781935376292
869.2476263743988
708.9295583644889
1014.1230039718007
859.2219377119703
664.9513843546922
745.4172158871261
758.4422417141567
1135.0969553591551
809.6680272196701
778.0222456206674
1076.1615599452662
995.4718941689133
642.5739766090646
854.659253940125
963.9341007670362
782.0884565118591
1157.6194181658507
196.86724151283912
765.0146525792875
960.1777291408073
852.1620431486585
944.8158004700033
1024.753478223531
737.4847581208567
828.2922304058955
915.0870918927968
755.3721212696979
773.432196362286
1102.9442754769595
994.2088360495126
520.8746044861734
1169.647469649754
864.7705883355802
619.6081384708831
690.4241778674963
919.6567098115419
484.78883635997494
711.5431991511805
722.0554606476709
743.8616593214626
1008.4896954503502
968.8690489873201
618.5835915339704
826.0656498236245
463.5277071323951
776.5644778312943
868.2304138819156
933.175147028426
919.2203860412527
908.3908079963188
349.2114006156631
1062.7548918389334
525.1239097997807
943.1222927207037
1099.053992451919
654.5803109852957
1275.1296546132528
1042.4871904952734
630.5478283691625
561.1396039567546
941.0983875893753
745.3902477230832
314.185363553172
786.2906049054671
1025.2466799798872
579.0064333894084
317.83457632079364
923.0022301797194
847.0870539959153
992.6217845668144
691.6034939783297
710.2594965200846
832.6432573177319
849.1285888236563
755.171782532784
798.3941552492486
730.0205033595493
881.5137257902767
541.3312403085192
822.8870966819417
573.696638972376
768.0347735160391
824.7670242279956
868.6459672399961
832.7436030420744
454.8357649416945
866.1144771910505
1464.3763445658913
386.18696685886664
1357.7886622115573
726.1375528139557
779.1401616846754
856.268623812643
724.5359674671251
599.2841799859399
630.1139171292017
812.764111630443
705.2686561966284
