0.8057591028074913
0.8811493447619257
0.8565102636143949
0.7419828304396826
0.8604214581742506
0.8024545507414487
0.8063843194479665
0.7666022032952522
0.9130953527803443
0.8600017326819107
0.6452740546814585
0.7985113200929654
0.7992859881815527
0.7689139077309175
0.8521352900036387
0.8908945780307769
0.9203696154893607
0.8268400136832748
0.887879469783696
0.791680977518892
0.7166311764303511
0.7240030399889547
0.6486007683693151
0.8275441103203978
0.7857127118168209
0.891921655509085
0.731146465236387
0.8680821016524632
0.7944743839255135
0.7083463646285098
0.8816030662221574
0.8795222579864646
0.6402402996515821
0.8707090183592464
0.7514946501478703
0.8603560718575463
0.8145279300346449
0.8262489161928239
0.7309550764980108
0.8550111147858848
0.675227645978572
0.6435984511640683
0.8173404040775487
0.86753805832756
0.7228767681883062
0.7533688626385201
0.7799414475294637
0.8986780124697626
0.7905012014894015
0.8127072334817402
0.7357638394115722
0.8362394541995548
0.8594166289105989
0.8970516846305281
0.7462377920300945
0.8801231190385645
0.8423863690894066
0.7630043616532383
0.7862730850130505
0.8186345563527369
0.8272951693922739
0.8757174564408939
0.8476383216943462
0.8433032577368031
0.6763020759794349
0.804355637165926
0.9182508812735404
0.7278907601380934
0.8958913642890526
0.8450297099436958
0.771298046844805
0.8407321498437988
0.8017695559731082
0.7206402128975703
0.8017051934479735
0.8541929875974099
0.8984033830167766
0.818496678135942
0.8965013337348994
0.8333208022155794
0.8818898410052544
0.8517760385490705
0.8285692549665207
0.8031338717190284
0.8484536083727664
0.571929389794017
0.9181792578991659
0.8890589092728627
0.8973029748916246
0.7457171120309148
0.8933011503598287
0.8506669519366453
0.8875622704297818
0.778406079676637
0.6680146824156168
0.7793937509876028
0.8407520770796701
0.6446219590139948
0.8432124966110173
0.8416597967598958
0.7787410981853136
0.8348875206894291
0.8199565322844529
0.9100716911094043
0.7027532677243863
0.5906043921225986
0.8103202533897491
0.8284017612191925
0.7510353597197977
0.8913447270225712
0.7806119633071555
0.6592021985511095
0.7891063977654188
0.8285616372683651
0.7791887288097306
0.879980105907091
0.8671965870294093
0.8158412143087299
0.8957384104763282
0.7622565317753891
0.7803071586729121
0.7423499989967457
0.8891666603781985
0.8876055609588871
0.8309265351076156
0.8919306582075652
0.8847914880974705
0.8715636909691271
0.7699094618334056
0.8637552256346863
0.7597851584082655
0.7098211831424346
0.7571649575210075
0.9069004993408916
0.8873908626793051
0.7284457460660586
0.8620184559981992
0.8183620388865522
0.8048728018300274
0.7051460490237341
0.8232123061598557
0.8670769312931946
0.859263376611624
0.8398015262400864
0.6433076461369196
0.8614706482584276
0.7403076979239016
0.8859913708195158
0.6495968162757392
0.894488098601345
0.6462081486278054
0.7901944320672364
0.7993349469923567
0.852694303539864
0.7519445325624238
0.7951651570154005
0.8229289124570216
0.8658766055329048
0.9003054006033455
0.7732051489115577
0.8401066617190655
0.8413793426424983
0.8480381833551458
0.8541834434018277
0.7502575909487809
0.8619429353075326
0.8517164914361426
0.8116930378798144
0.7410259647384487
0.6738316474215986
0.8120275877380241
0.8649192469500934
0.8530130144575812
0.8637340357057741
0.829751127481486
0.7790459331493599
0.8444601984613473
0.8396322751930969
0.7655865608134342
0.8825694864374696
0.889599201036265
0.8829870904867567
0.6045486073214543
0.7779100190318196
0.8517077245517182
0.8292849390117747
0.8619713853959964
0.6717673568666546
0.7790370364631096
0.714704373009533
0.8951469111873969
0.8080197009943715
0.6378010226978402
0.7210299454009279
0.8070767527688719
0.7205558856248448
0.7334197579786909
0.8479316435030146
0.8109896005868017
0.8866745926242339
0.8568708456039595
0.8864502489503323
0.8774992766482776
0.6274963124352142
0.7564712802299508
0.7443937754739038
0.7718995707603368
0.7726403397345274
0.8021581334200065
0.7673438650342506
0.8357799882416346
0.6593622246072999
0.8006903457573387
0.8050237749314344
0.8209149785493632
0.8041473123742422
0.8725807433571682
0.763436992972642
0.8788115205374202
0.838569980702281
0.8605943083672132
0.6126303828278745
0.8962648123830367
0.8958975286879999
0.7377521349552497
0.9045210431513278
0.9055353451042676
0.8439553696310276
0.8938722232976756
0.8640186334216374
0.737302381095738
0.7324541199486782
0.8395680223644223
0.7313684858320711
0.8723955924468292
0.8594518719992987
0.7049090067399257
0.8349945513270278
0.670439733697016
0.9017930855788439
0.8211984998957567
0.8692032185734007
0.8239482857785264
0.62373139556837
0.8528950660259744
0.8731758661990978
0.8198996200271993
0.9077247160391018
0.7785025293325886
0.8859948021702369
0.9034129345314327
0.8885491575313033
0.7808997485089944
0.8937248204139436
0.7747368129775634
0.8039950583457952
0.8776628320050897
0.7247415860545684
0.8349462096786218
0.7277054762462926
0.8251191640032937
0.8311647767251515
0.7554642963272302
0.8392158518019629
0.81266222086953
0.8435548959242674
0.5847572806176143
0.7736422330647619
0.9125590940056726
0.8591113813065189
0.9083256123648891
0.841356085996117
0.7902847573053475
0.6772164317552729
0.8671679305322697
0.8114769982867087
0.5933350526817484
0.8944532831953671
0.6190844601915945
0.7777316057728525
0.6966701983065361
0.722516823018202
0.8304353629635068
0.8869918532355481
0.8139677355736127
0.8700577883485414
0.8656239286266917
0.8602688073294693
0.8839113955671567
0.797984946623437
0.8881561564434868
0.7936592914607368
0.627139623437216
0.9014252160589369
0.7200961389179981
0.8276717760559253
0.8599933689076537
0.8278530703526474
0.8163988640311226
0.8127745579352386
0.7990065020186777
0.8903009940214627
0.6941428993431759
0.6565021067548872
0.7069406382042833
0.8656010207931436
0.8803702319770386
0.89539647280773
0.8054587416172032
0.7963807377448413
0.889432873060328
0.8762325161326849
0.8597014058512429
0.883422548145814
0.9046345678277272
0.8021496409426108
0.8186288182350994
0.8689455044505257
0.8898482691418839
0.8290245075654107
0.8589668805654227
0.7583450432235281
0.9008483979998708
0.8688133345044764
0.7908925865465113
0.8131594395734081
0.8728274682995545
0.7948938726963575
0.8920821545035651
0.7768147420567157
0.8037073878617824
0.730900105983172
0.9200248701091436
0.824440164783017
0.7602504362453106
0.8896917431323154
0.7602798846827903
0.8841961862234122
0.895395053377428
0.8001281224908785
0.8075966406941888
0.8179467847653793
0.6428954805104947
0.8703242363454624
0.7581648301886308
0.8136274259987386
0.7588065686766632
0.8671241355146684
0.9022210571600033
0.8975770733301793
0.9252532834814187
0.6636438947885618
0.7627987898661537
0.793490377532488
0.7633033045106447
0.7103133861707641
0.8023617814144659
0.8958123135345346
0.8454762000778584
0.7649615962946889
0.8191576467449124
0.7499267211772953
0.8870862378741655
0.6599695065614378
0.8387536427556972
0.7782514387937225
0.866044838035586
0.7440390140943451
0.8000750390795996
0.9019886306230623
0.8173752518392001
0.8311076414249348
0.927766757961788
0.9146650467063867
0.7348226613481215
0.7995900747783484
0.7936156702800121
0.8436544615414121
0.8193236187194023
0.8717007858124673
0.7202399582421021
0.7579710889013364
0.8177379393963654
0.668500845219322
0.8022889764626151
0.8389728345408825
0.8829556777417025
0.8759897222821025
0.8740939794004412
0.8365809840883156
0.6762619032813968
0.8212161462132044
0.6826103354246515
0.8107762153888217
0.832959566468265
0.8470848151447046
0.8361992511732406
0.8207996726426519
0.8610130109375758
0.7793375253869288
0.6727138120115355
0.8191374408171292
0.9148739843697061
0.7095572893226126
0.8217887131265279
0.8831646505348385
0.7955103918861539
0.7033306696469457
0.8622090639206726
0.8121347344744395
0.9079866108884891
0.9058039131945224
0.828945607911322
0.8789589186329126
0.8979314239773277
0.8668353148291785
0.8245746037753858
0.7195756090115641
0.7837087604613644
0.8373798172076237
0.8769465236760161
0.679826773524492
0.8307484070345901
0.8344637949589073
0.8967627626289789
0.7427705770099595
0.8016423160551546
0.732756285869032
0.8409705703452531
0.8526245385380151
0.8505095490698937
0.8355721153301451
0.8497444772824387
0.8233200438263568
0.8746253827715332
0.8715292591107524
0.6671268969850761
0.8045611713394256
0.8250425075541963
0.8574722860555339
0.8855859568469187
0.8584840350056417
0.6855199054028541
0.8124250429499107
0.7688686921906592
0.5787310169694448
0.8492520517675476
0.8088182459607234
0.8332148694274815
0.7528726449158931
0.8356970380157276
0.774001293604294
0.808160645899175
0.8657925987409543
0.8859961022216059
0.8008522203502866
0.7332824050290061
0.8311129040685632
0.8754876759223025
0.7851957025142372
0.8725497158700303
0.8751513706228824
0.7515082795483901
0.8976110653947571
0.7700498751174056
0.7477310607445602
0.8525048850362559
0.6969576262941364
0.8356679501325268
0.8899503309591706
0.7004632565021487
0.7313918709930901
0.8081121377839792
0.6123691402273741
0.7747159057812667
0.8646199426637841
0.6545676000232965
0.8937219464480507
0.7084221964339967
0.8046100099215425
0.7998782947419378
0.7817376435733103
0.8532021320753909
0.7445406739861898
0.7227300140522894
0.8351284607311946
0.678791346614536
0.8581255570781587
0.814850723299213
0.891949064603213
0.8551800819729163
0.8921892731520962
0.8483817013991861
0.7528192058150072
0.8409986664242917
0.8455883894872958
0.6622137500349667
0.872669941719316
0.8541045554353932
0.8622828794005175
0.8265674637701712
0.8314706727022145
0.8577688602268252
0.85397880802744
0.8417112397337656
0.6753700729749712
0.8085892085927002
0.8129775824580293
0.8746733739281076
0.8334517243131239
0.8202661591533577
0.7949761202098108
0.8561040942664399
0.7159254826783883
0.7978317735945704
0.9000096715990048
0.8831520614852684
0.8324544947346344
0.8554332417403832
0.7579053907030561
0.7138391583868875
0.8709175182809974
0.7215751562324029
0.9075410791446064
0.8454396857794098
0.7106690483018238
0.8124393761537345
0.8969212020541093
0.8667332673578794
0.682465104233219
0.7154069165514061
0.8460697693571827
0.9207357627198577
0.8265524286211977
0.8601165734306448
0.8527597191884189
0.7819198443459858
0.7293813875315371
0.6876197394904965
0.815869711917063
0.8283920852807294
0.8500421956812596
0.8874388030927036
0.6651848395137162
0.8326376347859862
0.9036046525990127
0.78356461265629
0.8272376469224498
0.8586859700184086
0.8822837106301971
0.8498126143191571
0.884080197694785
0.7577168206564479
0.8730164191109551
0.8946981431276466
0.7886852930743236
0.7076036915725874
0.7801903626482125
0.8877772049368509
0.7776554879024629
0.7468178350589292
0.764157300852768
0.8188927040743323
0.7269235273058545
0.8238544711393713
0.8061624520221345
0.8142616916429428
0.892796602484782
0.8563429864739942
0.639916313309459
0.7310552306050659
0.8773642899017442
0.7988281527877374
0.7748352962796263
0.873605504821692
0.7959885672976524
0.8051724685987074
0.8603841845331568
0.8157334174954987
0.8586768012518329
0.8471131701691992
0.6674383535700122
0.8816737615188519
0.8021053142973844
0.8584303470951706
0.7770341783660726
0.6281728812315941
0.8146360858532414
0.8840768889493833
0.852654403926262
0.8433358664316204
0.8671920268856865
0.7743690402308756
0.8629467576619175
0.7321301814035162
0.8115775657000192
0.8881279129428019
0.8430670748557658
0.9074666695842377
0.8922382916329439
0.8836512414657531
0.798724988090553
0.6497552491551534
0.8839800980309881
0.7967293720630103
0.8636444817073563
0.6059442169648286
0.8782471945508377
0.8804738397309295
0.8313591162968497
0.8633301606537417
0.784467352391724
0.8068356074037561
0.8297831017158522
0.6008860163563454
0.8708097160092076
0.8346385905611843
0.8924841407113255
0.8171911207562284
0.778922879227521
0.8822932603173608
0.8692715339086279
0.8326914041642377
0.8684819301047584
0.9134868499320384
0.7664787684820793
0.8946103182249521
0.6746873330353103
0.8452145576711769
0.8873071778373336
0.7331536685898399
0.8746766237408266
0.8614513541614159
0.8175964366381563
0.8863521373903643
0.8558839760774679
0.8400234882232662
0.8751217734723064
0.8564046875822436
0.8578854305190982
0.8212982103767326
0.8814656074689341
0.6134071514131842
0.8567418840372891
0.8284985266318822
0.8475771838901902
0.7578082521373632
0.7513285351810577
0.8664967485406063
0.7275215621295511
0.8366698217822433
0.8134130862894735
0.7296998028612504
0.6680370009687905
0.877323872855146
0.7872533118951661
0.7993047251020848
0.8560326260580412
0.8997437164558765
0.7989864562179345
0.8907405479341399
0.6972591387517211
0.7290945233617736
0.870751103904928
0.8853968135957972
0.7582753489251333
0.8748823575209388
0.8895650442676656
0.8287508980526176
0.6414948981819222
0.5909636190255417
0.7321621679924998
0.7430175665261841
0.862932929096257
0.8320525704425776
0.8695502959558639
0.8557245920697956
0.8298716068495753
0.7955985325239552
0.7455088349743297
0.9008300555952411
0.8880646170065682
0.6841593615179755
0.8215229700901643
0.7157137282502216
0.8976285994279933
0.8604799177516499
0.7801853751664263
0.7859197634207085
0.8893124594820994
0.7841945432172239
0.9032971325308787
0.8293527418839204
0.8949163194928973
0.8571607457967013
0.8239811262501662
0.7349046527499394
0.8431918656291257
0.8801713029127688
0.8244848556695803
0.7830443401633969
0.8849963484056126
0.7185335898642892
0.9129224267890609
0.8359955251191337
0.7575761378643268
0.9239209105247822
0.8330649663354135
0.82740396496839
0.6680022801149109
0.8023139599434945
0.8207365370760292
0.8817501106870763
0.803476505655039
0.8805403257745013
0.7591389743569412
0.8087359375071427
0.76411670484553
0.587772123387188
0.7942838008478494
0.5402705747992954
0.7962127916313108
0.9095257340569467
0.7829061551638132
0.8726490974735682
0.8238062328002926
0.8580434758392088
0.8780955469382095
0.6463017437376282
0.8892419395925222
0.8457863919292374
0.903476589310463
0.8668731445317539
0.7146272885083442
0.7225425530582517
0.872565273226394
0.7326991619671331
0.7257198158034058
0.7538559554910809
0.7989427918075237
0.8680465815763576
0.5648771954404201
0.6403774454393565
0.8621937767572452
0.8790269372905144
0.6573068002333277
0.8000767857337758
0.7184389654636701
0.7194234898516096
0.8404631620460612
0.7225447935189406
0.833225329463753
0.783979778503
0.8961384238728037
0.780637812348093
0.7996851043373057
0.8022324658370588
0.882837388258387
0.8844958553945792
0.8985896353625005
0.9176489316812254
0.8233534832418072
0.8547999671238103
0.7390702749861865
0.8620840117728048
0.8800654375168482
0.8722711492866778
0.5682336139862577
0.7775791788386222
0.7650438532424828
0.8994759065337405
0.5843495442462664
0.8342267465876398
0.6993124252377013
0.8750288831467576
0.801848923367208
0.8801024904262442
0.7169333777313076
0.8228005236600217
0.6831312471673396
0.8785550549113799
0.7974563639395316
0.8533327779481075
0.8862666994539861
0.8757905407964788
0.8800796571121392
0.8378223965362099
0.8549585846677398
0.8478335226042374
0.8201103026203558
0.8652375813337294
0.6737400522298269
0.8345955574091444
0.9081211545560646
0.6536479614462025
0.9017978536469324
0.7856901019268594
0.7401587094531431
0.8991491724351355
0.8243019229433226
0.7666648533937371
0.8653758391468934
0.8640830118911738
0.8946027653334699
0.7477553764368785
0.7416300016251091
0.7328101759729159
0.7977348962787996
0.9163617231793664
0.8993427930169808
0.7581011511428077
0.797849620896383
0.8978010731401894
0.8182638938161451
0.8083624461516685
0.8053826955737836
0.8895709316069063
0.8967983185950299
0.8571866335529283
0.8961696955810154
0.5928337010654368
0.8785158902618379
0.7726018823462919
0.641052566393772
0.858025008881223
0.7900221201595153
0.783563802956133
0.8299188532175448
0.8764747496060832
0.8929688278175383
0.6988098682488865
0.8185466502557311
0.7858499647050348
0.6599066037045167
0.8373860935823036
0.5412039280211918
0.8780943867989619
0.7801614236714862
0.8478114312053704
0.9006912741086703
0.8638969578426557
0.8553398816861038
0.739684238474848
0.6760256623376877
0.8764168138681818
0.8840168352931681
0.7418119073119545
0.8469586710154617
0.9043406355059287
0.844680304417621
0.877232927639608
0.8604790628714098
0.8468183418356925
0.8752915608643885
0.8753033882083161
0.6628543310911396
0.8742768322475047
0.6843584924222578
0.8474678249247174
0.8259913716962718
0.8331608476893813
0.8562596710974597
0.7990506369530663
0.703084743907989
0.860451263065148
0.8409193345851399
0.8714243911607421
0.897179710113402
0.8802865640531601
0.6061544324532047
0.6495859727781979
0.8369540607729236
0.8887300687263995
0.7079150327817828
0.7276384032488076
0.7512671512905937
0.8933263838501325
0.8993109076073134
0.6602266130410307
0.7533183170891298
0.8999771513181698
0.8712573258225385
0.9055799913141329
0.7313569371230435
0.764769777622927
0.7484635958930668
0.7880709788586746
0.8374070087523353
0.8465914175946352
0.8096848722459615
0.8255225860435935
0.8047727473643604
0.7754060467716031
0.7875173994619722
0.8884609555355927
0.7461861457152201
0.8683652923721543
0.8959743249242621
0.7901846256731819
0.816061196936656
0.8890285498174425
0.7685561871755653
0.783146680375381
0.873351524113273
0.727438226568893
0.8098410092740064
0.8493998693534186
0.7849699800944647
0.8726800191892592
0.9024350929510607
0.8438683864634807
0.8743195894928215
0.8527842046810675
0.8988595451951296
0.7393923519999391
0.9077263344988699
0.9215107921477235
0.7111672093924365
0.8536775231187933
0.8433610389117414
0.8537467520443551
0.8374936251733776
0.7102066032301034
0.865070186286514
0.7416188853141895
0.8868919529578413
0.8030911209390612
0.8892864150452169
0.8489321761909291
0.6788158609382753
0.8902293043890682
0.8427389221344446
0.588495287057833
0.7286462064426291
0.6828192421388398
0.8758465147313279
0.8364888572901017
0.8753034370170516
0.753434963009151
0.625138972765416
0.7438388265572125
0.8625954232196633
0.6332521047895554
0.7867657506457544
0.7485411669370277
0.8229059241013438
0.883886991670973
0.7244599204805591
0.7433431134521843
0.9033697332177157
0.6959733079288082
0.9114528127133804
0.7802632184807838
0.8669954460332201
0.8394046895669669
0.8741105164299481
0.885926711187021
0.7667918603406949
0.8901323937118841
0.8898702778367764
0.7952835589181946
0.845882687026357
0.7859022217505371
0.9045797537925754
0.8309968881691108
0.8161872126832995
0.7743514668862588
0.8823236361588396
0.8938493665853428
0.6242912644491093
0.5555034110302401
0.8871183826033994
0.8936851598330338
0.8473521929450502
0.774479877378407
0.8332443643580174
0.797026484712696
0.8653438330646501
0.8661000487228605
0.7805109570727269
0.6834502798155313
0.8552969470048095
0.7757476376896572
0.8004492527294256
0.7972775463349027
0.848941922743736
0.9099214481993001
0.7989739096223349
0.8390102875118302
0.8191997272755724
0.5778796133360717
0.8969214631220175
0.7835447128447768
0.8099683535141712
0.8575054149844836
0.7355533808604934
0.8175651715489224
0.8883104914684337
0.7656752177753243
0.7916921056047843
