0.8496813577374156
0.8451188476634934
0.8434924906180638
0.8201887597519486
0.7770326117424595
0.852256673180567
0.8390324836495293
0.8087819146052535
0.8311060903755287
0.8042326045449064
0.8044193369720758
0.8191347306464052
0.8597104978851844
0.8398452310202347
0.8095111802465551
0.8423748277525394
0.8247576012212902
0.8643378567269568
0.8453908194029642
0.8407120608646204
0.852425473994985
0.8366639841838619
0.8443282794045548
0.816899574656811
0.8271129277772278
0.7361236435963723
0.638589296416364
0.8319273892702879
0.8865007648429213
0.8134966418531127
0.725756227892451
0.8300214892280173
0.8435758936305076
0.8184856217298495
0.8066687693482726
0.8605135507823665
0.8003445204997877
0.8384614043847858
0.8514563902776022
0.8787054598391808
0.8429551866689795
0.7789421933557785
0.8391174374738946
0.821777725965263
0.8368247137172395
0.8610565656526461
0.852825018143095
0.7897422126236513
0.830315443293276
0.7691466574933657
0.8307385891553126
0.8143345543298941
0.8586964895752942
0.8406802526946868
0.7987249347498871
0.7963457930508204
0.8536017816919057
0.810624723274644
0.8062187598755328
0.8217416514476766
0.8234148260637355
0.812801948547526
0.8214500741516897
0.8077152881921119
0.805197879678855
0.6810584116441947
0.8447959458982401
0.7884331354116453
0.6735402854526596
0.752563280000898
0.839947743141955
0.8738685678766975
0.8490913251941776
0.8186446297727865
0.72203431246598
0.7969096950828576
0.8205682205512237
0.853775846650765
0.709579806408542
0.7813013333894738
0.8521536105652803
0.8786411817702262
0.725978660886187
0.8226535122651459
0.8251095126815946
0.8212060118635529
0.8684788422243291
0.8786000575200579
0.8320925906508284
0.7709549748538584
0.8289822705772503
0.8398439063760375
0.8370133044475597
0.8352417073678917
0.8414245099986376
0.8526261770441352
0.7952002450977302
0.8235297553768985
0.8486991017169935
0.7262135721517371
0.8458098462056542
0.829991281226052
0.8796634248148688
0.8393423112615632
0.82947181452495
0.8306976713374352
0.8578638662841047
0.8366828630171187
0.8533023370403778
0.8894061412935383
0.8317982337177898
0.8330260691323232
0.875450226056905
0.8566565036628278
0.8414903575469157
0.8691445188808948
0.7708173825044365
0.8319147239475542
0.6895106672991931
0.7993600370099165
0.8354872845139627
0.8329190932281465
0.7320645433705506
0.8762825430788804
0.8625238233464703
0.8455451476040674
0.8120817930618417
0.8481169516512422
0.8601864574422123
0.8213007117078125
0.8252911984869069
0.8306302398706089
0.8625160418163379
0.8226229692127143
0.8049000294225819
0.8338263162340556
0.7757932795438329
0.8048058983471289
0.7827971197646605
0.8172563280099658
0.8448405699557484
0.8101758934166148
0.8297413051886966
0.8216793816966705
0.8631493968218888
0.8358789004547132
0.6477736738972028
0.6267002907262242
0.8432401523871376
0.8176157260292622
0.811419077347398
0.8022637766244528
0.7640696234429005
0.7421315857601631
0.8393466950536821
0.8811359144240589
0.8402006393362956
0.8570075901607548
0.8529272421953212
0.8011041366712854
0.8272609806637011
0.83209686704138
0.8241094888652676
0.8436738286330934
0.8193171509974426
0.7863137322178765
0.8395439573826691
0.8548779559155616
0.8403395016551307
0.6896305114237716
0.8217760552953
0.789298253615099
0.7775555836159584
0.8186222226360035
0.8479020268264863
0.8401639123344764
0.8416617297863794
0.8630577138312372
0.8529308033823019
0.8776410345841709
0.784002786276997
0.887691368885607
0.8137621993463101
0.8579809001433516
0.8025916330952096
0.7894061293544841
0.8131908373141958
0.8654233742095025
0.8472724056788761
0.8294922824113341
0.8131553912712821
0.8445750293033255
0.8416283697742364
0.8118961360688721
0.8192286974532244
0.7769744886579608
0.8345899109510501
0.8534963591688998
0.8449124125843143
0.8794626528905358
0.8533348775721099
0.7873035946730564
0.6797315632390999
0.8219122008998818
0.7841870339086487
0.8461306004411098
0.783648844246079
0.8284135237439845
0.8123951498393767
0.8493437898768423
0.7874791838599152
0.7763458240716015
0.8464952007138493
0.8478187898504033
0.7599202872756087
0.804358695593745
0.7938155123211714
0.8451754660296127
0.7667939694614958
0.8060997875158279
0.8104645518635711
0.8254511977711105
0.7980863027776552
0.5711986953840905
0.8073510945534742
0.8212696346799575
0.819064531584013
0.8498071461716097
0.8276647342216282
0.8289550280061371
0.74689718959659
0.823707528682144
0.7665487490167444
0.7145229888888815
0.8650915145443709
0.7760232023158581
0.7404716010387249
0.8845556390992555
0.89226124716883
0.8235768076708936
0.8385296762921854
0.8040964172419182
0.8000099817459292
0.8804167987111571
0.8430484016676146
0.6707013833776219
0.8271957630412947
0.8043064251226641
0.8079765023156107
0.8191546424502373
0.8678352124467903
0.8504615717915338
0.8468232454253208
0.8372524001370227
0.8328538732826518
0.7873665098932239
0.8269745530461523
0.8706958625253507
0.8409210894942931
0.7001577827829017
0.8399088945266739
0.8425528383834278
0.6387446061669473
0.8695588494089248
0.8268488837837991
0.8097484828663748
0.8340226137472302
0.861624647599343
0.8300863410445701
0.8282737643993834
0.8063993429007811
0.8152800942473868
0.8239241222017235
0.8636974200099343
0.832208302370337
0.8336574330880252
0.8442462824513597
0.8195541555508011
0.8123198988642191
0.8679198240897432
0.8223198629475251
0.8114422365299038
0.7894336846394929
0.7324961563361306
0.8615148159354339
0.84524483794916
0.8249575688120665
0.8275472142422882
0.8776171709927594
0.8564416139069146
0.7013852659361188
0.8364645112704178
0.8111845819860486
0.7786804637639815
0.8759727170038218
0.8329972703829913
0.8372082596007229
0.8261922869217988
0.802656263778819
0.7973832099993907
0.8539687945637944
0.8744645354716603
0.5107586594224602
0.8262318299032467
0.8310427370683773
0.7104010715889459
0.8327644808668692
0.8021590404524556
0.7898914774750572
0.8372311814289544
0.8411795447911468
0.8509874224126115
0.7159809451951443
0.8955645697560188
0.7931146825367525
0.8254546267871339
0.8416585285211209
0.7808289496434915
0.7701623433930154
0.835588769729283
0.8723281681144832
0.6982995503453706
0.8128009446135255
0.8167343518150092
0.8386451836978258
0.8399432638517402
0.800699098423021
0.8293821455472035
0.7432304299136094
0.8411436486444359
0.8146164833801667
0.8682114747026723
0.8350943116512237
0.8620886073517112
0.8027729673496976
0.7329183482228131
0.8502046136225172
0.8564417788600841
0.8053265555525645
0.8677057110243281
0.8752557826494198
0.6328978280357227
0.7319560255007955
0.7276739696032131
0.8178821343099043
0.7671140643281092
0.8107741249900813
0.6708189861116773
0.8146359281329159
0.7126924070208881
0.5404132078956161
0.692102357731664
0.8769784644919927
0.8740109162791256
0.8527181095590434
0.8283141261138567
0.8294956099136666
0.8103460906429818
0.8395040518489849
0.8058778583981359
0.8470445598436227
0.843784210941187
0.8293250978583397
0.7157987119350542
0.8394838997264824
0.8529723910984484
0.8295350339594283
0.820987069547833
0.690935364236487
0.806489172490102
0.8167104964289815
0.8235476201797851
0.7530925730502861
0.8344257665692858
0.8532401611964868
0.7914244739829899
0.8332225475560935
0.834670606168385
0.8226681194694945
0.8809706700899649
0.8309968717966283
0.8661682095873919
0.8279930472575552
0.840112995707721
0.8261308329206306
0.7565243789306177
0.8401054393517128
0.8164240053983827
0.8096983720608333
0.8485662647684465
0.8001531632939393
0.8212430184108725
0.8385008242586343
0.7334023890391728
0.8353005705403711
0.8703049781465894
0.8610446767099929
0.8354368678888284
0.8736276101001162
0.8285753714063518
0.761405097449247
0.8193687225941517
0.6898953673435648
0.8580026086928463
0.8356958177504876
0.8622523791808876
0.8326857520636972
0.8802811480951089
0.838030924684232
0.8445213287608777
0.831053015701696
0.764811803764732
0.8364281567432452
0.7725369486160323
0.8254957203827491
0.7914521286155145
0.8189473933070389
0.818449674630627
0.8372517742166459
0.8237484377848863
0.8345522833295008
0.8134354163957296
0.7788860987593247
0.8206521921628095
0.8377108099191939
0.6102439664512116
0.8797634533501417
0.8588849031486756
0.8455649115983139
0.8407680612204519
0.8216941118620409
0.8384112553534371
0.8344217260138727
0.8248821342742685
0.8577185107955315
0.84442149583805
0.8666685660058571
0.8108516393231784
0.8014018439911818
0.8261955219887764
0.8406895853419913
0.8010827462967394
0.8545466880140211
0.8208421702905799
0.8768144992775306
0.8421741784408814
0.8461632170440025
0.8585831332814606
0.8204274007926056
0.8580127545971807
0.806653216098885
0.8175392631920144
0.8253227537454049
0.7238192079215453
0.8283493659871538
0.8464434278441024
0.8240046196708773
0.8348655122729896
0.8475886514863114
0.8479719721661745
0.8318900010061903
0.8559816227699755
0.8267251064453166
0.7836627446717241
0.8196639667940835
0.875816984660676
0.8845874193643675
0.854354865217632
0.8253323312171809
0.7947821766857219
0.8361303272798786
0.8518724062463967
0.8440826822242946
0.8394623676418062
0.8523292046306417
0.843146529438801
0.831533980786418
0.8255347496400588
0.8128011296073121
0.8613935213651169
0.8474154534637293
0.7723672007579769
0.8316214190097952
0.8173444928485118
0.8640218202697358
0.8627854753642737
0.7082820303841311
0.8457988516882181
0.8668107179090518
0.8281936972786721
0.8265682302861044
0.8181485566831721
0.8171898499752189
0.8291459436692499
0.8387542396363008
0.8749223881355299
0.8792610688610423
0.7799978276205799
0.8524639569911195
0.8403791712772826
0.8052700411239333
0.7610055568552723
0.8337661840273602
0.7930872795832187
0.7982375200152183
0.8430389138705523
0.8930600887800952
0.8299120465793846
0.7948486862827402
0.6922408321151671
0.8252629818251458
0.7094847694150885
0.8517916733920889
0.7237410114369771
0.854559461060632
0.8459210704587603
0.8337943098666087
0.7109667748975866
0.8343526243506435
0.7953032114383742
0.8663633358644485
0.8656497564306604
0.892582554788925
0.7770111469378218
0.8353049418535083
0.7922954254661043
0.8428677732228612
0.8196641641854905
0.8455748873736234
0.8230105752909476
0.8450622921135718
0.8328554842621072
0.8105649338630756
0.7947740290436065
0.7405554456267085
0.8112226625388065
0.8030258015320587
0.8337554247482233
0.856787187689688
0.8198283201320706
0.8165208782988821
0.8273001317211424
0.8005481458068908
0.8491138959353428
0.8322532055380008
0.7987464643147295
0.830519651460463
0.818092740528408
0.8668289286114708
0.8331369492127294
0.8010629979281878
0.8759619128598313
0.8182155569514299
0.8430926303586652
0.8514483620132318
0.7425020706948621
0.8570943782322378
0.8425081018944924
0.815614449112462
0.8630802195309375
0.8316543206691891
0.8028908057675037
0.8744820720478745
0.8343260663691854
0.8709442553467903
0.8561277081152079
0.8494578071890035
0.7971332021215939
0.8821275495726038
0.8302281383749157
0.8020977748730957
0.8222903910494854
0.6782351214572107
0.8578199481459821
0.8174781122744588
0.8318485183085316
0.8819862893324846
0.8215750556777413
0.6798801214752259
0.7623140278755614
0.8718387980502535
0.7735227453081623
0.8429874993045934
0.8439808214606359
0.8251308310264779
0.8773995834495332
0.7367456008856815
0.8226978731146324
0.838829535621451
0.7721009640421774
0.8612278186158316
0.8639257088601264
0.5130233291135208
0.8160345094815661
0.8261930316171355
0.7940665124152371
0.8012447442153089
0.7240721624643746
0.8389873005940645
0.8261840674295087
0.6932935306241501
0.7782284513560427
0.7728267030246779
0.8662268441750594
0.8485476993529228
0.713825356288863
0.8075567971832726
0.8217100155186176
0.832509612610411
0.8495698270641432
0.8312307974689783
0.8239311633454875
0.8168779542024908
0.8592747272277004
0.8331788119026009
0.6805409700378823
0.7840188255165801
0.7713068129670045
0.8331066178624245
0.8580990531051815
0.8078964881388009
0.8402423096553424
0.7890125571035884
0.856209827408523
0.8404065836430772
0.8108697055289549
0.844146716845311
0.8172437710431968
0.8378188000053788
0.8433076447075392
0.8404075044381812
0.8337135776050777
0.8650406603992218
0.7986664791236375
0.8376888686210211
0.8299920285760558
0.7468012133081001
0.8058046856630672
0.8150668812600579
0.8220868359190197
0.865572871807298
0.8533466342115024
0.8278081515842108
0.8744592617605095
0.8245665294577809
0.76599785006803
0.850601819987012
0.8408301679602841
0.831809321708594
0.8148416397574079
0.8208406975160498
0.7988812352641623
0.8539722118866946
0.7796486747360147
0.8859588827709526
0.6984291896327983
0.8444796010140123
0.8240622310993082
0.8108171536393036
0.837931926780076
0.8026606673351278
0.8541972584000398
0.8002779545123864
0.8380783894919321
0.758094890889189
0.8228925312594066
0.8190136179828686
0.8518977269396597
0.8366355288125746
0.8295189617804986
0.7753227718755095
0.8654599934659013
0.8444673920060736
0.8817264774725455
0.8122220417774068
0.8865775723969109
0.8387830238690781
0.8364396486595577
0.8175782167255892
0.5825412722165108
0.8298504302581277
0.8315822595769458
0.7812305209169821
0.8802576069515397
0.8150268789930012
0.8638872690904276
0.8377402532972154
0.8167127671097584
0.8208398609328956
0.827973187698354
0.7805751039003784
0.8335010276387735
0.8078628536361399
0.8320905651291925
0.8604828200757376
0.8569314775120624
0.8362923354297853
0.7097762988555442
0.8724012459782581
0.8518530616375268
0.8036341460550205
0.8561311682562772
0.8493290047895415
0.8197278434574393
0.8244083655011459
0.7970774147774506
0.8211172148041513
0.8511231355330825
0.8477405113938217
0.848332926935798
0.8525809608676667
0.8272492690325283
0.7281708264300206
0.695922490689014
0.8551949997719359
0.8416827035158843
0.8517080957836952
0.8389430304992471
0.7853864459452333
0.7958778695329949
0.8493515662511721
0.8026656239710022
0.8279032412730478
0.7465649889196122
0.8485106520205699
0.8879874533808042
0.7699156860773299
0.8066604563895641
0.8220190922897712
0.8078301728804236
0.9016130479618665
0.857891839288403
0.8267573174583662
0.8148860036359193
0.6984300015947317
0.8134055643928673
0.8284165387990952
0.7875137771316203
0.8112622845761994
0.8326571184722066
0.8805021766085115
0.8257314257964488
0.8471072452247728
0.8582170782864895
0.8317677042862227
0.8458547261302318
0.8543263288190298
0.8217493831423317
0.8203394230585135
0.8660647402896041
0.8143102510076733
0.8699075240728672
0.7951574459724193
0.8370022910882691
0.8304329023619692
0.8440777170346624
0.7201110180636889
0.8203460064985237
0.8139796930497116
0.8687639887317595
0.788940985041508
0.7445746275994773
0.8423842063941729
0.8037568845505827
0.7187790202527091
0.7964374062878077
0.7627878076052652
0.7931609041421794
0.8477285939397152
0.809606614546074
0.7832166039968633
0.8297247361415507
0.83237623579908
0.8278366350198538
0.8075543006436479
0.8546562168905918
0.8397783033600568
0.8111528108122195
0.8558305087715676
0.8523541230090101
0.8527661439893099
0.8300038682869696
0.8523151844923538
0.8231371030732761
0.8327220399000574
0.8076922788694281
0.8468230860618382
0.7234733255099983
0.8195204077348813
0.8459745635621101
0.7735227957396996
0.7998087026338311
0.7968335111462319
0.8381520144347112
0.8492044691231786
0.8013149337420205
0.6104892539668598
0.8156066419141438
0.8479530555177587
0.7339880777194377
0.821057341450101
0.7938430898076538
0.8357996123867222
0.8138083216006886
0.793523867828682
0.8314174209455394
0.8842366518408686
0.825522860882158
0.8568725976822342
0.8491901185194521
0.8394294067910344
0.8085045782316995
0.799871047074677
0.8425384830743432
0.7723732375794575
0.848073337147024
0.795207435104113
0.8455496659176793
0.7977371544268168
0.7851780719224308
0.8845562625139206
0.6530392569980815
0.835256455877182
0.7736841392565138
0.7333821244307153
0.8275754925616391
0.8622946958275893
0.840125927641277
0.7328316624854836
0.8371923641245858
0.8299696493485981
0.8277271285805005
0.7339525466177013
0.8521137298833046
0.8373251601039988
0.8462583603686094
0.8272122865550906
0.8239978974533682
0.8200085722783625
0.8024399971061553
0.8241275066036686
0.7472246841426055
0.850754752904727
0.843968684661772
0.806166384820131
0.7932870171174304
0.8640768959171703
0.8540089882774109
0.8217066386533575
0.825747007299698
0.8055223895088118
0.8898183860418822
0.8039267121103121
0.7457467704153626
0.8091887735774426
0.8181432433223161
0.8956860270556621
0.814608142049043
0.8420081442612283
0.8432424700298609
0.7378764187590694
0.7728466810703329
0.8531459450680343
0.8266585689607326
0.8246407125161161
0.8141468570524624
0.819861029369857
0.844662170515943
0.8499730356792292
0.8179778650708087
0.8534590329375079
0.8538933892674498
0.7929311597680573
0.8015522873758271
0.7845504670030125
0.8157315038308205
0.8023021848395673
0.8321935478987499
0.8003457742358009
0.8337719410837743
0.8184684378691791
0.7548459131171986
0.8422507128754597
0.820630072807165
0.8633011048725625
0.7294237314296104
0.8439080310544964
0.845418906982945
0.7846828671114686
0.7571360472241841
0.8695016788374681
0.7347331300766763
0.8155844309403317
0.8359165792703681
0.8500538466557102
0.8227563304673187
0.8236311238405001
0.8657717721554101
0.8339763306457032
0.8417941016965272
0.868374668942395
0.8198918089499545
0.8403140480373051
0.8642218130294712
0.6399340234528967
0.84055634255968
0.7993723864552927
0.8012350436625271
0.7985199856875966
0.8489557957666249
0.8507565791732641
0.8128005644497154
0.8544421123779117
0.8559998840752132
0.8245192281522165
0.7690340880083706
0.8232438354442722
0.6561495267476036
0.7737472657781688
0.8626170646504057
0.7312204043147308
0.8560967870716363
0.8384103032024692
0.8362364010011821
0.7966291777367346
0.8413772387846408
0.8072708539495612
0.8519150645833784
0.8318826754249601
0.8829307001811859
0.8543125282284662
0.8721644925909913
0.8090921821802701
0.8131529828868139
0.811900654387102
0.8588433490272063
0.8353048328653049
0.8452311930297873
0.8133539653473668
0.6962460881496976
0.8560815882091009
0.8945490581047901
0.6744044752748213
0.7529509071274172
0.8658518947780324
0.8578414075652223
0.8396588650573387
0.8425705861943336
0.8441200204602015
0.8484867099555324
0.8288138771082636
0.8216702829768971
0.8062867620136822
0.7793368305441006
0.8335346076100043
0.7445319632332005
0.8086497962999508
0.8241600943152223
0.8219576926617924
0.6975683001407703
0.8552979398289791
0.8268701343743612
0.828883357097727
0.8171599599580316
0.8448512298709474
0.6766245289094635
0.8270485540656123
0.8902803543541802
0.812205564949184
0.772267197276516
0.8523840121100124
0.8353305814570706
0.7868119095595949
0.7854520888901573
0.7964349442538099
0.8503227002521007
0.88479848257748
0.8385717605611471
0.8479789684194015
0.7759834758416129
0.7949206343463928
0.8555963972454793
0.8368892467248128
0.7216564689646258
0.8450074457055443
0.8313075038281923
0.8557148592477183
0.8086569494976249
0.7485668691249702
0.832963334430727
0.8381650042412478
0.6563653313277208
0.693293280104021
0.8502101601549648
0.8582302682912002
0.8263525250644534
0.831628953057804
0.8426541905212181
0.8572474009719573
0.6823589291388871
