0.011291556777353239
0.09827921999777285
0.014747329688813546
0.00952828094578311
-1
0.04718519491277698
-1
-1
-1
-1
0.00710747152159491
0.009517317749492533
0.026957465171403443
-1
0.0220969884577234
0.13328974301587299
0.16932666372411256
0.02271012124393006
0.12738792343551456
0.025708650906561516
0.07289322645737793
0.043200974646421524
0.030047854471999758
-1
0.07200024391722373
0.07127997656307014
0.00699202249551275
0.0069200282462777455
0.06588702613986509
0.013076949494237839
0.010040303020098087
0.0180076032362639
0.01641230919564785
0.09059071343116677
0.008402049868180985
0.04996406527676535
0.35324381558483753
0.030905095738026613
0.06679001923411666
0.0350803113555007
0.009924843146541311
-1
0.029953802558265085
-1
0.345004216525217
-1
0.01605572424297048
0.0687480280835211
-1
-1
0.04135610377241609
-1
-1
-1
0.5326867330333283
0.04074790573122633
0.10954712980668693
-1
0.005629857041295909
-1
0.9309279849450943
0.010545374164298533
0.147003422351618
0.03495096195466586
0.017490400657028508
-1
0.1403706611259662
0.03437267085637476
0.005256619059920377
-1
0.13264388506063407
0.017358181212565597
0.03000095075528335
0.35528358909770724
0.009937342167440676
0.005975042764914924
0.12716081467621768
0.01341581855795845
0.007717504049731325
-1
-1
0.00913568280479605
-1
-1
0.024165160395891946
0.04460815566476425
0.006178146341859388
-1
0.011210365683206455
0.35784701284472215
-1
0.012089355899784682
0.07063537985714109
-1
0.009361905591483921
-1
0.0183034561445831
0.07235662413449682
0.06481922991446723
0.029573582012087846
0.023180912904063187
0.018978166313473478
0.019487930358503658
-1
0.04548781609123443
0.01323583703291543
-1
0.00893325383513422
0.05416866886614991
-1
-1
0.009950709728295275
-1
0.34933509693314174
0.008129068368016534
0.031134801591901923
-1
-1
0.027869162661139965
0.38163257970364195
0.08240408218729636
-1
0.020892098985765564
0.042991294382275246
0.04582907831199681
0.009374803744882882
0.020828029792138842
-1
0.01496550954751719
0.04396647514680388
-1
0.04763984611975542
0.01540315859502045
0.31160603059687697
-1
0.03105662314654594
0.029734243917944117
0.013802948550189502
0.009969684602399144
0.01783026425741278
-1
0.007807312532951082
-1
0.07470798975082552
0.010985893000075582
0.011982633073985638
0.027062150725715443
0.07592870424017666
-1
-1
0.04237176051452972
0.11716982841071025
-1
0.18006164598576285
-1
0.011371551209738996
0.012114197029015181
-1
-1
-1
0.06588412968851685
0.008358155023621564
0.10411125788989602
0.04698360401607242
0.46392931209971666
-1
0.013428649894606121
0.013921431609926411
0.7211601749176362
0.058365254931645155
0.013169692316840058
-1
0.011376552043650482
0.011512027533912233
-1
0.014310020309603247
-1
0.01848139746679216
-1
0.21195488882356198
0.017699751062318983
0.03352691567199816
0.015689881277783306
-1
0.01524532702131868
0.015533776825093002
-1
-1
-1
0.10106998806125782
-1
0.026458475205406135
0.3443026298010711
0.11099833603442869
0.29629666737704213
0.13629849755774062
-1
0.010271790185405876
0.007610691008108166
-1
0.004485215560814501
0.01846648988534569
0.24840545448086965
0.019691717390287265
-1
-1
-1
0.01991644702094635
0.00651740492848675
0.008572206126129408
0.012709496311618908
0.02078863443296278
-1
-1
0.24039611923357052
0.04080111271143272
0.00770401553203732
0.006873809735095957
0.025127199460529822
0.1485579655973506
0.37084078537875825
0.023724961793433287
0.04912516947752022
0.00688434924276785
0.0240667222975175
0.07835534035713813
0.007758542966589777
0.03682919658291878
0.007281809390396624
-1
0.10641605892346974
-1
0.1220828324269598
0.7562023496725051
0.021340899854091412
0.04378840788606881
0.009680383325445458
0.057724481580068356
0.11720442892428382
0.0184370464602535
-1
0.007522266179517987
0.017501490088568262
0.09561436512765731
0.01730949279160233
0.008780856935228525
-1
-1
0.11074339818153595
-1
-1
0.022388621630981067
0.028840380890843245
0.09354621516805818
0.013869248639045756
0.016828892379484258
-1
0.33293251220720793
-1
0.02366398346212323
-1
0.021073912323746235
0.044655796167294086
-1
0.1809027743664989
0.024018141014809286
0.07663860882502191
0.03562352713956973
0.038908070330712315
0.009345647896660994
-1
-1
0.036521628628699634
0.7252559506949371
-1
0.019957319910836786
0.02174407831714269
0.032259341946249166
0.03179942340713783
0.03348112569403483
-1
0.019696586044072546
-1
0.027381145824517863
-1
0.05454503981063318
0.2011657052945403
0.014898410873233934
0.023847879910860407
-1
-1
0.03518587937793221
0.04187528448440759
0.006892463725059998
0.4951628416267758
0.005667633189455231
-1
0.12505493473620727
0.22905786814762902
0.0120689989062951
-1
0.03663396279531658
0.010263313820876219
0.023916062727686982
0.017171705355169584
0.02202304696138712
0.007140355472669958
-1
-1
0.007325223772209157
0.008940679285460926
0.1662614369750521
0.011764330102922027
0.017699799981364343
0.0872431985040212
0.02750746096777583
0.12934144436844686
0.01852035913484863
0.057713937094197004
0.02992954305942084
0.020039733568662288
0.023616149111269004
0.03833717267546203
0.01625029054669089
0.02245676995266842
-1
0.22275831702793442
-1
0.09496820743490118
0.01608794390293578
0.07612855876436371
0.006163960812470489
-1
0.04780081068120924
0.045505105278489034
0.04358021187948808
0.023062004538728996
0.014398843394833142
0.029392635002353555
0.04221352357294501
0.03493194426969899
0.03158925198997372
0.24763618317053362
-1
0.01598942038621436
0.054026858505427516
0.01843639604617859
0.14367329197428066
0.22670650042617554
0.15522812834696859
-1
-1
-1
0.05485845361377619
0.1677679666564821
-1
0.032029737975514116
-1
0.21704367035473524
0.5856936836486601
0.10758555163919002
0.032596246798608515
-1
0.03841600528023824
-1
0.017608877842764024
0.1779037946831208
0.002445506458019572
-1
-1
0.013131480591207032
-1
0.009299763042415048
0.010978242322692022
0.011788999083696324
-1
0.01227535786822822
0.06983286160896698
0.07029466241299831
0.03940705260129163
0.017646005605440204
0.26188287621801737
-1
0.01245674715250731
0.2602161568139296
0.013676830134208057
0.008495932731543216
0.03397542295228125
0.03245029427593176
0.4743891526540606
0.014128867995254334
0.014536264398913805
0.1265102595291676
0.024636942489608682
-1
-1
-1
0.028605298244763464
0.01717445718498772
0.02721342698181984
0.013499177597120809
0.008372401372455929
0.059555429069981215
-1
-1
0.015559607588108502
0.1205151352411124
0.15040636314672845
0.014694661674804302
0.01891094399399948
0.14792982394299686
-1
0.028708528974570654
0.011134969607963192
0.008962029599457024
0.035083433116463496
-1
0.03165378499321635
0.14848486262261856
0.008685991204512914
0.0322275813977978
0.047075709704141315
0.023181885665298597
0.018884090855804437
0.031075038217408937
0.02657028154335977
-1
0.03212725988240008
0.07586841760400845
0.019844214892374347
-1
-1
0.016238487876663557
-1
-1
-1
-1
0.008019252000966282
0.021904524789429256
-1
-1
-1
0.012582667213804062
0.1134355080860637
-1
0.051049957689997004
-1
0.01402020993454621
0.015792120579037804
-1
-1
0.006393943206799004
0.012121294397285553
-1
-1
0.015825872482754196
0.30823802864268346
0.1009432220757157
-1
0.017658450126938945
0.008001647300373975
-1
0.045656355628208294
0.05489070434647912
0.17713588700526672
-1
-1
0.46019810344421
0.039284713958952416
0.7489489287175458
0.013567846129678237
0.02391371565163189
-1
0.04164077873013104
0.008324534317329966
-1
0.06497213439399112
-1
0.1400717231074586
0.02944962395947345
0.055450324610905356
0.008531127807678033
0.013632621625719184
-1
0.02760950522376448
-1
0.029174788561359945
-1
0.03686837396577827
0.038300135239075016
0.008443542984291558
0.12881428432659175
-1
0.34198720638573166
0.03200968028494295
0.033128083862123084
0.053685629136515416
0.016333261457214202
0.013312394738179335
0.09369844577204288
-1
-1
0.041330277099414815
-1
-1
-1
-1
0.00752240230341631
-1
-1
0.011036373728864957
0.030621251317592163
-1
-1
0.01377625730042687
-1
0.03114045220325756
0.3112607874827881
-1
-1
-1
-1
0.053652610001551845
0.0860470748449785
-1
0.006097230681217627
-1
0.045950459011784205
-1
0.041615617361049045
0.05402475729153866
-1
-1
0.3191667132918084
0.013118485826561763
0.11713436429383879
-1
-1
0.014282708553513592
0.009046372131702079
0.010431846269004924
-1
0.01407441243904381
-1
0.045836373650035414
0.09521587034485592
-1
0.07018712720831922
0.011192331543772275
-1
0.19348232609742708
-1
0.020681649647893353
0.017007138844633625
0.02029227012637219
0.0723186599793032
0.06834741913711224
-1
0.007476974270032566
0.1322411748418383
0.04634309913407987
0.01176929549531265
0.00720673949373096
0.7278991160475773
0.021595368298361756
0.030018487285066398
0.09448309126043544
0.014632469941991364
0.028190271679673053
0.039080315384916686
0.01241334152386127
0.09301143991309142
0.030080534132159824
0.1177100722400589
-1
0.06673373731474923
0.027808154744703124
-1
0.02235751764574283
-1
0.20992650667432128
0.007985643187288161
0.007896090865967806
0.08979543042634067
0.23245439146808153
-1
0.0506382208079552
0.03126038496245255
0.16431402666985873
0.04235609097493975
0.31725250827246715
-1
0.7967775994477915
0.03810611051548596
0.15243963328149818
0.3745870685425825
0.030463251971030475
-1
0.013053902433399725
0.04268009514247331
0.12392867878989003
-1
0.06896128818927354
0.05176596519454403
-1
0.07951701601294378
0.014652062791221207
0.26603833572641084
-1
0.006805973101450352
-1
0.008336195638892886
0.14140788512496835
0.13784532370212518
0.09485819636524578
-1
0.44555310866929004
-1
0.07370102727942773
0.0192445802742619
0.09689201425678769
-1
0.667716748378364
-1
-1
0.13085869147904353
-1
-1
-1
0.006757993096857967
0.022102852065092625
-1
0.0064706352301693
0.019502555895377582
0.00698652326498788
-1
0.011636133191550439
-1
0.10888549373070895
0.07980789124424804
-1
0.010398594381655524
0.32324551956151676
0.06467054946549032
0.04338745553039085
0.18315078154760897
0.29769738252143624
-1
0.07351292709139425
-1
0.00862277510851711
0.010455923223481897
0.09066575481411077
-1
0.3209305285095607
0.03792076252021536
-1
0.026308742682140365
0.01214011521232176
-1
-1
0.07080520849314986
0.04846690564083696
0.3262801514146188
0.0918978544069418
0.02762761094342674
-1
0.01209307974585035
0.48932014160143944
0.01616442199085509
-1
-1
0.05352849571965855
0.03181160703116663
-1
0.026875780403304548
0.03073752766738801
0.024351527045727735
0.047807541179183774
0.5025029722479971
0.008502617411864182
-1
0.019008770496636473
0.04112529840267717
-1
-1
-1
-1
0.015692068674523656
0.02566121283132665
-1
0.16198297935114542
-1
-1
-1
-1
-1
0.010607708125694707
0.013658671647796482
0.013604523008534113
0.026169533285920046
-1
0.015215584320695464
0.034350566654833735
-1
-1
0.00977052965395045
0.008004024814644219
-1
0.006001033800332604
-1
-1
0.00787336518384175
-1
0.02095543414628073
0.03915231395112754
0.007369791315594155
0.31533482650130074
-1
0.10651139166306817
0.0135196710627761
0.004600698098843178
0.016119354389673657
-1
0.09971395923343657
-1
0.12405228642560522
0.17786539350199876
0.08403666525716699
-1
0.012728464109457459
-1
0.011822461697795666
0.06237989465160361
0.013286135180037005
0.03963575118699974
0.07645766511910776
-1
0.03570224143705234
-1
-1
0.009283760790506874
0.02314802112539652
0.016258915537577065
0.04285653667720505
-1
0.009316965998648674
0.025311559958837115
0.044177225743225954
-1
0.05843690619726639
-1
0.028322757315854957
0.02433943359556945
0.028360727344434376
-1
0.11023176761867978
0.009869796313519974
-1
-1
-1
0.03248527464318247
-1
-1
0.019785423120913068
0.10016647769723196
0.05008264862036733
0.21643693324669383
-1
-1
0.17019291237463222
0.006734241499966045
0.013736701636890926
0.07518208644526934
-1
0.061697383492108675
-1
0.012253686569498228
0.02187782252749499
0.023210452350370944
0.1903591215383082
-1
-1
0.00975494585644146
0.018859344416761212
-1
-1
0.014104353784442043
0.10371661008926993
0.09349537065106694
0.20401006463635954
-1
0.027303271605898665
-1
0.008153001996933678
0.030963763904254434
-1
0.14230147201058385
0.013514368832211864
0.007013880376732044
-1
-1
0.041756798671838694
0.08097600687250338
0.015925272462847043
0.3689249677674248
-1
0.08424102418685851
-1
0.4116395856351229
0.04841274350179174
0.08019745532877683
0.32545521856983056
-1
-1
0.09158360055577648
0.046832130604162865
0.08304792809869109
-1
0.04157814288849576
-1
-1
0.08190434830595746
0.02311432312482027
-1
0.014775676418790408
0.021231219480183312
0.020464784097691112
-1
0.04240843567076588
0.009850138266261792
-1
0.02814412972135547
0.11442220526960327
-1
-1
-1
0.0710636448394579
-1
-1
0.4586210123902318
0.006565936281744269
-1
0.2531542259500722
0.016380620934959296
0.12423116750379963
0.028451180281329723
0.11006810376356033
-1
0.13733258472389256
0.1342031705249275
0.024611491383456835
0.0245388341829768
-1
0.09739161612829422
0.19898383199501687
-1
0.007125102998187951
-1
0.009711778144241205
0.13986031818490488
0.00956256834721741
-1
-1
-1
0.00618415706578605
0.02244562036878772
0.01870700132309205
-1
0.045835652002760935
-1
0.12960879798991326
0.02268272087040877
0.032039808893536664
-1
0.026624346091416066
0.007842446590695792
0.3128642504916648
0.029061133182110458
-1
-1
-1
0.10939991968887422
0.043354738590082424
0.008245967436607072
0.024635233892886466
0.02373961108022326
0.12153788997925112
0.01211328396971671
0.37781919453044177
0.013033892976187319
0.06570797448792984
0.02332885170660928
0.07905110773316429
-1
0.034692514682971964
0.01463646100657517
0.030625029781356384
0.041639646851562725
0.009524507186427968
0.013744651790007728
0.05461333785827248
0.027481097150251987
-1
-1
0.37677697090407425
0.019699286771405835
-1
0.030024472251191155
0.0061548856731335685
0.034000431093643764
0.013284331622864859
0.050800638480508156
-1
-1
0.06263193294396803
0.019409087874318106
-1
0.09293800182348892
-1
0.020051128056511283
0.02715533228717371
0.1473156556119263
0.11919822471325309
0.03527707581411786
0.06503160204753056
-1
0.030811860062115146
0.01536048212917059
-1
0.03164902377987844
0.03386236492193134
0.01595960178558887
0.011286513715682104
0.05794097712466971
0.036444278163173374
0.014767445743726753
-1
0.15262588422097295
0.06073547757467264
-1
-1
0.11136767528486242
0.0684119763123886
-1
0.03310130811418144
-1
0.028999550805978727
-1
0.6659502811983429
0.0087127026871238
0.11750963712110361
0.0481113175012357
-1
-1
0.01454173680444615
0.024661943482215877
-1
0.014747153038662607
-1
0.047587887627817904
-1
0.019529745030664368
0.016634663739647827
0.03627270296071837
0.01570577898352281
-1
0.010700227030175995
-1
-1
-1
0.007637169617849429
0.08469937836815894
0.023918732891610388
0.051349832539041365
0.021321922092697843
0.00546471619555216
0.07998484645370169
0.28723492034380377
0.023625042289268858
0.05239125602229895
0.03559336975000924
0.09650119702915622
-1
0.08515686145203685
-1
0.03686579114082731
0.020574489056903077
0.007554642257857995
0.02841048837290918
0.008199606723180356
-1
0.1947362837106045
0.17481803913220004
0.05949035145283837
-1
-1
0.06935300097362901
0.07179429025106965
0.1802967509776656
