1901.607920456772
1835.443327276818
1502.5469049092646
1376.7753424611326
2262.6587120595923
1623.4324390986333
1727.6603181969135
1797.295984579056
1260.906490458409
1739.3865241809121
1891.5132255458914
2146.537547243628
1609.926682561592
1427.5102838017947
2063.673885262406
1307.8188394506674
2664.0010950623864
1794.2972594662194
2176.586180447479
970.9316029363986
1637.7161718599868
1682.790662151817
1736.771865392808
1409.523531325154
1698.1844474477593
2109.2844521337165
1566.8694058368674
1799.8243218975588
1128.6490479264871
2191.9013018633736
1862.3687702020784
1009.5356196506114
825.6343968285382
1905.180820533722
1481.2910346530139
1517.2280752012653
2100.589884940965
1825.3171201866296
1481.1180255074735
2168.3310869701336
1403.2160359948011
1710.9080667209157
1158.0492687395042
1796.184687954779
1189.300149529725
2216.5874009109034
744.8334045491893
1422.5386581780824
1462.42849140496
1651.3181805664335
2039.6107151154213
993.7658327630133
1434.8246747013313
1456.1148869057072
1917.3020557849636
1504.0086958582567
1861.1242768662662
790.3818999768935
1552.8718712698546
1064.190702829684
1327.6743879577655
1252.4771623233705
1853.9243163973783
803.5444331934999
1749.4472111475682
1564.5802598570308
1606.416003963911
1368.4041577158548
2044.7324313140102
1457.1089785779373
2064.812867879622
2144.8034841770964
1685.7251763664135
2116.1671180040107
1450.3320579994806
1704.0284018770399
1933.3562894961883
1937.5713320583986
1658.3295538074894
1524.357635473494
1204.2613444425147
1779.3094785820974
1456.5157220662784
1487.5923583333786
1435.8476054086061
1354.720337974523
1490.0261101101016
1683.9481358189894
1026.8937153826912
1016.1356502462094
1566.4605778770142
1421.0856610933993
2037.8333938648434
1880.9009931672433
1833.5316931501675
2045.2398292661
1443.992131047542
1882.4768815603736
1790.1114092947491
1751.6906437366395
1830.9214027378644
1035.3874562188084
2018.5938847481739
1517.9493143365
1404.4147916857423
1319.2122392568779
1297.3194850599998
1792.4431242217672
1256.5377279615238
2434.7584990952814
1443.0526707766644
1004.8010400694903
1990.6393045702548
2225.139765337903
1445.1834745112171
1417.1714939931467
1410.66821983538
867.46983703138
1436.356891085633
1187.203538759635
1854.3931271926194
1203.1236746246277
2009.2002690235738
2157.8090016281026
289.58096630781023
1486.0695430620028
1610.066724982458
1508.102649485257
1963.996249142875
1538.9165151811796
1615.9529898166436
2148.255835025233
1401.4275339096826
1409.6219631934025
2010.3282796209724
1613.3005367067933
1642.652557001139
1277.7138358408445
1775.0979369792678
1670.3421089243864
1987.3350176588372
2060.0783301109254
1623.137028254792
1151.3147256336879
1363.1474469501643
2106.514184472035
1277.240288548938
1125.5970112968207
1350.4531715379537
1405.5498158337473
2075.375833892822
1381.1040159090685
2111.381870291897
1121.7912611064705
1876.2693106667489
1223.6780218682654
1994.944831488606
2573.0155177732227
1243.16563806952
2317.219266063201
1372.641234923153
1774.702436128997
1550.234660643386
1082.8175221975564
1164.6125505998343
1395.0179842175185
1353.920831661455
1625.2666791647027
1366.4951069930478
1716.817974610652
1974.3189172259588
1601.1697722106471
1380.2173714218256
1352.9761407134324
1379.9400274526909
1920.23922754526
1693.8660279041471
1265.711962071843
1386.8747514111394
1219.2323236542315
2180.8678189311363
1283.4403733700958
1169.2605557882214
2210.1215219994347
1580.7413615514017
1837.1380150689374
1523.2353931791506
1552.1691163099058
1151.7163693704751
1936.1476777857463
1756.702971785523
1314.773893784252
1889.7856514049602
1399.6418343083633
2287.4244846414695
1366.3228056688706
1995.4574496704026
1799.126420735055
1400.9972719900625
830.3344088492472
2095.95559400369
1715.4551619927975
1155.7280864816114
1874.000412512813
1784.6757892064677
1680.5450083958413
2038.8122785060007
1317.561260607848
1731.107375698487
2066.385315463521
1573.672510605312
1803.9335844540356
1750.836394605677
1395.4417661406428
1656.0697231326153
1963.8689170165394
1350.7467168602377
1538.4496635847122
1599.0989103280285
2016.4424543236296
1305.0284312346876
1184.7622373872773
1553.768167354564
1377.8451828462526
1932.4701309550874
1666.8112989034685
720.0720699607712
1535.056402587598
516.1162106312006
2145.9094884556557
1226.771852287723
1639.4796648455283
2418.5043902997318
1608.2123372254484
1492.6943093289324
1201.294341410558
2086.6649998634994
2617.577880654448
1365.9866099252004
1700.4905063718627
1543.9819410929022
1363.254419792408
2032.6676498698055
1152.5886801762429
1191.3997163601864
1331.8338619739143
1922.8133310049266
1437.2403449102458
1321.2844318705809
1707.3183993077982
1577.8155613025444
1449.5147083254178
1683.52943291089
1804.9928594109513
1619.5636658926549
1522.490478071002
1938.539901991015
1209.1691036263765
1540.6807815345587
2220.7270268462726
1381.5557452067858
1862.172961515791
1862.785687834322
1614.4642745201877
1570.0602616148965
1956.0631433836882
1527.9007107356806
2308.4975008583206
2110.4614283519763
2107.6878591319987
2428.0046911405716
1479.7882873631886
1572.5815414729616
1599.4734636752785
1126.7917792326502
1402.6003296752428
2592.9498849291526
1360.8751496785121
1452.6592265686386
1250.1902426194354
1683.367521717822
1347.900124128594
1824.462301390013
1824.0226685382502
1827.535664324627
817.9786114038443
2024.2133263122685
1899.075138012891
1323.0023738151765
1637.351184870493
1595.5270197394905
2174.6453401170493
1147.852765748238
1859.2648398720119
1631.6540360750519
2294.410455957274
1884.4841601792898
1586.1649925223664
861.566660435047
1287.1110708581982
1070.6894695044227
1833.6244370080015
1940.857753568086
1566.3894785989119
1596.053410524217
1841.2230569382227
1332.610001501234
2007.0917479919135
1703.3368636439861
119.25845611723068
1340.0899711878806
1046.1539119482336
2034.7589557030217
1185.3620499438134
1370.8046658241262
1360.3811627274297
1735.934169710824
1107.4990305257693
1466.5571035313162
1750.1446244213898
1615.8922117765608
2173.8769156033586
1509.5295971130186
1636.301213892855
1415.2306855686238
1702.8668325176704
1433.7004623843
1905.7101049068328
2015.593795640856
293.5366062527895
1888.0211286151805
1570.865940566025
1313.0472808246063
2568.392987752228
1212.0120920134286
1525.2827614252687
1897.811103399971
1028.4952866747856
1382.728281874497
1685.3983320056025
1916.9784974496215
1654.3734074692698
1634.8510120004623
1770.7177259690168
1317.4678090613547
1329.2153452409539
1687.2206735907819
1286.213154214921
1347.7287247314493
1794.8316225554415
2019.6439916885813
2499.016231907936
1139.5584042150167
2032.1074464181463
1387.3298948119054
1294.8408376391926
1712.158052701444
1614.1094114898087
1487.9107267368413
1925.899809219635
2675.1665029760948
2100.4197494983514
1078.0867868770936
2246.21636921789
1855.2820486087048
2124.1302169166756
1467.8451951508189
1450.0237785179622
1801.249042983607
1623.219720556785
2062.6245555810187
1732.6229742240198
2214.859944605265
1591.090595223302
1530.3523662412244
2061.9050420149206
1847.7697456693636
2235.198371945671
1019.327777752396
1456.8494954029088
1924.349794430748
2069.499352518314
1744.3978794558452
1379.44819606813
1938.8913202656508
1283.863698263767
1937.9769679104825
1986.8971872243678
1400.373802833792
1845.126584138866
1506.6836074169576
1379.9929436926686
1354.2311590915222
1436.9651336709449
2053.6822987522055
1842.8437646222267
1944.204449618783
1521.4208341421424
1489.783653219334
1638.1071398901372
1504.884887883829
1744.1094671640294
1640.1837393942003
1724.5130107326302
1967.057086192512
1082.7554193091469
1626.496211639151
1065.0809590781125
895.633062501945
1472.8881541960336
1102.0998686380492
1500.3147846020076
1292.5372713014822
1184.953095029702
2063.2142852950524
1734.059337182415
1707.536324984048
1919.4302183631833
1101.4405428228702
1357.4139327141474
1752.3639679770813
913.2450974122474
2058.6647154929597
1539.6939500931155
2223.0016503800352
1449.866475285269
1191.3572513242223
1382.912183154285
1567.2872935566836
1465.0981654501168
1619.4396854076012
2067.3346293668474
732.7868539136242
1659.8770715220037
1104.3285703001336
1720.6693368547428
1986.0231495284247
1539.267650430236
1702.9867411248497
1387.8130487453275
961.1309634088033
2276.5777374965332
1377.0417612105823
1487.8817490979284
1771.2653705018097
1199.8077310060437
1397.6717680502757
1612.881602258914
1493.8446403960054
1225.7095903733984
1275.3842654737746
1326.709338329754
2549.022644375659
1569.680596736155
1652.9870864920474
1566.9367226100626
1809.5178085026669
1366.8206151334948
1693.9594794202958
1545.223176451864
1447.479520156492
1573.1443347432141
1847.7091427601395
1685.10613463819
1382.6421936017882
1486.4071852046486
1420.2378918367015
1779.5044915028166
1314.3179308253884
1929.4613247425104
1311.832038775246
1542.156248189153
1510.3403588256501
1560.0066712640705
1629.050967009696
929.7733135712441
1742.075989466035
1840.4405305320818
1150.9411765211225
1211.5500877510292
1464.1336901321124
1801.7333797042436
1739.404599519665
2007.093420751227
1945.7528621013676
1695.0724393066541
1504.6517122120495
1810.2374670673503
1616.0372263992588
1274.503364471554
1621.4405635371706
1403.8329797315866
793.5108711218064
1760.293993905461
1333.2826087583962
2095.0382245915744
1384.294298879609
1455.2707897613577
1825.321302134727
1897.993510061695
1933.2204958063855
1837.1161025582971
1567.409653261705
1811.9186949694927
1431.629420715542
1848.3329185268801
1610.3233801562124
1338.2309358308103
1358.8897670622741
1285.1192848710425
2203.2357038364285
2139.9371007549294
1926.4843089922836
2111.1504368116002
951.4811126023294
1657.6573915563704
1933.7708141697
1619.9928703421215
1278.771252067312
1745.6384162699846
1475.9610427367668
2295.620839271447
1331.1318028114113
1865.287790734776
971.7075740463894
1799.0413058647853
1603.897184165954
1413.629030657186
1385.3842013975604
1231.1641573940972
872.7027233019024
1443.824210123443
928.7660317362262
1099.5704676447438
1682.3882946967979
2088.167152899286
1719.101700113616
1239.3904389870247
1202.578889770156
1658.2013736455813
1864.8219897789959
1661.584992596262
1746.8115397365239
1670.882886773759
1112.1829509110462
1281.6223426457357
1592.575641869958
1639.9841712550003
1393.0911578747782
1223.405516572896
1176.823050057628
1535.2496441552469
2204.7656725452375
1795.7410898592454
1529.6250774618416
1295.9015226895729
1327.1909596652927
1952.7883366702247
2066.5718359697935
1587.3100447002216
1749.8364657103584
1745.059105117148
2153.0375474357916
1351.5500864196874
1520.4765097845846
1337.6213532117968
1490.7779317310358
1474.0848129711203
2120.8240753566984
2040.0716121949756
285.3797912361735
333.9313844750563
1464.7934715848141
2359.9358603305554
1102.502194180806
1511.2505326028352
1547.2416118143947
1894.0636034043046
1427.6883936296513
1517.1969028232306
1901.9760051929175
1644.8805884261972
1622.7905790933187
1915.4908333499484
1695.4042432561002
1243.44668651919
1763.6363989804825
1435.5437752350501
343.706793710718
2031.9117520661653
1953.1739660755084
1492.2337650766963
2068.884072511815
1341.7724345783624
1862.2018929691
1861.652265197021
1823.6556935756735
1748.5780163503819
1726.6148945185919
1445.940514277203
1621.8298666411276
1741.0317960328357
1479.7156281043212
1562.178295422545
1242.0739010559514
1280.0845202295782
1852.195375795785
2193.770223681055
1695.7037484410723
1712.7291389023019
1826.3636688249533
1692.3225977206766
931.8366645339418
1406.8968867254098
829.9452775021734
512.198421198075
55.30574131389942
1564.858320494144
2159.283599263162
1495.6881308245188
1338.5425158827375
2247.5018256490207
1637.7603052097697
2190.4806520452535
1512.9414012710185
1335.6227447610354
1500.5522273824781
2223.8718298533613
1465.9374675658619
1654.8241776432205
1811.9592731193222
1851.347104810122
1163.1578877238303
543.0435882554775
890.3505399775671
1761.2261999318316
1151.0887914910136
1776.0738071205333
1418.1783063666805
1387.5281896593347
2135.7293279566475
1338.5954993315195
1674.6543016620149
1704.3139569307582
1000.2013962950631
1893.0135291084243
1541.4985395744345
1397.3475561094808
1805.9966959355836
1627.8966979542008
1537.6286152778364
2001.7611805643276
1846.6484788109851
1361.9878743346032
1774.2838569289033
1802.5955351654711
2228.425587507222
1380.0556041278753
1490.6484217495363
2497.0798727406795
2514.20214532215
1565.2589525860346
1061.3238769522727
1219.8793519690844
1221.6023157097095
1902.9636261630055
1929.7958599160277
2170.843411176902
2903.2502934858003
1427.68884673237
1195.0472344470834
2219.3503170510057
1130.9759095565012
1525.7150351772461
1258.8401767551738
1580.1925438782555
1682.7294487077734
848.1839972779643
1376.69473094448
1713.3545980991564
1801.8384951578057
1807.2896264667595
1660.2465792217497
1588.2406122392167
2105.1300045197186
1434.2842205467678
1410.2660270012132
1694.4864020802338
1534.4556882900508
1980.4308690958346
1768.6651133825576
2034.4993441491704
1469.803700779143
1942.4977409984917
1130.9890144296794
1462.9367733348006
1522.1479541883957
1769.7430335197669
1040.912493848283
1721.036170133349
1631.9699761444626
1527.231863989319
1718.2146913618635
1756.8666767941133
1274.3916793120038
1938.4087466520043
1361.2270610502212
742.4399104567938
1612.3676900528742
1487.70121072418
2220.6294532187244
1443.422363632626
2054.669375800783
476.7758507561596
1515.8282637602754
1381.7581330858147
1434.2122044414327
1338.9936400317501
1773.1596654979576
1218.920084714303
1653.8612053839772
1377.306290000199
1481.5011888641834
1547.4192015690592
1498.6172476114525
1513.1971218461003
693.1563287037515
1709.2050997200506
1496.9454206953865
1575.7781227733517
2005.0250989088115
1898.6986700029984
1824.25969806386
1558.6303351921215
1419.0346830181377
1514.1824216645498
1705.9493285561905
1576.18370149256
1458.7368811307135
1192.552362287839
2161.0727826279917
1239.6303774590913
1479.2061849428785
1366.6987114573703
1359.0151465849276
1248.1084861964118
1572.8931728009752
814.0038997331412
1753.2281411951692
1270.3507383859303
1169.4140407659006
1643.1152067834312
1333.5594535225086
1762.8030565844263
1430.002495356129
1378.659433897954
2290.210052069015
1024.961136850067
1766.8690113115306
1723.9007052195252
1613.85436878743
1908.4572323972775
1115.750092296833
1949.6516443789392
957.173096829824
1036.3175989151848
1394.1694912423
2059.0960827349036
1490.1643437888965
1599.7569896124392
1912.6257018077267
1216.5563867256083
1766.0385426725509
1450.1390092600434
1453.3486710360967
2074.269982640014
1850.123963677863
1685.2540409458443
1344.8459813505494
1194.5187267221322
2109.60079353349
2173.178213652431
1967.5614502310937
1204.1327003103754
1720.2499945512816
2200.8605179827086
1729.612017381919
1862.8886693727723
1404.983108668011
1532.5331816386783
2087.3244683331814
1551.5178536667831
1694.4928284044745
1299.359903360826
1211.547947170178
1681.0215017933112
1198.8054294115784
1495.30837581584
1848.849196484841
1782.826249729751
1562.8191367818383
1529.2151820716388
1483.4308843653546
1665.662524421349
1938.862021689728
989.3381301987334
2038.6244875739433
1644.8128996133319
1688.5634383196057
1320.380444657558
1068.8015313689286
1635.6579535029648
1598.7001609684469
1343.8525293824891
1068.2037962713673
1871.161671498132
1640.5285878424975
1294.1843154904545
897.2403967918094
1686.5012693863068
1361.3668747692818
2056.4077505526975
791.5667303110248
1496.310215172294
1930.8467676477303
1622.787930155262
1821.4182355335595
1362.1340537683657
1118.911961279737
1425.1442435929187
1340.739853607658
884.2615084762587
1993.2224384264255
1459.9582670022328
1663.223872519061
1892.2141179210175
1707.5526020333284
912.6242705182934
1274.3758520370536
1356.9906208630116
1761.6819057053826
2299.8982377032457
1669.4095432348972
1694.4157235926534
1317.1394613763975
1759.4316217657072
1825.2628524986349
2087.892072111541
1552.7659777258211
1971.9502357355245
1337.6446709736942
1860.9611300522818
1515.050978101184
1484.764250585235
1499.951390825113
2084.1447373005976
749.7769454656702
1675.6091507486267
1417.1084472341213
1491.8811771186997
1800.2182088317495
1348.5428271811381
1285.1675779894633
1403.9327502799106
1943.6556772120373
2073.2822646395907
1620.837538140856
642.6850775074813
1568.6836251367145
1313.1445522916063
1239.2972563546623
1381.3310148820135
2009.3874303318446
1685.4972558270622
2412.261799602471
1540.7928513474712
1599.8404116281804
2239.935872556032
1687.7711751566544
1129.3923167722946
1953.7586184319985
1822.6877514374414
2119.7327912156575
2435.350632775362
1625.0514021175584
2888.87773788784
1588.1743928006201
1818.047460841663
1829.3154193127066
1461.6913146036422
1973.477989895289
2024.2424605884544
1268.688676720212
1374.452132222412
1742.7542657890085
295.25045317854125
1781.4194919480299
1245.332657064544
1669.0294564680287
1543.7873538231336
1634.8170692412825
1268.717762231827
2221.6441765902587
1288.4171145086823
2301.9533228442524
1604.92531105485
1599.4892001129356
1271.1983387092653
1613.7780777231085
1551.2609873748943
1620.0549393213182
1521.3987934524616
1521.254135780406
1687.0541222266652
1365.9057939613092
1182.408615884713
797.2374855318831
1849.15133937557
1724.5249688225326
1407.101757558217
1563.7906797168453
1588.332797557392
2019.8170068285906
1397.1827102902082
1463.3414974120615
1752.4974315817146
1053.7944565088376
2279.0331993198747
1687.4068453960222
1763.3989499675547
493.7857736848923
1492.7377721050045
1754.1383535633065
1652.6353518751102
1433.7960278175972
1495.7011814644093
1398.7367082449084
1446.1374848481928
1752.6774006119758
854.0754715918054
1416.0690762256959
2045.3307419441987
1433.0847369510195
2310.1329821069253
1126.0620675083946
1627.757264564983
2176.7599072541966
1594.314008346523
1820.6178406116596
2078.1649312423597
1824.0572068718056
1265.3890077933195
1591.1860245286935
1921.0704017597616
1698.4494814691916
1971.4267889826165
2164.6121975388496
1364.0663830229512
1640.9529783075345
1659.789525564874
2046.0346013826972
1366.6259019562906
970.6844909617074
1442.6117337910773
2113.1685370976493
1333.9945650497816
1033.1106346877264
1316.7400631631097
1914.7656675125154
2208.6695541771987
1251.0965651004326
1888.0675027294478
1575.8165351201362
1339.5930630217051
1433.5542580739316
1568.4987641779362
1620.6541151546567
1549.7491953560439
1407.5564753775263
1483.7874879308372
2153.4610042775707
1251.3109207250313
1746.803518658455
1840.8955537144775
1796.4912979123635
1605.7714116190077
2200.060765526454
1544.1869107002467
1483.2263891426933
2074.8520415305875
1621.6097831242114
1629.431348796818
1851.2966113426478
1513.4313512770666
1392.7644820447626
1502.038760389787
1561.4014234828164
2195.6414520766266
1452.6473060073793
1729.484747173951
