1246.1507264703948
456.73754383712156
762.2522653731846
971.0492145921153
334.96654255171023
656.5849579476309
1021.5956274907629
1440.088185564183
3184.9821643175487
773.9883279225037
1699.2933520008457
2601.917707954796
828.8456514984741
1241.6688413481477
917.6485212078062
1114.178988234965
464.2969332057428
1706.6722826861464
1026.9570784975076
1725.7746788596394
1075.0198253531662
415.45058235264275
262.07975737895237
1685.635900070906
1920.7643280267605
595.8945685222361
647.0365756307441
540.4687974210392
1221.5613151353984
675.7693672213974
554.344173910168
2366.118080943772
1190.5651771318667
49.323710485596884
1080.0705671008243
921.800809345329
483.25056338523297
2545.124420965202
1582.0448624247185
2910.7766595926046
1117.2933536671903
858.8320876108372
469.2469053426753
1521.4576075800385
404.2179046540824
2865.296859863819
606.8881609760333
704.2018791968468
777.5325454922558
115.45878754645084
916.8508068982002
454.1061760530495
973.4754383491584
1236.3372366042406
861.3396171792472
1731.7869568218314
1648.2405073467767
1173.8129227984916
1075.4297945257852
1048.9476720865425
186.69344109426268
533.8781664313593
1015.7507111724352
399.83451295679095
1367.629858835006
188.32956465045675
3449.3081250134605
298.63019878759565
1239.157829354022
3000.8832042207932
2073.595035636266
1574.0121414923692
999.5125031878741
541.8168967142481
742.5368699158792
776.6292710869988
864.5333625598599
1808.056152925096
307.98345104852984
1552.9988972271142
1115.4992441360332
686.7313506673454
547.1834382739022
3021.661259103721
466.88141908672026
1207.0820437346488
1105.2115265870202
1390.307754977175
562.1616252045703
285.0003104270965
182.7857500657974
282.8034950860395
698.0871168401615
694.5831866951779
1174.200837283524
847.5515159683272
2301.730852545472
1684.9030675079405
897.3666470201907
2950.9104801687804
682.5559544905708
657.6926027893169
1669.9741275436995
3449.364784871155
1809.6970629583736
1082.4999693706106
686.7167806719139
4048.19962754045
1730.1705106803101
466.10580582554354
2826.9944458794916
1246.525533456912
1098.2577041164216
2982.655315014038
929.1821538128612
636.2218941831718
864.8895977989397
1446.758891095562
390.633428503607
1598.5194191950827
1950.2817756470183
2499.3915486960436
1411.0165745849883
1973.4937048385834
479.68625681027066
252.98304265001636
526.479671231621
1084.3547214975358
1296.7225069516217
1068.7009686205254
1383.5541577834472
1739.2044049509525
1421.3696630436912
1798.8861690414385
1303.879142775542
260.0300254572397
1354.67692816432
2639.714835236852
573.4345213468512
2526.7463469664817
688.1765924981217
115.86618637497114
1179.2759035901433
243.14832385044608
840.7186528781995
1204.1967520040857
528.4787582630972
360.89543892584754
860.7904308845578
2125.069598007552
469.8380430537959
872.8094524473405
389.8319750875532
992.7567808378103
1014.3145838052268
2586.3610714651345
1254.0432363696316
761.1195337224702
705.0044851739771
1341.5049328324017
2027.9144236463842
2871.74248613528
1179.432863061676
515.9965116131374
1349.0456225358644
3264.1383829701344
493.16233505407973
719.6949078189626
701.997655819507
2587.387811951874
2136.009819486303
1231.4537680810395
498.1859381255314
732.688239284241
967.6061840065811
660.5163284200768
3158.394100541889
1617.8379906036994
615.3447274781363
963.2478087386088
1893.0516157742284
1565.2094629853304
2321.7663100726895
1294.232768265248
1850.0304142591071
1605.769982251038
1623.8416109065693
1386.0938502104138
806.8238089005538
445.93738564318693
1474.365382139094
743.4871640168266
440.5176978330865
1762.3377428585882
1157.7524702641813
235.72676905569594
717.0647756713416
981.1363197336142
26.790549185881357
431.82711785608507
1229.3250887953236
1203.8022191288346
457.1687955249164
569.5028554187058
1956.1485982272193
907.4943575701095
2219.5323547919043
418.48734583486964
768.4491974073144
970.6587833469094
1962.1176984207502
318.47733790209855
427.1458601006232
417.40175478321703
213.22192276780018
1215.2346126725995
3745.9841938303402
229.17441314768527
2042.0480412905956
1299.0196041846532
1051.8729036831994
716.88144677619
1635.0601425567936
865.319530913563
2374.541297869279
991.7542812154694
768.6996447542954
146.11235423394464
549.3620339418776
1198.8408548728328
336.1271334581093
2617.268080205578
505.1645470522023
929.2359099501329
3407.390867400525
357.4052843551702
820.5082154676106
1214.1631491236635
244.53124313079635
760.564973406155
556.2077855744965
2995.886166379839
600.9201182921688
401.2700815581485
1497.461102320373
940.5241138671015
729.3233952741791
412.73880144730316
847.1608369568326
577.9256774884786
103.28760658290412
442.3174897718391
484.2614428000262
1259.7235369940452
963.6540273173961
1586.4897190723532
1370.4573087426688
1549.1498759760448
355.575760828359
1605.7523501669652
182.76499874226704
552.3393129507775
2450.0709599967363
595.0092598390703
1011.2247016515211
1456.1085571119875
987.1826359051155
224.2001448478452
1148.189276999177
3054.673135835785
2073.048492672706
2530.260849353065
954.6126878916823
1974.3426048072497
409.96793553129135
1407.1783633164096
380.807249435074
295.05949735377754
317.21387324053813
878.671046856139
2292.7232717117563
898.9535136093713
1491.0010328366454
1813.0961383165068
1855.9954048224752
2296.1636936624755
774.8976417985076
536.7331395523393
1153.3012567757307
564.5147270974494
182.82628321488022
214.8454999457698
483.0669579595656
949.4835679339244
359.23965693317825
572.2721820037943
1862.7333083429016
774.0480499758113
1865.2199296712447
2069.4334543463506
3349.902330756684
2547.310049864776
268.2978025450688
2077.450164616861
1154.561950612137
768.7060951909958
2012.5468263921812
811.3247192275286
532.5638350923462
605.4104649391436
1278.575705622605
975.2055981854412
2176.3417537999208
794.9521494079728
507.26725523887313
3631.4178394889095
1007.4880785251775
639.7896225703461
1317.490958881614
2989.0156283970573
2008.0560214367376
402.53498126863263
700.7034691957854
550.6001715336531
589.067209139823
2310.1857629968536
393.8663169890531
1717.2069646204268
747.6045097616943
2595.427013582842
1508.2108175032477
2841.8210747510334
304.0576169815706
564.4083722608956
679.076408135199
3317.5023960740973
1508.5301536118247
2827.7294485495217
1038.83810179228
887.4293844037519
3489.301947520916
1002.7772085295026
1827.2344162280497
403.03603838980877
1451.583174253864
2802.364587842641
2757.7802436665143
2444.0483872529494
2089.8609031162673
853.2055983292986
832.0967043248315
330.388103365098
393.24125702755373
1212.0724951259717
2141.451866991137
1043.2461908450239
809.1367303061912
1173.5918496399622
509.6676494062445
1056.8600366430405
353.2923840784502
2163.9028150281365
409.0106608970041
2996.79320541402
1163.7801071538665
1155.8745822202839
269.28342785820763
696.1804072398721
393.847331897547
1130.4243806625645
136.19460032828596
1571.8451634845817
1939.200168153098
322.21139416837644
748.2505101235307
1199.0902512824532
821.7862750314231
1897.8310126212825
851.3511493326528
1936.6540081825315
52.84500971586222
537.0175930720694
683.5328898222235
395.6784970092743
1680.3890765872407
1781.6389302055236
1202.3558513804371
2507.5010730987956
2064.393266839074
370.5755362996657
266.0617144497589
842.1055303555694
1603.0149185431517
2680.769366341691
1549.543951134911
1922.8271575586198
912.9650763592997
459.0250787668439
2149.5671262602746
336.26485890435697
1391.0554330164164
577.6561838586127
423.10655337840444
2147.0112790109874
342.468605639127
737.1866771766171
2993.5294407299
829.7416356533407
631.6267009495082
185.71992793440583
3149.454484189443
2895.706613456228
2045.2955173864539
1723.5077992926829
1931.769124628097
686.4348564804554
1152.6704532996166
596.1098085878364
611.6976602424714
361.105796412858
1791.1589197476574
1400.6530630387458
494.5939816571861
2913.9396678486864
3085.193595926985
439.80820056081467
1150.977311688168
2049.1238649883
884.2991734088348
237.2648718669184
423.51208039649333
324.50459924814277
1047.9203218936268
50.16750657054071
683.73605882202
77.25256073971018
413.5617781013429
1773.0865552798361
3997.8971117965057
2355.9622472448114
1307.2976440082043
473.04190901759205
432.9065919022144
1694.4876001688256
758.6437760764247
2447.9515795106777
2131.1260739066797
624.2992191470518
2723.7839159879245
1714.7751362162014
1643.3942676958764
1955.3682650380683
2118.3768649333924
2335.420173153571
1316.8084029603765
986.6421835763329
1179.8722767837091
1137.7571834497862
908.2608238911027
301.099013026903
1388.0184164919835
195.80755156430098
1361.9332069638033
139.67583479639043
1007.9335009078171
1129.035821340026
1617.661965055519
979.337435294267
219.44651826627498
839.5801185366614
773.7992686584392
407.40936114100253
1295.8032343169314
293.4810220460317
1532.3073527340548
799.8600746846196
237.97870853490068
1365.4411408946123
2975.1117341041017
1010.0255961195445
2141.1159762477937
249.08604416783635
1141.1248234725665
1215.8967541067489
148.93760545795746
1684.84986773719
2135.4985219197547
2058.827129256817
2236.038979685218
1156.4141610272134
1871.0315691418377
954.4730772038876
571.4969871976894
1581.9080202662774
1733.9644296590643
2202.608354041762
604.5226994324165
807.0049817850925
1473.268476424065
977.0295860323859
575.1668136927583
847.7467378415819
1404.304601196985
957.7265453639199
1923.8416378201034
286.75393854077487
1968.007406530368
742.807752994366
587.5990026474593
1185.6541248718163
715.9341622967248
501.8862977889642
1373.5158767878881
1185.2651890170646
1572.2004470278464
1541.9715286617536
1141.0054570929292
689.690793199776
552.9516775599611
1191.6201278336925
989.2718001344401
1539.2814552596724
406.5636394553129
509.414655542411
586.4754001472259
309.5904940189258
882.2061348284109
1692.5907139802434
3530.7835169795485
2035.3285344051988
618.8082531445548
366.35518483131153
2257.3405866747576
1210.0807305594944
698.5244788062773
1100.0745643438922
392.78129030537326
1300.1301446033399
1338.4838275452796
1494.1062098981176
1214.1161552559554
1707.6759521679935
342.7102276386951
1592.0596716649209
1897.372882687186
957.4338228660226
426.0400573454717
669.3315627997689
3531.2182943463827
173.3066961649496
451.0712351334885
1659.5891890178102
1022.7418214244086
703.6072818819832
816.7940319800208
1460.2791747469234
405.949619151761
918.5066729404822
1767.4126841076718
332.6685447516512
678.5451578145273
903.1148543908255
1231.6507321251645
1388.2701900998625
2584.108259623824
2134.6579175548372
458.6801125100896
1509.08707577129
841.0248121587658
1032.874655968719
591.0974211388975
653.4838305200622
998.7015735862894
443.3201007399815
473.8080324104193
1071.5243430660098
1188.7146244061603
174.09592234866858
624.5037021285185
248.82643433872698
1457.127350403552
1013.8675283868016
2111.546172558566
2410.70984335755
910.3473158413251
1256.6823564916583
1142.1520964776478
1281.3690900461156
2218.7620469249255
1286.748010759546
1622.4224040622114
186.725011522309
303.8919278264021
839.0146823890923
702.4875729273182
3655.5861866811724
1570.786383204865
3166.442590691352
372.8293515281082
2046.8942098105824
2789.239383867212
760.1215375424501
587.2855557515337
1030.511300904451
1854.091220156448
578.0220378317248
2096.3752418121135
2550.3131990933734
1419.6583565771002
553.4493926399775
1320.5455690098142
796.8602030074109
504.33980189370413
2367.0398038317476
591.1641020295704
973.8598046732121
734.8575152066749
689.2910932136319
294.7555106077329
1204.6082544524777
388.00786285068915
322.9904733635429
938.9682135560009
1246.844993154609
201.17420901783544
159.8409985951073
1078.9824279649179
1276.147287232906
1962.3023212145945
2309.6681531664044
639.1780294950785
294.6565535232812
1032.878265101855
417.79415659574454
1104.4471029265048
2004.374738567612
1130.1941006861387
918.5740587033016
1589.7907869517517
1252.5545935013615
571.0147577803965
4417.4576969405825
444.20482615078015
1551.4457156726423
1967.9584220563636
457.00995936037896
701.4839018587959
601.2048128156162
901.1078879716905
2711.4181450996557
216.4535094874913
213.73889106054153
597.1734245875788
205.58695864415486
1481.1571562367403
490.8998315034376
353.4381017675331
1493.1380761991127
508.50016945384715
363.0864510472096
904.9360130975406
2543.2656321669842
1151.9192930744641
982.950337147467
938.2888842293843
1042.6541573131256
2192.1301908064825
338.4195522173119
1716.4736711722348
3231.205174622573
1443.5721145615632
1451.0188572866118
313.54957471244444
1027.8044349963238
1574.1195338970053
1141.0898873029746
676.6981903043626
2195.6495917253287
318.3799063154718
1667.4799506869963
1019.551528504349
769.383188386
376.84321181328255
3123.980623269344
2151.0756218846377
1590.2458395965873
3733.2794234847283
332.51717562356345
1066.7279189574963
799.5601498787173
1215.4605898149312
512.3328933946376
1310.0256122751282
467.6568535098722
514.3052791572061
535.7035367850671
2153.832602422099
835.2710561010988
836.2157332702759
260.4406535117212
3653.460750708398
1204.080038667466
870.4046858581438
1257.1089415995991
721.0904328205664
222.43477418922998
435.58558797688136
2108.0746768057516
2964.903238049213
229.4421675342305
916.1368696019257
2225.210929556465
530.3567276078585
1206.5542176712895
2183.437048548109
1298.435398238398
2024.3081546379553
853.0328574675209
848.8570084545262
1775.318125587528
927.8796171256761
750.5604680305975
1704.5343268670522
1970.3206163657892
454.4771239736385
1806.958669049567
1863.4037902902717
633.9408054393427
1143.247989176504
1655.368006752354
1155.661011002552
602.3984924017499
1197.265976808233
862.83353638955
983.2072940192854
847.9667721197466
965.1812653356571
1841.9153201958923
1522.490619466448
925.1411344333715
943.1343547725243
891.0841845103599
1029.369806157958
239.55540455111247
557.1543669687567
1915.3705355319746
711.4573947990796
850.5176643626132
1900.5271099097276
1065.6539877852813
671.0143241729118
531.2719346142594
445.58992107570845
1630.4954382015374
3088.2071652032373
2832.9218837365574
152.14638600113852
1044.9304270258094
307.63742936141955
1336.9379617166787
1617.2735672918766
3124.1683234627517
841.4254073062092
572.2757657484981
630.6258635409578
1173.0866513712003
733.7518658349487
681.0867851291722
664.9084253413217
440.6606842586484
4051.5164002293386
2068.1850434048056
112.20380914078063
261.6949672455003
1337.8974956020895
1884.3974363748616
1046.6702741628524
2188.4167177893246
308.1942190686231
585.2396496139423
197.61315468819
749.7112821030321
887.0856688174803
969.9344437247024
1089.5689184631226
1363.891822573901
550.807433377073
603.47712158825
1880.321266115817
478.229493105681
317.9122704778385
229.04278519675123
1442.536565015557
1978.5162774796675
723.9883707879692
176.12275641930606
1437.050293725661
2110.029560249597
575.0462979703432
2889.697773329351
924.6613196518708
337.3219037757722
736.0186156378536
1716.3233247296916
834.4616314659763
2142.3146169033002
426.5536353013109
1048.9432466326157
1949.523522678725
615.8890792456887
398.81200412000214
746.2239755014303
1131.259326309426
387.47461822884486
923.1622205487583
1487.9309133731201
2143.3898901658217
236.7990425816431
780.6949272566499
841.4486648403876
1985.9897896704408
1281.5451168797292
390.1849282752036
908.9404789615418
646.3897284631641
1389.3495024482063
1951.7172779423422
720.6392195588467
523.3454036275162
258.9936399393044
905.7300029135016
779.0453009758958
1234.9230961900698
1418.2293714155078
1845.2576204414854
2649.0259264456577
3002.395555123614
143.38941462088937
793.3445409070688
1913.9374629124436
250.94676309555626
1952.8055503491814
137.64644818225509
776.5795865738386
2292.5573195872807
1273.700217488118
408.99199931486703
2004.0994692680315
2384.2992916666913
3950.851827068243
2162.2594245122764
1653.3327611092323
501.75257645525295
2474.1662283734936
2218.553316427685
609.2028275153833
1019.7056719171887
1181.6130749669373
1055.3827217194794
2311.8345637050484
569.2204831096221
893.3800206340662
1058.6583880726
2886.7726232118966
812.0388832579566
258.79979317509236
1148.0448726838063
1190.467996985408
752.0951616238094
1719.4604208151675
1703.7922551392478
569.870367802934
332.29998119465057
436.8400036495748
1660.9038854953465
823.417656131983
661.7682669387084
2861.360342053658
3274.6740469415154
2210.3460916012127
1160.7841614170652
209.52423901486574
269.6373778959132
367.80950541966695
1629.894983625863
1425.3469197843465
1780.4498386284945
603.8629123872295
1974.3482079015457
324.12375475381407
1119.5022030212049
2529.396050991189
1589.5811252916128
1180.0873305851644
530.4612277712813
684.7695119789169
2615.9610338563907
2731.7799353887317
1504.79442171169
2202.5268000329
292.59273016731856
1333.5483379430839
2169.5492440522216
1607.0917906765785
980.4823105311299
2191.8283642024576
418.2489036728543
1369.7865143354213
3027.8340323940843
948.2819698127468
1866.7097953388977
901.1132244747321
899.2778009632012
680.5692149570317
949.4151981619902
229.56892591398454
1470.761316406057
2655.1739274574934
1599.115285949272
830.1088507202243
1983.0881820471257
1828.045927022674
1714.9711107720298
1132.815392148783
890.4322101889683
421.12584330372454
208.9108396800275
2202.07439422562
861.2338129830712
442.04451123779205
436.2904995477429
683.7435541783103
1224.8889639200906
845.5364401853218
990.615830649524
1004.6026532312326
515.5149282581156
3486.8480634659068
493.7791080707105
2333.932623404079
2245.649225054879
531.6844972989782
577.3590074278626
1373.1967249443676
1227.0582483749163
785.2300021540767
652.0733374501447
1526.276547367753
2110.3350456369376
1493.15425610168
906.9201943821358
1007.5513462027188
600.9257244385095
938.8579655693255
896.6172598451604
43.2257964502105
266.31738028885303
617.3480283030584
679.0526548609221
1646.2121926729715
535.3793399718629
672.9059157637428
2135.8324491709827
1938.9854973384236
343.4698396597231
952.5588765895261
250.7833674333439
892.3967777305008
1305.0077424679741
523.9873061017951
722.8924241924248
1181.467881291789
1155.302456634998
2553.7350279831658
2955.713470608609
1602.5812798337029
233.62223567408233
536.3517921652549
1065.2483913146477
1523.3995162675058
2391.45389673832
2464.9788000053604
555.1499990522387
3435.5623702927637
920.1723405644889
1949.5105978258273
907.6072720691396
2875.560222198693
1818.709950098609
231.69175805414295
1249.9395486993897
2967.536267538243
234.25597544122067
404.34413846965134
1782.7086434734783
295.60295720448613
1018.8638836588359
2749.6384922188427
487.33181903097403
270.58343178268456
