31.748861151500982
56.090163236821894
71.976681401557
37.8974342521772
45.690045228160294
9.270573022391263
99.10835913944267
37.96939011954137
18.781384415880943
277.2575652528001
10.422348959310968
39.47268109057146
17.152009844687804
36.712459469769215
17.216361891400165
90.37806988957361
50.38705635638916
35.95017840355367
45.72808450632356
71.38833193590511
15.1115517519709
19.745124656857087
10.725377973759013
41.128888750897886
25.00218106145593
-1
64.98163160173797
35.622899421653614
105.67055653566074
13.495031658628227
21.256170806477442
108.15383128761988
4.999109266459779
29.92037615290941
94.28896690890615
23.156782722757463
30.968764805475956
33.00219947996373
180.03802961024496
11.906725689458236
10.89585146916871
13.62468198199005
10.945850628087518
75.62778200245809
62.72044647211345
162.56306339487602
146.3604010055664
33.04518104612491
12.545152509708968
27.58837796963745
35.14831443485496
261.56725704597613
14.187811921729958
60.300430174289225
17.026079035017116
15.425369690760899
181.67294373386147
10.839681904919388
15.136297415883321
12.417150637500598
34.77418924955381
122.06191198192057
28.537233026103785
15.254361583205716
56.72816870112029
65.05017130470377
21.28571742174736
29.24299707449194
16.297997849128198
21.65434674909174
99.66009548460859
17.273491112693527
150.25408932296503
15.23608766076271
11.316189514961154
14.544260068360384
87.21781640080661
18.949157189614077
98.43868495794511
63.916894924571935
14.211039961642742
60.21382736980611
22.089805476572547
209.7333186565191
-1
27.502302880249378
18.63052222447477
15.045553248065369
66.26903307312904
14.43705198944546
149.72870590804533
19.49554724677251
123.2019639258325
33.33570157863246
42.087670820363456
126.91178280066875
61.6750787496914
22.939689586656524
92.65294316778098
26.513437527735782
19.383247080643017
131.34786046132385
30.60459104308084
298.0417137275406
58.09945511781635
13.801501826671592
32.8871771659092
25.3224582653095
356.7111193161777
20.23435920055877
16.962628259556197
107.09367854833975
23.041044896874453
10.084380271582658
5.478256159240419
25.232738525886997
76.0038033192762
26.606431141656326
48.55520559408278
19.69350932776382
55.419966448312515
2.414993403255984
18.962986075331106
170.79976487789648
129.07448221855034
32.003396691516556
16.45414710146472
69.71674371161137
47.18902646976381
25.11579720719654
38.1614001445228
118.60983674815297
25.02490701422318
48.4119473684588
134.66324841813432
162.44569177122648
36.1557671438969
30.761527184453303
42.324802590766936
15.122911465045032
51.13038214548615
33.892280742290815
154.34704188103862
44.33417603515482
94.81834503706443
29.724852418165256
39.872440509412314
39.06271395079911
53.83027941190829
19.494963555366585
3.3874177382908597
54.4126930330386
74.46250599777979
10.939832475069524
75.19971526442897
77.35037470718873
24.846174333512216
26.38216559572205
75.14055757839924
57.94738276397794
133.04848384933797
40.842071825121735
13.61311015389399
5.431778024133205
117.3936416703355
90.92379728355309
66.13441493640254
13.123617653572362
27.227745703371816
18.046227865298444
250.3559877708308
23.692517581500056
13.008098566192082
-1
142.53008205039177
171.33993842679672
23.223825998195192
8.801087613091719
19.277141985514593
218.15727972624146
39.758383800260724
16.162296306960346
21.608755711599162
11.54917397106722
44.60385216127168
23.74913825293225
200.62275508676166
502.20197183622474
50.02104155043315
19.237413121751676
53.459104829812276
13.263525474425778
28.73641546794906
12.842682187359792
28.932960268274446
31.178139982535033
60.278277879770314
23.19879180798375
252.0688662366314
18.781526558103344
16.16614149494991
110.50882090333481
23.41853798239526
11.434208886036524
43.72415078638489
44.353882668684015
7.147527410510535
39.96549434124925
-1
182.5640170025738
39.33732427303463
96.33491984501367
59.96205462157703
56.795668865506755
594.1162605041504
16.917147617188682
76.39125621247005
12.786489221090726
33.045051731581076
50.86750016668889
15.768109869368592
22.025757464960634
27.419416007488298
146.6454022258141
29.390057409452886
19.375270951955084
51.92227414742037
28.313169392502264
96.87108806884872
401.776533505498
12.385941033084581
34.32671985502662
1.677005971473464
25.111628362864746
46.397794160614716
47.476553487503026
39.15838262511348
39.10681996438728
34.85262587366139
22.35276290461921
138.7932287012801
20.232171505038572
43.33498039386179
74.42085310561517
27.17478762052234
87.55894134201104
60.75569491995472
16.51711753855394
27.763398487934456
19.698167282217966
49.85652462236981
72.49539022272415
30.00102494290431
21.087676272321385
20.324978166795752
25.337492396257186
35.64364229532813
203.49408274431653
25.128100838480044
52.701219690823706
26.73939042809811
21.828805960631733
35.895870381233095
27.182829217441927
13.546228227016421
62.30405421029858
15.955631306484593
206.70249748973868
107.09300390316048
22.75620725166768
123.8945750279496
10.585994712948246
43.99806946369284
66.27824705607384
16.75284998728633
19.81624253884002
62.37728845469466
75.98530494234565
30.04819351767654
76.86380712803044
40.32642738040806
170.75266292479648
10.0818818258592
31.08827116279196
17.483009723433927
19.21457215391909
9.202028480187789
50.720182121058954
34.27039275588134
680.1040684360256
58.02296076412416
19.40171093441522
173.92066324210145
22.14094822786656
69.97081998095791
37.563616926217975
12.575790497426127
59.63333469741115
41.92110378827955
56.44067078765652
18.834783066209173
11.99796878143441
13.397259540403992
43.6720567320318
149.42105474339553
29.404437262129257
3.089335823000297
10.49594101292971
25.875039000491448
109.37823512239366
254.47209893202998
55.74514511221078
142.36686174481324
63.41287096452431
100.9053237473931
-1
70.86273076191014
32.06401403191563
21.57589207455859
36.30748131271976
27.76519439084229
23.44606712527254
17.832956573498695
19.403131793674806
30.53038991574812
47.84822905462634
20.671609763325264
18.045141688510558
26.32971252872366
102.97808551902975
32.175048797317025
54.1515414469441
49.81767150416918
70.8147294508146
29.140798360604595
31.517383624160555
20.55506192505498
72.35109758761776
28.217027654311302
25.989543714794145
6.705505104316694
15.704642903820822
27.065501573217947
46.55563022637685
15.79249929878821
173.90360631393455
59.02450579060515
9.568667434193285
35.33942502501457
142.4192154224648
18.629214500459288
34.63846963083588
62.86402443354395
18.143419449985174
28.577183912086216
47.39050730029706
76.9423472110084
30.521579539146217
76.84987965102027
84.19665582199119
58.33317855069119
14.497003048476929
135.06119434145208
84.65025582201682
30.890000094335154
77.57463275172087
46.01101805204019
19.858440102503046
8.933752631851771
16.951136211969445
22.230931210285856
-1
78.87027754932924
25.341465753055225
179.47756989888268
12.376114103465762
27.810098338936765
10.388757080065925
28.42363956535114
22.73828192204629
12.846279445125402
40.55810692914302
15.106639840704778
24.6600812348615
25.51212468501563
11.400676300775162
57.794938337691335
35.57293260100297
24.51184131934543
25.85740049645839
33.43491984520262
83.71914561577405
18.26883317411399
69.16375083100816
20.1391338588022
30.380986930030776
89.19230858735436
14.15495135108118
10.544910254012274
117.70066083766635
28.372299785556667
9.321724047917362
214.0956149644424
23.125593769421226
48.02143993217745
137.75489669909393
20.681314719513257
19.48255505709102
29.482592071156926
85.59476898532196
75.8768024180007
40.24841245332675
24.55720542477664
14.259274954964706
15.42052498031343
33.743693155920845
301.41179287952
62.244374234573584
14.854055550213038
19.451074142107565
40.19191180148918
36.77837223340778
21.89882635025173
34.55995994954246
25.064164250848492
8.154510865285362
15.828788374309495
41.99960843581194
23.692573911446885
29.72133003794001
20.209677595514272
23.99128767306279
47.91616748773773
19.011306017280216
12.163240585484212
89.52391804102795
21.98821588791665
22.256274981575398
31.53878244466039
76.49548918151305
16.789566527071926
133.23470587564765
9.729594197974315
31.60887473840158
33.73506372363079
137.92949933232708
16.510495246320453
42.85745802809602
90.69555405828797
89.28871629519143
23.770909232727416
69.68338050061527
38.70568608529995
31.878792072718873
16.570277488388296
90.37388234001459
76.86981548701188
98.8369624500369
7.184738850524342
51.5878307049574
7.367189447880736
16.36926106532344
23.110096750985043
49.79351298495894
26.03626155113072
28.287853550536976
8.881032927334621
17.952503260571405
37.18039496569381
87.81524558461953
14.03664857914382
12.868913873089362
40.58978288275976
28.84363468031845
22.393361208446937
88.02179258603205
32.677770085304324
11.066831500281104
212.05429236007978
61.66241080602036
39.53124734423461
9.286137919860254
19.477754032435204
103.19321711855719
53.20993299177512
11.5501907487992
103.05267383030521
90.09559207828572
60.30595062652429
39.452603043784954
-1
63.21758949581675
24.765432116511366
93.7893493088207
43.687258323557685
62.74988195296873
45.59729358024179
95.36248440334117
37.57542473716482
143.999946077599
65.35498642281895
174.78313406263848
14.187316813227543
27.75913390097783
46.486433862471664
33.357636634764646
145.11784797843376
10.398859183545348
11.469792524886284
16.849929738545303
17.232150012544345
16.93967065511616
186.08663593810726
20.495284558617147
21.843838387578977
23.814596984658728
66.21120060244947
19.18986008274469
18.167540666041106
58.35026915429008
46.864584458647464
604.7688637855089
71.56954601785074
220.5854824187642
38.11616125132877
16.80621443895607
25.03169032022771
80.69757554913602
114.93694215687049
54.08706161381499
7.233947093342787
364.54918002675
69.0508124700847
119.9915978915816
11.222701817248971
-1
-1
27.814344969615238
19.238062294581628
51.7910025836441
107.0293292331215
26.695927790298335
6.061959218520487
50.77213491087843
141.2474311664292
258.2403832314965
9.829959518101674
81.05738446147384
40.35721709425432
84.81440115530727
37.92766230012032
21.722890773465505
9.247559518804806
76.13311106309423
27.195805320560048
11.230454361013674
28.688833031482815
11.304148550107458
53.23242774149098
149.48027958731382
103.30040589568661
12.06047592988145
25.861632757375407
22.41578122531937
18.893381711106436
35.494188626161296
23.70284460936692
18.910456582077373
129.41449168436318
179.99758246058292
15.19404379642579
100.72515135874693
76.03906497789966
8.94806829922916
55.551194051863995
158.46750186363172
15.632179087949254
71.65489581069087
38.62097637109992
29.351501961200057
20.93261392149337
-1
17.52937740697786
14.007307592385377
75.03055489291475
21.651802893866407
31.17743132300655
28.15593426813784
35.534313822889025
17.349905711647224
32.96932899303792
3.3345604676938634
57.32714294914309
54.435155779876744
43.88937705707339
24.324068303632316
59.06791415510609
235.9153953134477
17.176081376421507
39.961446542318406
77.4764047250215
48.610463431337685
8.710958359196656
30.65538564220949
45.62388370542086
21.355669652105686
55.93060235561165
181.0788944250865
28.288580927725178
44.539432983103715
128.62400447981378
609.220422135324
31.470933446163738
-1
34.98256803344837
20.172598042237677
28.754192642093564
28.01002702462097
38.783964761312355
54.69999994632634
43.76573313846743
33.21994099866189
16.900411815028804
22.814408269286677
36.96922507234931
118.31769185588053
41.66975837646003
54.761429296406234
19.009114348827975
16.728747086391937
13.276868586710968
32.54610753128689
107.73650876066115
179.18737797222718
27.18938889176253
80.18970542023185
30.29293227056014
19.188582703696355
71.57459421817686
8.833000586373613
22.15588319272461
10.381134922032352
43.182145830117655
80.99466665006382
33.87266046702063
143.65861131962467
45.10099064392765
34.590866131597494
46.10388996129149
40.10972709541893
92.74329204049229
14.559124032131177
27.405119161347226
161.9453069022969
31.33850764499144
10.026535102620938
63.66930824746139
21.539767400931982
31.12512418421077
6.546414796085615
49.53620241367742
75.31226924749316
61.14836803424068
47.54799507570733
19.60534745999082
58.07504393788845
103.23790404678937
19.27607347821308
135.58044502894083
185.41798067187028
197.15853212234325
6.963226889515082
25.432118572690147
9.974506754232396
83.67888177982705
20.751229333890606
-1
52.02489371555324
78.05087989435111
14.768844059722177
31.37770017944496
26.865599258164362
143.5542583073328
13.971578518376294
9.270103705748484
53.60111748495336
22.67681567418773
31.003898690432266
205.65092495624322
18.33028624287643
33.48181721931195
57.940771595033794
20.884748140377095
32.18583085626331
18.17118699269818
28.785973406378385
41.92587516807783
25.45264586180135
93.65186098477828
41.75171707760267
12.626409029429817
70.45899265000078
23.043766281891536
15.297910583457428
6.165552405696166
18.413577285700857
17.337204096014347
28.661109022826608
11.8727907836746
49.69044303958317
30.62809349074016
26.091219075791482
199.45989778169942
24.638300761909502
16.000307889336142
26.175535234147226
13.505704099332215
11.7176271327925
73.50930890274323
27.9965550678144
61.475294090089
66.30534514947813
99.76540932942389
10.156356623074199
21.524861381347378
47.10250611811853
28.704485278504603
19.337983468543932
20.268350194705125
12.218059487613676
26.534880627800465
98.19807866620383
15.246005032889263
28.668088623756123
32.89518099092611
31.26637483971712
47.86601479941219
33.609582389086924
93.38835428907882
48.705766105658014
134.18591206301653
-1
64.69848367102375
54.242937110300154
31.020435391259927
55.97062268478688
28.082043275613525
20.63837017167602
20.151437902613722
87.44042436323633
18.922838417267506
25.198119001879157
19.524452085916458
13.540597570521056
70.0685768865822
57.98000669445233
33.80351726199038
50.72322904804808
18.385839434649714
126.21100096990669
55.70224105721298
146.7624614331406
35.32991211123866
336.7688277878172
28.419340816689825
63.3909498678939
19.436919859502705
48.45022623915835
29.073518965051186
39.70033825589919
32.31505775686257
139.07904886637724
23.269326335534064
7.5352158254975015
31.01867541934676
296.49058696434935
83.13104351839615
99.65410288298216
33.19239859701042
22.5524616772319
14.460240913909823
105.51412519040089
88.96251170388251
209.09184290461113
42.561293934500235
156.96404818990584
38.098282238401886
9.138519716917891
71.74717344117855
18.938972431530633
31.72103682673285
52.6979627981492
24.27482010666253
337.6048543408827
59.240166201424934
49.11737038804879
61.59089112164996
52.37612738057522
142.26547707697594
55.87285928291239
232.9912745436948
81.35991278304775
14.52028806622182
24.954049727598104
50.502495629853534
40.229587566927016
49.01301822673994
9.694901275180314
9.64949369653348
42.315613420173555
59.13982982898676
21.416938248779918
18.99593538449387
106.09907440653224
59.16609370330587
54.72559186985271
29.32811717292175
63.923578242179154
56.257654191542784
49.43411267693633
34.718545523305075
18.320910153382044
15.153951161800292
43.71746245410507
21.82985849740818
23.415759459727315
63.92258513372906
8.38403539196428
85.62689725947817
44.674324096416875
18.745406154058028
11.15491689847629
33.70432780742051
17.78808774321702
27.0316685529014
29.815660019441694
37.988588049751485
57.26330050364732
101.36170987097053
15.17347874832196
32.03881130491299
16.72007839550136
154.3178380872248
150.04151400160018
90.07778888199086
14.855434961868783
19.280286099842236
23.190716613759996
6.927947029318891
74.79076381034204
34.62703645241997
31.388217230619237
119.05510737506789
119.53462665029748
54.16596068898818
27.71740331652157
42.98823010918481
27.352082335662498
24.237134354965097
154.01206510365347
22.785444719872444
26.170485524854225
4.183568251403648
57.645871908505725
224.57451113489824
294.75526521368636
24.16783427002162
21.423289209932815
30.045144450436894
34.78170229591092
19.676785351381632
32.415918282402735
40.06131246125075
42.04574348121196
42.166240960902144
25.496520154634272
47.516535322010014
61.28917782170607
10.029849533173095
21.653533203118
61.06616726287641
229.07252964880482
29.974335235844556
13.590265117908308
13.283001599639395
40.07706490570555
409.363052947785
3.8301990234732646
42.94903331867046
10.038656303451956
63.05957980967734
249.6559020555869
22.19749255946406
6.485705463021305
14.145802882708198
18.39661718257223
29.6366052864755
17.729234457701395
65.04126581140089
8.971667836686077
37.53290440232127
1.6112307598057476
44.32311027577169
21.60802882975839
15.671994929485725
92.83178450730813
68.52116336412004
77.23192702441567
17.73326786058562
72.75841301264838
40.577123164888235
20.843352642176473
21.393235856430756
23.135445453251897
17.695469224975955
38.647945627952716
23.46058261568003
93.63747492027956
54.311290983555956
20.293931935263647
25.601278374423053
33.72924606951367
40.80515097281972
23.8068457267625
39.844311762143576
38.32113014087746
6.161946647516099
13.50589813001413
26.427252507504384
18.587610258812415
16.858385522682575
23.006191027985953
23.82419272295434
56.23575779029208
139.4106192482836
58.02131432737094
62.22447590998821
0.6357211517008822
31.898021884713287
34.40982221611702
109.78153272458434
35.66446783794557
81.0610737031401
44.4560485901753
184.85019003930137
54.09028092755161
24.539572350398
15.835187990969255
20.174537462759854
44.13152152520811
76.67182016130592
18.20594204831297
67.5740241966055
41.17699105500943
11.528483181115211
17.766367482462442
9.928249760766082
7.497850200132873
26.071784041327312
67.52393448228602
81.98539449156591
34.57463587422672
15.337738741920697
22.14246265642156
15.946345626428988
70.75289629858081
52.403556228137
15.661163848663696
33.20950332962331
162.19434744703236
84.80971951602382
167.48964600259177
20.785660673302004
55.74343107220366
169.48696498855267
32.44293451388482
28.0533716627041
1187.0962265613452
62.771812778386085
60.53349357394308
12.685341469020871
232.6766013293221
16.355396852727857
27.081317586773054
153.96870536148978
71.14977919473922
45.26172338055288
394.2474160762696
13.907264036844007
209.31881500847956
19.995992251437926
39.94574050150453
51.327202915526975
28.206356666037937
20.602625592409836
58.1759088671387
57.266551392908966
22.288235173131344
10.61222245983584
37.53173029083425
