0.3125022054215016
0.33211159611503965
0.304039014407315
0.2939591965831618
0.5392029958439851
0.28347265555851003
0.20513707112555413
0.49893077519458656
0.3480586685293059
0.5972735754807332
0.2769781212270115
0.2764717884601634
0.4598036562356647
0.3845378576625289
0.6765097547118661
0.29169155757374887
0.24721898415250232
0.23860697039002204
0.5759264102727573
0.23074275891765672
0.3343967633298735
0.33864889009165255
0.23185705070919893
0.45138956615434345
0.22231661687035964
0.38464777328175664
0.3369122451302884
0.4375370291509436
0.47630405886543936
0.3844200375260935
0.29598336040208306
0.5915768509485905
0.2440715872604589
0.5987161375376427
0.29612447134472014
0.3511955157382953
0.3082233281565766
0.30745531245390206
0.3635584222872447
0.3059635634154997
0.3408616303064846
0.26613675684218113
0.2484096028355719
0.29165582173461396
0.34764061806992475
0.30241344688766475
0.29048276011248353
0.39210513700180805
0.3230952102834829
0.2412789831152583
0.39158547883030637
0.4286027887612217
0.2694876394586706
0.4911309886496432
0.2273677057688432
0.39160871659859925
0.2909608201555888
0.2627846934904829
0.3614430308868992
0.3804116146517408
0.2634609508373183
0.2872364859951243
0.32930494531822807
0.25041805550469814
0.2411728267843336
0.2512449373518545
0.293827717350869
0.29516867990539536
0.2729289377931971
0.3903624198826262
0.265213130300982
0.27252148176919055
0.26124479157108116
0.3315595752777831
0.31661357924402844
0.2534307781509833
0.2707969783859166
0.4418133594824731
0.6369576399190792
0.2626277617471353
0.28564488180250525
0.3245672128536462
0.35679808396611756
0.25875135045740816
0.3365277146819447
0.23711442317477105
0.36239406610380465
0.2915617387409336
0.2726425992337842
0.5156304212927885
0.2796402104074074
0.29107103281477203
0.3210449632498795
0.27413082327838034
0.28738680002840267
0.2655340000274562
0.34859844720785693
0.3208544968809045
0.282752131728109
0.24161095166601693
0.5519769925968276
0.5421302406983682
0.29534685272289696
0.23843632548585453
0.34946635070287047
0.37041793886173735
0.24192606798339983
0.26026920989643915
0.375065075136071
0.3253541809791789
0.2616986202327573
0.2494934311681251
0.3874278687867271
0.3847631600974309
0.3182186712502205
0.31137138858160796
0.38770675277606625
0.2995246279603635
0.32831302075996127
0.4840691894608931
0.23318499391405728
0.5247451126003753
0.32494349558918784
0.2893347131426998
0.27123256186928274
0.3949000117129682
0.28486587156768156
0.23724880070867568
0.2289355077827986
0.2639674784128996
0.37633437690782234
0.4222061555892137
0.37271390160064694
0.24876301543840973
0.2730040941980496
0.29734402031389867
0.23718822119811908
0.27061703050734875
0.2675408267601077
0.32164955160148984
0.23126744583166306
0.2852383766970146
0.3339756764292919
0.30005893175530785
0.5929091342692959
0.47489462616162637
0.2857184383260576
0.4369948118261755
0.29709859936472394
0.2667082966231342
0.2677814007459528
0.24804555130218364
0.2838267268365031
0.434917266661799
0.37233836594323355
0.2990773303053871
0.29741754418712846
0.2767053630241571
0.348547696042893
0.3653809795202626
0.27683505216424215
0.24863803705505266
0.4563642156972765
0.24974942290991586
0.3284450455259189
0.3552934057130716
0.38808911894901443
0.29896965756606636
0.29397730729265165
0.28713149119849196
0.3274635206046397
0.26621824048681575
0.3894856881293277
0.2515507836215439
0.29417646913110196
0.46368941774029127
0.2519198250142641
0.22680137928935115
0.4439019576841777
0.42611450044760935
0.29191822896496133
0.36181270220693135
0.4081766227393835
0.35318737633718844
0.3221187109779744
0.24884524502265887
0.294758314887724
0.2724723312919124
0.3667342298091275
0.3275443462893287
0.32781562858054586
0.3067179211055234
0.3110753167412615
0.43429935273606657
0.3886919559841146
0.3953814910957566
0.2549549120907292
0.30508403396186906
0.2942835276715897
0.31121157727228743
0.30430367718199647
0.23930071277979792
0.4245525013863749
0.23392661116526434
0.2928946963571594
0.3069590232665095
0.376237995833027
0.2737153343283043
0.4051819068154143
0.24185237461445297
0.2754919570678179
0.322350964330114
0.22884245102240403
0.5026542994659391
0.38844239338083075
0.2719141790726385
0.23082228875591793
0.2774905212029195
0.3556624411714866
0.2933741575347982
0.2663935980895874
0.24977332053072154
0.3955762261861124
0.3208346695237777
0.3808049343707903
0.33575518113692104
0.36188323844570824
0.25526744207558827
0.3957664528966435
0.6360774367369373
0.27018307254019747
0.31257701081802913
0.5502281566494722
0.2379804175748033
0.2618296437649502
0.27505745550236493
0.2995746174016146
0.2926735549824681
0.2585580393648609
0.6306885721316424
0.25528794355849665
0.25878977301658845
0.3605980390602777
0.26456284551902676
0.2730673690793941
0.4131125177549986
0.31395345047484713
0.348833896691291
0.5297869107743102
0.24083357558129098
0.37535519262656686
0.4912476472647677
0.6329135719946155
0.43786017851370995
0.3407022066484375
0.2506765889152864
0.29888307195036085
0.28885758697048214
0.30347251247159357
0.2702332871095463
0.25518494840073414
0.2648030906982655
0.3197658586153302
0.26559836897288147
0.3812788745367003
0.28133679650523014
0.28271644853809075
0.42588580514337043
0.3446611036604814
0.32857349161898347
0.35509866885215974
0.30576535878203137
0.4295077680223258
0.4742483585621679
0.30881257394057515
0.36692483082945315
0.3042170505264576
0.39764966723516015
0.525162599393582
0.29569005302701096
0.4083978467653499
0.4196707196651492
0.4878812905117297
0.3601726098995377
0.4896370888265705
0.3123043020744593
0.31455137977083003
0.2606024249568777
0.27954356041459516
0.4543063907645186
0.29887215500355885
0.2938477011440461
0.3068544501760613
0.3976265287874866
0.4059741694700032
0.2594967217276365
0.2765015025496678
0.2987297038582649
0.2195672307325814
0.2961258513991883
0.2789955478626552
0.27907351261404956
0.3381259133386731
0.25498209677121536
0.34671609223634314
0.25631938085057193
0.4814448716835269
0.4001239095544664
0.23969777873438972
0.2199482347883529
0.30691197811937565
0.2689926134017743
0.27610250999628294
0.3484439710508641
0.40592016199970893
0.4083633365760514
0.2917198113399656
0.5198378046881609
0.30375396189576287
0.36676303632256696
0.3317554403849474
0.3674114187055404
0.3432984780857076
0.2798193389747288
0.2918285708657554
0.3703097580333708
0.3381094536594868
0.31749691364121285
0.3359065494628969
0.3343040326958921
0.258273386994483
0.3202826247449277
0.38141331574320425
0.35012995629849714
0.5552821486571731
0.39844102395232045
0.4086788214248167
0.4520733470415874
0.3048730524376114
0.3354853318902201
0.4274151567657628
0.28510533826612067
0.3892838767028269
0.28357434601420395
0.3352808611644226
0.5920562047167206
0.3473420089576027
0.2789679624781536
0.46434501687701946
0.3177196437707514
0.3311716761452656
0.3962938217735562
0.29020588166790984
0.3261931727231202
0.2637921414594191
0.23215016497264762
0.25806620343997266
0.2603713411055185
0.4074218445566363
0.4137069480129708
0.4126277482132595
0.3144202037280649
0.27455818690903433
0.35469467786130415
0.46559221170537357
0.26193352803252623
0.33261151462914695
0.2652896478678355
0.2925238427858844
0.28588823765734084
0.38306835123876287
0.3456907194116734
0.32591046892294323
0.5237468617864732
0.24642511529096023
0.5636737424524368
0.24055591094220335
0.26904046235089063
0.28052071352439084
0.2974125384103992
0.31309890823558434
0.40648423349059915
0.2521390483719108
0.31380950299734034
0.3539220634803488
0.28737097807806894
0.2205311901922511
0.4152346885930371
0.30443831390192416
0.33826036885441824
0.524041319584289
0.4002135331885577
0.3202060280750799
0.28972024188219014
0.4868586801924907
0.2705408623259214
0.31946198235027323
0.3760665420951894
0.4161436035582337
0.2963054079492016
0.23114630984056106
0.32657917190809105
0.3361358168570288
0.2531242516357921
0.32257740236437316
0.3948884810665838
0.42217797613216423
0.2923642492997418
0.28058720595146636
0.3607055626763124
0.2749099243607598
0.3747329110566584
0.41162276536471454
0.3850778139332668
0.28347742623032496
0.27580126350767153
0.3038431182537699
0.27075375537101654
0.276405659588233
0.2595593790584029
0.28963455237146174
0.35987404702194686
0.2772169260036246
0.3138287351174427
0.32172587847811557
0.29409852889546395
0.3113906875690823
0.8132078901276827
0.31021118841241685
0.40606977058180294
0.5583310566698598
0.29479043883868644
0.3083333791944082
0.27321641941482616
0.41849029028445117
0.2978400561352072
0.27657765106508975
0.26279232744590375
0.5026283523959238
0.28094770145731984
0.3089049456710928
0.27644249135305227
0.338700144010568
0.3547044654337966
0.5866810274472467
0.5184886627075225
0.3538094410737213
0.29801062273499546
0.26329656410325575
0.25635454348784326
0.33269773714783674
0.4378647896673491
0.3087024179857992
0.4322587086556773
0.24981647089308398
0.36620793379052474
0.2719280387082007
0.2979464158327808
0.29768861822819315
0.2325108110018515
0.31949521737234343
0.3951220151360055
0.28853119625489776
0.36181249602485294
0.2981031441958557
0.3201579067013892
0.3757685488187787
0.39688090497143874
0.22146023914005664
0.28025873391987255
0.26361894167247324
0.2565744306892722
0.45441389615931665
0.2595339093693512
0.41881798314138274
0.2954534235236042
0.3666426931007216
0.2366639526359328
0.35046450220231284
0.24636030000757647
0.38946790637225753
0.7036389007451145
0.2676688683645264
0.38491976196656486
0.3195520293870816
0.27763766002079815
0.2893083036537494
0.22376171052230087
0.24766334058294603
0.3637325034249678
0.2790979614423952
0.27244634802521756
0.39923762912198535
0.29651201124281457
0.5821771223900675
0.29701041225093516
0.28873655487949107
0.24168267594549087
0.348316301717991
0.2976717840676988
0.2551068350032391
0.24581853653382024
0.2271039980650807
0.39325944998774215
0.27917673774357704
0.31328016462463837
0.2956702649233396
0.24668232320952768
0.3059984418300355
0.2500390343267389
0.7253853134216027
0.26675054345400695
0.2614665091433057
0.2443260787529343
0.3240044853591123
0.41949407033381325
0.34648490373879653
0.4760222413633044
0.427860510871319
0.246941845210629
0.3092830266338046
0.3302780126595585
0.2826387315571025
0.2612937912703302
0.35287888575805326
0.25009234455810525
0.48147036994431613
0.3599275292898773
0.3404286390864783
0.263252900494916
0.34619479724967794
0.23555551168758546
0.25850636620555417
0.2626394957092486
0.3506322130740308
0.24926881769017953
0.3631679820157773
0.4304426437197341
0.34224822918524467
0.33147368419049245
0.25578851448521
0.2867612555911201
0.27696625127345026
0.2902600113744677
0.3760537964740037
0.2531366153066926
0.26697422722226993
0.21638177784817278
0.40863494974966275
0.2651278314379508
0.4523017525503938
0.23577737715530867
0.3119864383186456
0.21414500125347835
0.25254487782453094
0.24142514314787916
0.4467463136107863
0.282979405974467
0.32894190171867244
0.2939530593227165
0.3172773745360947
0.35686377065757163
0.3417352452450076
0.4925620430140304
0.26728040114874274
0.33177004086484274
0.4757384095251935
0.34813293442257515
0.2683528298821751
0.3036525446353075
0.3453851358191136
0.3127523962620482
0.4462007677835721
0.3444337196924664
0.22145248751259544
0.43970506827692835
0.3159549976786678
0.2903323441725856
0.26858026836621823
0.2999260392089317
0.24753239137345692
0.2351741409377271
0.3296585753138295
0.3036394112377476
0.5308125315738979
0.2686673602407871
0.4547017439333821
0.40962085398821435
0.3457916994281791
0.43696253877093294
0.33769475745339617
0.3472381124142933
0.25326007735963707
0.38495120584149023
0.1974770199931805
0.25352208456043385
0.29662582225605455
0.3391536645057239
0.2692674165807214
0.5137880933163216
0.2429320473953196
0.32054140676476617
0.24032587572991704
0.4348539608182458
0.3630483815842137
0.38586049127548383
0.3416181891742769
0.30950438915369216
0.31654955212668473
0.2957346492297848
0.30013020281750435
0.3998867001594124
0.29601365678101266
0.2623569963560591
0.22825818684205704
0.27351122681058443
0.4302489453990179
0.2839786375241651
0.32629527740152753
0.27898392894642876
0.26924231578676716
0.31585972187309574
0.2620974596034398
0.32114648844506866
0.35070621884171266
0.2739074185375173
0.34397619075552427
0.29659995748460066
0.3909995502187741
0.263246694353798
0.3143028567161644
0.28210732034355634
0.17902536281922277
0.36363868051720066
0.2552985324144583
0.4205359924047898
0.2746156870048951
0.2453546723638672
0.302126382419801
0.2361952194413153
0.27254266606172417
0.2504899860440248
0.37283387212861946
0.20670305144110077
0.4241526313516983
0.2650284438294358
0.3450669210729713
0.2947585340281506
0.45059906086850054
0.21126316831398587
0.32056202652221455
0.34871417365532137
0.31988330728472547
0.2577625524326278
0.3780049710119898
0.35427462236362994
0.3657577388353108
0.2665182585936967
0.5698162932404717
0.2738846559693515
0.34261073399392056
0.5881287962497201
0.3521565361493574
0.3068285703682325
0.3595385100057269
0.28992636657045356
0.2296873421682682
0.29166615478440094
0.24224617306556104
0.2594813610035158
0.30162123669833907
0.44376939632986323
0.27915901849049224
0.26805277277626555
0.2854768758310469
0.51220998144736
0.31954585615250286
0.2832923309133596
0.34275647725408476
0.286788155297215
0.25107901694151596
0.27411399705855316
0.28689060892789264
0.379845939161206
0.4713811952998259
0.29957892329582747
0.3097608326038432
0.540751882261919
0.27351405812926327
0.5180689635750781
0.2664254604072901
0.3218986947392911
0.2581741654808187
0.241199233852163
0.2981855970174201
0.43535863625866844
0.38601512610976135
0.30494943951568937
0.34575204953262395
0.5743995130478802
0.47037149512172555
0.42585107043200326
0.28228227540848205
0.2621259550189301
0.297797295943603
0.3468551337702924
0.3241622693014246
0.2895419339076133
0.2512385850193679
0.3371696420457115
0.26248797928226375
0.2854736349089564
0.32647213276672626
0.23031657564221308
0.32729171305857996
0.3271334132056373
0.2609175378735002
0.2664002426039959
0.33478990267150094
0.2921488297774745
0.26581344070922963
0.32464575812738605
0.24725891782656634
0.42640182125239734
0.2708429844721392
0.32370443066144633
0.3603989475696382
0.31140295655771477
0.3130081949180912
0.29531094998922436
0.2404110233287733
0.29849529565965055
0.27423796494608865
0.23663968893981863
0.3063692224584761
0.20448586164088545
0.46725501153266824
0.44365560266624404
0.3864613659233564
0.25012125152428866
0.2861844717528045
0.3858687302873228
0.39118548993818564
0.276304413345819
0.27467242034639305
0.5222226675473485
0.3773278086532937
0.23074816962604278
0.3709859221379812
0.4153107098842823
0.3446619941311372
0.31365280172598997
0.32199149782407976
0.26265011559379037
0.3204800501690865
0.29953043213091635
0.21399104347331105
0.22336744967572109
0.24548907596557085
0.35323886945257904
0.3441359329253927
0.29823966809851665
0.2823309575329375
0.30417163251754165
0.40148367538793606
0.3207702318038899
0.36907541719363346
0.27147332940041113
0.2989977426438375
0.22183816180194071
0.3737182096875
0.29108199061970863
0.3262172067066198
0.340383368274328
0.332003649218342
0.3783168218730963
0.26262799422571886
0.2103655833345295
0.3200117674064326
0.41726091069371907
0.32461529667661704
0.2471111665713555
0.3538772145555922
0.45694987156241224
0.4817178278330726
0.29598551297078923
0.2893305298873533
0.36543769431318235
0.3815738610564223
0.28954512363694423
0.24221470798864572
0.32359570988162806
0.3244216380225076
0.26515880544509596
0.29045833241374786
0.3585556566239915
0.5602001979123375
0.3489774603370042
0.3338819435839854
0.45363448319031935
0.4455394000968421
0.20939358912049677
0.3435799370246504
0.4747039532640083
0.27775340303601564
0.39797236931461755
0.3501076142998535
0.26433698813404655
0.24151453248483998
0.3620275489321439
0.31196211875095486
0.27353954359183513
0.2850111161015824
0.29819786126875075
0.27914557595654343
0.30817191868786037
0.23333577103409303
0.23658010007134872
0.28225183125999254
0.3178348700809872
0.4384417927084564
0.5201914686961451
0.30168888101456304
0.288294313860277
0.22353479570899826
0.2375560656840894
0.3189013193894382
0.2568588931270468
0.30913980235494704
0.3401673913571808
0.2770641218705633
0.26642965238187016
0.2846982203093247
0.3425753149683172
0.3345159653956489
0.2981328110431195
0.2745166651041801
0.4139299653499946
0.2424881929098644
0.28898039039525114
0.31161883665097556
0.28662156227280994
0.2926313428125462
0.28418243063932025
0.31497819746049294
0.2937065242884467
0.22341657389043884
0.29981037356081086
0.5135076369462219
0.35579684285115565
0.23674667009702713
0.3002458929235231
0.32999913293178573
0.27425146517879984
0.2546267631487422
0.27804257637039326
0.3769690715577111
0.2637985004229563
0.2736481711455023
0.2291097153563066
0.3289061744314057
0.367085259341373
0.34535551737721915
0.2683608272422682
0.5534895411123109
0.3247362468234757
0.3644621859513204
0.3027801747218899
0.28652039186875544
0.28583560343870346
0.4208164589260971
0.29839855485618283
0.287214129732332
0.27366174891212086
0.47661868643119776
0.3875236728003716
0.40991334878226826
0.3149565030028138
0.3954685488130556
0.309798877091336
0.2623149612108061
0.2842914022602368
0.4388960281965104
0.29778029029024344
0.2837914027246936
0.38124743941130973
0.2573544447959826
0.3300267553089096
0.2890698844029043
0.2783465477671392
0.4643559636138327
0.2775667051318982
0.22680521128682624
0.45177593604910743
0.33912848041023147
0.2641237957079414
0.33081443513130826
0.34513786931015245
0.2554498930326647
0.4025883469003576
0.6028369189485309
0.38627783936950094
0.2836115780243945
0.2700267908472678
0.41287434304723103
0.43378406376043466
0.3350732502614609
0.25024772592175465
0.3716538520035947
0.400889851970036
0.2762721856069522
0.33979732100264826
0.2676047389227176
0.36355990593012055
0.22682469894679072
0.2677445793458193
0.320115920981843
0.26522610368702404
0.4061071332516537
0.47248896690990794
0.2441744847625184
0.25028228486827936
0.3034323117495677
0.37377989896715835
0.2759199189561244
0.5026450633956469
0.4536810040893865
0.27627458263990134
0.3341105577144473
0.25597053693651894
0.31012285853223753
0.3587830742791736
0.24077120795223428
0.3534184459289432
0.363180659970177
0.32619275324997876
0.287111885399225
0.17588059445744797
0.21204384019877232
0.6781093225425124
0.638094092257043
0.24625214658528943
0.45503673827410984
0.3048716180387527
0.28741706938671646
0.26862609276370875
0.5097187891953961
0.24927373247942847
0.20554901688294433
0.5635695490479999
0.2907911581573688
0.3391637611334532
0.3060324713721676
0.4970398771424998
0.24804114378761172
0.3062136592384119
0.28507378347079704
0.21493120788237607
0.32554791277742545
0.2986719648253488
0.30562698939764565
0.5277061683759727
0.28592590973458665
0.5378034869384195
0.3309170062716296
0.2978230064192574
0.3372956833064349
0.49945129137298816
0.3597986590259154
0.3030374141476972
0.23801963187850111
0.4298268774815632
0.259847337262557
0.41935738334154227
0.2571887047272709
0.29523491705805627
0.3072944775274765
0.39670712099923555
0.24622225982001578
0.30947420083691035
0.5351522892561453
0.42593553232920617
0.4851310676919862
0.2886907884620312
0.27756103179196734
0.22364004567503093
0.30388091726365374
0.24133849766861962
0.22987662498890532
0.27339209523321717
0.30040328778351805
0.3612440113829376
0.44642981512381946
0.35824650824824966
0.35113110927380353
0.33841067145061876
0.24035521619220218
0.25001496160811215
0.2724928944280539
0.2329288691699158
