14.169052854893522
100.72944261801145
81.66472784310753
37.885937548707325
51.902019429898615
24.356008975560083
66.85992739546063
44.641934055449646
24.496386349865787
21.068507736042577
26.462515398427005
427.94016332056
31.00241346263461
46.6590259624967
23.688441027882917
43.826597555013954
36.065875737382086
33.13226497976613
13.61763412277594
18.330918237826126
15.51771262823931
9.64895720479832
35.471251603312936
29.529623866264895
310.3643921151293
86.80913343430221
24.289774405403126
15.804553344380977
113.1303217401574
65.75506434070141
16.88955112168082
16.768036458836107
550.8984766369501
35.8432280689767
34.214403985649824
23.90961386004132
117.04419470325814
39.89084576016923
15.93125282143712
17.896586143863914
259.6380451276605
217.0064266062525
103.59685178717154
15.262807109300981
28.621269240797503
453.2767673989248
561.4129599602135
60.240648987087184
13.886017446095751
34.3043974912306
10.937106673722282
19.049225292715043
26.89412434687245
139.68013086441
171.23138029421924
60.178978126000786
80.45113674004018
49.03261229694657
60.9275964669851
88.0455203579583
79.40198995232569
108.75868806409905
69.91618741389507
12.228301227484046
45.70717510174827
13.248907555070529
198.18726764281652
19.48473448328342
54.807690227952854
17.70011591018584
91.281030963268
23.708607032997765
205.69542194414845
35.90919268191235
38.21599199679932
74.95623986672908
14.598736850994365
20.051759470108998
46.07687588477139
13.787838606910663
36.610437719340815
28.81224234772543
55.15318307778661
48.7548131091015
60.53626437738121
70.89814276635852
46.411670261669094
45.87583076524761
136.08773218288772
103.98958505198343
172.90053367237851
1246.6791683699444
72.00480839067077
74.68372986889096
49.37169851764571
19.693517455814717
19.65387248595746
24.152580730124317
76.1689786010078
110.07644888856223
20.530403366521604
334.4701668515635
24.923130572602037
24.819175192056413
20.807462471630405
37.87758151363651
89.43577203563146
90.85022202731727
48.26980848148067
42.318140890488834
73.7311494363159
34.257970284149145
37.377574755491466
79.44013875686856
27.679571842221726
71.72235699082242
47.853046301439015
22.343889656874076
195.26971377844717
22.342905198205077
32.644678686843044
52.01035999844691
14.44261683222308
18.44153947197244
148.82699458604355
214.39566227314467
9.568791088155534
15.379032735064794
142.93624654450437
8.645020099080543
28.325852336791893
13.205392812800772
29.79750572894479
83.45769455642078
37.37913696517776
33.41670473878689
17.42349456879254
38.20459683134793
18.995244081753324
97.86731958332759
39.23056096395704
28.981120648873535
25.575758143856802
114.4276455874083
32.25299561556574
13.691381130667413
25.039878124076914
100.88399016768997
44.77014813878906
43.71689607503656
53.10952231256212
189.37919085317247
31.731359006094927
101.49913587625386
29.818523144364182
14.492564968098346
59.717816584561234
367.08401963332403
14.139202505467765
71.61074838986436
15.712309916064031
12.725317124478833
20.870463306605874
13.56455813804562
48.298133058702476
17.89791323205103
90.32349455698257
14.717408129342779
13.390034109500215
57.2649386385511
100.7930474878102
54.558623153180065
14.497014284702729
26.534805168531147
87.3945239522668
147.67228933109564
19.48448487293217
30.47187860249976
29.851029333735326
49.00982092634471
31.272802838364715
12.625216160932615
86.93634921358945
95.57328644201975
31.540610142269635
695.8760970518928
74.50844876182003
11.601780206369371
38.679945829048
40.06087186123377
66.61256667420953
55.386835076300734
200.6328179196221
9.749426529234745
57.30711739149233
234.0232530277327
628.8324195385627
78.17873699526918
181.9014471719073
20.06699756232112
34.90840533357072
167.70749314507148
186.98669383121288
55.97849936439311
57.830117761194856
35.09635614647044
16.611067544657814
19.618799183984738
15.20274202467964
158.70325323561357
31.38240572583263
26.223594131535105
4.682059107943706
141.81974360315348
30.96930012708722
57.40882550646348
277.56077833511216
16.619048910775675
28.542864316776274
15.884564247441594
20.257278966605316
63.253718168893435
73.70823659557463
62.05248964285576
17.875726116755907
48.23870459575174
20.249512422798407
91.81481116022678
43.710337679153604
92.12063940890022
1.4275608846685797
91.32159540554386
19.5880244898811
16.817539875105858
25.10361547205732
131.05024840195887
96.73299620725221
33.550019092537205
28.3566695189649
138.60565029582477
54.191648766185295
87.17220912570632
21.751370850105708
24.466009218951655
49.0202056706409
19.177381410502576
90.66575434095675
43.525631013270264
42.886085195048445
30.657589269119576
30.788622379035015
51.99297756509696
138.22071922627805
220.44792328140326
8.810624913893387
81.34792067292302
84.23418229750187
79.32012599372977
11.370573751941471
16.74541104453373
37.08181882083078
52.8235382208526
52.49083318471302
19.96452359717781
25.389458092635895
35.37742867675304
73.18030186936745
70.18858549385294
31.353904624604894
71.55321967650019
25.34781949242401
86.96275701645509
45.08469118399985
88.99627338770954
97.79151801867187
185.0914341825343
13.34553301851226
26.584918926839837
23.636729835525884
228.59030822636757
13.8945652410029
29.148090168758593
21.25466283949248
35.670195887315586
120.73383295168568
42.376107402233615
50.73548810032832
49.65518788444543
52.309861057330295
29.79980325284742
37.030003303205106
42.77701794943288
23.586717072878482
70.38129988939217
19.591850976958007
78.71197021055204
38.13594081866971
29.01494445608787
11.50547117675423
18.492026978658657
175.0614092561071
99.63920534132387
78.80442833434178
23.780567687498813
37.865632179451495
25.043654858882967
95.83969592823844
89.45820041056513
67.51302669814933
17.91990975719761
37.23901085200378
51.82286145777558
65.85512427197892
33.72343106775511
43.11474398403405
42.665252506401416
41.59114409361188
124.47611389417065
29.037068580699376
35.40254114213505
96.14503020166667
24.18328611614021
48.9164227785651
13.860596099782066
61.803542257154234
164.91696905451366
37.70543142202855
156.2674313560557
14.974619294520956
42.876305645132504
46.3020497629857
715.8008925565626
33.92440510742764
20.71842218796448
77.72216777513533
37.65262622694201
68.61133383839804
66.77965462105904
10.999084712391982
167.70564121194153
29.800237738690317
26.069573552949166
148.7618817688795
40.7493576333406
76.5420250482081
108.89255967974648
54.06687299754271
21.0951520126228
65.11966497414483
67.44681234248492
16.599222628911388
76.90610561313585
62.95898493484622
23.103365121286274
68.62743129003724
69.04115603634968
160.16207025727445
192.17311768537687
17.331965338961663
58.14561677878636
156.2942460190645
19.300902940244047
405.27773489083546
24.53054491793729
9.493629422557868
139.0740089146692
40.850519881642136
50.600511109040994
55.33917955101639
20.911960800479456
31.288475135043814
115.56130173575258
221.67053612073886
113.24921065139101
15.466586522088871
30.24187715109492
95.39020219391348
147.84013926504016
57.81048369740114
27.22000096500295
133.58375544342383
25.882853819927046
23.875926003898808
6.3306466412986815
23.725728731196387
28.159404309038344
50.52271762940182
66.39399620074234
121.20879124560359
150.2401990812339
42.25034416361248
69.4997448150669
152.53204448604563
17.867553294677226
34.69987907311276
149.48530143557127
28.991474977525215
109.0774134891479
176.39950312429545
47.43080243686326
391.0322632687155
41.87846918875738
1.5374246554294932
39.1127565860121
21.36426260959444
20.81679637326991
25.533557992564948
32.01854940709312
27.58449090426012
165.6679035323329
53.42455073137348
30.62637370292101
52.11653993147653
64.57932512015961
34.72528866252912
66.24261506188903
32.990160396945654
10.554501443392347
14.357894468150004
178.69026758371868
64.12785912979399
63.32800717655937
100.56565541684867
22.914796690534637
13.42718228427228
47.757487368154315
75.87321697556538
23.82576042480172
84.86821140276803
36.558542311169056
27.678157418827237
36.9888973967785
27.613086654772957
27.621908656762578
38.87025506227536
69.68235905314248
24.811313622706574
38.3003216277426
34.84450956861519
109.56630961150597
185.47563838947195
28.284534826181726
282.16858675574366
41.457830875561015
22.615421786108644
19.286972249829837
41.245060072752594
17.33732542353936
24.841321404238617
86.00907092004859
33.82206924427294
26.152878850691685
45.19936596242126
30.68576524241396
109.16643479779987
101.63298779643034
21.497914830804888
26.108570047307293
46.59900290232056
19.556368109072167
12.112277313841702
48.90642520138772
26.85268337608586
158.3863511957077
45.12411711581649
34.34596665737343
25.918247989839813
141.23398709215502
31.92980791508586
47.5784289441428
48.93248835293733
131.06738051613027
28.607771200303578
35.17754392579234
65.99967128190538
111.29917385537013
16.300222108658602
21.563068658820637
160.10764255607873
341.7504706599433
13.042253809252099
51.60722658338059
20.80794846037698
65.40200585417176
34.955972736146144
48.252488544391724
27.12822219213355
51.920770460586674
150.0901084629665
74.7471522409924
21.857244348488422
109.16684620050458
43.029224013687276
26.694276950974395
27.237133509691397
62.68169302913284
3.474507568015425
17.730985144866203
34.86423196849845
7.566575999363735
24.753758708718898
26.684803284589485
166.63601115339554
50.07147645426098
109.2084981229442
130.00769776758486
9.619254914534169
118.16194453490905
11.628469276323665
35.91902101360455
29.742437456244893
47.73853364088892
24.846298856076622
52.27304837201754
164.32056629961681
47.70178116950058
418.9177506230067
26.312655507022782
39.746766646685835
59.82539604267554
7.26127929667293
29.518500372792907
24.55163677902427
34.548292647852676
22.06251166704981
16.130503600268668
28.24154924321108
41.77744146417353
46.416375276831914
21.40124358994647
87.1019065014315
48.12012516723621
61.04737130574441
25.579278132628
120.83919312219678
73.52396567032028
43.40822703646127
118.66880717833378
44.64649596665633
12.485319401352871
40.1055218674892
136.20844639020063
10.943334096481987
77.10824420560343
37.451278183023234
19.194457132809585
17.37243791435514
28.761871055133728
227.8026169867606
18.20169485615638
10.830213746267637
36.75735152445339
40.16950089916847
37.19446367130196
118.77233539995731
179.3531557073594
207.6186151161562
24.556647303897112
43.00197719467551
18.555302856369593
56.80708720235054
17.04996567683524
18.3679751127113
72.70461069195136
18.129997950693813
128.1507591294697
43.87170784361659
35.201875979261374
126.82239055405947
10.996422162842116
306.4461768576785
41.44627253136306
30.86034815584097
38.50072319665257
22.112943076404825
15.071240424753098
70.11858701978818
21.75964673760411
25.541129909944303
32.38063913412338
15.008155134116613
83.96880486363717
16.15016652930705
48.37913166809974
49.707997800964584
16.91869420579568
120.98038362701347
26.503899944572808
23.098325257957086
48.90764109588552
26.031942043791087
16.928905327137628
120.96091371865138
73.22809182555919
24.80341066582814
28.902037337989597
54.469423165490966
94.02599779251359
21.250519120008303
19.487262405103476
43.499593344686296
17.42339980942329
202.11637996558264
46.176233284556034
37.6832453887482
104.80250922311451
123.00030761591573
17.56142225069922
21.80084730376524
28.558650546007943
205.9631167674213
16.18152233211956
123.68037424880482
27.549642750573028
30.772618120222607
30.30465878092978
81.11356327175962
43.80192956609121
57.06492875216801
199.3237440010422
73.18552466066018
68.26232386127606
99.19875705884702
25.085025854610457
56.31218469423827
23.229017722239103
92.31697204874754
24.770339882610052
113.25418459181417
34.685388395759354
46.751910274438764
28.871033690997944
77.8335071556954
21.898160443930895
14.64368321034499
103.49579710600116
38.930519120565116
39.24649668103791
178.81706519826437
44.57303835090931
23.06220851036875
31.02693458850501
66.72628837929028
113.51726683946033
24.465222390461815
12.625394434821832
61.652466245714436
19.07989191585323
25.183646576325753
155.00469234308457
35.519007472415375
21.42939881264652
163.6689829665747
63.501623298617865
35.28778295409568
19.770082712757873
70.7724964338221
135.04821314787853
79.19745991628444
38.590852500381594
173.1189581303353
42.86524397715921
27.70387479609762
38.153425921546514
57.8780970183567
75.61012656846545
52.93535311648184
28.035782969917385
22.74217202109321
71.69244541115962
110.66497516846707
41.16784481341031
24.98539578361983
31.71362012475037
28.964147780379005
36.8711444724464
64.51040073282489
25.724954596736005
34.35314787322831
39.476322142925014
51.03714501975169
32.208148683950164
25.9065469082404
148.6317837483443
42.89356647013618
28.71669749636838
32.42633810398255
43.8724890131145
40.942203406977875
92.97011051617662
41.037803687437986
21.499334579739728
41.64024144272982
63.70802807438142
89.66654399411529
74.40808853284123
31.39234764425415
28.42092602153506
21.721650040611912
260.6076650759175
51.45883565459289
25.946290544053788
71.18672026775825
17.620178166530145
20.770890537045368
28.683456794625528
77.41007836069163
25.29318499950874
34.47313865354241
88.93651140306291
18.365211210864494
176.2736518317176
10.098650106426044
26.812658660971966
23.424815431866946
92.76658577731716
45.28339803093778
49.68864578896444
21.78945211969988
40.5387420377749
132.49886792843236
70.96557221552072
20.60052733872767
60.699517134731295
120.32121219720132
37.82505854578278
24.555778365252266
100.72973075087897
21.227663586046063
25.92626899528745
25.969416180503632
43.27491493980008
22.700696992778113
36.61097104797399
20.34680858370348
14.480853282325908
16.44150317055876
30.46504569736129
207.88515870561613
141.48153668183525
12.004944540803043
31.099347471838833
19.141665481984063
20.6377764361381
32.001495271784194
109.42681780656874
19.989231226800513
34.19397343537812
46.14002567713891
142.65075932970475
20.253786507375786
86.39837894076567
29.742071869286754
64.60267528691227
25.845176387310026
42.747402004097964
19.828881347227185
9.668234992831989
25.636202116266773
28.882210461094772
33.95988645901488
23.94826469391097
20.48996524138508
10.597206945022512
26.30008003630368
41.62527097514685
71.75515036101012
65.97366052864835
28.053859680516418
33.26929370782538
65.50271474238113
12.518819565871725
113.83083366139827
24.246006776159955
51.57782269093659
26.334831106626947
34.16079688662493
51.8899984107007
108.56412459188955
23.783147784573117
86.34069236715672
15.576165451468372
22.400000908355864
17.815280240902638
59.23949276365351
341.9935386183829
31.17617205016326
65.74175016173804
2.7136084025527745
33.628568145725694
38.954112821386396
13.055337851896384
20.333649671545682
39.41838804588686
31.99995532693628
19.069404918065057
48.88208632557725
31.03300308274587
43.483776503361554
9.77482396257523
14.644747582867966
72.9470546158231
33.49796759874126
32.83103830804067
116.0180673345394
271.3464997093022
326.78203891593506
144.72490412750898
74.86461429952011
46.35836622876698
87.32424117753993
95.57941408965968
41.901411282235145
212.75583648518048
134.21698438345322
93.4392570994837
18.583709453613842
161.97086529564132
68.24758498572879
18.189342189519504
10.595996781549562
66.56399664793284
19.736402207589155
23.835041188161767
48.07469305997361
52.150502922873734
50.04600989793941
20.095921708499812
21.93086370493171
9.54523740187186
10.850060650383236
34.14074770731675
7.252622265887568
47.110284250512635
9.983476602071153
34.806345958168606
47.09500028990625
15.407770114614017
44.18047677409089
54.05210750461128
69.37866565844712
47.60074876111032
24.091839554402355
19.589539262564777
10.981809159672764
21.593064287561074
35.67790214313234
138.38887586950443
240.72135159576484
220.02470270723992
82.44788580924732
283.11527282150416
14.535701463122164
21.97098347440905
24.079452846458114
36.40361762458637
66.51741447367635
52.21388982256215
44.04450568745515
277.1192695273887
26.323538553296554
68.20158965181285
32.61252676592914
25.843054516125036
73.1467469021834
18.666774621903052
10.920118401909214
95.40976136901575
186.85234363788103
552.6703858414377
34.12919865065532
168.3028574312323
37.68115527728525
19.02553585457201
93.15998508764825
171.81472042562964
39.85245426568388
33.45043777393123
73.00355650194561
54.32440308778436
106.47544172726775
96.52852730009833
28.250778467087706
984.6982577892593
51.29769314829851
11.479292065732206
28.48255892908453
224.60086786956808
118.8933808738691
171.55175162949217
53.52217989334367
60.32302862445928
37.65993218971122
186.16723090907394
101.87609586648817
21.61931128265793
10.730018650003121
15.215397243416877
134.98835565668642
91.78409289812059
14.81389475225485
18.051338889327045
26.362672477619295
28.356180983447636
30.047979277635964
33.03604438160717
139.3505769306358
24.75245102338906
72.28310815895979
24.530818176165845
39.48823647112775
27.396888351133
15.545715740487811
31.79513455628017
32.268964937163446
73.22268186042794
4.2280137035885605
67.1263738173341
88.76261550695256
71.5531091193296
87.91225409073554
95.10157189745966
93.85028364939872
30.299144826588883
48.18503110183058
40.0438990238585
70.93411803994663
11.687125429487125
47.43942216410149
86.27577450578588
101.36744059117113
46.32201632680878
16.00785417754462
25.324835936577763
73.28423281441694
25.211633136234706
24.677162151067826
75.71274565205813
24.963349490133016
20.92474448072482
36.35100597818136
201.22691874804613
40.038415150258786
51.78966822190297
42.143698544485645
1022.7669639332593
18.128740697976575
41.88268020872525
104.44654689285343
37.1852591774443
18.262046175487768
56.09222438372493
21.921399726196096
120.29480319857808
62.01500391083
48.133479074093465
77.89416793672798
35.91284512531859
120.1085109055472
39.78204288953235
45.198005605253634
45.23400057148611
32.92698234091181
71.76338968403459
12.022550306879081
36.13987102175946
74.64539221196357
74.621966845478
37.18039652252494
50.54021107258351
37.38222013749243
25.140768543050484
73.19019110044111
52.37746634756798
33.162500887810104
27.41772478940763
669.1393152617806
210.24773090132925
19.839218799797788
13.117519317197445
27.509740811203073
97.4039573194367
60.61106519040679
27.751853771517194
42.23682905530482
86.55350667206042
35.74597872777237
59.74274773025135
32.18139547970816
39.27370771060795
27.388198104254634
17.410735992655738
58.890993463730034
19.307005644476746
29.589374519895006
67.3843113113831
69.97930932116134
52.98194678669313
81.00461562503016
28.76270963657285
