0.15608516492040375
0.18428768526734687
0.24015941808576186
0.13524754635854666
0.3115594937276342
0.08071904179677558
0.19887264636006274
0.28914675509157506
0.40227586727842773
0.21648352917641944
0.27379659513236415
0.1776998695472389
0.18017959517809656
0.337909058786036
0.24180492548435184
0.2818369006223963
0.08539935404624743
0.18352814203670953
0.11599339678873553
0.1566347337845861
0.16884699236730716
0.13389024179348197
0.31253313594359533
0.22170474275737906
0.2825891137293024
0.3395256898615713
0.22692323531665373
0.20621409790401055
0.381267546900205
0.18820210535905765
0.27317286838080845
0.24631910261057216
0.3534114934441611
0.16251804735389155
0.33780370889354566
0.13599375023448437
0.178750396630769
0.16178664305951734
0.2306090799954249
0.29581149738221996
0.14881105835461025
0.3157453496252159
0.1995053869476301
0.21875187482945546
0.2534730235646417
0.14652991869421772
0.1905055165593222
0.19711633373599155
0.11085271697313669
0.21941038351713754
0.2744057739503219
0.22772356954334794
0.1852981469578864
0.08565615087766126
0.2617981459891174
0.21434471573013084
0.31030998272123994
0.22853028869378977
0.29833102763608504
0.25385878792307903
0.2547239261599259
0.1323889663122923
0.20777439990176208
0.20411753241203753
0.18217540736874674
0.2715798702281403
0.06352503071502938
0.07216979385495177
0.14761647059969094
0.1651530978549858
0.3222621353849083
0.16784512573146024
0.052889192503651976
0.30606178968190734
0.07513297703273746
0.2871786454126598
0.17926442984833196
0.1557947130261897
0.18387485277002652
0.2677018139994137
0.2435790837338565
0.30830959648704453
0.1903385259476471
0.32046676105986444
0.2584235835640629
0.13233797201275305
0.25698132110603716
0.186651082681434
0.28855896752053967
0.185187758701029
0.18324769942261007
0.10128739781117332
0.17398472844362847
0.2827829250122086
0.07702055618016952
0.11739964636293523
0.17155968353406512
0.13942082930106578
0.16114786927836944
0.20117177695051625
0.10390233535130206
0.376591929135417
0.1907107005142813
0.2990412313166508
0.19774343381370058
0.17048203372023857
0.1725336688528154
0.13103166370984093
0.28413564774673233
0.13480430922084813
0.2221351751618408
0.3406680039680802
0.14689733535775581
0.07147895440766115
0.14227429298675376
0.26106581940392354
0.15042760744501774
0.1577840016150409
0.14805302419909794
0.17237846755762476
0.43925804274220037
0.23790358326511898
0.2325998126430497
0.40499244070239704
0.16090635253146818
0.26783227353040306
0.2025423906167899
0.1436004534036104
0.20948315799969475
0.1731533916586021
0.22396522197471339
0.41844621260634235
0.13712707852101827
0.0889904009411776
0.24734120787679667
0.3300794408480283
0.18320345180453676
0.20760578366255691
0.18281138108747144
0.2509629192089611
0.08910837987069475
0.2218487320567744
0.32382392054405684
0.3163162925293728
0.15057700939622087
0.08355187520136766
0.15696158851052727
0.09995525525579682
0.16613740959885023
0.16775623527234443
0.1469319446586167
0.2054188602772363
0.10110754221592361
0.09426828512845724
0.22596343347508077
0.2683186542497431
0.21838577072317777
0.28673074465717147
0.23206548584485429
0.23546923639594294
0.24789886329662228
0.42070189712847744
0.13819615756366502
0.10487965635125913
0.40976871710989027
0.2715348919165465
0.3270698435560866
0.42927273102056135
0.15770896000534906
0.2850214242670375
0.03252315022307543
0.26139076785646176
0.15810248662860227
0.27159195297785077
0.09185113564064405
0.1931754175911933
0.2360800068550114
0.2530378884080184
0.5497479783359945
0.16064669918766716
0.28059632308315446
0.2568003392090757
0.22496365049104713
0.30486696800493024
0.08148706109723267
0.14626259742478595
0.15187879446813354
0.08177838520891666
0.10918180553223711
0.2228274507715341
0.20427392733330055
0.2977324728564699
0.3527474449190201
0.25627226780055645
0.22318719613093696
0.20170619458201192
0.37367277830724244
0.08023897229176044
0.45634724967913914
0.08911574176176897
0.38791557055603504
0.0752607062097567
0.19165625120805954
0.2982666028255194
0.08406108538874864
0.22689098327897217
0.2416287322230053
0.08442451508302913
0.3306614996141144
0.2283620273744538
0.2692498131770427
0.07268752953694506
0.0713157023236474
0.1277836030943484
0.1305259979450395
0.28618477716906765
0.20096236349225516
0.15765699499172373
0.36767625173554935
0.12941882960656054
0.13290163599516908
0.2229116582268839
0.06983653157743115
0.16579357919551416
0.11266796344958713
0.21110322030876208
0.23234423353625236
0.2201286280403816
0.2180328428650828
0.22795614267970543
0.23108366736438388
0.13346864860098737
0.1096165298880933
0.07966926869671444
0.23775496599126114
0.192240129974443
0.36744462597996563
0.14359919170543786
0.1489924373124876
0.05239432389571072
0.2978434496448114
0.33576860254471474
0.0787938678120485
0.23690773461492615
0.10005682536762524
0.23790219283538766
0.13697327241874513
0.15542082823806944
0.27566098382570314
0.5081426908243201
0.15066151370840675
0.1199769567420824
0.15102111852136657
0.1528202951964639
0.26051954386959447
0.1592726027406983
0.16213570334487543
0.18323175326150287
0.1428831632637116
0.2666559484321087
0.1278223753820617
0.14201534135361846
0.2954616920837459
0.25622802844356285
0.17900407169596438
0.19391806107107992
0.3978927343749953
0.23719304962503104
0.10911930543054067
0.18290821110362546
0.2661332603012482
0.17318400392411656
0.1325411341548223
0.2696090257671255
0.20991942186832088
0.2475864940322105
0.21821788640460663
0.15968068697951796
0.1145469609946633
0.17788143454410718
0.18869944912857622
0.2125607288500282
0.2413270518585645
0.14530100938212057
0.3661718910131195
0.1570349734912098
0.24492260636735674
0.18085192474458114
0.10021343757739137
0.3757296852006598
0.20763672086126708
0.20435487540381103
0.09492446591905192
0.14899832420610057
0.18786714633635426
0.24319677013081306
0.15303941689098569
0.20792806062397998
0.12696724003610682
0.2818389089347668
0.20659042498466726
0.14966705791487955
0.31652140776115995
0.1854321732171947
0.3887587024742698
0.19547125107355942
0.14703653132224523
0.18071970283825195
0.17781405601459152
0.1159999144310125
0.0971123077601537
0.18627682302454818
0.1763628412429485
0.31923894843835043
0.20997801731441304
0.23161018090694405
0.289123086247972
0.29484484145725104
0.18833818652970222
0.20881779033607523
0.34454427020917633
0.25534566755848603
0.032779448430893976
0.12130041530159061
0.23119553977110843
0.2183925707331317
0.24509674206103846
0.32153791586477515
0.11776372411690735
0.2977999599627268
0.2519041497964141
0.21236498560656947
0.2349680367130274
0.24139514423776262
0.16786467219004117
0.12990525907433814
0.19199833873591635
0.1575649611085517
0.14457707551441268
0.2704338726333632
0.3858010265569728
0.2568497700066931
0.2146519648084763
0.31630010489933497
0.1762504910588944
0.07945368869475158
0.12331216201833847
0.11633164832813755
0.19631121873086974
0.39598697691420176
0.12267507699053631
0.266759423055347
0.3090948515790283
0.1340406866904928
0.3071821852473573
0.1625751068161792
0.2978217772051045
0.18494947292819103
0.38118722251646964
0.274123720628614
0.1726762801077235
0.2525555373667191
0.25726423091060435
0.26927335046587253
0.09074211963367733
0.28148975840413987
0.1468222106470954
0.17820666476683455
0.21092560510949346
0.1350788190722734
0.1386168810545442
0.15700264716600118
0.13806478103408887
0.11401760824350056
0.35434588184809984
0.06425254096223153
0.30915959871749504
0.17834298906416912
0.14415671519971782
0.09611607088573876
0.3268609993420335
0.40770743242144836
0.4888128636639484
0.09211598177177781
0.20192726210057366
0.09720825046846701
0.1397330950294127
0.1869879701543019
0.13935892847998846
0.2000369959520425
0.18766376865816548
0.15460223572776652
0.3708290118850348
0.13972162538888847
0.20521309773223229
0.23859789848982693
0.43696835438402476
0.3563881911942972
0.23019768950922917
0.06597123038174652
0.05361064463241398
0.14422360671781584
0.1471930635539276
0.18349649385213396
0.15010402965902095
0.05911485934991488
0.09279418784060414
0.21843543314288008
0.16502275818710951
0.25809256359998023
0.17348023848260313
0.3372949234613199
0.3079098025693967
0.1843363198639079
0.17244533726050287
0.2496518924411643
0.2585086101961357
0.09568732031987257
0.15292713104974534
0.2338766227023028
0.1429649986571461
0.08826093961432252
0.39450996858638304
0.2907766239079996
0.29117542455186596
0.290509894523278
0.33189542994486587
0.13744160566655275
0.23046086130373
0.2800816548121728
0.4505525340615697
0.15290927028010495
0.17807015622030603
0.18313963882455733
0.1115470402972266
0.26232101226556137
0.2014027472475547
0.13057328458490133
0.11895554926021971
0.2225012530876116
0.3005889874117947
0.22404649673602778
0.2885984929556077
0.2714969699894794
0.26909729885620237
0.19938315003331258
0.23288096422639012
0.2099242413269793
0.1909651583034168
0.2326287169628397
0.2509566731335886
0.17572723496010137
0.16614676782869675
0.11033572502934393
0.22579090264918666
0.13246161364140618
0.1799950278606913
0.11290245127342972
0.11086347088653367
0.2378715506774274
0.19144799692357703
0.2552330072660321
0.22204061554821933
0.16157264351862696
0.14338887022867305
0.2399843521537086
0.04674737404615506
0.23578776541791535
0.07575525387752965
0.1327615395539214
0.1297424558529447
0.28811688035343264
0.08721299625049692
0.18865765980222132
0.3581757362352984
0.16193754164772123
0.1537943632319182
0.18412322548246607
0.2154402357664433
0.1992831642361101
0.19142536808595342
0.08505305090090794
0.17785763443926111
0.08916473104685682
0.20743515207789678
0.13918508856625864
0.23838470455949204
0.10336973642498751
0.29592015354006734
0.21303351183891675
0.16023042795661466
0.18183119303643872
0.1495621990940566
0.14464067996844737
0.2443582249001649
0.15810340242946364
0.2994713863342493
0.36785995365706375
0.15516034437696313
0.17642532358780513
0.1318569502030607
0.28059708395521143
0.16731121505583496
0.13064389212294966
0.19276583428612523
0.18305386723504158
0.21274871961633712
0.254512191337239
0.12096914479674159
0.458515611303505
0.11098179026798724
0.19913924789042575
0.18965114570540303
0.18323294319459715
0.04913609186126452
0.15306464259708116
0.07066823084774966
0.28817378999747106
0.17728936968258252
0.16560960228938051
0.11117712098307456
0.19970148249694528
0.23134109708718864
0.25178966426316873
0.28988557574798435
0.14182038167834288
0.16173765879839958
0.1946341511929545
0.19915356632016606
0.25542111722665767
0.07538677996205231
0.19153523617763718
0.38761973596643884
0.23614804620976387
0.2108069346308657
0.18868997989506373
0.28144947692498873
0.15094632952988019
0.21983934614817244
0.1091115367195363
0.38522292164978045
0.2174396459500386
0.24348852700503143
0.23484635864404044
0.1447872567634726
0.13582081081176556
0.18574797981730604
0.15726221765041037
0.17518936907296176
0.22475972144486553
0.0954054167018384
0.28635904316299143
0.24274202644754733
0.362023446129324
0.3152116419216925
0.16746797359647259
0.14145552755385593
0.35299313545324773
0.175968654641186
0.11194105076755989
0.21430125555869378
0.34715821758093796
0.11255235259906077
0.19283223234249086
0.16097334984494233
0.19859394615227674
0.14104681350066836
0.4449741611029849
0.17357427085819147
0.21717758482924115
0.09549381619483799
0.40557577454565846
0.09512354863115413
0.2904553374904532
0.25086845323786455
0.12497438581400853
0.1936294929347639
0.2560110095446072
0.3081651735932116
0.22503916545179567
0.22754634814003505
0.18861208000881444
0.22695903654563485
0.5097436348354087
0.37892054680658294
0.06324967032392213
0.21014379696960564
0.17897362539797493
0.33178710292991037
0.1857941410205554
0.3385389689045488
0.2551989254738781
0.23827706258514014
0.14593743072210721
0.21014655980322372
0.18064486036225225
0.11611848178447635
0.24858018973605772
0.2486653876625164
0.1560649557242904
0.2357502555509266
0.10971042421862846
0.16604236786880722
0.1740453605606309
0.23159821011953136
0.14878842775368126
0.22311669908812579
0.3232905181324463
0.1164800480200896
0.19298200373178492
0.16961302679017365
0.16277649548655337
0.26247998517930754
0.18011925835015885
0.12876717890970824
0.21496817244872055
0.28398233224627795
0.15514164137397546
0.14352067326221554
0.2077349685501308
0.16350868823915718
0.08259477402361076
0.30748874136615195
0.10770951157088725
0.09351441406176317
0.11756620303701247
0.23077018425526727
0.12895823553934124
0.16789183058518967
0.2452948182968919
0.1957949154649605
0.2568611837760987
0.1690558532292047
0.23358234418190466
0.07517577053353018
0.20295609823885527
0.05253493979971957
0.3335971827843543
0.15897361607425375
0.33521199442121674
0.2739651332026012
0.19231222284957267
0.09162868032133173
0.2416724907500616
0.11828631407982823
0.0837348328021564
0.5146355594078665
0.11665324857773396
0.1846315274007205
0.22078239624637055
0.20350482479744506
0.28473126232984597
0.28944989663864923
0.2224030258355416
0.17494627144931155
0.2676776566835979
0.3509474679270659
0.13731881581514555
0.3624315889884567
0.11527281485598297
0.23695619243034097
0.08647355457324594
0.28992045059163274
0.11194659988864868
0.2380951709789515
0.13977895057784134
0.23079198937938109
0.23712287993126782
0.28965310169356645
0.2139984405822595
0.23864747096506472
0.25817552861205034
0.2028229497427258
0.43818497459087175
0.25036454057729324
0.09938123964966314
0.2395887821274799
0.24731379855888821
0.16193625698155625
0.014043812397947136
0.16834440897355585
0.08462134741706515
0.09801777222077716
0.189490087137722
0.20017802201563029
0.1042808164615419
0.28968391267905275
0.21169281681422972
0.25164662006141414
0.1538392046209952
0.2869402918411451
0.10633450502625968
0.15696266387166552
0.23426755687156062
0.3266183560301161
0.22413329486677044
0.2609070711142488
0.16905493948027464
0.3414532708027661
0.14144179688162553
0.2653787935313339
0.1259749677026684
0.3036771406611892
0.20864325357533428
0.17112004306529105
0.12110247851571783
0.26408344657268445
0.3447420194631633
0.20747312732986717
0.16242352172959057
0.26950050289561694
0.21339086772036892
0.1628210006048702
0.23918424406857963
0.07234181455597748
0.27826478506667524
0.2250805904035776
0.18445627399095385
0.20955335995451
0.1898143702244037
0.18086056238159848
0.17842155739126128
0.23194055510030415
0.25531416902712895
0.1554423201730202
0.22291260453898107
0.11928976579060506
0.281437195483582
0.17805756301984807
0.3364550748788975
0.2057453622505126
0.13653260661594263
0.20339094168957833
0.3567805206206684
0.04672109790861504
0.29789025551287385
0.16099701787595533
0.23701014492290315
0.08782426268089578
0.29912905960165254
0.10958579545929434
0.27610959097068627
0.2701299726797285
0.191084651306372
0.09845021139982696
0.10332445205162707
0.20361362870307734
0.05269160352593739
0.2858089558128441
0.10895676332714782
0.2695193522242987
0.1469809131340787
0.10154215657018967
0.33047147316378334
0.12378658881049251
0.26288662076550623
0.189714300300982
0.18849018607401036
0.2909564837720158
0.1360836269701582
0.233669779974947
0.20853503611751362
0.1310394938939726
0.2359308272976623
0.1907432164217101
0.1842861921888308
0.2692342705398862
0.14841350391627975
0.11843165011715107
0.08849259379280323
0.1754183077467839
0.26702606439450893
0.08112030025935528
0.23056929457437503
0.14291761810868586
0.21881906483803293
0.22560522348774437
0.141953716290487
0.18735414281620055
0.20351666157551643
0.12434443598900412
0.22573231604442062
0.15606973254392273
0.3117854432213805
0.14482588186066878
0.16083210402267387
0.13152922792117297
0.16706573960854657
0.14102165020704718
0.21346547247548978
0.1563709988457632
0.2533812390338551
0.24800663320036412
0.2125196875985748
0.2972910052296487
0.3037336667343662
0.21441463817603146
0.28978869798791995
0.09309165878654412
0.2173647347428467
0.1858508821530402
0.10691215313524371
0.048768072823217136
0.2254608467539433
0.23798316504145695
0.2463685008594424
0.13766126811074794
0.1731374543204722
0.17945763617075722
0.08824188306888796
0.21063690348195646
0.2776638972729505
0.1819435530621047
0.2515433837876021
0.3400381497585461
0.16407055753316777
0.14691666311560134
0.14027423157572655
0.2311369162430157
0.1656981839203231
0.4312901582050655
0.16133683823635728
0.1741077809499841
0.2479034089171437
0.2735467462493933
0.13044493480990196
0.20734220288340502
0.18128199857227872
0.18106502709545347
0.20595127142542285
0.06549700363725931
0.20803971593026344
0.2395389218196456
0.20795576138394647
0.3020260106727671
0.18206532185951493
0.11830152289227464
0.11331905277719029
0.1522354951210227
0.3074869798004907
0.11935565497663868
0.15801731526319235
0.19952661438999578
0.4129518894388622
0.3041522517202149
0.28850573084309394
0.22638136572479467
0.34886719772496066
0.19111824490719745
0.20810168341530666
0.266340626237275
0.2599201610964926
0.40141162982237916
0.28798526561429255
0.10119082719740348
0.36312982722959325
0.14378139181771551
0.10739235875323021
0.19266012205940636
0.2469372313966415
0.20392074178763553
0.23935906381947863
0.17796873123366133
0.13530697041619763
0.32312544844494384
0.24032937113385483
0.1775391743699219
0.25705723603340963
0.201836686153395
0.17715137396824124
0.15402407621961564
0.27955863313622165
0.10612243824280318
0.3525834528478904
0.33547134092770453
0.2335105051211316
0.3218748274619538
0.2893515761993649
0.0772244757713139
0.3006627011569199
0.2803813179260027
0.19852623143338538
0.15708144779980684
0.20087657455882427
0.09323043409455578
0.07584741772810617
0.30143458256695593
0.28118531985765677
0.1791217948680443
0.32679733649749443
0.20288209337191698
0.17834208619379513
0.2560010484351739
0.3209342117604681
0.25800107465569366
0.11934375101056273
0.17608135524024154
0.12187128700529667
0.3248244223826755
0.20379141706488996
0.14081575672059948
0.1228492711236401
0.2756977570156223
0.21577437497477622
0.1775197981180118
0.08195759583685316
0.18926875119749206
0.17088993884329715
0.04133438506251438
0.09929635126229291
0.16307916096645167
0.3703379255250397
0.33800806695396923
0.15678358966023634
0.4670765846492421
0.2212586992056147
0.15872925254373849
0.14971951334958616
0.1692874038216981
0.12524830481279384
0.18812615167392335
0.3171515166163958
0.0947715305182957
0.14406674526446434
0.13972634216095628
0.19247832028521997
0.1249339222168478
0.19406474342735355
0.21174493640845213
0.2071965984389098
0.21769199918159024
0.08915858967165494
0.3089480013144879
0.1875625410326184
0.14019055035551256
0.20035576013245746
0.26283457918777187
0.2724371519813788
0.336238535584468
0.32983131542988536
0.08887660648948366
0.24377618285900857
0.2630112694397064
0.11190228217498367
0.24915888654351223
0.20098861210264243
0.14428274110881406
0.11240738343307073
0.2626714793485102
0.21813324762192995
0.22250429667637994
0.2163034545031438
0.2649280567151706
0.15651323069498346
0.2651571148002971
0.11193921504351301
0.28528118845504025
0.2991896081792687
0.22487883197807995
0.20988752846005013
0.43579864385629175
0.2512105792538222
0.32191574640476606
0.14746930712822615
0.11093276342699583
0.2683656724716834
0.37069666237868953
0.23001687402634943
0.20811245986317084
0.17048407163493803
0.28932676573404165
0.20380544959343416
0.07268913857370643
0.22685216299611294
0.08686464851633018
0.04735211734885983
0.16828109800985006
0.23691447942087498
0.10407149696114742
0.1650858764210969
0.37030320701829245
0.18436413774223906
0.146376907437169
0.33829086200101716
0.19436922016710192
0.06130828865126734
0.23943868343340302
0.056017793962966064
0.09995900472652318
0.1280556587183103
0.1983713766437883
0.2440770916926716
0.12208274281603722
0.2831634041639087
0.2176972110768814
0.19898319851048382
0.1401742455940371
0.1389554667795568
0.22537143637805102
0.21618069432682452
