1508
1312
1302
1492
1607
752
561
1353
2049
1388
1296
882
1431
1396
1535
1221
1544
1547
1386
1520
552
1455
1051
1842
1745
185
1256
958
136
1149
1950
1985
1454
1787
1559
1676
1317
1393
1638
1454
1337
1291
1177
791
2006
1325
138
449
1408
1293
1521
1318
1559
1376
1385
1337
1642
1094
1289
1008
1581
247
1913
1360
129
1806
1648
970
1272
2385
1953
892
1625
1329
1572
1137
1015
1921
1594
1485
1721
1457
1288
349
1179
1962
2072
1920
1021
1504
1331
1416
1708
1368
2411
1388
940
1403
942
1861
1377
1144
755
979
956
1169
1592
1499
1144
1333
1551
1391
1536
1976
1605
1546
1644
1130
1260
1588
1372
1081
920
1397
1531
1729
1403
1778
1491
1334
1378
1623
2026
1419
1336
1391
1436
918
2371
1144
1168
1519
1493
1063
1545
1615
1131
1191
1421
1540
888
1989
1374
1403
703
2214
1487
1767
1155
1550
1388
1498
1595
1623
1160
1490
1598
1635
1539
1619
2086
1600
795
1538
1490
1677
2362
1484
1215
1968
1315
1639
1998
1633
1245
1631
1992
1570
1440
1565
973
1849
1401
1271
2017
1691
1651
1490
1536
499
1457
121
1280
1760
1315
1407
1264
1352
1414
1789
1385
1048
1730
720
1402
1130
101
1294
262
1027
1674
1245
1209
1718
1205
981
1573
1461
1260
1108
2026
1406
1573
1488
1790
1714
142
1155
1114
1391
1366
1794
1614
1342
1256
1555
1651
423
1487
1080
438
1533
1803
1307
1557
1228
1729
1393
1544
1249
1455
1148
97
1607
1337
1560
1591
1841
1979
1883
1478
1569
1329
1624
1098
1431
1468
1492
802
1234
827
1661
704
1608
1824
315
1657
1039
1387
1095
1481
772
1733
1209
1191
1433
1917
248
1591
1651
1328
1251
1233
1486
1243
1642
1595
1790
1191
1377
1387
1344
1281
1460
1137
1673
1685
1069
1973
1504
1991
1305
1870
1438
1473
1319
1366
1811
1046
1422
1715
1347
1726
1141
1574
986
1401
1232
984
850
1560
1356
1472
1544
1594
1398
1341
1375
1647
1011
1428
2007
1314
1343
2062
1550
1050
1815
1770
1204
1028
1734
1233
1062
1636
1456
1458
1276
1384
1570
1604
1734
1492
1358
1380
1051
1598
1728
1396
1579
1980
1326
1641
1128
1494
1368
2074
1314
190
180
1430
1508
183
986
1533
1670
1749
1403
1806
1441
1217
1335
2343
1152
1197
1033
1462
1578
1240
1850
632
1423
1876
1289
916
1490
1618
2741
1046
1986
1814
1540
1463
1566
2120
161
2057
978
1358
1397
411
1325
1711
1431
1169
1562
1444
1499
1479
1542
1451
797
1706
1367
1255
1563
1397
1452
2138
2142
1467
1490
1450
1501
1102
1617
1729
1340
900
1288
1562
1658
1927
1111
1594
949
1439
1125
1474
897
1603
1665
492
1020
1285
1236
654
1400
1419
1629
1077
1353
1194
1577
1201
1877
1361
140
1392
1417
979
1453
1365
1176
663
1714
2366
1507
1054
1562
1457
546
1034
1748
1419
1541
1430
1188
1344
1584
1296
1574
1806
1402
1770
1793
1674
1500
1368
1423
1284
1682
1091
1746
1835
1078
1485
1357
1353
1775
1559
1369
1789
1409
1908
1349
1473
1604
1434
1160
890
1729
1465
1023
1607
1610
1404
1670
1462
1149
1663
1823
1417
1054
539
1627
1763
1157
1667
1543
1767
1131
1843
989
1606
1456
1964
1090
2038
2019
1743
320
1082
1618
1291
1389
1344
1517
1525
1604
2017
1638
1534
1104
1309
2139
117
1040
1638
1711
1330
1611
1847
1378
1363
1931
1405
1213
1703
1291
2140
1483
2114
1543
1385
1487
1600
763
1591
1433
1434
870
1513
1336
768
1450
1543
160
1520
1895
180
1088
1652
1775
2048
1278
1423
1307
1080
1681
1467
1299
1216
1129
1207
1111
1597
1276
1948
1714
1549
1326
1415
1260
1203
1623
1321
1699
1459
1876
1096
1609
1466
1876
1407
1427
1621
1147
1761
1470
1047
1785
1677
1327
1490
2037
1306
1741
1448
1422
152
1283
1974
1491
537
1341
1275
1458
1363
1503
1295
898
1559
1838
1451
963
985
292
1034
1253
916
1364
1310
1276
1912
1676
1085
1112
1291
1455
1284
1364
1944
1542
925
1463
1684
1714
712
1765
1522
1837
1415
603
1714
1205
1417
851
1367
986
1646
1683
1567
1351
1164
565
1556
1495
826
954
1253
1558
1568
1571
1277
1553
1340
690
2074
1701
1420
1878
861
1616
1686
2062
861
1452
1462
1781
1355
1196
1152
1916
1444
1043
1588
1587
322
1120
1785
1655
1530
1278
1204
1272
1322
1520
1846
1545
1178
1431
2066
1543
2076
1621
1763
1805
1811
1404
1259
1656
1389
802
1414
1462
1410
724
2291
1242
1464
1463
1492
1493
1390
1933
1226
1716
1655
1526
1810
334
1359
1150
1639
1270
1660
2168
1584
1377
1193
1338
887
1425
1852
1443
1354
177
1285
1269
1482
2040
1791
1113
1362
857
1961
1302
1420
1430
1766
1083
1903
1440
1321
1500
1011
1451
1413
1201
1279
1713
1259
1279
1223
1116
1032
1439
1865
1321
1829
1959
1266
2005
1345
891
1517
1960
1265
1266
1443
1236
1687
1516
1488
1354
1536
1244
1564
1513
1479
1909
1827
1461
1287
110
1640
1578
1422
1244
1180
1067
859
1500
1137
1352
1444
1115
1712
959
1541
1502
1629
2008
1973
1063
1174
1339
1467
1353
1393
1369
1414
1616
1508
1181
1475
793
1206
1246
1237
2120
1166
1367
1520
1800
2458
2123
1624
1108
1776
2024
1407
1341
1097
1778
839
1093
1185
1520
1142
1077
1497
1940
829
1109
2004
1854
794
1680
1174
1532
1355
1369
1697
1140
1265
1440
1553
1472
1913
1516
1245
1752
1589
1358
1048
1378
1564
1222
1008
1133
1839
1138
1845
1648
1704
1520
772
1805
1501
1303
1236
1111
1509
1854
1812
119
915
1621
1799
1786
1986
1390
1455
1219
1191
1738
245
1337
1931
1613
1465
2238
1540
1322
1101
1504
1201
1527
