0.7082831764544489
0.803884655060757
0.5808438403224192
0.8914343253397499
0.7274895825671257
0.6766294785681102
0.8326324589578891
0.868007187644037
0.6812055432439172
0.6835786251988052
0.6800380163470506
0.7296451680047704
0.7666327898859969
0.8251825080142235
0.7536745657755637
0.5457260306480956
0.8485564295286716
0.769872516730274
0.8031969109560904
0.5427834218500002
0.794918745828274
0.8696057730750245
0.8015274656827115
0.7519660820842589
0.774462332749744
0.8821726365339521
0.5656776979106187
0.8540981306347268
0.7067360978938286
0.6298003136483608
0.7346380398561192
0.6960960638651554
0.8371101560005811
0.7274238117381575
0.8929175400974201
0.8140317466458604
0.8916157433991019
0.8304752019090293
0.8622618718152975
0.8347769786301809
0.889342556916703
0.8203503681374078
0.7843258524334279
0.8182692567666098
0.8586991862144774
0.70853268759528
0.7754743131931683
0.7609055332375452
0.8810538362695982
0.8032233503545797
0.822839211916901
0.9134873537198536
0.8030412023146333
0.8683502133132913
0.7072914692116203
0.8763776771496863
0.7764881654156517
0.6988531666089359
0.848189154128715
0.8231525950791316
0.7951761381210498
0.860839399234995
0.8936734078127936
0.7430123550564796
0.7130547955851437
0.703932559039136
0.6014129459983196
0.5926394591610715
0.8122638643153761
0.7600316886480394
0.7463403492966597
0.775695370309252
0.7984489191366864
0.5100145798983415
0.9006795603593444
0.8604525282423647
0.7019103429511321
0.6974624048722337
0.8476910935337119
0.746611884473839
0.8320225255021418
0.8595547500075804
0.7577372072292086
0.7722660864578041
0.7677248754965131
0.7885017307217594
0.886619020288872
0.8446030101898033
0.7073299899050896
0.7273061291150433
0.8974760302470473
0.8100425428529743
0.826064404890158
0.7673655969902401
0.8403483801680155
0.7779290680641724
0.7475502946283508
0.8722805359802195
0.7691547992089023
0.6729535257551691
0.7637931205403855
0.9032760007051923
0.8865379909872191
0.7331280384262783
0.6961152789378039
0.858571651702788
0.7088857001655163
0.7586860641036439
0.8769947041844133
0.6812600963650657
0.8716444249525539
0.7496454141505718
0.7065682704600598
0.773379731219693
0.6463128044695544
0.6943966862335422
0.6707573026208026
0.6635545408611732
0.7355727440993495
0.6617916067859902
0.789095155825863
0.6735370888028775
0.8190375360674447
0.6597894450212392
0.8823061487269295
0.8691763825508396
0.857556831896251
0.7431887974786194
0.8171813374694348
0.8304491100379716
0.7608019862052422
0.8241885760618979
0.6618872895003683
0.9135908038323762
0.7462591643640502
0.859337883814946
0.8061706693355096
0.9201097626743393
0.6117487028449133
0.8781640777760149
0.5995793572514443
0.8174284676660468
0.8161047696983226
0.7869741829603922
0.8857048327189272
0.8799240455822337
0.8261981067921368
0.7093071948158226
0.7276134413667577
0.603059054271737
0.6598849628999559
0.7935720257065746
0.851815681849996
0.6782207283255817
0.8087901240122483
0.7385251079063371
0.8147615283044156
0.870327849767819
0.6599787520856419
0.8750276837822637
0.8032267337835672
0.779105362697269
0.867681788259491
0.5632743314051339
0.7558356801806844
0.6862365080055891
0.6764935367387543
0.5462970038500413
0.6697139337884624
0.8644483542115369
0.7252255602168702
0.7430756129334887
0.7635937850923717
0.8724907196092243
0.8477514458180498
0.6518293076801323
0.8828944723359171
0.7482118416741046
0.6808607137474356
0.8801492222027267
0.6380440482619532
0.9246634707443148
0.8462293596231804
0.6422315864509298
0.6809898148919599
0.7659181029511162
0.8633679950275781
0.6344687961647055
0.8182632457060108
0.7488179039194383
0.6804656229584708
0.6941714051804997
0.8286334692051338
0.8009491261770211
0.7673753336058279
0.8586751128434906
0.6738641632375193
0.714420881625596
0.8292547303347884
0.8028672066851077
0.6458630268317417
0.7042589607779837
0.9131214308505244
0.747020670599324
0.8788635431248244
0.7483029226511311
0.8935983999862505
0.7596925789478217
0.7979107547781558
0.8521949459599141
0.6904519736177263
0.8301465031870008
0.7577829276787287
0.815172889639071
0.8594793542114065
0.9353078602943612
0.7475063814074747
0.744321417691292
0.7674823067543312
0.8227880439531211
0.8769416400769882
0.797794892186328
0.8028797694057979
0.8615703773898811
0.6980199923732644
0.8715625263952125
0.8738175777761613
0.7331823753752732
0.662363280948907
0.891398163277386
0.7100006990666174
0.820167402587622
0.8405232376864558
0.8229985484932422
0.8063659263552532
0.6875331193033735
0.7866415227401126
0.5956886191844641
0.8744509719739437
0.7969776619634946
0.9092326308875855
0.504589030671208
0.759550895039883
0.8713107342261489
0.6748553036475615
0.7282539800741178
0.799215962766491
0.8416895199313147
0.8636988670224114
0.8568450719302658
0.8787388774110907
0.8388511818093565
0.8093384146975191
0.6136653088466533
0.8582411605203144
0.6678736390772246
0.831407572221791
0.8361010796908576
0.772874868009801
0.7654621232234398
0.810488199466241
0.8742902809203439
0.8168294856483159
0.6868386398426949
0.9112660167212435
0.840133648729497
0.843566363025561
0.8892344055752504
0.856965714542276
0.8602394765130728
0.6926538699735152
0.874763673672684
0.8049242505015946
0.6037560565379811
0.8207368615972668
0.8308674427494154
0.7319041466717504
0.7334410192262502
0.6875466802181553
0.8332997054800921
0.8183518807561256
0.8126660549871182
0.711577173479033
0.8585438838789071
0.5748464641706719
0.9346449415327229
0.786319823287699
0.7268898981091572
0.9131978654239051
0.8510192712997345
0.7288410409665775
0.7560481963561239
0.8595412164667492
0.8006400967878161
0.8680509524857991
0.7873755871353303
0.767474775728118
0.7573692403425161
0.8306667362714428
0.8204947146998842
0.7016864110473392
0.813062744520005
0.8860820027033284
0.7120276464938063
0.8440950752147185
0.8268594756862939
0.7603890552132571
0.8495472931223378
0.7808340540949702
0.7240415260289725
0.8593691797188896
0.7232245724998999
0.8917936154162804
0.7546006629537764
0.7658487260127192
0.8335252317316286
0.7378986309934124
0.8055359732125104
0.8598041721795513
0.6396587369585898
0.6596322711899457
0.8737431754464342
0.7451167626400357
0.8722103722814725
0.752419826644986
0.8720829868901334
0.7908785616345431
0.8947066323419774
0.6681826473523731
0.8766880866978248
0.8727929846828817
0.9038882181107991
0.7170679314318452
0.8901994170831354
0.8724462008411398
0.8114006400221941
0.7080755796330802
0.8446584234570966
0.743425135996521
0.8926206932417688
0.8832197539365936
0.8482829700859211
0.836396989808021
0.8860242804864737
0.8417767368145699
0.7856109917033219
0.7827870865134403
0.7603979422430258
0.6062031312711431
0.707671701840672
0.5545911738759124
0.8738531546707728
0.6554953329288896
0.8253310471850808
0.6212040098748848
0.6578648300272858
0.8996244108475122
0.8473556768073134
0.8543150128545567
0.8407933951434632
0.827647965289305
0.48417199972724556
0.7001847833259623
0.8681830460863537
0.7928840399112045
0.6841256605532906
0.5645254353626031
0.7453760136170444
0.7842196446678573
0.5705272924602174
0.8011318614468508
0.7110605353821747
0.764085466871097
0.6817125169242636
0.7990009004139913
0.7916457098180447
0.867925129429258
0.7889968788142468
0.8610409290691692
0.7995283418770961
0.8227834128722458
0.7189613118097837
0.7118011538812051
0.823262020153783
0.6351086002351306
0.6064420241167469
0.7740347855218326
0.8023237416306737
0.8271017466688082
0.6835486894156946
0.8696467139043345
0.7359012692109534
0.851551075278417
0.7480035502072211
0.7842372509554343
0.9002772078604855
0.6491649460186508
0.6845910268312161
0.8658968247295551
0.7823599174235096
0.8663450935835852
0.6621935713692517
0.7888298157318688
0.6329437855366009
0.9025288606036944
0.820246286558582
0.7922501079441173
0.8369109764749507
0.7954439149672876
0.7490678206713786
0.8561345411679882
0.6274220412011301
0.8315710352463518
0.7083836624900793
0.7452862126868678
0.7454475272120583
0.8049885381816838
0.7040805192675537
0.7431645247796297
0.881187241740671
0.7603798768819913
0.8556514662188228
0.8086702598593813
0.7647828774622558
0.7888549715843511
0.8577834900517001
0.86752601642545
0.7041397556028937
0.8241497771366866
0.856344375406116
0.6799458091487465
0.6489748184657794
0.7433653934307176
0.7353419884960541
0.8718130542277251
0.8930754333135368
0.6979079035196227
0.7520792965527109
0.8382515529038987
0.6553481360748168
0.7428317579045827
0.7392006438586411
0.8646627518282968
0.8450055419484477
0.8192080700335275
0.8321028700719661
0.8976138459399425
0.7973643021408976
0.8676420387039663
0.7422266811640024
0.7231210432983672
0.8506570446979351
0.8250901925295211
0.7189513721601406
0.8353467229495559
0.7972175549857288
0.7688269133587451
0.9126773269097417
0.7763264676719935
0.8952381157629141
0.8715848082614285
0.760029546936182
0.8660767715003497
0.7114617179435986
0.47163110605279746
0.6034937381561278
0.7756737362469505
0.7069622014304139
0.7912623329197016
0.7450478867868338
0.8397708077955854
0.8851956353563756
0.6442695982473068
0.8504736465448546
0.826655211943095
0.788501573307079
0.7492908212075785
0.8522336067463028
0.8038369316209175
0.882324960688498
0.8199989776180496
0.7828883167389215
0.8361889580069619
0.8093596452256883
0.8211077142992478
0.8872468995545704
0.8331847225520586
0.7051811924047289
0.7381065758682962
0.7885171431267528
0.6765814877697434
0.7572118710271505
0.7089413522475987
0.6721247760433458
0.7653831606297072
0.6967373163211124
0.8235281028337835
0.9120358087189245
0.7441124076415886
0.8243162705695823
0.6179841073787525
0.742686485714063
0.8245131796748115
0.7710476076806598
0.8582000309116438
0.6408725671221002
0.6887123266090915
0.7965473864192494
0.6783416179902184
0.8380668532636123
0.7019870190873408
0.6934941020430864
0.6596048324914254
0.6381010871532582
0.8916016488599399
0.8569027988463762
0.7475447617402192
0.6713125934923271
0.8455605605484438
0.8644682091099986
0.7030402816783994
0.657626399700274
0.8303715476429665
0.6778605072462736
0.6949111769788767
0.7879635430454717
0.6841143107290746
0.6949796903403948
0.6217175073522025
0.8244078029243902
0.7696149577680337
0.8815771248853845
0.6085029941616739
0.6906542697859932
0.7317846082397022
0.7757317132516369
0.9082721351407509
0.7304068065774078
0.7114768555961639
0.8872725338272357
0.6279509189679463
0.7605657019911582
0.7793782176461534
0.7219421005229892
0.857687173933792
0.878720584828921
0.7098586659495312
0.6412911136672452
0.8096063915972551
0.6626211088909922
0.8069886914498401
0.8301872680370885
0.6396382002371448
0.9089317286242116
0.7804961214110395
0.8543239556157352
0.8427493234635556
0.7227688458457519
0.863486232687986
0.7776532543516568
0.9233534073281855
0.7713958491150947
0.774396227022677
0.8463743119550805
0.6790517940365499
0.7031847614638291
0.7759176509560746
0.7027897263221499
0.7634358070450658
0.849379822965281
0.8575596657169793
0.8158912590369007
0.8799201319665955
0.8417284362725509
0.7849053537632731
0.5318798510670929
0.868205974369509
0.8729964491613577
0.7932003587010863
0.5202575602269229
0.7076605329725452
0.8117228611940488
0.8105038198100245
0.8003682574461588
0.7579592230991126
0.7448362018923027
0.7873562702707705
0.8750328357698125
0.7631622264111234
0.7593893164849073
0.8155570117114869
0.6819997528252175
0.8969019795916859
0.891551260981259
0.880058587612776
0.8774168953964168
0.7997754450244501
0.7127898657652718
0.8805376549936341
0.5995862809004723
0.6742193334225595
0.8368099809550216
0.6453564278317976
0.707790169950953
0.6781452830156642
0.807702367370852
0.8372399633723657
0.7826778472217363
0.853572591026586
0.8634825758364331
0.7082741256330214
0.7301425568532409
0.8645823575504201
0.8254398183068797
0.8871089856476433
0.7862883018515059
0.6868712997086526
0.6543858400401827
0.6631882206521489
0.8628696202045127
0.8063786215282319
0.8482594524532556
0.6175844871742775
0.7994182811348768
0.7688324453411344
0.7783189610619097
0.8599785868978574
0.6212810951067328
0.7278697608482259
0.743940761017122
0.858757426125671
0.7734923725407612
0.7759525408933459
0.7963161418255611
0.7042813330926629
0.6254668038724733
0.8517456878813356
0.815594393359492
0.8254270293729671
0.782050508725779
0.6151465289411513
0.7288191854984353
0.7340164619913022
0.8340078268579162
0.8505116447563865
0.7135959660938532
0.6645905679937101
0.6648531771070612
0.7254500626076876
0.8152968933235084
0.8891776917731409
0.8388149278361827
0.7621872082420735
0.7322366207243568
0.8261016176615865
0.785741882832414
0.7126552357600731
0.6233444463785314
0.6096808905163554
0.8108434063432455
0.8179533990939698
0.8382045063204333
0.8040137408641302
0.6262030244489349
0.6726957746488743
0.8910078298914044
0.8432987692673464
0.7779852690527111
0.7910129954221754
0.7811304437536619
0.8583162704727555
0.8193594734349069
0.8076190454441308
0.8175582318901488
0.6404707939685913
0.8161047583518581
0.7843429127814262
0.8627447707087363
0.640175404004122
0.7348926622918535
0.8391634949884643
0.8271323107644578
0.7305580727787752
0.9004729723267988
0.7632737223458436
0.8007382303161815
0.8641286130661892
0.7683763178004801
0.87838766702631
0.8924601121435263
0.7965940736798236
0.6312087484028833
0.7724067089006956
0.7741029378942219
0.5940126826324783
0.7451359870251186
0.8646112219959183
0.7180690133977465
0.7676901859164446
0.8374785134272723
0.7268712972454585
0.8103009825544242
0.9211617643839043
0.6970381627780347
0.732261299485818
0.7328521788159623
0.8610518604192159
0.7411906637658976
0.7916076953469687
0.847758631894176
0.7484670939388383
0.8194693784797329
0.7422280889013515
0.8065893714083907
0.8674168852974538
0.840325211051931
0.8662808310487222
0.8545829734936392
0.8143987103929201
0.7843938089721149
0.8229286111161873
0.8695420026321523
0.8093683368700446
0.7259414812897242
0.7074633616481251
0.7625248480966842
0.8227656726630024
0.877684476406134
0.7305952885857491
0.8227189885851542
0.8543318510364166
0.8437185355482975
0.6801539386548818
0.6698075813522012
0.5310283033170864
0.7211918210142947
0.8947303931478409
0.6703020940629114
0.8772453158216398
0.7965310893854147
0.6729824091227097
0.63409803663323
0.8445194833681007
0.785671271307226
0.8572465231819528
0.7417089467341417
0.7651442364948742
0.8462870417070392
0.6896766482604595
0.8162767742076833
0.8247721411325875
0.7735156189695168
0.6867798123634429
0.6860664518792745
0.7821634197060974
0.8941655236576784
0.8920049317587355
0.8366246454024223
0.6994186860883254
0.7560842304485267
0.8286090629137439
0.7650722057721621
0.7998397322017782
0.837671403283849
0.8921380227022341
0.865898987309147
0.7888181654379571
0.6191761851262599
0.8007574698894706
0.8371262364556138
0.7622046582873823
0.6252994879625569
0.7037958536310807
0.8807523049214081
0.7710269798503258
0.7971978303494416
0.879534027416512
0.8245604016640942
0.7476835146658999
0.838507028583054
0.6946591077952248
0.6549726989528694
0.8164354757579656
0.7975902499544142
0.8539786313270458
0.8322902681879171
0.7354143749683678
0.8892127781862864
0.8094170006450865
0.7532410197173874
0.8382758407577131
0.905457956942431
0.7487112286377949
0.6592039925254112
0.6141549813915039
0.8730371049915608
0.8939719314285768
0.8571201223017741
0.7405318938580033
0.7665588014462408
0.661417012636236
0.8390203937592562
0.6987148347537614
0.8586712913126713
0.8337745004340076
0.778662259481377
0.8469669919234795
0.7758698206359262
0.620100420850411
0.9071799063655908
0.8874131160725622
0.8571249675931774
0.8548295250823791
0.716123852764509
0.8714072679185947
0.6203631726296396
0.6618489705851709
0.8902406253765407
0.7626343232980963
0.8889735154261793
0.7370362166429519
0.81421420677545
0.8850759076857833
0.7016251636948772
0.6992460306549874
0.7407471368040037
0.5858723435106379
0.7897705238804641
0.7345551686079589
0.8794865916079484
0.7146597256415681
0.5867416031231787
0.895521291247562
0.7943141327201766
0.8603931508890521
0.7239908525876051
0.7131999345329813
0.7963467180625259
0.7386679258524177
0.7966473146163326
0.631628529474423
0.9085413592865073
0.887354260613898
0.7603313935519644
0.7147690500230308
0.6900099001026204
0.7303746976458046
0.8480895490198979
0.786084187077627
0.6780339871220629
0.7609915519845365
0.5768394104122483
0.8555392542771229
0.8023057407300074
0.8561025829515626
0.8844032000670603
0.6866565293407346
0.7075733483071523
0.8217359177903674
0.9083088475369453
0.8421777550604777
0.6405687920625449
0.8624174431313631
0.7993192869780669
0.7326968690080378
0.7529467173598433
0.6651271819115758
0.7204124836674745
0.7543883924448269
0.8800581001612864
0.8221985645845995
0.6738624226891056
0.7401366354164347
0.726239287435178
0.7909274527971679
0.6906096338857802
0.8125797859167345
0.6525813514062381
0.7948933599959076
0.755912812034512
0.6975750215907751
0.7437577439556873
0.6871621265953264
0.7148001489575999
0.8361185499689125
0.6966517831106404
0.8567431845212143
0.8134990375440657
0.7235671730638571
0.7361094894648836
0.7209144696256977
0.6626452667785829
0.8199518468137849
0.8508438351834464
0.8620230638704149
0.6821231715269821
0.6229234780257427
0.8065861592738608
0.7468610094148356
0.9061981355753771
0.7022214017902342
0.8286489268733604
0.6139954649720536
0.7750702373601641
0.8795079104510748
0.8544631286403073
0.8736751445544723
0.8107243122426566
0.8907960725238573
0.7162657207727705
0.8402014046165401
0.8373321410480737
0.7007426823457283
0.8193596088523647
0.8497745523016846
0.7400580348115191
0.7762937253142963
0.7682467530921541
0.6825142404087351
0.6769409702337439
0.6835489143658952
0.7691304462864663
0.7613152970981327
0.7388339810063196
0.8649074747772941
0.8362945039370954
0.684530890552252
0.8175749388349807
0.7768051573495315
0.6816841735904036
0.7090321856927969
0.8412122007412056
0.8318397069658852
0.6364908854903977
0.6053439922209622
0.8689867115244376
0.7376941494889566
0.8455520454146013
0.7727768795677538
0.7549326054341317
0.7969980525795869
0.8891464891436907
0.7994269046773322
0.7057124858993644
0.7460468234709828
0.7679828333757048
0.7981511915678123
0.6727729055216485
0.6535185874654367
0.8444898306145882
0.8909221743723024
0.7558329062935261
0.8041076975382946
0.8720744310528166
0.8704778042195238
0.7969043267550088
0.8097084796510712
0.7486634187881156
0.6312854584018026
0.6635122003866946
0.8295045124498275
0.7690803973711797
0.6765806134916481
0.8511054519034326
0.8039096596664712
0.7755510393258566
0.8180128823701416
0.765449301895758
0.9057830969258411
0.7650500474263722
0.7792880486938472
0.747477011086398
0.8299775229153932
0.8823431414174336
0.8819097309390305
0.8746998863716051
0.709376695640668
0.7627209903751411
0.9068840716815842
0.7830286494430699
0.5938625283354049
0.8309451459259452
0.9059046984353016
0.7243617966842971
0.8739651909216355
0.7318847175975017
0.8222865146555296
0.8188132875266569
0.7952335159417441
0.6785170137527601
0.8351989758587204
0.6893473052743193
0.6630505102090708
0.7891618855536203
0.7616720027664019
0.6430203611932443
0.7811760971291719
0.8770321483021382
0.7856159206957462
0.8372889491214754
