0.5460271312749347
0.4224628551957888
0.5518071196028547
0.35858526682077907
0.6187168153444846
0.4420472950884816
0.37057852735124547
0.48718115582897226
0.486303167712009
0.4501510041840877
0.4986332239072203
0.7518805294872548
0.6569702406587423
0.4694275620372886
0.409778178230099
0.32511614548569445
0.39298488809790916
0.44666726676413804
0.30668145303471844
0.29328160734463127
0.33686062701976144
0.3354188345024895
0.5494952103561419
0.39640328810107384
0.44744610332958085
0.43382669710361954
0.4099968304165549
0.47286026580536283
0.6221798604117966
0.4112987147560535
0.4899075098605113
0.18498186274829914
0.3341854685169082
0.3018897994592964
0.2584261088426641
0.34474342884857745
0.4173850572739796
0.45762155842192137
0.3596509732747485
0.3843185682427037
0.3633395961639653
0.4361666471271269
0.2921197267117827
0.5339017771986555
0.7848004879863584
0.2573486684441824
0.37862070800659375
0.3896106198767392
0.395488150044544
0.44430716758898736
0.43237445393716406
0.7566141925583115
0.41863223461275545
0.31823828333410287
0.4034098283245246
0.42624304304275956
0.44191314900297285
0.54720678139502
0.40836338919137827
0.7960098135618696
0.41307202769887463
0.41049350188024597
0.2636921913660631
0.3728124149826338
0.5653802222385531
0.46570197384792067
0.3361900295132477
0.37964532166676546
0.3771229284428719
0.47304785700125024
0.4659793025963336
0.3820758795268623
0.49922442195426686
0.38094998033554184
0.5343284589642605
0.4312337298118822
0.44458206108326626
0.4756374410600574
0.27839087025945836
0.41546329590610515
0.3907302736617848
0.44732828941541775
0.3734925474713059
0.38044313597468093
0.36763820223906085
0.476078402959184
0.4884202232223579
0.3746270877156611
0.42171827517338956
0.3527527257540959
0.31962013017811697
0.3648174024299843
0.5380548895209547
0.4767497597357345
0.3742414380602327
0.3056948418660981
0.33652550273460474
0.5150467350099381
0.34918427513098516
0.3796543179518734
0.2914186442210297
0.46488795785747883
0.39051084235068206
0.6322265647526095
0.4138688496393976
0.3415613942236602
0.5492897281301415
0.40903512299153194
0.5457509061954118
0.3584712036350751
0.3236431695715681
0.3758358930770841
0.41194901340250467
0.2598496629226701
0.31460150594396014
0.30756007629553
0.47663930329216775
0.41684384203542163
0.5057380598095172
0.37032331961189013
0.26589338107572147
0.33292701025455484
0.44654413189277864
0.5214735482017615
0.35438648317984356
0.42209544630607176
0.5001106414078255
0.5277406577050523
0.32318631518141916
0.4139199775710417
0.35695299964576055
0.4983131061120076
0.5036573328800474
0.37128930228291673
0.3020037440289456
0.33079003645804494
0.3786853433621393
0.5105625793856796
0.4341765741049445
0.4345538923617928
0.6057882787179837
0.3146133124251733
0.42727037775590976
0.49972878063814663
0.37785846165758147
0.4854612669558793
0.4122883783538536
0.41801244074691446
0.4731810805171751
0.3916780025111597
0.37441133928063997
0.4219229060725066
0.34708208747763347
0.5129326710132135
0.33031099628102845
0.4453875453211479
0.4410707102202066
0.6301008782866966
0.4701025352133015
0.38866239200041053
0.4779598825511426
0.6964789265479
0.5405451011199529
0.40352019574138487
0.40451757021812135
0.3605346745748393
0.3159657601004533
0.6691132422189274
0.4020981452669943
0.38317647374989305
0.28537134347824356
0.45874842912511715
0.5612069304158965
0.396485040017556
0.33586424329967823
0.4202269593208136
0.40773226851761746
0.20788762083022072
0.4536947986537849
0.5431585904012624
0.4104231366949935
0.48396181604750144
0.3753536739228501
0.4326747400931077
0.38085842391794544
0.4565932215177848
0.5706963640367131
0.399208236010215
0.3781330534565419
0.2348497272334668
0.36133929563138756
0.6362068234645233
0.2620595550669515
0.4286213289426137
0.3909511233798192
0.4157094988016206
0.3731738712877425
0.3795162150951127
0.3050357432269707
0.7331896725898196
0.4366854056073417
0.27507789098132074
0.3644891790818048
0.3622687501360593
0.3165923637738308
0.4842688224745938
0.5372527501131581
0.4716332502691302
0.46912553033079385
0.25593492979449756
0.3585425357227061
0.2561400018414082
0.38772570822352576
0.5151393803870374
0.48135099901909895
0.37934490294629786
0.370781034248232
0.22345776173064869
0.5284546365210918
0.43101094768678505
0.30841617033537677
0.304076428953065
0.3346424848570161
0.37332037891489733
0.3745709516445498
0.41543409950654353
0.38549725092572507
0.333366682893716
0.48792379893887833
0.41655089711093063
0.2282504061761989
0.3240556094505588
0.2994786262763592
0.37829036353767836
0.5372068980609359
0.41289647426765097
0.7717081918953846
0.5591099938552588
0.3739065036323603
0.4989203411553493
0.6603466226345373
0.436284198960572
0.3632082152699155
0.3665328996151529
0.3532170051095784
0.49852362113450893
0.26672130995346804
0.4133463669783386
0.4102683118152206
0.43373059942541853
0.4443216424739641
0.5304406327564573
0.5991485072172764
0.3479703457830361
0.5523115420538129
0.37635011535152296
0.39594740277529894
0.2675121392212347
0.3926984829482037
0.5787489854507003
0.7443366172737647
0.3793207722536154
0.38491313773650815
0.3878976566886413
0.35570399490309185
0.377308781148308
0.41033122278430334
0.20785508996107763
0.5524431474976214
0.34053224276606253
0.40658572424335554
0.38409972311413465
0.43227349348422023
0.3720956900071973
0.3419215646603562
0.6337660776729548
0.335319055026173
0.4074650611266113
0.5665489578871179
0.4807170551598143
0.305606466941384
0.6376870658068551
0.6015048785006534
0.4710763889753351
0.41296109683674015
0.37564900938689694
0.36426791216353216
0.33730387238631265
0.3406952233313143
0.5585708788082285
0.3334799164604212
0.40403881336978686
0.311558122749521
0.49956277053357045
0.5663538474324471
0.42167358323232496
0.5217530220726375
0.4401155734644227
0.3897390114267614
0.3219676260980546
0.4536710322236691
0.2953468142924934
0.4755650489673387
0.3862406978185385
0.4539618699220051
0.4878534623961872
0.4254604065812177
0.5313587230817352
0.2678241572281405
0.40746143429566395
0.44705254309290815
0.43162938303984755
0.5987513344461771
0.5051906372539814
0.5392992821773603
0.2843056080388138
0.3186978287929757
0.639051818095336
0.4390291077328568
0.40092769089917313
0.5317232902565923
0.45096693310147706
0.4841369688624463
0.7859556659384558
0.42967092204384427
0.4305678247180442
0.37802562929346634
0.3478327802706984
0.4238095846767861
0.5171537289988254
0.42587020907573014
0.4816268121412952
0.4524784465436664
0.29295980268904864
0.5260940638777473
0.4913138765946109
0.44546262388223756
0.45968114739137844
0.6255576534795244
0.3295097576642374
0.4461048501981888
0.5738872023166606
0.327947817406403
0.46018586670809397
0.2921147178166463
0.30439349995800336
0.4674516271019388
0.32326631521537136
0.31371019766197383
0.322999546922539
0.640216179272414
0.4614253896191567
0.610450878842352
0.4633817754072501
0.2484484489378972
0.38618332704233793
0.4001438031318764
0.34333608120317544
0.4200933358000759
0.3382828454281919
0.527285749518429
0.38577109759481076
0.349832178525996
0.32432892599911545
0.3724349407253056
0.45592144922948563
0.3400368567132658
0.3572417562170908
0.5772161100925696
0.28063646067402315
0.3748251198548063
0.34110149981369786
0.46985739082530176
0.29943725440871577
0.5871922690523614
0.497901668528281
0.5072292757028204
0.5399481355141189
0.3252549123698881
0.33832172723885734
0.42779956106583866
0.3824348667607328
0.44655882715049056
0.46565710540035055
0.4625690529805466
0.2597816131402261
0.610345600707025
0.6942249779119416
0.5499086704137546
0.3475439942800258
0.5222462144886695
0.49762203321832144
0.3423153275284748
0.37736654592733465
0.5273337031559548
0.48281173229690333
0.3900364401848638
0.38090926191076335
0.3832673050688385
0.2341157094354424
0.39652221814802224
0.3775632882845291
0.28004795162169055
0.34660438313101755
0.4101417154258974
0.48495562985675533
0.423254743427528
0.5233116878357034
0.3765424878597665
0.41364068954035116
0.47458977848223094
0.2667258262446081
0.28675597198052455
0.3942244126346115
0.23848214396829354
0.35064669236284074
0.3075081579527226
0.2725342202882674
0.34407318236473655
0.5020515831064768
0.2884232083734253
0.36408527665416585
0.2587217457073708
0.4024209467719468
0.37024407013633265
0.5126060989188549
0.5324745986192446
0.468035687953897
0.5137785440427566
0.6671248343880722
0.42545991608271505
0.3126567320738215
0.34002331525530416
0.5372071947434014
0.48337338148635633
0.35992657393577093
0.35469664984887134
0.39230870280368546
0.3863565141211128
0.5817246541806218
0.4456066650422059
0.4057163525747241
0.2813107741319717
0.36474251432050175
0.6803558266333849
0.45880255883247584
0.5683266716570122
0.4823458959018194
0.5831844599159531
0.4218190460155933
0.41838551078506886
0.4237375431255651
0.5554783108911783
0.2939928208253023
0.35468665895125956
0.4664862201183694
0.34004964710214947
0.6230516550335807
0.38930477111814243
0.4312252804907609
0.492295294024519
0.46091755594776906
0.6586670724012427
0.34703673333805196
0.4313072519599116
0.20565034379073832
0.30156791006144457
0.3651828753265859
0.27748139978484215
0.28096279643790045
0.6180292307722167
0.48467033847519414
0.5825221455705253
0.371732202321436
0.3279060037073741
0.37459379825434724
0.5429592672146994
0.547854210541711
0.5254300521586572
0.3142842799626527
0.5975328815298371
0.3565417727544204
0.322960230300224
0.43765934679819074
0.45820068625082566
0.31216768044314536
0.43679299927386783
0.46714978449233663
0.3558511409328143
0.35095611833849727
0.42605118871888287
0.5860007149526603
0.3700173821271806
0.4555657799811647
0.4445241947899484
0.30053445687727953
0.4632494093704793
0.20119379768371076
0.4630874892328149
0.45922732492352203
0.507332326479502
0.2744265079808037
0.36293926206484706
0.8239150279717358
0.36190227802466696
0.34562256280032977
0.3789105695716746
0.3779093157657946
0.3674183559218459
0.5856124537055772
0.4942085689123302
0.19110877113579156
0.35210207912611047
0.5034486412308614
0.6004188089008912
0.43654079197363366
0.3759957602410088
0.42161549266802556
0.4698471610506121
0.4235684036160179
0.3821361628362426
0.6666434884574222
0.5430849668514939
0.3062667762421416
0.4564651488355347
0.26530096136057363
0.3661893067910085
0.4097078714028095
0.3285787964801494
0.5191214161710765
0.3922161125381203
0.5411606019121667
0.4492850847816039
0.41312949365889906
0.40732696845582583
0.6561531104857095
0.4463778821139971
0.7999890895293711
0.36644449639253857
0.4302033481876302
0.6153953067035016
0.8033865857909043
0.4231277482754793
0.4298576735165337
0.4936706749513581
0.33373220184594143
0.46357762811681624
0.49232588552403556
0.2316887693712071
0.3915655135510996
0.2477326276041559
0.28392528117930366
0.28127564403983674
0.4106715421682633
0.25084533379677554
0.2748505620071819
0.39767701291509727
0.35583128747487314
0.3293250559970287
0.43642305435459927
0.3741617380744067
0.5169633234419331
0.4764344580209344
0.4090336354925529
0.2812441342688858
0.3727599932852723
0.33401592736406926
0.4528552136827806
0.5631204672585195
0.45555623400548745
0.38431062909821545
0.37158606510013986
0.5059222803850888
0.4783284516919756
0.41652763557381467
0.3088721965474258
0.2932815030127546
0.49333198835813347
0.43271335949854495
0.3717751443734765
0.46584022407591597
0.48937287186823775
0.3272687914549575
0.3616186483522186
0.36912608528403074
0.5202871250655671
0.2809864921166818
0.3883540438976038
0.4513162978247572
0.4745378194318271
0.40908396651145884
0.4568893851466465
0.7725914844092507
0.5549038782462768
0.39419640358051045
0.5102086505596948
0.42258440347605375
0.3823913256281289
0.2914286129851287
0.6414061391268375
0.36947604631883635
0.4762771936522646
0.4312880169401967
0.38724976042412473
0.3358385390931806
0.4731723104478365
0.29474768093759796
0.42095293542312134
0.40061672341752963
0.3838286612454072
0.39115418600939345
0.5367965448958079
0.294109834570745
0.2826723236458887
0.4137168245069306
0.4274462961986959
0.4016397059347889
0.7260399931611223
0.3006997185191663
0.46348995442083024
0.25555198442466653
0.39455286679052914
0.3020938844863641
0.33777568974216154
0.35220329166843456
0.4983309802236361
0.4175938483881002
0.42410849010842006
0.3953736528923913
0.3591555528008181
0.34351721559840315
0.4207704322701696
0.3842146035476892
0.4814393991229992
0.4550913177695466
0.25691588069841675
0.5804269297350958
0.5852939093862743
0.771873374235603
0.6613029716175463
0.6441456946963071
0.38432235752303523
0.5752405603493976
0.3613940598196585
0.3869421241475617
0.4892069324998578
0.4785155454374271
0.4057460917171128
0.47813690722204694
0.4575004025160986
0.3524982428616782
0.5195932081881054
0.3976656152198563
0.7237298374729908
0.35714516775079597
0.313277481318293
0.48859616872670675
0.3396780856974003
0.49508631213076937
0.4717617495168145
0.6200687839757453
0.4226417409919448
0.2903620253779897
0.297941702016813
0.4488877391526782
0.4442434523911214
0.4068541278199372
0.3591109048232703
0.4253074138454175
0.4311512113952178
0.5575268600349659
0.6279224412844897
0.42465475695096944
0.30681799660753706
0.4522025482766556
0.4564982624365542
0.48020991914452915
0.5533784222001319
0.3832995490508599
0.34292892895145577
0.6678814639655132
0.27986399158924136
0.3625248646054815
0.44583906886882674
0.2859621613908902
0.545717603825453
0.5269732491783209
0.5294517420116114
0.33022607427664485
0.5125845656086407
0.3805672905324512
0.421499460181232
0.31368535200282466
0.4619895978703816
0.5529198893594813
0.43467136069987355
0.4606100690067938
0.4074272993921765
0.43144241376396886
0.4885200748031755
0.35185472881037017
0.4945084315731516
0.28248838932688064
0.2963067556205045
0.34752538275640593
0.38815026772052263
0.3719082378690721
0.5487720760987502
0.33124433081946303
0.30920626818028085
0.3006859226336062
0.5646312490184144
0.6035307662358417
0.31632507860592435
0.38129740669763795
0.5373811802721504
0.4011256698539068
0.43937565665636746
0.3902472623827492
0.31884018184251994
0.36588775900524373
0.4754577616967667
0.33877940519964145
0.3551274087007051
0.2618355505858678
0.34343899956299007
0.39557325442143776
0.5167300922030488
0.2968281408210259
0.2557025618926061
0.31470034251802004
0.32628489484260614
0.43704508651638035
0.7099466367212569
0.30001966492572196
0.35682351018383623
0.36129661219573017
0.5103348592286077
0.3450804788124189
0.3381602826937291
0.43344932153907034
0.43913250806936915
0.49612607298747147
0.395318254730172
0.24459821325886122
0.3084929357540638
0.47592429970273975
0.5506340383234887
0.4566442280952933
0.5415199960710214
0.39102433282023413
0.45380931798666935
0.30660588091263874
0.4659451998129173
0.4034887316841228
0.4029252101360475
0.374367228734525
0.29096475021778934
0.34896702478623975
0.46064214265022785
0.3718248155946208
0.41004594907880454
0.31720214922461204
0.363487846299696
0.3927391544997585
0.4735188713696594
0.5113677754639957
0.38647663763066287
0.5688208116965171
0.34458765732124047
0.3315604316910427
0.43847847131721673
0.4999655946291674
0.5500830993546595
0.41700758019302314
0.29144280009775614
0.49471580516810343
0.44076179796526516
0.34592544429294936
0.3684420898055034
0.4442982525729568
0.41797927699433135
0.3521138229073948
0.4219913331943235
0.5414401879511
0.5162592447068014
0.5365262301483708
0.4440568411488619
0.30124385146626276
0.34245206150566665
0.3900100660857363
0.26998798929975754
0.31450319226017176
0.43795888355109897
0.21259738051835547
0.4386651268137121
0.38265607979188054
0.43883713122640366
0.3944346654224735
0.4429720766024736
0.3366025185471373
0.36015654333943514
0.33351797098513897
0.4082767196960266
0.2683568845352275
0.5899065843343528
0.8561288478487825
0.6076515023525088
0.3587481545283119
0.46081794677342547
0.30477232942683874
0.29073137276287303
0.42723332999610697
0.4745249499172637
0.381479098647417
0.3405934577315543
0.393006376539338
0.46625632071013356
0.6035625768123579
0.35557729020924894
0.2879255907186149
0.3017826694894512
0.33733753907345865
0.4465902784250264
0.1637661404813743
0.4764379700051443
0.4492158732580881
0.456122984571887
0.6078868775815303
0.31921054764971113
0.5888475187967462
0.42229826299513373
0.5681786777897605
0.436952757844667
0.3567184304695822
0.3550848971245886
0.31520299969400734
0.342014244605834
0.4925317082865856
0.2902137215567719
0.3031925059997337
0.4244146743545396
0.33692652211677077
0.34640938955690925
0.38839033080730556
0.4232373895760165
0.4133051390232399
0.8316267067495586
0.6297198723061543
0.5328636054722755
0.4276132451322347
0.27139681319973613
0.37115035954128833
0.41086651649571504
0.40457148384992997
0.3346227114383448
0.3472122499120305
0.3318422192407833
0.33977098790733185
0.48151800869032535
0.3573200787357058
0.23674760462946975
0.5117640310681935
0.39831711959526095
0.3745651314937455
0.4171170723178076
0.4629121487059472
0.2909846733624256
0.4621277136024771
0.42950658372549133
0.4681635312120026
0.4359507294072388
0.4713759208052205
0.36468509150145734
0.34880671686790665
0.3681265485865175
0.33822998362421297
0.43542263101008016
0.498816420677398
0.3977614164607807
0.46078163226386665
0.3956125248967738
0.4066931820001959
0.35195309375525347
0.49374706692260095
0.28557068286233556
0.34132676806778783
0.4542047975647373
0.5081982095573592
0.40056524008974437
0.40697337076136564
0.40220140961815437
0.3909173620429758
0.5528321530804382
0.40057534846564286
0.4463025107242468
0.4931851362352108
0.42408231712688405
0.4532362938259017
0.5452437168862786
0.36744154149845126
0.4531251284995058
0.43263942506617525
0.3633527960653277
0.387548934097523
0.44991807026154634
0.2650878464567258
0.4846287809743356
0.536990315080142
0.20567342530419347
0.516002191940616
0.5516617288951163
0.46284976268753053
0.42443132303916054
0.7284322922900448
0.4247720261867812
0.24937635994279478
0.6526034621041169
0.3891506796404456
0.3764879323355378
0.35274864990753574
0.3518380076969854
0.37702494895579
0.35387344908406926
0.3141307982719702
0.4137823060340603
0.3729632353077129
0.3935014328055394
0.18796879446532982
0.47804385693711676
0.3932915549914219
0.28546153218913967
0.2725095019119618
0.33946943889335873
0.49374457454744586
0.33895267741810314
0.36614197573254814
0.3422360458699866
0.32844302029092964
0.29650685191404463
0.2522001001266151
0.3848056203273067
0.47392504614897857
0.4249263186773732
0.43099789832308133
0.6345637927659488
0.4566404707655333
0.3517209791855459
0.3498316237061746
0.44944220473115826
0.43035783521364557
0.3245043936840214
0.5251071476727975
0.47986362285122597
0.3292794616135236
0.23003444772439996
0.3880458096428638
0.5694564512752871
0.3075087312479902
0.4101508319080579
0.3189247435689638
0.24083210437453
0.7811661486750958
0.5118488732534274
0.32523651627198585
0.461702421514643
0.4346443361346424
0.26263116049311075
0.5561249983872751
0.3549965056097675
0.5512195927672339
0.6497058139071625
0.5348978860653852
0.49964082417876526
0.5185901387887957
0.320587601934018
0.2921954355094058
0.29503974310640174
0.341377745671239
0.6915410622433937
0.36924513147732596
0.32071611913496256
0.3321304957403485
0.37361029765512815
0.4871318054240322
0.46195352642810283
0.3714666179246302
0.335429728611647
0.46835489449330725
0.7423972186125933
0.5123014330646951
0.43404529763732635
0.36420667965361864
0.3606997992113065
0.35877801077701504
0.7002347200847439
0.7549834900069521
0.4318861574774224
0.3461135566212061
0.4938625697171166
