1.5375237110908497
4.388259707382814
3.43387074409781
1.5827854858995567
1.1346230044656092
1.49266329765383
2.1400800839762404
1.4849734695020909
20.477709233478393
0.9304774935037778
3.2939103173454733
1.0242544870641908
7.98777541568839
3.6022295900444754
0.15283308456719943
3.6730612337844515
3.261960269371086
1.193150114753735
3.1478413129780622
4.063144354831526
1.2546404670594962
7.684583116584281
5.452780354059785
1.4697067283235068
0.5927552677705289
1.0534146953031769
3.952631053479748
2.42780417835419
1.5407418840190932
3.318948555750135
8.902334214647556
1.4824998745091573
2.185004884266665
1.555512051381616
1.730639170035569
3.9852257292792506
1.4962938085156676
37.23191491498539
3.6951688559328106
3.7562802770677823
2.297624623940646
3.3927832225871426
27.501194006374302
3.8607914185554058
2.260188002248019
1.7129379579610882
1.0018201332491115
1.3618848130823078
3.177115597346733
0.17865512477821008
8.819425425287921
4.500943618880187
1.1941638721781132
5.033377153675047
1.919034436724349
3.148966052455533
6.152611287791813
2.182699860652459
4.781734660536731
0.7163058630553926
9.26114058528545
2.1680306335540096
1.9285764861335626
1.4484402836522716
1.034717210744179
2.0037774031060005
1.3602594548274525
2.5225064158892345
7.092656131018978
7.121290369770599
1.2843457370547968
7.357559159783969
1.0172312816010445
2.7455238184721997
2.19135547258095
3.149624852169076
2.51464897928064
1.8107981563407485
2.1643151587741847
0.966645762310007
0.8674186416863605
2.537699207108368
7.375848158725193
1.6981663014237955
7.066085198849137
4.0366174560769785
2.053879773870869
3.0782470538503537
1.5494064830889636
0.8685139769930228
2.433273422011613
3.508254826799962
3.800989083001427
3.20380875919337
2.103882849665694
6.881038320782067
1.4541153043923287
2.0333210918125686
1.9706603779226328
2.0059187070684303
1.0972624323428113
2.6063636671395765
1.5871163446442265
0.7440849025901533
1.467493382102936
1.609014181011445
1.3816659145066519
6.872441747620166
2.2350901807528203
13.912827570693072
2.8713327246828078
0.9252923302194392
2.049681097593854
6.834582354708897
1.184210185137673
1.0340602232973923
0.8734312525178007
2.367627456642699
1.2322424504663505
0.7517346907649747
12.368960224652268
0.5002711916370666
3.7968128688299103
2.548618562156858
3.948636546045024
2.931989845806117
3.1730121126840705
1.85867891060061
2.214567491317379
2.6469524769037207
1.2221759915388217
2.732122533657004
1.321688625855084
2.74749072137844
0.657653052750856
1.6250881880026111
5.711202068978644
2.5120795541074923
1.95519411855601
4.1796654769734145
2.711193426716952
4.087534484840646
4.202933447493528
0.8553530765705016
1.9424740818297475
2.421808627723674
5.636157099465733
2.2116361172119055
9.128538533933575
3.0243800305880315
2.3064316881171867
5.689324421159937
0.6725482188079014
1.1949864730379884
6.537422652405943
1.9708536654818172
8.655970899075326
1.6243989369423015
16.509164847194967
2.351788655061649
11.134062278234692
1.4723286498097996
2.80297038234845
4.764938846003653
5.453897040167934
1.9699804319416299
1.9992362668908452
5.356199976653662
2.6153213645052906
1.1843913858414485
1.11048990511702
7.31689210782976
0.7910870733811386
2.341157468491258
4.714902259053301
2.040303286510655
1.447530010248015
0.908638828288773
2.3478995980477144
1.625495483608351
10.92457789135383
2.8282626655965792
2.7706930903378804
1.159303047376462
2.339599484332155
0.6139163586380988
2.0385676078195174
12.259411144201616
6.457008793392789
1.3702713461670062
1.4719873512896315
2.9449620451365113
2.8486883829677847
2.296042373136885
1.210164668424474
4.101676333356151
1.7043515124239346
2.283822780326674
6.551417122214576
10.92248957794984
1.5609484000548142
1.708577127646875
1.1113251229645775
1.1761380453629164
2.3521606216116075
16.528864538311495
2.0047146707054124
1.1305770617333508
0.8366803894615612
2.7710795737938376
1.3475349118573696
4.337735206485855
1.5870781486727137
5.353025866180631
4.767743882330232
1.692950431228928
1.4494089044997165
1.173633429856064
1.3632271521952326
0.7251084613302164
4.131274636107882
8.090578087174578
4.205596611543784
2.2014633145995366
1.2609544833224557
1.2845195607231468
1.8515846836313712
0.9761048144566312
3.1657938243603954
2.0757410117117736
0.9524454935878708
0.7861908779845147
2.9862888557510536
22.619816507101806
3.133585725750493
1.8984783529760276
4.34208023745018
3.523565304836822
1.9662476020726494
8.802969947291961
1.5666708120225115
412.78117385857536
1.0983959815008018
1.8688728319523065
1.5931987238951195
1.3576201797736027
3.372591080878155
3.193826472326771
2.90864772405092
4.265704344977485
2.445855285282767
2.875426803434975
0.651416512099857
5.291210299209548
1.7217294153698999
1.5453097538887883
3.996807082310939
3.2684270211183195
0.79218396384573
2.0316465841355447
6.709288680121891
6.987201130653618
0.809336435109562
1.1298862525181146
1.567956364410991
6.004406940996135
2.1154047705996915
1.3655334676101327
6.020421188549294
2.2524667371312566
1.6702161475321429
2.9662936104428246
3.923166283921873
0.9876639734529525
5.416235660075775
3.0014112359244565
1.4326457674590845
9.857054527379066
9.510664915383805
2.0665267143418844
4.548529046477749
4.024136074100249
1.9486431770176742
3.7815076007142174
2.293828551934189
2.47306269176945
4.985643501612553
1.6582487639907266
2.0622268332698863
2.914608375032883
1.0777241393231407
1.5574597176888498
1.7483060730599764
9.384577789313013
2.19325409760005
0.8185977933732874
0.1361544560547619
1.4750442070021816
4.521130043760792
2.121460871592062
1.1644128695977325
0.6664199144596847
1.8780312801545698
0.28082526215095194
3.3465526498703997
0.7932338524594315
1.8573306809652284
2.2576407688816476
67.85042940446557
0.5232940617411225
2.3159766278284524
1.5350883275104794
1.2927943938466357
0.3794565229028704
0.9535213985613591
6.768729325150056
0.7936512390362258
3.0639621042834135
8.985348895819419
0.9083119686276568
1.9796087162496265
5.650644053628502
1.1259722901964748
2.217367372267642
2.024024837504076
0.8056687245636965
2.9553655962390972
1.0696434434800715
12.85398283894152
1.8586797670237003
3.1137354781579782
2.2484752035518163
0.7595432537993214
2.5697332861865023
1.3400908909762148
4.64759785729997
2.0059900292237596
2.6570967034334187
1.4342811871683951
1.7922469134091537
1.8637708190899562
20.617430991269103
3.614963090781152
1.472268841357973
3.364992873220805
0.8269749831382155
10.543576369219272
0.9324353927217701
1.7775790245267857
6.687421463079804
4.265392531171
3.708274017019451
1.4146532585912832
3.318269066662371
6.185920863466062
1.132880632197645
1.486002779822062
1.8617875648103432
2.2771193513936567
11.158490184184572
6.497370445148046
2.225970010833263
2.2375245151613368
3.3601285883955767
12.08119696250133
1.4915492684538152
1.0749188801119962
0.9527163222204885
4.21722419971554
3.300287355675864
0.6323125057037862
0.9168997375560503
1.0069051100217936
1.6007082920051783
9.364069547842092
7.966745514325044
2.714387731709002
1.6020997687295604
2.730417659248007
6.467869242264175
2.807489205681436
0.7986783967755297
1.2051558258096877
3.4545749461743145
2.526396991731387
40.422467977801816
1.2452686392593086
2.3665524771348583
1.8465345910541542
1.9170242327124256
2.4340679271825865
2.6465113919087386
4.232050577346216
1.3885093336304615
21.402180301522847
2.368165148428768
1.6994430245683716
1.5308718542099282
2.088622156379293
5.137947952209113
3.6327188122746574
2.6645731628749934
1.0815420268040465
4.531339458844093
1.1969542135416384
3.52857869342173
1.6276575568991272
2.508835051001233
5.037952004143018
12.032782240909846
5.304735357199204
1.0365201334714969
7.108722122495421
3.3794971694235163
0.7682586392237534
1.1530850403479502
2.5095752859208327
1.4678006786771176
9.006202651646182
1.6759480507606686
3.451778922895204
2.6445548725518213
1.138402983269651
0.9939959706313041
0.9714489289855794
4.070643552137787
3.026837272528438
1.4325432555566615
3.0777861643364552
1.511605538388611
2.4862734505143536
57.007515888063175
1.2793887838167093
2.036817172334587
1.8277551974027748
1.3361006060535527
18.823351004337468
0.8231505887797489
2.301546394183019
1.2779752720807918
1.0324341517313795
1.1170503621354833
3.7329909414695663
3.8932821601316405
3.5016585026685014
2.4321608767821257
1.6954936131327496
4.8501701134649
2.8412994339988487
1.2819089282086424
1.3238062789029088
3.893308202541786
8.726137507424019
2.145177711956491
10.214849496467236
0.9729314824093538
1.2173275510262003
1.6802456773352628
1.0292793772957185
3.157163872639933
2.6870043831746355
38.96822803749627
2.616548167675151
1.424932555320959
8.73263527697481
2.0282960070871696
6.832131342136721
0.7878376841534669
3.9471354247851944
10.541875847742242
3.587833445001102
3.189775096488072
2.4273899531621366
2.5028397208323736
10.235576932465479
0.9603724407898538
0.8913070396613437
2.022326717306778
0.7353470196051268
1.5142472562481746
18.112522997031288
0.6724963719950815
3.270637931262897
2.3515359945998022
25.751589489395073
2.495571118279056
2.027484925041032
0.9137024403794398
1.2754617366373378
12.995399134563197
1.9704037356538857
0.971747075440195
0.8650927874840052
83.75030243691602
0.7547874294087237
3.8049502387351417
4.71510825063239
2.78159011610387
1.4444960658054404
8.800586392359792
2.6782895715257564
5.5433070019707
3.1011344277634048
1.2787072033687266
3.2970159239622756
1.0168762231507829
0.7612637332637873
3.6875001766658237
0.9787518736484592
2.693474044052343
1.2564538773014273
0.9475386878109096
0.9820415717405071
1.7273159095689745
1.383202765465487
2.003577208670096
0.8121269713125232
1.4169345376108993
2.6775177720372683
5.613095339974699
1.0148060208478025
0.9501677432709136
2.885506514707649
2.487697243396028
2.451509023055616
0.5782056536189845
0.9301200844614348
1.4856392998074632
3.706000393916987
0.6138770566826295
4.749911513410332
2.108440959892456
3.3921293818607694
13.412533896234404
1.5146536602715177
5.437646124325988
2.123725285462218
0.5796363627556618
1.667780749314594
2.1998910334302146
5.084983651521752
1.3275855387460131
2.884379516385442
0.3312937048033115
2.8312586000582836
1.597628006878412
1.0921770440279928
2.2028363185468733
5.292220951238243
1.475211817096558
4.012030135484005
3.192467225591575
0.6981215932104433
1.600909097649611
4.273293729814053
8.859363366271763
3.1869595779195588
1.2665891800476352
2.199529813659974
1.1689109451269544
2.0827386234353837
12.825876497200424
0.897015257295432
2.6519438130838315
1.6347069857968552
2.3286480844470057
7.2936357547066635
1.822247125929391
21.633225586918066
3.9538974229259214
2.662299768032045
3.366849384275943
2.0747463495928917
2.2722861477549112
3.939432714445268
7.2876618518048515
1.9959633350091022
3.2822883812865036
4.934348962389288
1.8771780145581043
1.837039293095803
5.58293720847613
4.725589170496583
3.502217582096932
8.48816062222179
1.0745313552796767
8.741768492569278
2.8205088587281337
1.2581993394352566
2.369398410853084
5.836122868149872
2.515341875319513
1.7481921077304456
5.409433273539544
1.584003355013711
3.5418295935385613
32.39759688148909
0.8118485403374146
2.557226567667233
1.7432463784658019
2.1487749493253063
11.334615948292814
1.7829440997852684
2.047431933606819
1.841206405009085
3.870647029045192
1.4874695778945926
3.3360480107710306
3.5426913806929172
2.220085512531799
0.8698966660126175
0.688004270602484
2.101930436128932
3.8055193510975855
2.555300450117307
1.532854457592955
0.8896820913703172
39.92146986708578
0.9787687853009135
3.350315760293752
3.0476644564647524
2.1842710819026876
1.3380150008893414
2.9144213901933913
0.8947433941869452
0.8576433372556885
2.910298383838738
1.7963642678360758
1.827227089462216
1.1804216970831931
3.8462590656728444
6.0636108717663
5.427949611065364
2.1132106812964686
1.5041461445122293
3.2463091897454537
16.148096442785544
5.1945931365602975
2.731640792180503
14.8668087465548
4.743409830136127
0.883908752338019
0.6774160522415872
4.217117859431993
2.997318418498843
0.9889299528623653
1.6182456922241306
1.8784703976927606
1.200871420707012
6.969951238353684
1.2650776231437235
3.003428144835467
0.5850780921000431
12.14681401559236
2.4553338176380226
1.318896032220913
2.6278540125982777
1.2528354359500569
0.29372011443290735
1.4877731121021505
5.077359063784225
2.3168671442176345
0.15999901342223988
2.8354945064626347
1.5724495623954757
2.162795791845665
5.231120716929886
4.456464453940082
6.07264774390953
5.284290768993749
2.096865040240628
1.0844576164525828
3.242327958204342
7.1778529930510455
1.510377028519566
2.799972418327369
6.250799083614156
2.0986987438790785
13.570295092002866
1.3559561587486753
4.1488772952651205
3.994619580872106
1.7048561852132533
1.3372452530546148
0.8452461121703918
1.0798890261555663
2.1378047620603593
1.48540723023691
1.5755695829376293
2.8796140118363747
0.9254749264712031
2.092352588350962
0.8099337207072901
0.8546952029553431
1.7254317245397885
0.8277131163359175
1.8897763402881558
18.264295621621052
1.7302561879838687
1.6163300835462455
1.2970107069170396
6.135931798677166
1.112968738016815
1.6544410473798696
1.4721229713243063
0.8948358325886957
1.6457750972512406
7.101494802890138
13.331809572592832
3.977604128526185
10.883520148353961
1.3747069371404939
13.782675910230376
3.2273671038848777
5.918652993293406
2.019336263734808
4.79022391435812
3.6093266544060945
2.2123420284179134
0.652449218654917
2.7035563186471085
4.541041521898706
8.29350399684547
1.0982906328249733
0.984476649139276
1.1138907116284784
2.9603495948995553
4.600483376657412
1.2389566582965899
3.103068137848684
3.5530313432894567
2.426423567417827
3.2655362134079495
1.5773847486434178
4.387933799861773
6.897691567944666
1.6651320787446635
2.5982620036244093
2.2352797968318128
2.6705454947466305
15.037021728339214
7.669129505252639
2.1976422229685686
6.10228711926606
3.225947154754104
1.6471203424454968
4.226130907639761
4.471031541163983
53.779243516834676
3.299959123457616
3.8185801838637263
3.1716882922634193
1.6381318163005154
1.1824851404223313
0.8283300597499688
1.4029565392753316
1.091908908740573
2.814576843302613
0.5472642826467413
6.278686066085823
11.23732641682621
1.4800906662138376
15.337251469040938
4.331606143498248
2.649192698752941
1.1994007263051798
2.1556472313149566
4.425813633200452
4.0857978092402485
5.488467244962926
17.03264912856918
1.8281254002627487
17.60380913651254
2.2704097586320815
1.4169038406549985
3.887538849947663
2.8852681674512857
3.088399602052333
1.127006891115638
3.095769738794041
1.7105238059587722
0.823324807894003
5.7317024292062175
8.738450730660839
2.4239145395329857
2.5098725842297394
0.8808943840061827
3.567751092679107
7.081105701727831
1.5194708832722812
5.092138953438405
1.4856246481312876
0.8822680113989942
1.3679951747674772
3.026629707453486
1.7824977131756814
1.4940628513609833
2.2159639902122157
0.7118489093614319
1.4331426239717668
1.000882616281165
2.275185484597845
0.6703565606504082
5.1944143655729125
4.6481685448784456
4.640277387910208
2.4984332451777096
1.3372796406023968
2.13227977559838
1.3678885036446737
2.1580598434500264
2.480043911394691
2.2077634083808526
1.0519445145247177
1.2992587550926418
2.510354021616382
3.5939095253055813
1.6132555000741027
0.7607453830415604
1.2954070460447422
0.7713770637835942
4.9536965114432085
1.492676685518683
1.5264079469832652
0.9854546576577774
2.2095779767583728
2.3365535976534635
3.1086248343762453
0.16381886630320694
1.5134135016449555
1.8584066003393505
2.440679048665559
1.2530832139485848
0.6917059525972464
1.3681887786699067
2.2911797569472356
10.770020974543295
3.5987982365129483
2.9926290028099523
4.450675650226276
1.4741523532908
1.2085870377959886
2.434001745987293
1.3521133428910643
6.635227719201302
1.1840782476002711
17.584292006007587
4.859648555316216
0.6341594623886694
2.992984041803397
0.9754452230853823
28.710931573488885
2.1725531664447315
4.17271523119621
2.1704269108648084
3.5728298186857885
2.044625405853566
2.235185159007773
4.2127478442312265
2.6662513315638723
5.313034361384776
2.620799246446589
2.7354894580008398
7.319983211374249
5.9516132868448075
1.1949545504944235
3.496964497451206
6.51557705023995
5.03925226809468
2.1872451233900763
3.5185936541138703
2.076023747583264
0.7314602825015845
1.9481340805255847
17.464503022475192
1.7254983195081874
9.096939177587918
4.195877013392021
4.8071686531952045
0.6424037978160975
1.8730981475672537
10.416311361821197
2.588486900285128
1.3193014965955325
1.153654743790714
7.067286731647789
3.6373609676791205
1.1226305153292528
2.113492182925955
1.4870111636377423
19.328892274889053
1.0109567981037964
7.728509765818079
1.5654729433745624
2.639310173295179
11.519357250039675
2.18863889556
4.106383426809735
4.4664763134165755
1.6077386475015492
1.2756052697927487
2.427276745816718
2.3679196602126473
0.8314879690624128
2.0070632360773457
3.666453420459193
1.6613715199167962
5.515959092225227
1.6454923731457387
1.2819804824774559
3.419204187047968
7.577225909586256
1.684259661486872
5.807289009626555
1.5929358284391777
1.581167665242863
0.6971982444185166
4.118829184164131
1.77133055304308
0.915158203460845
2.1251974823425446
1.0008787699104935
1.5157894198407784
0.8560249406580487
2.4951016034801348
3.4878068424808224
0.9268694093433506
0.4798967785836692
0.9194134983844938
1.4300204799954819
2.6217424141572145
2.701584393215217
3.308352929285015
1.9615344027576274
0.2794957373294621
2.3618747209019326
1.6296718554235223
2.221470728201781
1.2258458838001651
1.3929463177984829
5.181648101965057
1.7480478658113774
4.573082699433598
1.8336403251970073
1.6191748708308817
0.7404148817388382
4.405999654863941
1.107888577103455
0.875257366776011
6.254651766267615
2.2766151587498857
1.2107677465569526
0.6819637705129887
2.0974442864385088
2.421415081094781
0.9406813951981421
3.8866591204962546
0.9972326593509466
1.419294083203398
2.1407198326509596
5.332775039554031
0.565548756571386
1.2508021097605697
1.0072543086836063
7.010027183990968
0.7831621046214337
3.282858056488669
1.0717621025096278
1.3817409757796861
4.780556030622846
7.6792797754367035
1.4440677989081783
3.0783816642310855
3.7751922620497713
2.2813440728434484
1.4862620166709777
1.5106817688222869
0.7061144435685315
1.2455883288385252
6.254534437681968
0.7789962323255214
36.3494694401109
2.0830380553523153
5.622516542412634
3.0059886426568965
14.29580682706874
2.3190859717598626
6.207728066292177
3.818049247058387
1.1902014812378945
9.380837282668937
0.7351008484351551
1.1552135104315107
4.110051669782185
0.8546404858587222
1.3595895825058675
1.8939774524872701
2.1737956465653245
4.533265513762509
1.1380573179229652
