9.315813064575195
9.65130615234375
9.986333847045898
9.435770034790039
10.21674919128418
8.79152774810791
8.96585750579834
10.369026184082031
9.766963958740234
9.99605655670166
8.507633209228516
9.912819862365723
10.209512710571289
9.403637886047363
6.596221923828125
10.040297508239746
8.997906684875488
10.104035377502441
8.953058242797852
8.984487533569336
9.572073936462402
5.054283618927002
10.199983596801758
10.922083854675293
9.951522827148438
10.053998947143555
10.11378002166748
9.814075469970703
9.983963966369629
10.036645889282227
10.009880065917969
10.43407917022705
10.250460624694824
9.612466812133789
10.20422649383545
9.887913703918457
10.015625953674316
10.28209400177002
10.010980606079102
10.67085075378418
9.694899559020996
9.987200736999512
10.793368339538574
9.421467781066895
9.518375396728516
8.437400817871094
10.259180068969727
9.726794242858887
6.578214168548584
9.541854858398438
10.437383651733398
8.88087272644043
9.846083641052246
11.021563529968262
10.792963027954102
9.943593978881836
9.774039268493652
9.395024299621582
8.908409118652344
9.73617172241211
9.66060733795166
9.668947219848633
10.527135848999023
9.404095649719238
10.566367149353027
10.368195533752441
6.6553874015808105
10.489429473876953
9.423258781433105
11.41998291015625
9.087976455688477
5.772469997406006
10.113072395324707
9.873465538024902
10.312731742858887
8.626455307006836
8.7092866897583
9.769930839538574
11.499167442321777
10.273869514465332
5.889440059661865
10.612512588500977
10.655137062072754
8.784069061279297
10.436627388000488
9.793852806091309
11.041167259216309
10.281926155090332
9.278002738952637
5.836672306060791
10.40494155883789
9.584721565246582
9.011441230773926
9.887556076049805
10.145867347717285
10.297750473022461
9.217896461486816
9.172456741333008
9.627676963806152
10.092756271362305
9.458468437194824
10.732821464538574
10.611540794372559
10.52578067779541
6.366315841674805
10.844903945922852
9.7156343460083
9.993184089660645
10.549715042114258
10.524417877197266
9.848390579223633
9.946884155273438
9.744553565979004
9.013127326965332
10.713671684265137
10.308746337890625
9.835344314575195
8.917908668518066
10.424651145935059
10.252525329589844
10.002582550048828
9.378592491149902
10.29891300201416
10.025477409362793
10.412508010864258
10.095979690551758
9.701190948486328
9.455431938171387
10.463212013244629
9.183967590332031
9.317591667175293
9.757795333862305
9.616140365600586
3.958099603652954
10.322511672973633
5.6074700355529785
9.723396301269531
10.465066909790039
9.202535629272461
9.901764869689941
9.607856750488281
9.79377269744873
9.938587188720703
10.175093650817871
5.3764190673828125
9.934980392456055
5.829241752624512
9.777812004089355
9.597037315368652
9.659348487854004
10.554855346679688
10.287083625793457
10.399227142333984
9.781196594238281
10.915141105651855
8.946581840515137
11.106276512145996
10.389161109924316
7.376751899719238
8.926679611206055
9.3265962600708
9.442657470703125
10.007840156555176
9.040751457214355
9.162266731262207
8.591753005981445
10.366764068603516
9.871155738830566
10.225217819213867
10.760628700256348
10.120515823364258
9.601044654846191
10.392419815063477
10.327594757080078
9.702964782714844
10.086182594299316
9.08810806274414
9.246410369873047
10.421140670776367
10.103910446166992
9.959118843078613
10.258049964904785
10.265769004821777
9.696617126464844
10.862768173217773
10.682726860046387
5.082436561584473
10.941537857055664
9.874268531799316
10.173501968383789
10.4522066116333
11.603301048278809
9.411458015441895
9.957478523254395
8.016962051391602
9.223037719726562
9.225767135620117
9.699877738952637
9.267582893371582
6.7476091384887695
9.873320579528809
10.436224937438965
9.980257987976074
9.265804290771484
7.608672142028809
9.66136646270752
8.71862506866455
10.613664627075195
7.175801753997803
9.517770767211914
10.975581169128418
9.995956420898438
10.171981811523438
9.516098022460938
9.296601295471191
11.616954803466797
10.376396179199219
9.478540420532227
9.690264701843262
10.12841796875
9.819005012512207
8.978485107421875
9.991035461425781
9.736211776733398
9.115269660949707
6.334946632385254
7.019298553466797
10.262782096862793
9.47996711730957
9.033885955810547
10.35079574584961
9.464620590209961
10.111445426940918
9.857380867004395
10.695072174072266
9.879324913024902
8.280213356018066
10.19130802154541
9.63701057434082
6.967014312744141
10.446574211120605
11.111612319946289
10.259596824645996
9.23521614074707
9.314547538757324
9.32384967803955
9.56538200378418
9.529333114624023
4.453902721405029
9.267660140991211
10.3547945022583
9.613174438476562
10.261495590209961
8.960067749023438
9.090690612792969
10.521932601928711
9.935769081115723
10.0546293258667
9.743083000183105
10.98452377319336
9.745524406433105
9.418973922729492
10.314665794372559
10.061440467834473
10.153119087219238
11.232150077819824
10.011567115783691
9.20064640045166
7.214674472808838
10.626546859741211
10.334635734558105
11.2661771774292
6.865807056427002
9.00852108001709
10.946062088012695
10.366427421569824
10.31837272644043
10.594931602478027
9.952345848083496
9.82930850982666
10.873008728027344
10.505290031433105
10.699393272399902
10.10304069519043
9.709375381469727
9.181836128234863
8.521342277526855
9.64905071258545
10.263014793395996
6.143275737762451
10.508086204528809
9.91711711883545
9.98816204071045
10.381999969482422
8.88475227355957
10.36001205444336
10.303313255310059
9.46672534942627
9.73959732055664
10.089262962341309
10.901124000549316
7.047538757324219
9.616828918457031
10.212472915649414
11.086228370666504
9.674860000610352
9.84216594696045
9.672883987426758
10.22655963897705
9.852527618408203
9.70057201385498
9.200528144836426
10.101824760437012
9.50603199005127
9.743570327758789
9.750479698181152
10.029767036437988
9.913578033447266
9.911959648132324
9.874000549316406
11.19271183013916
10.265664100646973
9.221752166748047
6.367124080657959
9.509008407592773
9.821917533874512
9.06789779663086
9.77095890045166
8.554293632507324
10.750775337219238
9.928156852722168
10.484318733215332
10.609012603759766
9.438610076904297
8.927980422973633
8.333199501037598
10.488497734069824
10.077217102050781
10.344154357910156
9.786287307739258
10.805112838745117
10.178150177001953
9.502877235412598
9.282951354980469
10.731199264526367
9.928096771240234
8.208015441894531
9.44625186920166
9.83591365814209
11.388874053955078
9.367881774902344
9.233590126037598
5.926261901855469
9.495771408081055
10.410378456115723
6.832990646362305
10.989755630493164
10.847692489624023
9.940488815307617
9.181236267089844
10.267374992370605
9.459311485290527
9.566126823425293
10.122856140136719
10.533700942993164
9.93861198425293
9.957771301269531
10.421314239501953
10.345525741577148
10.319465637207031
5.372644901275635
9.805150985717773
8.74683952331543
10.992414474487305
11.080519676208496
10.250714302062988
9.277944564819336
10.191675186157227
11.435625076293945
10.349152565002441
10.159449577331543
10.721145629882812
9.10405445098877
10.648727416992188
9.625494956970215
9.690864562988281
9.906521797180176
10.410192489624023
10.594419479370117
10.329682350158691
10.334857940673828
9.897682189941406
9.845754623413086
9.40896224975586
10.118931770324707
9.996461868286133
9.943635940551758
10.129288673400879
10.31717586517334
10.912088394165039
10.52407169342041
9.181986808776855
9.876014709472656
10.718859672546387
5.653774261474609
11.22430419921875
10.149693489074707
9.193977355957031
10.035469055175781
10.74506950378418
9.824719429016113
9.917020797729492
9.718192100524902
9.59122085571289
9.453227996826172
9.525788307189941
9.833884239196777
10.948006629943848
10.47555160522461
8.938493728637695
10.726634979248047
9.773014068603516
11.353848457336426
10.858351707458496
7.348621368408203
9.623598098754883
10.448792457580566
11.200285911560059
10.58488941192627
11.293320655822754
9.00808334350586
10.297416687011719
11.070361137390137
10.387039184570312
9.189698219299316
9.735292434692383
9.476164817810059
9.07696533203125
10.026710510253906
10.001014709472656
9.088968276977539
9.693446159362793
8.278828620910645
9.36698055267334
10.797664642333984
10.177664756774902
9.54970932006836
10.512357711791992
9.97844123840332
11.004292488098145
10.043105125427246
10.932799339294434
9.998429298400879
10.433780670166016
10.69288158416748
5.232819080352783
10.450769424438477
9.429162979125977
9.563716888427734
10.649845123291016
10.715254783630371
10.126401901245117
9.905162811279297
10.156414031982422
10.543042182922363
10.627595901489258
10.182022094726562
10.177221298217773
10.620079040527344
9.882880210876465
10.292993545532227
10.431900024414062
8.719239234924316
9.793780326843262
9.43544864654541
10.311751365661621
9.66574478149414
9.125822067260742
8.519655227661133
10.071308135986328
10.565452575683594
9.75814151763916
9.233829498291016
6.557794094085693
9.869717597961426
8.45622444152832
10.206870079040527
10.452701568603516
10.33378791809082
10.482117652893066
10.639883995056152
10.087575912475586
9.848634719848633
9.285606384277344
10.473834037780762
9.583712577819824
10.5255765914917
10.355574607849121
9.967826843261719
9.518498420715332
10.613181114196777
10.265962600708008
9.840264320373535
9.365639686584473
9.787030220031738
10.242900848388672
10.14041519165039
7.39499044418335
10.335375785827637
9.958664894104004
10.312332153320312
10.342684745788574
10.234899520874023
9.76943588256836
10.42451000213623
8.492304801940918
10.081925392150879
10.102848052978516
9.267733573913574
10.603606224060059
10.562858581542969
9.730916976928711
10.59655475616455
10.556065559387207
10.003854751586914
9.880596160888672
6.1196489334106445
9.919939994812012
9.940217971801758
9.55036449432373
8.837836265563965
8.884648323059082
9.886359214782715
10.035245895385742
8.131193161010742
9.652850151062012
10.076233863830566
9.811565399169922
9.842490196228027
10.181541442871094
9.446065902709961
9.954158782958984
9.838128089904785
10.381913185119629
10.22778606414795
6.242208480834961
10.221495628356934
10.220236778259277
10.439332008361816
9.107447624206543
8.69414234161377
10.357751846313477
9.51952075958252
10.348250389099121
10.351767539978027
10.055891990661621
10.269471168518066
8.057948112487793
9.071122169494629
10.833022117614746
9.78886890411377
9.830370903015137
10.630127906799316
9.430974960327148
10.780770301818848
7.697713851928711
10.434666633605957
9.52662181854248
10.178106307983398
9.434712409973145
10.172527313232422
10.326034545898438
10.565245628356934
8.439221382141113
9.723448753356934
9.909080505371094
9.903177261352539
9.910345077514648
9.048916816711426
10.134918212890625
7.4746994972229
9.682366371154785
9.913294792175293
10.453981399536133
10.608757972717285
8.72719669342041
10.565409660339355
9.427711486816406
9.570873260498047
9.594215393066406
9.742013931274414
9.427689552307129
10.3115234375
10.064632415771484
10.050408363342285
10.672140121459961
9.051568984985352
10.7791748046875
9.39096450805664
8.532352447509766
10.301579475402832
9.5219144821167
9.766839027404785
9.884166717529297
8.2324800491333
9.7266845703125
10.100015640258789
9.45837688446045
9.483053207397461
10.201172828674316
10.826594352722168
9.924736022949219
10.13096809387207
9.47038745880127
9.700575828552246
5.849250316619873
8.90053939819336
9.9635648727417
10.595658302307129
9.85246753692627
9.640218734741211
10.596407890319824
9.886829376220703
10.950778007507324
10.355795860290527
9.60335922241211
10.529794692993164
8.50865650177002
10.420507431030273
10.568846702575684
9.81743335723877
10.73731517791748
10.356789588928223
10.774649620056152
9.669928550720215
7.725701808929443
10.73847770690918
10.751683235168457
9.656576156616211
10.20103645324707
9.593477249145508
9.878242492675781
9.179640769958496
10.43247127532959
8.521915435791016
6.404305458068848
10.173324584960938
8.909005165100098
9.775676727294922
10.448843002319336
9.377583503723145
10.588001251220703
10.114992141723633
9.691620826721191
9.749778747558594
9.979222297668457
10.049407005310059
10.260283470153809
8.337140083312988
10.345901489257812
9.184139251708984
10.49244213104248
9.412248611450195
9.593490600585938
10.780070304870605
10.109085083007812
9.676051139831543
5.706010818481445
9.67254638671875
10.583040237426758
10.326587677001953
4.712673664093018
10.085430145263672
10.471161842346191
9.58367919921875
9.875238418579102
9.665763854980469
6.76507043838501
9.814603805541992
10.691904067993164
10.286134719848633
9.754253387451172
9.786635398864746
11.619650840759277
10.488340377807617
9.790486335754395
10.191217422485352
8.94751262664795
10.012750625610352
9.40654468536377
10.649222373962402
10.221151351928711
9.544124603271484
10.095015525817871
5.814253330230713
9.317079544067383
10.020831108093262
10.000381469726562
10.492198944091797
9.613571166992188
10.859197616577148
9.041775703430176
8.03586196899414
9.59376049041748
9.734440803527832
8.790729522705078
9.646100997924805
10.40123462677002
10.711284637451172
10.35876750946045
9.885517120361328
9.594931602478027
9.749606132507324
9.902043342590332
10.023455619812012
10.271775245666504
9.600678443908691
9.9627046585083
11.066465377807617
9.728330612182617
10.32496452331543
9.884455680847168
10.702898025512695
7.0458526611328125
9.920025825500488
9.695680618286133
9.77962589263916
9.657707214355469
10.279888153076172
10.175593376159668
9.766090393066406
9.398049354553223
9.935291290283203
9.802533149719238
10.265286445617676
10.393804550170898
10.579818725585938
9.363818168640137
9.894159317016602
10.691644668579102
9.131637573242188
10.523284912109375
10.590980529785156
9.505084037780762
10.295428276062012
10.455649375915527
9.310294151306152
10.42889404296875
10.405526161193848
11.079031944274902
9.719923973083496
7.885866165161133
10.279245376586914
9.752942085266113
9.66490364074707
9.438582420349121
10.513415336608887
10.142093658447266
9.5029296875
10.822010040283203
9.459380149841309
8.765912055969238
9.66956901550293
9.547258377075195
5.027442932128906
11.004366874694824
10.3352632522583
10.304974555969238
10.658639907836914
10.580928802490234
6.728044033050537
9.935754776000977
8.017818450927734
10.013566970825195
9.805334091186523
9.742536544799805
10.121184349060059
10.043824195861816
10.483349800109863
7.8363542556762695
10.207220077514648
10.214212417602539
8.166352272033691
9.155698776245117
9.429699897766113
10.7810640335083
10.919840812683105
10.432510375976562
10.254384994506836
8.961231231689453
9.332159996032715
10.054850578308105
9.79848575592041
10.065057754516602
9.859649658203125
10.373628616333008
10.641122817993164
9.678256034851074
9.633561134338379
9.510022163391113
9.787699699401855
9.979193687438965
10.222633361816406
10.280939102172852
9.946155548095703
9.993252754211426
9.40141487121582
9.973960876464844
8.08741569519043
8.477478981018066
10.291034698486328
9.469435691833496
10.058838844299316
9.710082054138184
11.339369773864746
9.812820434570312
10.045997619628906
10.152312278747559
10.801164627075195
9.123539924621582
9.818526268005371
9.5277738571167
10.430051803588867
9.974262237548828
10.441085815429688
10.543428421020508
10.351081848144531
10.484820365905762
7.928674697875977
10.214566230773926
9.623132705688477
6.013392448425293
8.386405944824219
10.986413955688477
10.165419578552246
11.963895797729492
9.7344331741333
10.326116561889648
11.719560623168945
10.50190258026123
6.84900426864624
10.489236831665039
9.8063383102417
9.449779510498047
9.019079208374023
10.925736427307129
9.450729370117188
9.715238571166992
9.518827438354492
9.610937118530273
9.251947402954102
9.14612102508545
11.148965835571289
11.065367698669434
10.256239891052246
9.831087112426758
11.334046363830566
10.74770736694336
10.9981107711792
11.059544563293457
10.217801094055176
9.88792610168457
10.032182693481445
9.359121322631836
10.0121488571167
10.00607967376709
10.734745025634766
9.830554962158203
9.37865924835205
9.593238830566406
9.61279296875
10.02695369720459
10.563907623291016
9.984201431274414
9.232492446899414
10.295341491699219
10.230177879333496
9.750714302062988
10.625317573547363
9.312307357788086
9.584839820861816
10.45585823059082
11.045343399047852
10.32400131225586
8.7618989944458
10.852180480957031
9.917067527770996
10.726273536682129
9.400543212890625
9.039772033691406
10.084239959716797
10.305898666381836
8.889678001403809
9.515973091125488
10.009313583374023
9.75224494934082
9.706335067749023
5.89409065246582
9.937287330627441
7.006145000457764
9.407504081726074
9.649555206298828
10.413346290588379
9.873300552368164
9.870119094848633
10.018304824829102
9.454322814941406
9.381743431091309
10.150555610656738
9.113560676574707
9.43940544128418
9.15184211730957
9.90285873413086
9.53380012512207
8.194350242614746
9.402216911315918
9.780109405517578
8.880105972290039
10.454914093017578
6.869114398956299
9.865537643432617
10.834084510803223
10.166986465454102
11.315780639648438
10.895242691040039
9.207114219665527
9.616657257080078
9.431955337524414
9.84449291229248
9.990394592285156
9.681636810302734
9.260665893554688
9.438493728637695
11.530411720275879
9.924870491027832
10.374277114868164
8.741676330566406
10.019482612609863
6.468066215515137
11.039388656616211
9.529746055603027
9.392834663391113
10.601297378540039
11.274532318115234
10.001760482788086
9.317510604858398
9.694428443908691
9.349205017089844
10.144475936889648
9.963408470153809
10.0398588180542
9.73083782196045
7.36073637008667
9.626338958740234
6.723295211791992
9.583293914794922
10.089550971984863
10.352508544921875
10.262251853942871
9.919321060180664
9.301773071289062
7.827009677886963
9.585695266723633
10.018797874450684
7.376834869384766
10.171244621276855
10.518630027770996
9.924964904785156
6.940410137176514
10.370410919189453
9.79434871673584
10.018282890319824
10.0040864944458
10.829708099365234
11.127108573913574
8.982366561889648
9.531526565551758
9.384543418884277
9.633519172668457
8.88796615600586
9.001222610473633
10.272266387939453
9.003815650939941
10.07546329498291
11.14079475402832
9.44372844696045
11.081833839416504
8.987680435180664
10.499634742736816
10.787491798400879
8.370214462280273
9.77515697479248
9.762486457824707
9.745464324951172
10.30700969696045
9.810528755187988
8.926407814025879
10.329436302185059
9.7386474609375
10.366656303405762
