57
14
29
0
18
15
17
15
18
13
50
27
24
31
20
18
23
0
51
46
31
42
17
23
21
43
16
10
21
23
0
29
24
50
21
15
17
25
44
56
0
10
13
0
33
20
0
0
40
0
0
21
19
13
24
24
24
0
21
41
33
36
48
0
26
0
0
26
12
45
32
0
27
10
26
24
11
16
24
0
19
75
55
37
47
14
18
0
0
11
16
15
44
12
15
36
38
22
35
35
14
16
0
28
0
0
0
28
29
26
38
31
0
14
26
0
19
50
20
18
27
25
20
24
11
11
32
18
31
14
17
64
13
83
22
24
28
69
59
27
35
0
18
34
22
31
19
36
21
0
20
0
18
18
17
16
10
21
43
43
18
21
24
13
24
12
20
10
0
23
21
0
29
11
56
0
18
16
23
50
0
33
29
12
43
32
35
10
37
25
20
17
28
24
22
37
0
31
0
0
22
22
21
20
29
48
24
23
0
36
57
20
25
15
12
55
27
49
22
24
18
0
10
0
0
18
18
20
48
36
24
47
15
0
19
20
18
28
19
27
47
24
10
0
0
9
37
10
0
0
28
61
0
53
84
0
21
0
43
12
9
11
24
25
29
11
13
0
11
17
14
22
29
22
23
29
20
26
21
17
20
32
35
0
28
19
18
13
0
28
14
0
38
21
39
25
68
13
23
41
5
10
28
28
33
29
16
33
24
25
86
24
23
22
13
0
37
13
35
18
56
36
0
18
15
29
28
26
51
34
33
24
0
29
37
23
0
23
15
39
46
14
13
16
17
18
21
28
25
24
15
21
19
25
44
0
29
63
28
60
19
25
14
28
16
0
17
36
49
44
30
34
20
27
17
18
56
29
25
16
31
35
17
29
31
0
66
22
38
16
25
0
0
38
22
31
12
21
25
22
16
19
9
0
26
15
27
12
0
25
28
30
13
25
0
0
16
25
23
21
52
63
16
85
15
14
34
33
36
31
21
0
0
29
11
0
35
21
21
35
22
59
29
12
19
10
29
0
41
22
11
0
29
25
19
25
31
64
0
10
22
17
0
17
21
30
21
21
13
0
29
27
0
21
14
20
21
8
0
30
30
14
46
32
39
38
16
24
11
0
0
18
16
31
31
0
13
20
27
24
14
47
27
26
16
13
31
37
31
31
11
24
26
26
39
18
23
16
39
45
0
21
14
26
19
19
44
0
32
31
18
28
13
20
29
37
34
26
12
12
17
28
31
7
17
0
16
55
10
0
0
14
38
20
20
0
30
56
65
19
22
0
14
29
21
11
25
25
0
16
22
0
37
32
26
19
27
31
0
22
18
16
25
29
38
19
55
31
34
20
0
35
16
40
7
0
37
0
23
22
35
17
28
45
0
13
25
20
15
54
23
15
28
32
19
32
18
32
38
21
33
23
41
35
11
39
0
24
15
21
41
25
18
0
62
19
37
30
46
8
29
33
21
24
39
23
27
23
32
12
38
30
28
15
34
14
46
25
58
0
38
55
8
60
22
20
18
18
17
21
27
20
0
24
27
31
23
47
22
0
39
30
70
23
38
29
35
12
23
42
25
29
25
22
19
26
10
24
16
0
0
21
38
0
30
0
31
30
23
21
0
19
10
22
0
12
22
19
33
29
12
19
21
23
37
18
15
34
36
25
17
83
19
26
62
19
36
13
19
31
17
32
31
58
22
54
30
50
14
17
0
47
30
24
0
17
16
0
9
19
0
23
23
29
20
25
21
14
18
46
26
24
30
20
37
21
33
14
36
25
8
26
32
22
21
22
23
37
12
0
13
21
28
27
13
21
18
38
13
31
28
29
14
23
51
38
28
0
19
18
30
38
23
31
48
31
20
7
18
27
36
34
21
35
36
66
38
27
0
17
24
38
56
11
20
28
20
17
49
44
43
24
0
20
32
13
17
13
33
41
18
35
11
27
0
20
27
42
29
19
26
19
11
0
0
0
0
30
0
25
38
62
21
15
38
12
10
41
0
40
34
37
0
38
0
34
0
29
0
37
28
41
34
56
14
37
18
48
0
0
11
20
26
15
37
23
42
39
18
19
28
29
39
0
12
0
16
27
24
21
42
10
0
26
39
39
33
43
31
20
57
29
24
12
15
30
22
12
38
31
21
44
0
42
48
32
21
46
29
38
12
30
18
29
20
18
0
18
12
20
26
54
31
76
43
9
27
0
26
24
21
23
0
25
36
10
41
0
79
0
18
24
34
0
27
26
16
22
45
27
17
22
28
8
0
19
16
18
19
23
