10.967169646238155
3.468829968327143
77.21263784156861
1.0789274436955472
17.70421771046545
2.153285436605803
1.433047966097521
6.2963061680116645
3.3905181555475266
5.110491861826834
6.40081372853342
93.03484687873406
31.11137539365654
7.676053835143186
1.6466043047483296
0.8584842219687363
2.8190374983460487
3.607378959001427
2.2935748426472653
1.109190173979107
3.7841133030402974
1.2301127218745538
10.198923012974621
2.5022710236821357
4.388626006022788
4.143576435519239
2.552232942396405
7.9309006969706255
248.15752879608326
3.015758916328938
2.848859779789094
1.7618772521523056
2.9591394298604046
1.2687321023477276
1.1331419878052547
0.5872385872217526
2.6730161116169726
4.46136816301023
2.6292402466540845
2.111445918641782
1.4954943914546184
15.56166142414278
1.2535832545182006
4.395690632235127
277.24342865534913
0.8797509440146933
6.441871318692675
1.4400438169466154
1.5625987777509165
2.5637936702098165
3.098625426408953
1245.2164486711604
4.453882474162498
1.367545749116505
3.796561760337106
2.658782203372522
3.2707868086106346
14.672890539582994
1.194387796403831
1138.564145786402
1.7703316473044202
2.7269221492500657
0.9936853083346648
0.9819773812195262
33.58586938259526
4.027477316781728
1.9166872383510407
2.02759253436932
1.2947781661554172
21.121007764734486
8.164013329095981
1.2698635227721016
1.1521335401253188
1.8476368684987754
11.051699284689985
8.40601278381508
2.1611147876486085
9.45817117217769
0.8418377144157085
5.085748790595687
2.073231087263883
5.241185384003214
2.1713286222835246
0.25989421836302823
3.4849049639328604
7.454943812150602
1.3106233589203953
1.7893634339134836
1.4307821258475877
4.217337855900213
2.3488684343322905
1.2139368110377684
25.33632406544052
7.114871743597392
0.9942441885349429
0.7528482151478713
1.0362969298866638
8.566642625445317
1.906258049345747
1.9247318971335947
1.730360691919679
2.016306709622958
7.070084422330834
0.5788939592766511
7.177076617961227
1.0414943529868763
18.563469977848136
1.6415008053881905
11.156556535423645
1.6731353993911908
2.3900162850000313
2.7411492713941694
2.2410408356908587
1.0146981478352932
1.806104438399591
3.7548491851428434
9.114777216532703
5.714689745615866
6.238364598292281
1.2024450421585515
0.8940017204142245
1.248545572403579
2.1992322896431955
4.590100114082438
3.718252896205336
2.3985165001217563
13.898673308836356
8.107729308635165
0.9505289406570655
4.97176716997503
2.6946535706061034
10.111996354143766
5.843810675770838
1.8624752923038705
1.330873447749907
1.6502260859335156
2.6272609192154124
6.208451580769042
23.328303324850527
10.986720503409233
13.001151035640696
7.553605131173719
4.108350014505206
24.204996290701484
0.8455893479614608
23.190671950531616
2.635552978893151
1.763555541279847
7.424131108405458
3.9431975373780217
1.295988677715208
12.520473053454358
1.0497690256632652
10.682040273972527
1.060097100756794
0.11994298829899658
6.765049912154266
39.38612167786399
4.680815463598068
1.8618973217519332
4.633382230486397
54.4116958188556
113.3412273067358
1.1584622406556218
3.7051266395689635
1.1267806141671106
1.5671642470162306
1240.4109821494628
1.7116812299802275
2.690445633836657
0.8744674300972808
7.1937200574056845
7.11374088691549
6.498297133627798
3.676741876690617
2.4278350031272327
2.5414867003805957
0.5197238414072679
2.954223942038694
17.449279504555925
54.22909566177828
7.974266054362648
3.12454983695428
2.3081463559468434
4.444998394073654
1.4762719126502453
8.00882603441189
4.704740404280253
1.4346681355056665
1.9994988117917212
2.648651310523634
169.0132451857113
1.1615426189886946
3.013476851746553
4.765177035445981
4.423273525912964
1.7618501961776676
1.7175958482614002
2.543104578347778
551.590951767011
3.3732620076083046
1.1265366561882741
3.670359780165755
0.6304030677189284
2.8389767829652133
2.6858612418826264
9.394114040932637
8.737166169418419
5.634778883521762
0.99488811743795
2.736580395287877
0.7445432631378648
2.96953231839351
8.485904775637696
2.792408817981596
1.274235962086389
1.609527544182079
2.5645569733344216
7.205838474956476
1.32641444058022
1.6482206286039358
0.7383291956546049
1.397504303666027
2.410524450785916
2.6484147924010064
3.778655662711242
2.1188583518143584
1.0688727047944186
2.8682704714328007
7.278950149478017
1.701555064755661
1.2167802270919177
1.972019486420266
3.2383890496964844
8.603751479055772
2.6252109629153115
354.36401730255216
14.367663709858332
2.332873422128867
6.672778487278746
42.187270978805
4.144763727576849
4.021208422136195
1.588669260713334
1.2577985996028545
3.8602351333739056
1.077668781786021
4.161971202317602
1.3844267796186804
4.13717728525598
0.526316228275947
20.992194056809083
53.48792464971293
3.3091301777423427
40.20672932796
4.811319408335754
3.6315276197072546
0.7156309041112728
2.528052068837294
6.193368512362239
543.0769306390463
2.4240412283638944
3.2421658091449204
2.714446785414223
1.0732197447805643
6.66370362130403
2.8281472362993614
1.2458358077554523
6.436125550699811
2.028049940015073
5.1615337901084795
7.486307357867414
2.53327652769438
2.6094450318505626
0.4998379962752791
80.47465324574667
5.891238275972111
0.8228149282711892
65.13371040253988
4.494885602093534
2.573361183635763
21.184142294814368
33.20613048413976
6.6234169022303035
2.376484538556974
1.4183681529621872
1.6447847431998253
2.6808040254625167
2.2838757544083537
45.3856518215083
0.9743206295750746
1.8418528091872326
1.0264869012761926
3.5512905539625583
22.365153920658308
1.5823682103896501
3.8897806686732945
1.9108281956333577
2.1178141118997216
0.6670245308546634
1.3380291178458512
1.1308448954301151
3.0052124922730727
2.9200360204180136
2.69092375465087
8.976366767060464
3.5991557504943916
2.469489822578596
1.5310761201658787
1.6200375913165874
1.7724483116927991
4.01979606673574
62.443813350363705
3.8593534557782045
120.24261181977185
1.4490281076202485
1.0416377672539774
87.88993752473829
1.629570828619283
1.5254609286845273
4.221908051003248
5.136710288734178
14.848607494337006
123.86666631084513
2.5717254766123703
10.174067389357417
1.8001439775966324
1.3223263799513654
2.9735562426164366
18.065447818163328
5.297395578918369
4.015343007838923
7.503297221535101
1.9462482994253751
8.041168096191296
3.953678456740511
12.912414380336282
3.9292025981692067
77.22514838758411
0.9510881417617826
0.9005061261924945
11.005847693599554
0.8796771350888027
4.454071544584937
1.2717697055804278
1.4715316500161035
4.303479081205122
0.9308964694320061
1.5919870987641702
2.1920466152016838
31.207607473348908
6.7132685397440035
30.379656560440214
10.616807491959381
1.308337091415029
2.4863776468916683
2.5594192440743
1.9811751792059886
4.5435922981408785
2.095338320308038
8.679314193854893
1.9979473114155155
0.6829518797491542
0.7739642590117237
2.3160789960653076
3.082906740487248
1.8995388448301473
3.501489851442768
14.987556536552727
1.2179437117698184
3.3541943881111496
1.7596380642606717
7.0181491111320415
1.6987732534330158
23.33246407275508
10.723832415864447
8.823879582994833
164.4011745426842
1.2066882858227868
2.235953583803217
2.374996190428534
1.770825947300713
7.523367466947153
7.53596131451793
3.371470517851032
1.8936186168384093
80.02079788822886
17.12340557908252
10.29666091666889
1.097492005631089
18.48632998931055
41.3261838531921
2.9819543899411225
2.7535814478046903
4.821184879573691
4.70860991585647
1.0829187904677269
2.6396282850084316
2.2130370276236744
1.0233181737441284
5.022172578182745
2.948229712851063
1.4967630671869547
1.479530201955161
5.154034911871951
8.397661264998492
2.205000932459758
3.411032175851118
1.3893603146557794
1.1528659397134866
7.0923605095375
0.9148793632815374
1.676324138219754
9.254613236468918
1.2163541599368135
0.9145478807954242
0.9256313337924099
1.0846809288756347
1.2793758332841951
20.50012642008708
0.9078097444053633
2.7019974069564796
1.0924386821289405
2.4053772273605833
1.9831610932672152
38.06902828220554
6.431960094360312
6.451021146197841
0.4784557715825808
44.59588033691105
4.097249442565534
1.3371189772684176
1.1067909022553193
86.81022676558035
12.854284935553448
1.1323728654160377
2.3219044721940243
2.308284273177778
2.524596262482689
5.659246443192969
5.86472237386848
5.5078943246948535
0.658819942660928
2.527703899616861
85.96635165951088
4.111860951511152
8.895378468535663
15.417770642414649
25.63676069946056
8.06506318253818
2.6166118997899854
8.713081692650729
91.05675469520685
0.7278294986176302
1.439843835932391
6.404286422947042
1.3354494416197529
182.89841524659224
7.143020969292592
1.7891854379434815
5.860776543961175
8.55301627520126
28.2495191652664
1.0934402209909526
6.59696321269695
2.804712020656077
1.2846055111456458
1.9009771004468035
1.4738581013084182
1.1974987814643407
45.029399928917904
4.338447706627161
2.855834671340201
3.200783890253172
1.338361901887164
1.3485775153533266
5.94000115272304
5.548829523158636
4.493416779172398
1.0632098237329093
28.487709937115493
2.1498320534780584
0.9407478942904826
4.9692752652332075
1.8910768695407794
1.4223113311155857
10.022524140136404
9.594648103947078
2.3867059674561313
0.9781621408314691
2.8443997255291293
176.2090275377013
2.1914848585999245
2.97224821755429
3.8118753485709216
1.440672709291361
29.081939709682924
2.9620335143415564
2.5774951343466928
11.43395160168273
21.031496363914204
1.2448259315948327
2.5403100877954343
203.3371011301486
2.3795213046790766
0.9847804073660985
0.8546817658142926
2.078135816724978
1.599579033822996
11.27837208661808
8.42731189517933
3.5660591046659773
1.1554244434970309
9.100967098956783
16.55105875493481
1.7587288842861513
1.3767155240881206
4.540688345004148
1.765006823665032
3.219349435587761
2.6534706921637765
25.964878953413084
94.98505409126791
1.3162753250578085
16.220012339577593
0.8583233565996509
1.2454655280900795
1.7734092617634316
4.765009964005529
21.220862519519542
3.5572077769514028
16.350295068975218
2.574013756275465
2.8648664263316577
6.20597377238092
71.77695753376977
9.504889080999604
1037.9021564734549
1.989843720421452
2.717854369600997
118.96210157833448
118.9841750546742
1.0466985590577567
4.210653389208021
4.7928417810045385
2.2718003343475885
8.084414898541484
6.136146389117583
1.4163130869339204
1.2845526250747548
1.1402725750274685
1.115268183813512
1.10231563036258
8.08667010435775
2.218336127778298
1.0793969814772113
2.6761749517601197
0.8813850743483691
2.3267745307875187
3.811048893141815
1.4864861059909906
63.93355083868194
5.719459058105156
4.863345073705619
0.91857398592976
1.0942722862356735
2.106054067611501
4.547773203352175
16.4560714774102
5.537874977292231
0.22695697708997656
3.4818880749674697
1.1069935368282942
10.708802195620727
1.277933229138771
0.8672924520182624
1.4199643277192968
7.391934318719599
2.1697915983383105
3.675555351619516
4.418984499462803
2.115689276157616
1.471777358528493
1.3283143685923913
0.7816947653358642
9.411351473649217
1.4014607358100157
1.1975178244631721
8.009231346279991
1.9722306649403727
4.27230692725497
5.710396135764832
80.8271926369456
21.843210592977506
2.0799352829578956
6.076932904171381
4.5325878105705995
3.87471138033491
0.6456717086228737
60.31428916778628
1.348636186221001
13.536023085944686
3.22957217060128
2.786589765123907
2.8668374443090103
3.4148103788892854
1.331660621338047
4.079423828099766
4.462725312459074
2.0623726835030247
0.5932365337379402
14.484741446839605
0.6607170805398545
1.1086915560467687
4.155869095024637
3.7038617819565927
4.016791993749276
29.631746341130935
0.7828294730593157
2.752439118173824
1.1245514277450788
1.3955606002356338
0.74928872408917
1.9984944862090377
1.9134827496826718
6.623079711174137
4.114169308036524
3.205961393351735
1.0335386831830002
1.3131632122856514
2.1415644750512737
2.5807293008417327
3.3816460519404368
9.412153260968875
12.207140990081944
0.8957647957729635
84.88582830370342
6.080402469389795
98.1530386591985
110.69558062140831
42.49292415809841
1.4453264528659915
16.169953391301444
2.1511385645796146
2.5210387856735545
8.1751596039773
5.130023018158275
1.2961299625633143
3.3576076302491358
10.303238448407606
1.9836232778916074
4.95732137517754
2.2355476142582384
1610.5297234479394
1.7082471574056826
2.848271176391058
14.899760459031617
2.128145061849366
5.097457965877311
5.074428630543988
501.68907711219396
6.748793779232428
2.5033794554768645
1.714473938728877
2.6873428475331598
3.5299871456448306
2.6681394484902703
2.8405381517986164
3.122352699366686
2.9209254550431236
24.051312272617555
25.793075799326108
3.442992355497495
2.4818875109171445
4.307401038303171
5.451726766900673
6.808713660543047
2.5173540124196223
2.569749077159075
1.0246970731616298
110.71578646404254
0.6632008639370919
3.8152775032990163
10.46755051781188
1.387396939115832
6.371305011176021
5.568821589387597
10.602688441440012
1.0296677483915702
4.473602046302954
1.5307993487144609
2.7129673929729576
1.8058279274934788
10.262413258301383
33.74772854980098
4.266722549506866
13.430919043509915
2.6603063100323103
1.926444845818134
2.1912352559519586
2.0615209256051092
6.008041160360039
1.2329270974018256
1.780993070606643
1.3063959450362619
0.9373563464534248
0.7127573651467513
12.8637564627542
1.7783373892286694
2.014372089718847
1.3525897137498974
81.20604899284359
10.936402290738782
2.992827117340911
2.1101206223992586
12.650323784030329
4.099653761162896
3.314557224333708
2.5076183918875006
1.564291336588041
1.5580323380886751
11.642599183261224
1.6299306803039024
2.1797023172315293
1.194031159828787
2.022271172372182
2.849926445201576
8.577141746140438
0.7576712143654755
1.2342253673184098
1.2269515468158005
1.3953241080783556
6.067027685155328
19.16153090155392
2.0830289190977385
1.8884574404094623
2.2942041528772994
5.60543920215196
2.258907555615779
1.2628479594352553
3.0064351155844307
2.54686877527738
13.292813299770666
2.0423182645270774
1.699214460790809
2.524802648455894
4.271288736723475
10.17400081451875
2.210291219962299
42.56443809599365
1.9297066078809753
5.909828691065737
1.1354959343352375
30.6353006054428
2.6197901859042236
3.867832656556987
2.062286199197842
0.7641357534003762
1.0824605577416122
5.62702567418757
2.224539624169747
6.050733206778346
1.7894794677096457
1.6892005873697857
27.13118940365996
12.100678475194133
16.693025425978046
1.8298874889548449
24.414528121325844
2.5618671034744853
0.7430737272052684
3.276804797098978
0.2002208003614247
167.2496344029419
1.5473302997970593
0.7211319102230562
1.987965283505318
2.0117163627420585
2.080360111671875
1.5833062228509571
6.12514270772847
3.1246306382398146
5.638107184445885
3.0350632238589745
20.486774872695108
16.345514399697432
13.433794986889197
4.137356627429854
0.7687873932473194
1.7816787609308333
1.8079599860124673
0.947514926580738
1.1648653561146671
2.6873875676319683
1.5700814600063757
4.093958183502764
4.41395744454507
4.784245103755482
8.716556293899098
2.516142490185506
1.1553228999741252
1.4780635312980595
1.7727478500883709
4.770195323669193
1.4034549506824368
37.87330137891521
1836.587774674487
97.44686400770354
1.0801903963588624
1.3352618386337194
0.8593024790466676
0.7040784358288417
0.6880497555387277
5.217111745290694
1.210177829378559
2.8546462340602754
8.522754017609584
3.3048785595220673
6.542304479133425
2.1661352087224435
0.4042381910921782
2.169254210736349
0.8551131771418408
2.1986775290010874
4.208253683251596
7.631010370906576
6.070125763407228
19.103876798558964
69.67148298015482
0.9095552829170571
48.525673543279304
2.8821090614404112
34.143360394611946
2.5559328891231354
2.2311218107882844
2.907065117064523
1.2797559716258442
1.2046033969388492
12.201956239453207
0.9007240209339435
1.07235511080037
3.863159165361509
2.0541870773426725
1.8581679834549398
1.167478726827064
0.3540879541375077
5.99632621605662
2900.4593509358424
48.60985329555088
390.22538431316957
3.7766076830307953
1.3109882921797884
0.9760198739545541
2.7270247165849417
2.203828336519731
1.393886566855177
2.414295103004843
0.7657970564134241
0.7625311396866403
3.1761304874916276
3.5995010191588026
1.2174601931909261
10.121792228004143
2.4685259394318635
2.8971860983357782
4.126441223602957
11.797665237450994
1.919444968691308
7.66021707851744
2.0264283189103485
16.92246569171908
3.7718972528847403
3.481617227437833
2.228279280272276
2.008753286470614
1.1179791845699083
1.1528120087998917
1.977264959887497
7.163223693005943
2.1396308363132093
9.586098996595204
7.9436731575883694
3.9899894128315925
2.4527632690330368
9.403548623403655
0.7560553397728355
1.361299729052272
1.875145239482389
10.325915639093726
2.1150996795203323
0.538987933286642
3.84898748464355
5.198283982682525
18.90832073586136
3.7299700997785172
2.227251180215674
5.468743613715277
6.318396357808761
3.3061726279114203
12.033736497833655
1.9952525929536495
3.67781992080827
6.117921056746262
2.1844858707564203
1.4099023029063016
12.536085021129374
1.3785648715722836
12.907083455206248
17.408814965352555
1.470495067205446
37.98034021517156
25.780518018681825
2.6579017389794606
4.935306276867799
21.450097220758465
2.6344704614868113
1.1848515553741374
104.80120566097443
2.2518004618706815
1.2730433459434727
2.861706431599235
1.2565436283166862
1.2178176741330617
1.4300648534934512
2.7385960675280843
1.5428400051745166
2.1047907461736943
3.9837595451061167
3.24025872243465
2.0097081300671937
1.254066354816908
0.9429226636169606
0.6038215794524626
1.8126181193472732
16.517368695205526
1.8358184165214242
1.6978009438513086
3.3032019443272516
1.3816766809174699
0.8381864021015448
0.9855739609188431
1.249024907550966
7.705728290444139
1.746700685402183
9.132560443263653
43.78899422002635
3.9543450473711514
1.7806096411795416
1.5529276507486574
4.1390098946797504
2.1593548386208914
0.7335191555296463
11.370843311900964
8.849345276202776
2.150920226677247
1.7369995301603713
2.2313300413183796
33.08138837846011
1.4817786766064873
4.552730463087185
1.6568508692645625
0.9366948479003206
367.6931723736427
42.79227769316131
1.630068861958153
3.6179060937920497
2.402858819504626
1.2986058201588415
18.14689957455749
0.9108380659426548
5.613440303795214
137.9520453748372
8.039944852698563
6.181710918518736
23.298095718809574
2.6451350054328673
1.2410558148442146
1.5822928625954213
2.0510066456568694
33.05794849442831
2.6218755561891984
0.7913972916496936
1.7094870522067895
1.7611082612812687
3.03459758702064
5.556098416527476
3.4725125740836607
1.2096912649640015
3.804305384403802
4695.127439776823
15.157645855180924
2.1145809622050424
1.688221082313562
4.176291988470678
1.9510247938691547
1204.7802691071743
225.26908743768917
2.078611972820607
2.2870727791579943
6.709108216050664
