0.6314535737037659
38.36952209472656
36.495567321777344
35.53921890258789
36.40364074707031
34.85442352294922
40.23890686035156
49.42958068847656
0.6190588474273682
41.01488494873047
0.6131567358970642
35.69342041015625
0.6059390902519226
42.679473876953125
35.23070526123047
35.74130630493164
34.908714294433594
41.669578552246094
37.74159240722656
35.827362060546875
38.168094635009766
37.67892837524414
38.497344970703125
0.6003943085670471
41.42449188232422
40.29900360107422
0.6105176210403442
41.4332275390625
40.92230987548828
34.342628479003906
36.904579162597656
82.877197265625
41.210636138916016
35.808128356933594
45.056697845458984
37.39862060546875
34.5688362121582
33.67555236816406
42.58714294433594
38.11871337890625
41.136566162109375
0.6282101273536682
34.51798629760742
34.68272399902344
34.908355712890625
38.207725524902344
36.59039306640625
36.13667297363281
40.098670959472656
39.57380676269531
39.913658142089844
35.61908721923828
0.6272921562194824
38.677490234375
40.161163330078125
38.57373046875
34.60503005981445
34.838706970214844
35.67097473144531
47.8011589050293
47.59278106689453
37.59700012207031
40.446998596191406
36.13812255859375
38.46134567260742
44.236724853515625
34.920326232910156
35.65071105957031
34.4730339050293
34.94182586669922
45.26151657104492
35.84837341308594
0.6431240439414978
34.18167495727539
35.556785583496094
0.6142851710319519
0.6199078559875488
0.6268707513809204
35.306453704833984
36.349700927734375
43.96797561645508
33.996116638183594
48.514095306396484
37.25768280029297
41.478416442871094
39.20054244995117
43.265037536621094
38.08125305175781
37.015933990478516
34.52136993408203
36.517677307128906
40.696388244628906
35.477134704589844
35.636192321777344
34.4910888671875
42.521461486816406
37.672821044921875
36.804344177246094
35.50984191894531
33.98915100097656
0.6244378089904785
52.63150405883789
40.2413444519043
40.62571716308594
37.26690673828125
34.77206039428711
41.578948974609375
0.6182511448860168
37.705013275146484
37.481040954589844
37.75920104980469
40.224700927734375
49.16134262084961
40.41156005859375
35.126441955566406
37.10736083984375
42.266746520996094
34.30210876464844
0.5902738571166992
38.53264617919922
34.60725784301758
37.072227478027344
34.54924774169922
34.759254455566406
34.30998611450195
33.66706085205078
0.6289170384407043
40.76003646850586
36.16636657714844
34.808204650878906
45.1602897644043
33.89726257324219
37.502899169921875
37.883758544921875
0.6235973834991455
36.57708740234375
40.845497131347656
35.564231872558594
36.48444747924805
39.50701904296875
37.28325653076172
34.009979248046875
35.550270080566406
34.06589889526367
34.33154296875
39.872886657714844
36.33671569824219
34.98942565917969
36.812347412109375
41.54938507080078
34.76822280883789
45.8817024230957
36.876747131347656
0.6451231837272644
39.278709411621094
36.79993438720703
35.93297576904297
49.096527099609375
38.50279998779297
52.954715728759766
42.235382080078125
36.965293884277344
0.5983394980430603
37.18919372558594
37.16667175292969
36.439422607421875
39.265655517578125
38.86553955078125
36.0355224609375
34.89836883544922
66.99830627441406
35.48601531982422
48.004756927490234
35.53403091430664
35.07383728027344
44.79552459716797
36.03331756591797
37.98809051513672
35.416053771972656
36.21337890625
33.959224700927734
38.329349517822266
53.57884979248047
39.61619186401367
40.48026657104492
36.359188079833984
37.382896423339844
34.99787902832031
41.65605163574219
40.24094009399414
37.64769744873047
37.796653747558594
35.50813674926758
34.65922164916992
36.42779541015625
43.5164794921875
33.422607421875
0.6113604307174683
36.802215576171875
36.86028289794922
35.05828857421875
37.50569152832031
0.6259862184524536
35.46552276611328
34.797325134277344
35.54838562011719
43.35061264038086
42.844444274902344
33.83485412597656
36.02449035644531
42.31746292114258
38.801265716552734
36.684364318847656
0.6109666228294373
38.62725830078125
70.63723754882812
34.75154113769531
34.5439453125
40.49599838256836
40.383941650390625
39.858497619628906
35.8760871887207
35.42964553833008
0.6152158379554749
0.6269461512565613
36.512481689453125
36.7692756652832
49.842403411865234
34.313697814941406
33.89552307128906
35.961280822753906
39.301063537597656
35.87069320678711
37.566009521484375
40.755496978759766
39.98481750488281
0.6202585101127625
75.76677703857422
41.19416427612305
37.674156188964844
35.60562515258789
35.77735137939453
34.10540008544922
0.6217328310012817
35.485496520996094
37.73727035522461
34.55412292480469
38.590721130371094
0.6264705061912537
37.49873352050781
39.64145278930664
38.022682189941406
54.02213668823242
43.22537612915039
0.6264090538024902
36.30833435058594
38.64818572998047
34.852294921875
39.2445068359375
44.92165756225586
38.58819580078125
36.008148193359375
0.6241025328636169
35.67717742919922
0.6179237365722656
34.20655059814453
35.88820266723633
33.66071319580078
36.56848907470703
39.04011154174805
44.44792938232422
37.7979850769043
36.05940246582031
38.09235382080078
37.56432342529297
37.73102951049805
33.706871032714844
41.65383529663086
38.52787399291992
36.61182403564453
61.996803283691406
36.03782272338867
35.93634796142578
34.47987747192383
0.6178954243659973
35.751197814941406
33.5765266418457
34.95443344116211
0.6458292603492737
0.6371031403541565
54.51101303100586
38.67353057861328
34.674251556396484
40.94414520263672
39.0648193359375
35.919559478759766
49.90406036376953
44.60593032836914
37.854248046875
35.60863494873047
37.57876968383789
37.840972900390625
42.3619384765625
0.6249592304229736
35.69261932373047
38.967430114746094
35.64143371582031
36.05088806152344
39.21369171142578
35.35434341430664
38.971954345703125
63.30610275268555
38.334716796875
36.1387825012207
35.382850646972656
35.646812438964844
35.660926818847656
0.6094924211502075
0.627826988697052
0.6356382369995117
0.6227203011512756
41.728240966796875
35.038734436035156
44.189125061035156
33.42664337158203
35.756256103515625
34.204627990722656
0.6110192537307739
38.918922424316406
51.66205978393555
0.6322640776634216
35.93284225463867
36.05065155029297
37.337162017822266
33.81890869140625
35.72455596923828
42.54301452636719
37.60070037841797
37.96769332885742
35.59516525268555
45.79351043701172
42.18836212158203
36.84968566894531
0.6093802452087402
36.36363983154297
39.3619499206543
37.58738708496094
0.5959663391113281
52.54747772216797
0.6179248690605164
52.49870300292969
35.552696228027344
36.396820068359375
40.042335510253906
37.30473327636719
37.008399963378906
36.13730239868164
35.21636199951172
34.612998962402344
37.51472473144531
35.897850036621094
33.88145446777344
35.33002471923828
34.98197937011719
34.923187255859375
35.517478942871094
38.67635726928711
44.7302360534668
35.58885192871094
34.57005310058594
42.99666976928711
37.757965087890625
33.78794479370117
44.5369873046875
38.04901123046875
35.02093505859375
40.210205078125
40.02192306518555
37.14936065673828
34.932273864746094
39.524688720703125
0.6345314383506775
36.284156799316406
0.6324946284294128
35.61961364746094
34.21327590942383
35.49883270263672
35.62561798095703
38.51380157470703
35.189727783203125
37.50304412841797
41.19938278198242
40.11577606201172
34.85223388671875
34.54214096069336
37.527565002441406
35.848426818847656
35.14117431640625
34.72294616699219
33.68955612182617
34.86429214477539
0.6275542378425598
36.465660095214844
36.028564453125
35.428367614746094
37.92290496826172
36.55381774902344
37.112327575683594
35.59749221801758
40.45650863647461
35.62657928466797
36.36143493652344
44.394996643066406
38.61042022705078
35.88165283203125
0.6236491203308105
35.10771560668945
35.567626953125
37.61107635498047
37.92852783203125
37.40792465209961
35.33772277832031
34.462921142578125
40.7957763671875
35.28803253173828
35.37359619140625
40.30810546875
40.827789306640625
36.07936096191406
41.157142639160156
37.252254486083984
0.6202581524848938
36.64947509765625
35.35811996459961
38.84854507446289
46.799442291259766
35.831504821777344
37.255950927734375
37.535072326660156
42.42720413208008
38.329750061035156
35.0906982421875
45.57063293457031
38.3503303527832
35.739112854003906
0.6326875686645508
41.12728500366211
34.93642044067383
0.6276947259902954
39.965152740478516
34.824867248535156
39.79160690307617
36.11750793457031
35.90929412841797
40.48062515258789
39.80577087402344
36.56151580810547
37.000362396240234
50.14051055908203
35.37823486328125
40.406978607177734
33.94229507446289
39.58949661254883
39.085357666015625
36.46159362792969
34.584312438964844
0.6229643821716309
39.52458953857422
37.99943542480469
0.6212369799613953
36.97177505493164
43.03265380859375
0.6310663819313049
34.994598388671875
38.73363494873047
39.852806091308594
40.060523986816406
38.71876525878906
39.51641845703125
38.02692413330078
33.63071823120117
41.92235565185547
38.981971740722656
53.50415802001953
36.42744064331055
35.126434326171875
37.80231857299805
33.60300827026367
38.80293273925781
34.9430046081543
38.4962158203125
42.89619445800781
40.54973602294922
34.560543060302734
37.375755310058594
55.0721435546875
0.6143689155578613
33.92023849487305
37.582557678222656
0.6397678256034851
34.62168502807617
36.713993072509766
39.14214324951172
35.61222457885742
45.612308502197266
37.506103515625
38.93070983886719
46.62043762207031
35.867244720458984
0.6304786801338196
34.662574768066406
33.750953674316406
34.58148956298828
41.237735748291016
0.6450813412666321
33.65255355834961
33.758541107177734
36.55028533935547
41.714542388916016
36.90277099609375
40.618438720703125
39.44736099243164
42.064090728759766
34.87632751464844
37.666786193847656
35.45707702636719
37.736358642578125
41.830352783203125
41.89387893676758
37.473899841308594
47.615203857421875
40.38434600830078
35.604148864746094
34.528961181640625
34.67829895019531
35.342308044433594
40.638671875
0.6178301572799683
33.49650955200195
34.72920227050781
37.4018440246582
36.795127868652344
34.15064239501953
47.81673812866211
0.639964759349823
44.80096435546875
49.44527816772461
40.50882339477539
37.453948974609375
37.21795654296875
36.44038391113281
40.60321807861328
38.92692565917969
34.45569610595703
34.92120361328125
34.708038330078125
0.6112322211265564
40.81661605834961
38.433441162109375
37.501487731933594
34.94331359863281
34.64302062988281
37.440555572509766
33.59136962890625
43.68605422973633
34.768638610839844
37.97327423095703
34.767852783203125
39.69826126098633
0.6076237559318542
44.408321380615234
41.657474517822266
35.61021423339844
41.880836486816406
33.737335205078125
40.17784118652344
33.34165954589844
0.6108156442642212
40.892669677734375
37.58711242675781
45.966182708740234
46.99024200439453
35.604835510253906
43.395355224609375
37.18659973144531
39.4090461730957
33.67713928222656
79.00982666015625
39.93671417236328
34.03723907470703
34.18230438232422
35.33788299560547
36.30305480957031
38.040523529052734
34.81378173828125
35.81433868408203
37.20600509643555
36.78279495239258
0.625615119934082
0.6183026432991028
37.74156188964844
33.93263244628906
39.67698287963867
34.208763122558594
93.11933898925781
41.59256362915039
0.6115941405296326
36.32019805908203
38.24120330810547
39.864471435546875
37.7633171081543
36.498146057128906
36.04692840576172
34.624229431152344
41.390167236328125
33.72539520263672
33.91808319091797
34.04066467285156
34.87635040283203
0.6280068755149841
37.984161376953125
39.40828323364258
35.06205749511719
0.6424670815467834
35.08271026611328
43.621002197265625
36.82138442993164
48.85048294067383
35.68767547607422
0.6354755759239197
36.70634460449219
35.821510314941406
0.6251735091209412
35.973331451416016
37.47908020019531
35.68914794921875
36.35435485839844
38.619789123535156
35.994407653808594
0.6441298723220825
34.618927001953125
43.43686294555664
48.6348762512207
75.82173156738281
34.094337463378906
40.485740661621094
37.053619384765625
40.35291290283203
34.57910919189453
33.808067321777344
35.65394592285156
0.5991618037223816
35.480224609375
50.71073532104492
38.09233093261719
35.540733337402344
40.49354934692383
36.917171478271484
0.6183774471282959
56.238773345947266
34.967227935791016
34.552310943603516
0.6394534707069397
45.69247055053711
39.9329719543457
39.42941665649414
35.922813415527344
0.6043283343315125
42.710960388183594
35.54638671875
38.775474548339844
34.76081466674805
54.54612731933594
49.74911117553711
35.843170166015625
37.06877899169922
33.8577880859375
45.59151077270508
36.80315017700195
0.6149702668190002
38.59515380859375
0.6364191174507141
0.6031555533409119
38.98045349121094
33.72188186645508
34.009063720703125
38.561790466308594
36.95686340332031
36.20978546142578
36.538002014160156
48.588348388671875
35.713348388671875
34.60234069824219
34.6800422668457
40.541099548339844
35.76187515258789
39.97662353515625
37.657379150390625
42.371131896972656
42.46308517456055
71.88137817382812
34.68155288696289
38.65422058105469
42.47998046875
36.94013977050781
37.70380401611328
36.702354431152344
37.94185256958008
35.50543975830078
0.6286056041717529
43.96827697753906
35.11012268066406
39.72344207763672
41.05296325683594
35.65730667114258
38.48866271972656
37.95482635498047
38.80459213256836
39.121849060058594
38.360130310058594
45.07754135131836
39.380943298339844
40.12045669555664
40.431793212890625
34.6796989440918
34.49467849731445
60.6768684387207
35.55567932128906
37.958900451660156
34.65007781982422
35.504634857177734
35.27257537841797
33.855438232421875
38.920894622802734
42.32772445678711
40.1138916015625
35.88489532470703
42.95321273803711
0.6163093447685242
36.30839157104492
38.35157775878906
50.016273498535156
37.431396484375
35.578365325927734
41.070167541503906
42.0199089050293
33.737281799316406
40.44830322265625
0.6217379570007324
39.62541198730469
40.449485778808594
47.05818176269531
38.50202941894531
0.6031138300895691
35.62616729736328
40.13319396972656
34.794151306152344
35.80577087402344
49.99516296386719
45.72230529785156
35.563446044921875
33.57069396972656
38.460411071777344
39.865013122558594
34.504859924316406
37.4896240234375
34.134056091308594
37.27015686035156
35.56804656982422
42.708213806152344
33.73875427246094
0.6284902691841125
0.6219610571861267
0.6182483434677124
38.87052536010742
36.63382339477539
38.299415588378906
36.182769775390625
35.03523254394531
37.590946197509766
37.0262451171875
40.596153259277344
0.6191568970680237
35.54118347167969
41.44731521606445
36.49433898925781
46.159828186035156
0.604446291923523
36.592376708984375
35.154258728027344
36.9561767578125
35.026424407958984
34.86837387084961
35.47393798828125
35.670597076416016
42.71255111694336
34.87745666503906
40.4460334777832
41.127586364746094
35.615230560302734
36.52534866333008
38.300743103027344
36.729923248291016
61.05144500732422
38.94581604003906
33.75146484375
0.6155508756637573
34.60198974609375
41.789215087890625
34.63761901855469
45.67597579956055
34.32172393798828
42.396209716796875
34.731346130371094
34.991939544677734
39.712772369384766
34.77094650268555
0.6069743037223816
37.87505340576172
35.52288055419922
47.45756912231445
35.74336624145508
42.885520935058594
39.64397048950195
33.928627014160156
39.010398864746094
38.424285888671875
42.45962142944336
54.54399871826172
54.83213806152344
42.44912338256836
0.6477105021476746
38.444862365722656
35.66316223144531
34.92064666748047
34.904327392578125
38.76648712158203
35.81532287597656
38.64894104003906
33.65870666503906
40.13536071777344
33.610107421875
38.14495849609375
34.15882110595703
35.832984924316406
35.599082946777344
33.77791976928711
38.408729553222656
34.022857666015625
44.65518569946289
35.10285949707031
44.520938873291016
39.06388854980469
38.86809539794922
37.576141357421875
38.43183135986328
38.213470458984375
36.74244689941406
34.434444427490234
35.490848541259766
33.78092575073242
43.34103775024414
0.6025941967964172
69.16827392578125
38.66065216064453
34.898826599121094
40.02830505371094
35.96599578857422
34.707984924316406
38.69342803955078
40.235267639160156
37.41055679321289
36.423458099365234
36.59337615966797
34.410369873046875
60.746734619140625
35.01131057739258
0.6153309941291809
33.8409423828125
0.6200500726699829
34.471336364746094
39.01129150390625
36.54505157470703
35.300086975097656
35.26739501953125
37.17998123168945
36.77743911743164
47.03423309326172
34.606109619140625
0.6124551296234131
37.00264358520508
37.34193420410156
36.84779739379883
62.49934387207031
38.984619140625
34.25558090209961
35.396297454833984
40.02236557006836
37.43832015991211
36.051422119140625
38.217987060546875
40.48604965209961
44.553524017333984
34.7536735534668
33.86943054199219
34.140079498291016
35.475982666015625
0.6388649344444275
39.56096649169922
34.95193862915039
33.61102294921875
38.82879638671875
44.47645568847656
0.6375386714935303
34.809356689453125
49.90100860595703
0.5889162421226501
40.27470397949219
35.998451232910156
38.510536193847656
39.61426544189453
35.97802734375
38.81302261352539
46.95241928100586
43.120826721191406
36.2381591796875
33.85821533203125
34.882450103759766
35.532745361328125
44.576995849609375
36.54412078857422
36.282814025878906
33.56301498413086
35.602149963378906
40.4241943359375
46.60472106933594
49.725791931152344
46.961360931396484
37.660667419433594
35.65442657470703
35.24122619628906
36.090736389160156
62.53213882446289
34.446022033691406
43.3815803527832
45.59425354003906
42.052207946777344
38.03386688232422
40.044593811035156
35.58368682861328
36.71050262451172
33.59416198730469
0.6377091407775879
36.531333923339844
37.24122619628906
40.474029541015625
37.31963348388672
38.82222366333008
34.59638595581055
36.208770751953125
42.687767028808594
35.646915435791016
34.95094299316406
37.93397521972656
36.70341873168945
37.94206619262695
41.696510314941406
34.70989990234375
48.204864501953125
35.24284744262695
43.00508117675781
35.79836654663086
33.5382194519043
35.53591537475586
35.51184844970703
0.5942147970199585
41.50396728515625
35.6246337890625
35.109710693359375
0.6054891347885132
36.04993438720703
0.6265736222267151
39.315956115722656
36.97892761230469
0.6166486740112305
35.060630798339844
33.56535339355469
38.38041687011719
36.08586120605469
36.84449768066406
34.23255920410156
37.84497833251953
47.010807037353516
37.248497009277344
35.174720764160156
38.69420623779297
38.27863693237305
0.626327395439148
35.80725860595703
34.69019317626953
