0.011291556777791149
0.057881707178977435
0.014747329688823146
0.01011570736680221
0.04718519598246792
0.007107471521594916
0.00951731774949254
0.026957465171404023
0.022096988457727396
0.11941601822007021
0.13094502946678876
0.022710121265021782
0.12334325878725538
0.025708651015482895
0.07118698544679282
0.04320097566875296
0.03004785447200869
0.07200024770499025
0.07127998038966953
0.006992022495512753
0.0069200282462777195
0.06120339511842597
0.013076949494245036
0.010040303020098257
0.01800760323629307
0.01641230929069865
0.09059071343116726
0.008402049868180923
0.04996406611783779
0.2681529196287478
0.030905096603667397
0.06679001947453211
0.03508031138881343
0.009924843146541308
0.02995380255826505
0.2477146876965688
0.01605572424297046
0.05818298766063321
0.027700433266047875
0.20137492367927073
0.04074790620633522
0.07297923876746212
0.005629857044328486
0.031921242296916896
0.01054537416429857
0.13092621491886458
0.034950962515312135
0.017490400669586806
0.07572350276399695
0.037595469466855005
0.005256619059920427
0.10578596156380946
0.01735818121256556
0.030000950770442885
0.30730910754778
0.009937342167440641
0.00597504276491494
0.10319815422696021
0.013415818557958467
0.007717504049731325
0.009135682836842568
0.024165160396161064
0.037942058057667205
0.006178146345075126
0.01121036568320649
0.10737585367298846
0.01208935589978471
0.05185633592310417
0.009361905591483925
0.01830345614458299
0.07235662515027082
0.06481922991446859
0.02957358205183783
0.011988106959880302
0.018978166333700853
0.019487930358503856
0.04315823307625337
0.013235837032915443
0.008933253836317224
0.054168668866160695
0.00995070972829527
0.29435540920657666
0.008129068401829379
0.031134801861395785
0.02786916267413215
0.12025413311101847
0.0824040844551686
0.02089209898578792
0.042991294427524716
0.02654219543680158
0.009374803744882934
0.020828029792144296
0.014965509547527824
0.04396647834018702
0.051218931873133804
0.015403158595020387
0.2318333015859083
0.026273566375537214
0.029734243919349156
0.01380294855018952
0.009969684602399225
0.01783026427089766
0.007807312532951078
0.08273795673979645
0.010985893000075572
0.011982633073985583
0.027062150731675227
0.06368009097030886
0.04237176051596007
0.07734555090519689
0.1355772663323556
0.011371551209739096
0.012114197029016466
0.06588412975774965
0.00835815502362157
0.06768169315534037
0.04698360401656862
0.18179895402000917
0.013428649894606105
0.013921431609926387
0.18953722191685848
0.04504930897374177
0.0131696923168572
0.011376552043650425
0.01151202753612398
0.014310020309603218
0.018481397466792168
0.15509359693680938
0.015259203332485689
0.021340073961444946
0.015689881277842405
0.015245327037784522
0.015533776825093009
0.10106999765106868
0.02645847521033083
0.2819850746098947
0.07441214750471413
0.15076469428916783
0.13629849825847243
0.010271790185405888
0.007610691008136377
0.004485215560814452
0.01846648988580485
0.15567755825604832
0.019691717390287244
0.019916447020946693
0.006517404928486743
0.008572206126129484
0.01270949631161891
0.02078863443713351
0.09019307531019248
0.040801113338002286
0.007704015532037298
0.006873809735095926
0.025127199671900087
0.08836805427352569
0.21881414672680613
0.023724961793433086
0.0491251790859597
0.0068843492427678316
0.024066722350508232
0.07835534035713818
0.007758542967103652
0.03649138342050119
0.007281809390396618
0.07246700523037083
0.10618421314155643
0.005974378619021575
0.021340899854091346
0.04378840849336946
0.009680383345249588
0.05772448440681666
0.11075146451619057
0.018437046460253563
0.007522266179518025
0.017501490161516087
0.03946210267339952
0.017309492791602373
0.00878085693522858
0.08389219454686277
0.022388621630981848
0.02884038089084314
0.07956619843390723
0.013869248639045742
0.016828892799182142
0.17115004522528915
0.023663983462123606
0.02107391232442672
0.04478366963005538
0.13968263530277616
0.024018141014809313
0.0766386090063459
0.03562352713956981
0.03890807038834312
0.009345647896660952
0.036521628642896625
0.17865621078924104
0.01995731991254228
0.021744078317502982
0.03225934194624911
0.021750267464889783
0.03348112569403491
0.019696586044072546
0.027381145824517863
0.04689520526784118
0.09051669028940858
0.014898410931784135
0.023847879910958623
0.03518587950380627
0.0390003466753691
0.00689246372545325
0.36131358784006357
0.005667633196456461
0.12505493478528087
0.19986033364356043
0.012068998934980646
0.026600538579726073
0.01026331382087621
0.02391606272778922
0.017171705567882698
0.022023046961389615
0.007140355472670055
0.00732522377220918
0.008940679285460917
0.11497029792810015
0.011764330103963716
0.01769979998741437
0.07118804662655304
0.027507460967791237
0.10489863357711046
0.018520359134848712
0.057713937382594886
0.02992954365614655
0.020039733626913254
0.015304641274817
0.03833717271424387
0.016250290547941894
0.022456769952668272
0.20987177303968657
0.09496821910098613
0.01608794390330071
0.017711896725727146
0.006163960812499847
0.04780081208304877
0.045505107195083994
0.043580211879488254
0.023062004866567468
0.014398843394833145
0.029392635002360796
0.0422135235730083
0.03493194457212562
0.03158925198997377
0.14897292092635556
0.01598942038749581
0.05402685851582241
0.018436396046178645
0.11198478789470857
0.05719328362183295
0.121940030457369
0.05419961958997644
0.16464630153941476
0.03202973832405989
0.14578187319468713
0.06569410793150032
0.08193975844108459
0.032596247135619594
0.038416005280288594
0.01760887784276403
0.1605250861793826
0.0024455064581001577
0.013131480591212783
0.009299763042691641
0.01097824232269609
0.011788999083696437
0.012275357945823902
0.06983286351742332
0.06581503242980513
0.039407054866497655
0.017646005881142318
0.12472195839036095
0.012456747152507287
0.16523635966522598
0.013676830157910174
0.008495932731543197
0.033975423554322925
0.03245029427593159
-0.11258548166567045
0.014128867995356837
0.014536264398913833
0.1209920900157173
0.02463694248960887
0.02860529824703305
0.017174457184987817
0.027213427152160748
0.013499177695175061
0.008372401372455929
0.04368494647013223
0.015559607588108494
0.11948879400465848
0.10945727145464546
0.014694661675647699
0.018910944463990494
0.06033696017115649
0.028708528977981932
0.011134969608329133
0.008962029599457017
0.03508343311646352
0.029271600021447644
0.1368607649206417
0.008685991204537762
0.0322275820675001
0.04707571301043512
0.023181885669431027
0.01888409086383085
0.031075038500470553
0.026570281659919634
0.03212726028438002
0.05913304247462979
0.019844214915821366
0.016238487876663578
0.008019252000966289
0.021904524789429253
0.012582667213804063
0.10872388558798506
0.043686779281049554
0.014020209934568942
0.015792120896830124
0.006393943206799058
0.01212129439728552
0.015825872482754175
0.03572975557154314
0.10094323531966505
0.0176584501458347
0.008001647300373983
0.045656356352324165
0.05489070513115476
0.17713589736065974
0.2406267622510906
0.03928471395969496
