0.2562733868148211
0.3149627238509158
0.29295477020877325
0.2617031495320971
0.2733335998917964
0.27559754041650797
0.32325609498262603
0.3827228733685002
0.2783663724745254
0.29944873453078696
0.2598266080302727
0.2735351004951503
0.2657622990459597
0.2789473606228998
0.2641099420784978
0.24234644233577823
0.22775028833228936
0.2654175705816797
0.26071693338709906
0.2722227507772209
0.2956973519136158
0.28053388914681515
0.2779755840511291
0.2568971600063408
0.27790968107298053
0.27403815724048397
0.2690566926758584
0.27728540197732293
0.32833091906378664
0.2560463777147681
0.2813320224507339
0.24985235729427463
0.2846471169479938
0.277099218917373
0.28372112753255274
0.2875708622288826
0.26549761723103876
0.2261075898758011
0.4612345724375684
0.28797409069979285
0.2752525428281893
0.2222454900806
0.24248139235082533
0.26583662039063805
0.27075747562083974
0.2925215170614751
0.2555217216685276
0.21517665001632186
0.2628145931675848
0.28673974664511004
0.27151083010017735
0.26299666029537405
0.2741784069977992
0.2466283980094126
0.28154356677969744
0.29185814067094007
0.258516283129834
0.23794778834469543
0.25540907597332707
0.2929186114368263
0.32444547124107787
0.25563839193846905
0.3022973673499842
0.27944379695703353
0.2800688519640892
0.296462101015
0.24927022614283073
0.29667997704945115
0.24304294864203144
0.2587728404466277
0.3010744097225039
0.2500548677264059
0.25052426493867097
0.26434843486957643
0.25251315098220867
0.25566224612819566
0.22308528684371998
0.23003718182834076
0.2299419238812603
0.27935475441159513
0.300950232207302
0.23977687381798976
0.29656528384764524
0.27431506044003534
0.29446866388653864
0.2950135085480031
0.30768296159100567
0.3151645386212626
0.2559494946129125
0.2843127079501827
0.31549551743848714
0.28080785935459435
0.21298919860798138
0.2716902238850336
0.22023630779330353
0.30453732615517937
0.2723610838736127
0.280755811890163
0.25239173135782744
0.26460606375906287
0.24624529685650443
0.3281275511220816
0.31632706882523576
0.2935128489829286
0.2927577062389449
0.26262153568059887
0.3274981792905849
0.25494839916793954
0.32809894086873614
0.31848000906606344
0.2740870637531575
0.26818802014337595
0.32442054362134554
0.3263633892818215
0.24085344030200645
0.27869973841936607
0.2932422737552553
0.2553490619171286
0.2641523547229061
0.28683727022762595
0.23886280244419786
0.42587087317140315
0.21781171243043418
0.20416872978547235
0.2139523550264243
0.26359344168659077
0.26331533481661873
0.2562713207855658
0.27445631330410747
0.30300648044570566
0.24593423004398343
0.29227771679236114
0.2767859407356978
0.36765144186017695
0.24307805414559608
0.25942964263514856
0.3011506082940343
0.2622840590105248
0.26688724540164754
0.26486717097405227
0.27095585309046155
0.2765694433652511
0.25843746023365527
0.27788433302510296
0.26209160419069144
0.3267934731092036
0.2700129876092214
0.25262199030311216
0.2706021330075634
0.2917760824638683
0.26454159652565573
0.3254658215194471
0.28570302052317786
0.25352550945536534
0.3442004565467576
0.2510978716968253
0.26032898540166305
0.33421213272742883
0.27645872265309757
0.33319475629636275
0.2877670238595481
0.27992730281074196
0.28160400077380215
0.2574456153402309
0.26198418896416076
0.2865760447100745
0.3002369731686848
0.28136375761470855
0.2587307670408185
0.22501416353061848
0.3862491992415319
0.25943932587505053
0.3872658108765698
0.2494554068262474
0.26528116851620276
0.337722859152211
0.2636156582279318
0.3148536620685764
0.24194798335855822
0.2479429241405786
0.23147285039583781
0.2682223140302215
0.3499080530860658
0.2946480566818965
0.2629734452076707
0.2609624752162828
0.30733599216328705
0.27244387499378814
0.28221643410013286
0.28554293724079133
0.2623546877503878
0.2991661902130608
0.2701165566013453
0.27829973600074404
0.30885406572161966
0.2777919590802842
0.22528280789853347
0.2701041665493247
0.2740977939543711
0.28736240373850863
0.2617043488648981
0.275111972469709
0.23536000234578208
0.27521492463177866
0.2436194029489508
0.2749548743716069
0.29625964155527107
0.29205706759686817
0.25448872881180956
0.25847435001177943
0.34551216449748867
0.28837377617338866
0.27716996355910845
0.2204995688768446
0.25928703778486195
0.41482584936971967
0.22719783758407455
0.25792239604328365
0.31604546965521185
0.2787887577847961
0.28715431659919755
0.2595737753029958
0.2939212308203072
0.22048899673521363
0.25641569787952273
0.28660936486690564
0.2809808110725516
0.36677864828339135
0.24937548939864534
0.2789094751525066
0.26465747268579215
0.2960467255240378
0.27102154139494683
0.25767509561744983
0.3002525374081967
0.2943848414480586
0.21289010116879414
0.37764728583155327
0.2808215621097856
0.28183442170180795
0.26556832582165724
0.26590420807985815
0.2518841023630413
0.24764074197454933
0.2645312153426481
0.2800020944801377
0.23916558065455729
0.26631551115765206
0.21925416591105296
0.2782314249848962
0.29806109735336134
0.2699191979417682
0.39113417224263597
0.30051798945133495
0.2604948468356218
0.311465019166554
0.24351504347867617
0.2579768179503312
0.30620750155141263
0.3133932272615526
0.26903692180083155
0.2640635404781862
0.22814996189585127
0.23939245784457858
0.2596334614440422
0.27723043463331526
0.27512635156387943
0.23338301234549597
0.26474366854570996
0.2863147973782151
0.28578109725872874
0.2743784340812861
0.30410271952361123
0.2814855736801993
0.2699878923051334
0.2618667693118729
0.2613428749594991
0.3037607637252491
0.27825062975706794
0.22950127767901074
0.4010869751236592
0.2656342248144661
0.2710516952899992
0.26555019921092354
0.2133373528647901
0.2718443018873766
0.2088008647673753
0.21444253366687804
0.2490241778464091
0.23867784078709225
0.3263055709037611
0.25180782400173596
0.2602572694063798
0.2929078142676722
0.3056686826185138
0.26710779454538913
0.34003839148040943
0.2976377242812954
0.29427665453293117
0.2616021551081632
0.31121009115078185
0.2710560057320789
0.2551189954279671
0.26140557890021293
0.23936713423388145
0.3031051554895045
0.28113810778746984
0.2652369168420471
0.29194843077096805
0.2589883304560319
0.2907247257667499
0.4220223995597271
0.30212828070323794
0.27008882536740686
0.2694002459030536
0.23279941295619
0.2719958226003433
0.23628135565019426
0.26086269136306417
0.26787868468392206
0.22502386944627897
0.27197259001065466
0.2558290640595037
0.36248863740175685
0.25878119666132837
0.27693713199703707
0.22705409173865254
0.25979609839610623
0.2813206067941535
0.3297236715907769
0.2389794116060494
0.2735818384399516
0.26659606635326666
0.29830866561477243
0.2690172064397464
0.26171796480530285
0.2866516142013553
0.2605919414487385
0.2910411337226593
0.2691587183435292
0.35828084887242223
0.2968488651163091
0.25739632758153214
0.27303745482544794
0.22858568437615429
0.2763925975884508
0.24691798720795594
0.220947255970831
0.3313125175405497
0.22497389274073587
0.3599752896414645
0.2617942256717174
0.3573283377096512
0.33099390258177136
0.2791139416461797
0.2910970204237664
0.2556909960235423
0.25580006307562897
0.24766908159147416
0.2820596564890077
0.27115022409547823
0.2425231194707642
0.23123283237172726
0.2460607253029949
0.31996975375460757
0.2960820472198493
0.25623209277057435
0.27487539031328845
0.29159597560841904
0.25972795440871804
0.2964262474996908
0.3097167268558644
0.23079916184417404
0.321181246857546
0.2769687414190973
0.23197703805732928
0.2841944089200091
0.28699361438055365
0.2848258314752362
0.25191539780784655
0.28945989625716306
0.25968666669198903
0.2851954085766329
0.2250945700792949
0.2748322551542228
0.2767987850975826
0.2689834628324218
0.26436134099583525
0.2591528757944976
0.2784705858156803
0.2771572419033913
0.28523684605835026
0.2666722198308381
0.27458022299043927
0.2677073696066391
0.2887388579674999
0.27372485662886
0.2812785811909708
0.24401652054215833
0.2685515613740137
0.2352743729108577
0.2204066068781337
0.25815279878196024
0.28177474932814645
0.27128300207405703
0.2882337727871761
0.2817636214488397
0.2652296986728959
0.26386826222220117
0.34405746429406203
0.2635969177975833
0.2419457082377776
0.2827521100803053
0.2717090610744096
0.24545382555999834
0.23529035702834172
0.2649000043066304
0.26619103664644744
0.27474991898324075
0.2838087701522418
0.3139456142106571
0.2506812065645414
0.2516205608409702
0.2737501810708459
0.2579410414526739
0.26608299020435383
0.28333689705499915
0.30699030377058756
0.24947734605303779
0.29974044429232305
0.3137011740205934
0.2614709945475512
0.25397971045982765
0.2439640049490781
0.2866044427809076
0.3262695738011524
0.22590724653753586
0.2995932190992665
0.2666771599385436
0.2937344563898683
0.30010223232795696
0.2750807669575279
0.3059405909972091
0.2966504111344343
0.26545868919699145
0.23085706416333956
0.2856786950683979
0.2693476318497665
0.22672620928560375
0.33067109057315525
0.2880581471303777
0.2908581171394778
0.26303736940080924
0.269484737500543
0.32231939640081797
0.28917242856105707
0.2793528857522899
0.2283852504850127
0.32652690703864634
0.27201947515158736
0.29086499328922333
0.2671770264389852
0.3692975098692396
0.26890157397945325
0.23775180404260954
0.26577616086148514
0.26821604226028317
0.27868533362750636
0.280088214534167
0.2561051988791564
0.23189638970537918
0.3169247344358115
0.2668332688944591
0.26240211047913947
0.2668409569921211
0.29015534732082865
0.2975298466426728
0.2986308644431763
0.27018926548084554
0.2627218789393283
0.24506144201803004
0.2963503300320332
0.2968099320955334
0.3441964518906846
0.27939880913877946
0.2624733995416226
0.28407924481005764
0.2712852183739918
0.26536606780191824
0.2635932172304789
0.28604534892321926
0.29581896737214985
0.34711711183957833
0.26512396976815017
0.2839109440191635
0.36838229854015025
0.2547701107040952
0.22300343178137005
0.2663137651052153
0.2392024256531628
0.2610453917427766
0.2803357163203726
0.29194590600900844
0.2698608890101043
0.3637413381906069
0.2749679080856322
0.3221712227065255
0.31044008976075876
0.2729804212351358
0.23577589690749684
0.2150025497976537
0.2359160483074372
0.27097808432173215
0.3318097168951459
0.20154124098551263
0.22258522657853774
0.2507555691125538
0.2597319199268645
0.29015443928981066
0.26969880024161236
0.2877169678279241
0.3010272543360196
0.24947290211650341
0.25543924223174586
0.2898858167175566
0.2643483596372783
0.29315962728967737
0.3215105635996318
0.2734285243022285
0.2597157532847276
0.35182208120774305
0.29369842172069077
0.2604347421512807
0.2605180954575013
0.2525119805458115
0.2694216357604496
0.2735282016336052
0.2587358668764949
0.26395108220696994
0.23966277788003157
0.2653288103670845
0.26517983317699045
0.26464000158161477
0.2645073422751508
0.2235800396227463
0.30281663127155495
0.3279766592940281
0.30167486153048795
0.31102923835318336
0.3214708629029671
0.264450703814474
0.2811592386715572
0.28450055919657513
0.27092460391466766
0.2690467026210337
0.21705194079245443
0.21709188550283215
0.3102910940409898
0.2738683793484778
0.2710268700356653
0.2793984448798696
0.2435231279697306
0.2907232920595821
0.24472801464437677
0.3372547629682121
0.27140311496816116
0.2800828748613678
0.26674283368593854
0.26592935707926246
0.2221353767321133
0.3125727749082508
0.30650827488096893
0.21731406295988331
0.5740166791279873
0.23928013755704286
0.2906554134194629
0.22426218668768472
0.2700099412368876
0.2689434966966934
0.27309861272860086
0.28752462927658773
0.30638033078843396
0.2466159890366607
0.30990259889428484
0.19986784969971993
0.2699611602043771
0.23953938862309582
0.34659999355039217
0.30853715266312226
0.2905283340152492
0.27372888422436437
0.25534179321710815
0.2824160021100228
0.2826351895869838
0.24545785807813875
0.2768216420659413
0.2498770744741421
0.2640809773730977
0.25179178371869976
0.22883299896107
0.26936704719207843
0.20607781144808718
0.3091605075120749
0.26935764203803697
0.2614592140454893
0.24600249613297295
0.2705892489852322
0.31392329758609017
0.28733123118666565
0.3091698895886661
0.2809301429867846
0.2690842138603644
0.2777449532265642
0.2549915495948454
0.29734535559323366
0.23969968662847957
0.2588181302866669
0.24837927775359006
0.242872963909849
0.2552322175423079
0.2535448177698082
0.30587150735715174
0.2847041519417309
0.23901616262394987
0.32262622026099175
0.2949248847179803
0.27870807611129644
0.3406027122361026
0.27182937395939466
0.27471818456372604
0.2603607300159919
0.3003769810632343
0.2586810192605551
0.2613781769221916
0.25582159966621665
0.26939078565487445
0.264744332737091
0.31160146555738133
0.27133759109904576
0.2304996228978808
0.261772357022053
0.2990829964613687
0.33810082632516314
0.3214862515877062
0.244188917014192
0.3079555553411324
0.2688768515517106
0.3050252422673286
0.2437312542678724
0.21599472501275746
0.2741997938341266
0.20183334514855752
0.30427681565779535
0.33146881610146695
0.3193831580428146
0.2643018267371326
0.269138071767528
0.27614022804281924
0.2796151268388583
0.24583697822445538
0.2734797294360103
0.26265583225167694
0.2608219850216104
0.33449871390557645
0.2623106744714015
0.2953272277593172
0.25801982790974015
0.2542504932782433
0.29577426273842583
0.25135506165510174
0.2716219697917878
0.3005671525435423
0.3826825936072975
0.3330860622520079
0.2613048044752146
0.2640734328474682
0.23760008836951757
0.3412932418708291
0.3486692380605233
0.23372112157801192
0.2791303592216422
0.25823438614562644
0.25464479428170667
0.29567274119833425
0.2304020788124106
0.25898490791322204
0.34505174559489904
0.24990965903505258
0.27027668442764446
0.29108381162653924
0.33777294055361434
0.2801304818180709
0.29188974213842694
0.27676436192546067
0.3238768127690199
0.2582269758686544
0.2743135462191004
0.2726686617505517
0.31284697059866573
0.2746970428871872
0.424839157143459
0.2627062615163258
0.3468929818838475
0.31399420972169634
0.28667290923520006
0.271409348114347
0.2939186947293726
0.27461383450786736
0.27561414470873224
0.2528088011148555
0.30791537369549093
0.26238273377562543
0.2721557553747845
0.32905685572511223
0.2798559044077817
0.2788608543286136
0.2687440623227334
0.2968013383889607
0.29838637787857447
0.2911415344156941
0.37110162131332713
0.28587875815122626
0.2763839360138638
0.28262828514037736
0.22351707852950448
0.2566321802380448
0.4931577430581321
0.30348404487929115
0.2997721413502464
0.2693234793728925
0.26501470174288844
0.27823126148643157
0.23941441090468202
0.3233050505689037
0.3072085262602599
0.2852939094760649
0.28751824108068746
0.2906901730163019
0.27416618846959656
0.27364669141391457
0.2705948638963086
0.30521828527268197
0.3044713708023891
0.267175423671173
0.3056222032969538
0.3217344595593511
0.24833001146567157
0.30697206912432357
0.2553220677298165
0.28649694167128037
0.3010035541864475
0.33124924004889655
0.25696503387307823
0.25850368341924485
0.2661984900472083
0.2852894225436694
0.26816162708768965
0.26307080751865486
0.3157419276217389
0.3448848245922487
0.2611014803294175
0.23800272647274678
0.27697694008530865
0.273723634191234
0.24451242813000867
0.2944559055470196
0.25175611026273875
0.29608270948350746
0.2501286385415404
0.2715508133055591
0.2412017288595909
0.263157597621362
0.22461318745307546
0.22678726415035103
0.27103821153996444
0.26438947555797754
0.2868712175834063
0.2768615242656257
0.29037431964853194
0.27258625676463594
0.26029717438800526
0.3121776163591926
0.2220919834726921
0.25019234974522075
0.27955847937457023
0.2631880738427371
0.329403618473805
0.2760566134401745
0.2824355597963997
0.25954594300962996
0.2763094181263548
0.23864245682054885
0.26781590708424075
0.2229026127906774
0.28415871805980875
0.27377357733981356
0.2374279655320152
0.29838615815587594
0.38585169832637833
0.27206044213403024
0.2658193764604364
0.30874213526976246
0.26123824366770576
0.39004391828488016
0.3663814716135264
0.24021022534225595
0.26400438922031094
0.2578136130092342
0.2960177460243626
0.2301240443816203
0.33706593836415133
0.23428398788198262
0.38712197266861076
0.2453656578970742
0.20714855328862997
0.2837816566721779
0.2575307373733639
0.30225270626769496
0.27254254621949
0.26363054290040683
0.33958243414761025
0.25535205937482847
0.33631395676083736
0.33504613745960593
0.2819937444079601
0.3182739669859742
0.28383606803995026
0.2918772124669099
0.3437343049460665
0.32729858762860525
0.27806266955462
0.25134191164776604
0.27379350344453735
0.26671545547652364
0.2711652328474874
0.2893287702460998
0.27161342377360886
0.27351284359972433
0.3003744890894912
0.2398470965044698
0.3503450826490508
0.22954567359222008
0.2846174526724147
0.3626808297363562
0.2572778318160317
0.2924653836219768
0.2636454641405261
0.2590683987391236
0.2700119965469277
0.3334050817136907
0.23058751370448083
0.2984424504073336
0.29736242759077014
0.28162460318859267
0.2960265923863015
0.2830753756681681
0.3002529412143806
0.26706706677342046
0.2650469983698716
0.2814509834303893
0.22028043299857836
0.27900256209832486
0.2742218981665414
0.3555016978034266
0.4068912834981064
0.27394448385595954
0.32800089354544965
0.27620327129993116
0.22678254106709722
0.2803548288268157
0.2730677575422922
0.27922442081816734
0.294411002470043
0.2972139965510256
0.27239219820978
0.37667558173661597
0.3409337092832223
0.21855425288535368
0.2498167336753429
0.26027386666962327
0.2791968840673421
0.277506380144778
0.24434155136276084
0.26185880109491977
0.2536025807562116
0.2529666180148844
0.2559404484688575
0.348366881953243
0.2434749328733863
0.25699711073281295
0.309860703305471
0.22105548322768892
0.2742710888469947
0.38979198441968554
0.28460212240049404
0.24452353113830352
0.22544092074155633
0.2919292227073032
0.27277491802955856
0.29319100210397403
0.24913005394618254
0.2778464108320441
0.31423771726269123
0.24929282654962676
0.2364295052648304
0.27248658823895744
0.24688482981502466
0.24479946731974886
0.28065590050862343
0.23251064929259013
0.2368729758797752
0.36930496301136584
0.28741283210821283
0.2261460575283616
0.24818608039297896
0.34935560262043225
0.2679270102988345
0.29963210424286957
0.26180726783480385
0.26657234459773765
0.31378508319580445
0.2861935143772302
0.2737245719080116
0.29797964305332747
0.2751666711152645
0.2552918856982702
0.22789365041699972
0.24631256285676065
0.2712488992652754
0.3728548873944073
0.26317771705536164
0.32796994179428374
0.20345628300808027
0.2809015306013637
0.2750103134773089
0.3420008467043101
0.359678552758091
0.3131922953203652
0.2687502379383566
0.2367923849619123
0.24375245332341167
0.23451053326632737
0.33911549773188715
0.2455655904550611
0.37412938794547385
0.29591636396665955
0.3084163806408509
0.30964350256805734
0.3182030919803792
0.2880634623040539
0.2673034710296257
0.23610869660801959
0.22838483711820567
0.268657160678189
0.24942439726486895
0.2768945871922329
0.34087245031225427
0.27340598341431865
0.26693096424197305
0.269314857139781
0.28292176955673753
0.30146000426833924
0.2541678948811947
0.3145948547586291
0.2798493779784806
0.27848895590515166
0.2829989159160634
0.2332967725319805
0.31646240700962347
0.23026872699597023
0.3061957732444668
0.2553667414848968
0.241475070927501
0.2985829480742708
0.2634221907592391
0.25224851112373137
0.31379018078224874
0.27675533583998024
0.23185420262094597
0.2689267272166377
0.27154069435174183
0.2603918851212771
0.2796643269820157
0.28284105708245033
0.2575338196264282
0.268167466032965
0.24678440345779018
0.28313825491516736
0.2533467875129901
0.263276292516541
0.23579199133374806
0.2830262828047403
0.2807457646743493
0.2763462873437316
0.2282522064182957
0.20909237872347192
0.28094798257708176
0.2241475015025886
0.2579479004899727
0.264176201622534
