0.7425339794657718
1.3543868534657744
3.10393558473589
0.676065215531448
1.0035307571999104
0.253375116526169
1.4088988427638676
1.4761452701142352
0.9017198196209287
5.955324913898991
0.4518112653332432
1.2524924659469665
0.45243321079274346
0.5287635889512536
0.5456910799078453
1.7090231291594409
1.6779035238936586
1.3565643262713019
1.6872467692512407
1.6642758056985618
0.5510346153437412
0.5781166730964491
0.39986117680095723
0.981164247762445
0.7841725429903914
1.5964535857127065
0.9812563971378846
2.95192510905638
0.5784058635315649
0.8796102023723469
1.838784142760947
0.2191673000799914
0.6878051166021395
3.7439819412823994
0.8029255687828138
0.7978017604854704
1.4563904567882977
5.341172976102807
0.6028504921626134
0.4619789332996733
0.5669460427672192
0.44673410400871316
1.2164267077014266
1.2946731924797925
2.8534598102785087
3.593658172060811
0.6732001415681153
0.4427368293762682
0.6939950898198876
1.0691442314969368
5.417465894766979
0.5247610212152685
1.6437334388860607
0.5334583398294931
0.6535071898964001
2.4346218623447307
0.44805313834175764
0.565581361103687
0.4146064135732414
1.6726847705512
2.5505782249473543
0.8118828146077816
0.39883855865227025
5.434861427507342
1.1678379936759693
0.9097466990639279
1.5213394055930576
0.45926307434278274
0.6123206404225566
1.951643096703827
0.6084654392739104
4.217047573484793
0.2983754617771041
0.37519951157334536
0.5606991549518408
1.7731295013093171
0.6355672416585247
3.262914664439829
0.979459389416244
0.38184731627573154
1.3983482168308108
0.8337801221580843
2.7191163937113743
1.1540785491380825
0.6414440020074306
0.6997219246496985
0.7786670600931569
0.41802950363912283
2.940105779800858
0.2764038960294037
4.404379954857219
0.638730807990133
0.8417088221092223
3.189463879462384
1.0227787057560105
0.6314300897408649
2.267406067854011
1.0568284209324497
0.3948268594020365
3.0665047563220496
0.9246006623604923
4.842914115595863
1.068671213610207
0.5260697130555719
0.51953713729773
0.8705205750993343
6.543057013656112
0.6693476197710979
0.8585261894893388
1.7804685931403317
0.664669147667681
0.2790842372050049
0.22155874813409995
0.6863405245958093
1.3228762052428678
1.1579758252620758
0.9931114230087057
0.6062686427220795
1.0592004841301452
0.1590021130813486
0.6449204026850988
2.146003018364516
4.531696499315965
0.979553342009105
0.70268357371044
1.3691375133642345
1.1228729468632739
0.5894299012567091
0.9467953214676115
2.2970352489254346
0.9934405698252774
2.401573543897368
3.5306454641592047
2.398534734291706
0.9727519708291339
0.8968820668162383
1.1302808702113605
0.47608231086805486
0.6498941574520819
0.929937640609787
2.3229476573545638
1.0789819213688057
1.6286222932095844
0.9766578287325628
0.8105029494234767
0.9644097558175866
0.7886479506775183
0.5433112050252878
0.10928990996858133
0.9825713221648484
2.412594957457203
0.3239128667658126
1.03422581980044
1.9075415532609272
0.743688862388659
0.874866575023605
1.6906164920755347
1.391194585637963
3.7625084193772818
1.1499376111468047
0.481943084545969
0.08638898954438999
2.956786226277973
1.7211793540174025
0.8739829540730707
0.47338020493378863
0.585371252781379
0.49686011876210323
9.280324048982699
0.48842664563905214
0.45143026521478413
4.073380727951862
3.103683470146026
0.6049390816729477
0.2468067552900789
0.5682984396032782
16.617673137477173
1.2724608157756387
0.5285273233395562
0.5746673143166156
0.41371811974102807
2.0221199700657486
0.9790744495973972
1.4458551453620943
47.13281703385622
1.9352782432157916
0.775387218528704
1.1909330547273156
0.5117860201256375
1.174090937051481
0.4928555612079919
0.7212608292902435
0.7682811538246219
2.378003968398157
1.0905333353798645
5.109363732815159
0.5457588470158854
0.5083427589643518
2.3856816214360776
0.6490456799394327
0.41552796606861553
0.8822702170111998
1.548151899652802
0.3015762915184712
0.8643074574900695
3.569334608915155
1.1879186771483043
1.0443780002561378
1.4800415824025805
1.5443979518623367
17.43588540003806
0.4880449539957424
1.5371114335613976
0.6218328085627827
1.1573132592603392
1.7394178971238459
0.582542317829935
0.6133536490644519
0.6623153414551011
1.9636666526912923
0.8148562086370159
0.8335219014341366
2.278019298522672
0.9334474475915605
2.5310332010625936
5.514555348686156
0.45497406954115355
0.963965056198072
0.07865574298577144
0.8348528578197129
0.8648810186201527
0.8753931617195312
1.302461528634857
1.0196574009872392
1.0840873748884203
0.5674119117091381
3.21831487126465
0.5324565526700196
0.6230908014903587
2.1240913452022117
0.7051640446188109
1.5240054603115625
1.254165044207056
0.5274401285362023
0.7308226444128879
0.820572097674702
0.8886297581774014
1.2754976234184738
0.6749390793450099
0.6242665413835313
0.6791579712582205
0.6888657016616768
0.8936901401506763
2.7874178344893603
0.7939167875655555
0.9799840571420915
0.6779666689194839
0.8891443081872469
0.8609805262560544
0.8002340959014294
0.3587744241195914
1.3701370585899935
0.48628624113822366
5.9428340968074895
1.878930885390674
0.9202910498713712
2.98299557321817
0.36108073659962175
1.3104675697135224
1.2795195099172054
0.4511448183460345
0.486901305866847
1.914697921093253
2.3140714304680365
0.8064357566494671
2.8506080265041813
0.8113124348778719
4.099727304616708
0.3642338387796239
0.952958986111648
0.5894977034489948
0.5158954337004259
0.3792585832265013
1.1791910701596637
0.8072096063243595
44.15154170348877
2.3778494819771905
0.6457834053534074
3.5128168304767664
0.559437573054857
1.443074344393645
1.41729056687287
0.4246901328883587
1.6071589601461025
1.2038148199786138
1.101572583194679
0.5224940943009445
0.47711861233933484
0.449349439725872
1.677899832126801
0.8461443515318462
0.8516788008448715
0.07664646386699149
0.39209212587237774
0.7333069994240046
1.7527474258371822
16.092674754577796
3.0931078717406457
1.9299160899419687
1.7864869825912788
1.7525239843633242
1.2080250898251277
0.7933759320563563
0.5840260944429952
1.1095408701520522
0.7023275334175976
0.8707236022138296
0.5981080722463384
0.5115418732582507
0.9038621272575235
1.968003409513384
0.6887376303408799
0.5121559856845692
0.7544726194900526
1.727850002930844
0.9820957577302589
1.352821529678036
1.2937126303900235
1.6235450953959814
0.9197614954723997
0.6933091566149929
0.5760648074136567
1.2299945888920418
1.1343384827589207
0.5901345931061733
0.37348823711367657
0.5382045838604891
1.3004429485432156
0.9741034268281554
0.450347524575318
4.609337669519945
1.0823544247551353
0.4062690624748982
0.7486899196745476
2.1690875096597337
0.5943706988410136
1.0102389331858699
1.6265931881424367
0.6332132885460973
1.4313801314356158
1.210345007931802
1.469044111542338
0.8611330165235089
1.6313689217735101
3.81824677964089
1.9817527188020991
0.6858286985480597
3.203963609432835
1.9955304277576476
0.7658626113239593
1.5025095046047596
0.8744423966797685
0.4514246899351806
0.3646631228326561
0.49652898283917957
0.5524313868382008
1.367644898031877
1.1576869402669447
4.077229077270589
0.6298423042293911
0.9682103839452367
0.3263902019636779
0.8642272658020611
0.5783426208085509
0.26546166532689636
2.2864931874509162
0.4393075657056853
0.6044897509034957
0.851819497123377
0.47558602776808145
1.560852360389212
1.433186008448015
0.5964960905611776
1.1774027125076512
1.0421680062314376
2.4367470789958503
0.6806760775509992
1.7813158733273011
0.5488792707538824
0.454685089450381
1.1435016410443894
0.6091953525949921
0.41830681590651203
5.813430378843704
0.4555965044091953
0.363231768145647
11.613389221479746
1.0015523559464075
0.8590972818506464
4.298777329442927
0.7576535136360047
0.7259284159506182
1.1291276607160934
1.5138835205238665
0.8674045598272108
1.1372235343102337
0.7082731522687419
0.43391201174110045
0.6492133410422909
1.4318750800960698
6.931696874437841
1.4826528695761712
0.5820627184040413
0.3402804237822154
1.1267156728420293
0.702859146756944
0.9871554053999259
0.8498848478071804
0.7648357181137526
0.2064107439598338
0.4196840969260966
1.2595578154128018
0.6021724402438847
0.6723248525019857
0.6052372260618119
0.5082173825195908
1.296179036758628
0.596664767986081
0.3821858453296408
1.2737091444635273
0.5536081254821112
0.5728687458248046
0.6973759562055734
1.9350793931601067
0.6129269781558345
1.1908056066796935
0.43252928958321535
1.2573863960706941
0.8161872131031777
2.365947964069559
0.5983187250003158
0.7018873574004502
2.0638040304742824
1.2016961890737643
0.7594977442523557
2.9678036571093585
0.7477827996465066
1.2170055986240864
0.5892554503686693
1.6890261687567194
1.2398916245174956
1.4080559853303227
0.36038850151090895
0.9180546096594411
0.4693261558727449
0.7095145116924872
0.9233658111872376
1.421567891091955
1.03134105892788
1.0692732961703735
0.24435274334241242
0.6744020481249615
1.3264302924857798
1.3803576615568012
0.40580248717288747
0.41418979603648015
0.8521478222099407
0.7459387467188359
0.6463872303549306
1.782248430808106
0.8266602871754677
0.41891876158906943
4.597103074526559
1.869488694045161
0.7250609387277123
0.28346267913296724
0.7445198728291587
2.2289269591169214
1.4576684539175437
0.5011637798042645
3.051657171146729
1.5600829956240965
1.1566610838435831
1.043613061720449
1.8280959020241252
0.8046808914190516
2.034558285711133
1.9559982583210895
1.1579375520233008
1.32902565302965
1.2953825372238155
1.3620544048002496
4.361464178633001
1.3196084203597906
3.429456458525596
0.7937929931843462
0.9125349561742451
1.0747467958400072
0.8916397611225013
3.5672396941064703
0.27803404929434133
0.37510176337176315
0.6588980398624569
0.7991629951525665
0.6214648583238809
5.755018085252054
0.7003215964908649
0.8115371911936031
0.7820883284116379
1.0740093694786301
0.5531818779082333
0.6393380775681045
0.9802820867744643
1.384999233039979
39.28034193979305
2.5090725102935134
4.048978872078995
1.093262392704787
0.5369748600379542
0.81368670854527
1.4339849400093352
2.3042476659250903
1.4369040061918354
0.39645385008168066
21.631250978883568
1.1734231619485322
2.4580657181972385
0.357320388238542
1.2385831988981655
0.7016277015372718
1.029767484098235
1.2781324460304784
1.2681726303301846
0.2367462812178134
1.664173397407088
4.051090401391394
6.903884036701922
0.44239720688251927
1.7057746439799626
1.5754410661059783
2.6781712257134105
0.9269874156249786
0.4471942135250588
0.35459991951961106
2.0255709265938977
0.8518079511805945
0.4169881980008478
0.8611232403927876
0.40150546437158846
1.3928216422776987
2.9086122342111786
2.9230656641754527
0.45868325210233635
0.6314719181931587
1.1520413668578278
0.6339761181126699
0.7452945754388723
0.9061004680692252
0.9474394575251938
4.291663028854706
6.881112574163839
0.5514793664962835
3.966180107782935
1.459921034167008
0.440494430367635
0.8323661945795234
2.615310610442255
0.578085024574442
3.8669705679118658
1.1300421836104388
0.9302015010627662
0.7255699185241138
0.5008886409216996
0.5246664756430569
3.3554117738648115
0.6141535431479497
0.9167917296394197
0.9534634265910172
0.9464048018001201
0.6568059605289022
0.8418345546268915
0.18648343600780926
1.2911514727119497
1.1085024094289637
0.999649503906314
0.691516126148216
1.0877979739371315
2.7150496798786055
0.5717218822777244
1.3987462934426793
1.5875548522854848
1.2561592578988923
0.4636508350473817
1.1622311723181304
1.3565509827519466
0.6849829599152832
1.6015596014676552
5.025301354470081
0.9242027331943939
0.7930687408038222
2.1557309590696723
7.060082885187272
1.2520661652737868
1.170770770122546
0.7929791185945373
0.7832457411712431
0.7765690858774746
0.7280926684819061
1.9033682730176935
1.1143885957318933
0.7794509564607615
0.4645099896310262
0.5932006536460748
0.7613402620631827
4.19442831384192
1.572421751042422
1.763196340146554
0.6537939083991663
0.5240834950390294
0.5257835138650527
0.7118333319291514
5.8082201032115215
3.189762091367594
0.7918284938402234
2.280181968781676
1.075770058102233
0.6550643275576302
3.887289056818333
0.3798508061433934
0.880357751684656
0.39131875255783743
1.2049844184592748
1.6173235921116216
0.870515861756724
2.2857617881167536
1.1639596785878263
1.0880734186574348
1.3087763273113502
1.339261407987754
1.4838569657148653
0.5878271696660823
0.8490157917483333
2.485493815788596
0.8947235035294412
0.33789966839194213
1.5270669608154432
0.6185581569123576
0.841652969623458
0.3651554955970479
1.0188216873978293
1.6172819370371245
2.328673824717025
0.878226884167389
0.3871119722763016
1.299526285547283
4.015515540402849
0.8556588786284369
3.6619947942991544
4.369811207571048
5.955743007119598
0.271869539938896
1.0422819755072574
0.3481490980811767
2.352399564997112
0.5805527998762811
0.9547335194274229
2.232715746697578
0.29951994517812364
0.9402622530113199
0.33745654030984706
1.9624683401956677
0.4223805265236646
0.42313255547351064
1.2871390541162884
0.9707064497597103
1.003058329098832
3.066402200919295
0.6370045537655215
0.7479520557775003
1.669893270690519
0.6043030273752366
1.0326816377403125
0.6674779944458162
0.6693474472489054
1.3310668664095213
0.6265029361886427
2.4221449938585056
1.3808147582157855
0.6578822946260616
1.1834813678807925
0.841926051036373
0.5246389587289592
0.15615678134116928
0.7349444403268015
0.4923236798166751
0.7139431606139709
0.45527055717509013
1.6412086637824528
0.7695476880150649
0.644551497080381
6.264043278054894
0.602889499407091
0.4967853415538467
1.069215567618955
0.48908063855481276
0.513776376094161
0.9113176378354444
0.6393832100480092
1.7876137324893917
2.820128545393461
2.8472900068064635
0.42057693158431697
0.500057011884347
2.575692267685302
1.1342853318647883
0.7588947881010026
0.578815804105075
0.535249481656341
0.5869619280742329
2.1818512174766984
1.2949163077044776
0.4978887989296317
1.05299156336971
0.7891633878397485
0.8972818714982017
0.7098839536702294
2.8507015795054866
1.2192779090440915
1.504112017181691
1.226885626281551
0.9285978144729489
0.7363432875177567
1.1753999383422893
0.6851415305198229
0.850901705360371
1.1045236431144907
2.4586744388482225
0.8163014096184746
0.6703660229587356
0.6367213130713836
0.7749783960375694
1.2970557704084387
1.5557454479198303
1.4888645054888296
0.8294294433685475
0.7392876227725177
1.3823558956192594
1.1241419881821388
2.660342608803647
1.2803754913132264
15.598710691090995
0.8963061959048428
1.9755296360744672
1.0016246764470156
1.2951173438559607
0.6587139221332146
0.8517882880912131
0.8159849332335485
1.5585230770472425
0.5919120799793895
0.29363089037666945
0.7853556158988998
9.14023611518964
1.5086432810439592
2.7112331954118662
0.8859177569719834
0.5702360370200797
0.4101558539268362
4.357080005357266
2.628266334634562
5.442129551519404
1.1180364412956019
3.9917983068573606
1.1622463775364416
0.22456974659360449
0.5704163024677722
0.7049296303619054
1.2525908995271542
1.3178093945006832
0.8140364037779108
6.991274599104379
1.2404955819801318
1.0746911299280812
1.3304708984025235
0.8883591510482534
3.982355816101242
1.4581381410285876
2.8954026237288657
1.2097105064887703
0.504702697667835
0.6641820085399566
1.0642188967357784
0.720298300484245
1.6833469440147288
0.34606650914582593
0.3463031493881161
1.5895208989143332
2.284967757233185
0.7790527743510229
0.7700201087027831
2.5324202976246455
0.9154112234452144
1.4545425561453769
0.733557299328772
1.307359127501111
1.318871696216577
0.7903345323647759
0.6460006373937173
0.31918580406793534
0.49081145933477976
0.5756832504951023
0.7689619504513592
1.0609938671806238
2.4072739803653898
0.4780232558098466
1.5380642863487008
1.5840722166837045
0.7141798526853637
0.40557492673774936
0.8284458106355658
0.6341402764322711
0.671322263290176
1.1931710078559823
1.1557437037769627
1.5591043783395968
1.9030721796590255
0.6236942972324487
1.116499260569814
0.5402356293005968
3.1633754455984606
3.1407941512992945
1.3924676429264864
0.44607121679233774
0.7972578099704667
0.8538832951418778
0.295498176665002
0.7148783893560358
1.5120764793670967
1.0050852298738169
2.6305107669472045
2.32334065229333
1.3654892088097041
0.8866563703367731
1.0160692128777813
0.7084705520419102
0.6739562957467979
3.0848889863617477
0.8439174768629101
0.6497129264935698
0.07154650959168636
1.2005149807660922
6.800441682508855
8.977955661717504
0.8333487949161578
0.4707473017923933
1.1981008850092953
1.1746883937118457
0.6425550629311148
0.5054712954233712
0.7859385216411834
0.9589003982930384
0.8956581876126413
0.8900148785278944
0.7630898962577567
1.6365445980088815
0.2238442334675742
0.5478988100797806
1.1652033941888227
9.602998806055275
0.5880860430919986
0.5081170510033436
0.6676026294081092
0.6182517145746523
8.888293563494566
0.3087734878353608
1.6905480246467148
0.4612041860725404
1.5719103095315765
4.7631285780144585
0.6110952129756524
0.22206595035708357
0.63675791286752
0.48037507815820985
0.7223569288264633
0.686291509386616
1.400609472481004
0.3341469730194174
0.8809149271038386
0.027842083172992096
1.4749201978037703
0.6734312046734832
0.5617106217678931
2.7606725315031735
1.432628750895716
1.632574896335268
0.6738012728111704
1.5080123299100494
1.2745250593124349
0.7280672561180238
0.9049689703292678
0.6791462962089048
0.9033502072967138
1.3821990914588795
1.026400617379265
2.9661447956440297
1.6476826225699386
0.6522430030246721
0.7194338243203152
1.008629133048571
0.8237441483636102
0.8148519115274784
1.286535222918576
0.8569209280288627
0.32288033050197323
0.7539577481646709
1.0291515480754123
4.00890005359444
0.6685851505475712
0.887214121843489
0.6231851269491999
0.9081644817455273
2.0880252406433217
1.234584634141663
2.043345262879663
0.012070144277173199
0.6678960095184215
1.039918791599609
1.2010951585823157
1.1673317886086247
1.922322931140141
0.9596325837970343
7.001051898728483
0.9830569239810546
1.1469683447255472
0.3556547421464828
0.5917985994458465
1.2010780197585775
1.3406857785534494
0.7091262742417201
1.1396568117363695
1.1813178841368925
0.3987586820212874
0.9429469582557976
0.3614407601684981
0.1632945574654139
0.5815835032668453
1.8927112640827597
1.989297490056459
0.716786696500595
0.5279074788806964
0.7521037664850486
0.40771191320369915
1.6931593466606458
1.12253473065166
0.7447328280540119
0.9184307710365366
2.730284698623433
1.5889298728167804
5.107349995245919
0.6675522327615042
1.8290660892674009
4.622927680427349
0.5633835095692619
1.0976395036258724
23.481784687612066
0.8282480321683419
2.3245145761910404
0.4954752474091336
3.5605428556367555
0.5623444884501313
0.6345358648486209
2.3879571670144633
1.6839649453320906
1.3970092634339701
9.087983572963628
0.5232105602568401
4.172415540075553
0.7029352276450317
1.1806526744308914
1.1833845233979785
0.8011154615040506
0.6583078958149674
1.1638163462451894
1.1163605491704152
0.7925974426838597
0.38129504826202815
0.9398720960026729
