0.1255010635176893
0.14430993491036304
0.16452771176421524
0.07317918226128195
0.10773211070775007
0.37069855657582074
0.24526254779204137
0.11967352636970642
0.29425894215116033
0.24816235757859648
0.18059048680806086
0.19360484993709842
0.14300429417691282
0.20782961669462047
0.19998479810874328
0.16801926041512202
0.09485722559386603
0.4168633843322548
0.14430806885210967
0.142757630418222
0.24373707497073838
0.2220588899079669
0.15296129334963945
0.1923738350261816
0.21833757241525248
0.1147994720328148
0.3274908308876344
0.26768961028250005
0.1752780783905546
0.3148026464384758
0.09741248957012959
0.14863756716425028
0.163330621899575
0.2212646862070982
0.13255902907089734
0.1591273116625102
0.07298128170087176
0.24158322006763325
0.5092900074711697
0.1584343197665846
0.15052844793394446
0.17199463539305992
0.14001863610191584
0.24283487782221977
0.18838036990069368
0.34442683575391125
0.21860159845537122
0.2686600940421797
0.176699765238051
0.09707624581016948
0.1741710574094336
0.10685602753292288
0.10497410674583947
0.14407226296272677
0.09702386852254087
0.10493054383678958
0.3938930092381463
0.3010929680815816
0.0793040151177294
0.12083290253568184
0.10421932880144276
0.1969889601978078
0.16263571938722005
0.047892088623774136
0.24983938482681378
0.14991516858569023
0.11385318760504563
0.18518513549975882
0.26495794384199983
0.23564198415750423
0.061297560783198805
0.27900565319442977
0.0954451261358867
0.19358957548954991
0.25971681105747313
0.054273226782742684
0.06422871669707801
0.16169487666379068
0.18449842947999728
0.24276248323283922
0.09478933237798669
0.1370265161877076
0.18547763440860449
0.0678885536470311
0.2594334543347745
0.11264296595033775
0.2637749928975867
0.09445580011909648
0.15365314848318842
0.058036224352839345
0.2069108924121676
0.18544219994850084
0.13177205632309325
0.12628996200218326
0.08513923318440371
0.16892978788892007
0.17584116778473408
0.13313007563195234
0.168896932109887
0.06327684451483781
0.03772513444425402
0.06033279706800798
0.05502190244389619
0.18050923061737542
0.2754665947382574
0.08741047504805208
0.20506676829558157
0.16502838545943022
0.237056229650398
0.1719160356956327
0.143874238306398
0.13529186685545394
0.13365219593746286
0.2936244453370534
0.2414975883810078
0.10346892160725148
0.2229697178301825
0.12181632060999806
0.1574569127415032
0.12100050646884009
0.17249905888808736
0.20626327768287547
0.2043779822664873
0.07427513291897732
0.10155806208951253
0.24875114842321183
0.14935534548667673
0.18844207371646876
0.12653062550664856
0.09779681843988701
0.1447691936714493
0.3062382920404214
0.049611912037037804
0.12121570465095349
0.08180948198914016
0.19500715611282612
0.08286698267431877
0.08640452763972345
0.3086884205464616
0.37173926393923656
0.13266513815835398
0.08252035795294557
0.18368127579602764
0.04932546104729337
0.08371900032752207
0.2659510127662259
0.12467171409834246
0.13314668889977024
0.27250638051957154
0.23485480923238936
0.19681724654839294
0.0620572697138591
0.20978980523806143
0.13814443985377994
0.12177365405336317
0.198851222528896
0.22036214702454926
0.23747948308014255
0.22211300512041385
0.14698381815010236
0.16455443679123816
0.2622670855483689
0.16031003516411013
0.05351333196968544
0.10923673953918021
0.18366803832088036
0.11071851955308491
0.19666427983509163
0.11145233285340786
0.13521201353644782
0.10565148677502836
0.15789771915448741
0.12109127348634878
0.13623822056178783
0.22326424580337334
0.14101844163924024
0.10634934775952325
0.16589782551344234
0.16869551326469662
0.06981435374863015
0.06127357884545261
0.12972551183673586
0.11268256189921698
0.23482414285638473
0.15460877508902057
0.08594996461925579
0.08944858336458629
0.23024892920324838
0.3071636036250456
0.13242460248005253
0.32159269840777027
0.040540638405175265
0.14758414771703648
0.20708139964494374
0.04492115240679668
0.0459937092953687
0.10727604367952655
0.24186157187766266
0.12506401169188155
0.14765359670847653
0.192391411040556
0.2798780271890624
0.13033403773397714
0.4107253042626622
0.20079429077415636
0.13801680572806468
0.15426626280859895
0.1144058678211541
0.33251418717919984
0.19964883330439984
0.13822712241651727
0.053512211973944214
0.46583552206462925
0.24013447566657684
0.21935426390719592
0.07673459850074955
0.16068309741322812
0.18143133598818167
0.13019094836833045
0.26773892554414663
0.265656628769229
0.22715889338169915
0.10224557165480885
0.06250074004694378
0.1880363196048335
0.28492390836880155
0.10450040322120235
0.1424090975005999
0.16102890616128313
0.08212789033770543
0.17783029131349143
0.09592959006916645
0.16153806612370558
0.09223477072304226
0.32515593598182724
0.21142978657003664
0.28757174716021283
0.17514649354258047
0.14736305153325022
0.20351302069107008
0.1617302072836375
0.1853012928176632
0.10564001782376954
0.09286593637834066
0.1803782673414049
0.2600478772156879
0.22019030370382164
0.1394350087320696
0.253986583908527
0.16638726944744017
0.1283696306506927
0.09666008527581613
0.11321713848040038
0.12968655668615697
0.11611003492781827
0.23527699999177454
0.1204831089004668
0.12865576423326186
0.11568031377850649
0.21063522725916872
0.17986036178663864
0.13057523044398092
0.15334330251752606
0.1251902381532927
0.16826550461233983
0.22310949472177283
0.1075432960528816
0.12923001154371708
0.2950205720551039
0.1063163178190802
0.07090650462254167
0.1106806038142004
0.11476522866586696
0.08864215888177128
0.15312478660377246
0.12844509437553497
0.14858536344375378
0.06955259433752513
0.07427437011091981
0.14351853968920714
0.2020733070919809
0.224010958403224
0.09735075955798428
0.08318333823074014
0.1791944795781832
0.1295831741856886
0.1336162273184812
0.18427007343360013
0.11703916617925354
0.136063365109133
0.14749662195348193
0.1191734752434897
0.3272483769824222
0.15468560308616514
0.0827693206077558
0.1938696326373305
0.2415537930081847
0.1504032052726693
0.16014288814237226
0.11379716493027463
0.17757305492650752
0.17678578212091103
0.24237820075303354
0.09398642061269581
0.12037849609783359
0.0993988859411503
0.0973370501944346
0.1251360305371645
0.13236643405136786
0.12260809198035477
0.08140230494570778
0.10204643369968841
0.0472179561582556
0.08949508431250525
0.4266388210026282
0.18411942196554065
0.16973174192720925
0.1947383652633788
0.11909180476325841
0.21685668918965367
0.21604295707125473
0.11641546479972123
0.11662277857348999
0.3744446737899808
0.0961031351586657
0.05642551206676632
0.23366348879383844
0.09255139060826559
0.09015050768119459
0.24710486692024686
0.18228668730191797
0.10553319666928801
0.2775001042060474
0.12633690398500738
0.2859759471286019
0.18270486178264392
0.10426963147807816
0.44040824204244694
0.22098040051349147
0.24523822756029337
0.14442376865990894
0.14254226727471622
0.15710650827016648
0.15504110974610183
0.1796370497317545
0.10805337365437913
0.10783469029673633
0.16347875157072517
0.11637711435798616
0.13422739420736432
0.1374210420883854
0.1305192828773264
0.06442689165884986
0.11060713085659832
0.0536550170210543
0.18992801917972316
0.12736193996288148
0.1884305558630663
0.16817864941796798
0.0917149134486689
0.1267958679871851
0.08051224421007053
0.11212658598920419
0.09780856054859362
0.10339834064717544
0.15534994223752646
0.1235926680477406
0.07828013142461435
0.08367065557321796
0.1112213124731441
0.12981618148645754
0.10617073012501575
0.13802121192153544
0.25261091957820664
0.07801500552537341
0.19603880441810353
0.22062952979602213
0.10080274292586586
0.2142543244942026
0.10471576604738793
0.13807466993208298
0.11334410032365487
0.13518197445704927
0.12336622634581486
0.23827339243216086
0.16921349947918043
0.1603320514263552
0.11856242193926651
0.22086822276076395
0.3074972408742442
0.29242395285983386
0.18923234738087827
0.06543660614231141
0.2633921890842268
0.08102861280532468
0.14064589407622125
0.2026651492681884
0.35002641513935956
0.123732697432743
0.21143130593776818
0.1602166243468194
0.3107894222331563
0.13098579502678215
0.14078759167549845
0.12196127408058138
0.07833312504545581
0.10986207087794378
0.26666965714636975
0.3008909705294087
0.1872041519007619
0.11300112004952274
0.20028624823144436
0.07070318247696541
0.14865431683400157
0.10052470616738575
0.13564551494017416
0.05636692311311769
0.27640011212947374
0.08861374048717377
0.21493557023441595
0.22927217390424337
0.1493957959682558
0.18209415825643396
0.07170616482009097
0.052678919913190125
0.1876978908670264
0.10782749221659398
0.05419413714235287
0.10573374465571111
0.2718781330696666
0.1387296930805732
0.14548904754001127
0.1217489700228426
0.19711101324109542
0.2421941796481824
0.2642242871051684
0.21928114495485157
0.09214981324490859
0.18916574514047088
0.11119574257241611
0.10654921439255571
0.11939285258573053
0.1273956110381577
0.12286148059799581
0.09654297824076313
0.08913355737146755
0.08011776590764148
0.1385382791955873
0.14725576430445786
0.20488138480323445
0.05322347417322464
0.34685933550663245
0.29704216393424776
0.14763981306253918
0.3480013232742767
0.07878262554138651
0.06406814520576892
0.08080492566916442
0.1837638157155053
0.11130882598559623
0.24607298792714266
0.11475111625067573
0.13625960537992374
0.11347523863097929
0.08313140405297999
0.25035944883892636
0.15105878433142728
0.15203415144535587
0.1463726728635979
0.17407461088149395
0.14975985547461504
0.19915582887708289
0.13210807282081086
0.1520568193006654
0.31390905110957995
0.08876397232998288
0.13104023790902622
0.22108944321902088
0.277306975538553
0.19520951251355617
0.24422328271769939
0.22190433932380865
0.2347123067808281
0.3524527374212701
0.11106397669345566
0.1456300280455575
0.18567359110179485
0.11146745303351172
0.09250513075210047
0.17864892636936763
0.132211548260079
0.09953257692826119
0.3191147413453488
0.34538584172165315
0.06343891115634478
0.1945151398402746
0.16427961437819216
0.09983480663475625
0.13774953629402417
0.20550782278532959
0.12847119400013554
0.166065013176841
0.2014175762296477
0.1796812676904657
0.12715545324111005
0.06091085961836431
0.1553052061040504
0.2627041618455213
0.11054489858900528
0.26799701768159484
0.24411870503009625
0.25332395335778574
0.21545977456474516
0.12427205125975667
0.1342331110376134
0.23836690709437264
0.12824904872588724
0.3012156582854431
0.2409368035590466
0.037075034226034385
0.08690602564752957
0.0716735467675359
0.21834811208046073
0.13060619310528504
0.09862484710866681
0.1335546084000967
0.16982955526354124
0.1960142170208792
0.3220350365108282
0.24590509631776464
0.09859105322684358
0.1456461652153447
0.22247745085749698
0.21186822538783712
0.15039334161143048
0.16274050542574595
0.045006350148849725
0.1975495229757145
0.13848582564494533
0.10764093621005832
0.2734034077786127
0.27437395090515715
0.14561915982167567
0.20555598090009947
0.13884568006857154
0.07784880652849471
0.12979803371255177
0.18753874245787752
0.20944451418262908
0.360154233876545
0.21701727199311144
0.1059383622167864
0.1454510058064018
0.1870776738081282
0.12065588471241914
0.32354102045924643
0.162553590152467
0.14129082588360267
0.112292372670925
0.18380856113234434
0.1297928200099645
0.07898899096274187
0.32333741055062215
0.17547345381009236
0.1892877696285299
0.12050886008931998
0.2638491191838825
0.09409133035869398
0.11290718983272818
0.2062572308386629
0.13683445420283355
0.2802882679000023
0.08802805498475397
0.046059448504118396
0.25186934029007557
0.20099776426054278
0.16859055926644667
0.2181106656417601
0.06337240339293089
0.3627781500709678
0.21920703652778725
0.1591547384184506
0.12252453643453622
0.058575102743273655
0.035985326777935644
0.19268354939871685
0.09482328648595843
0.09760266368165392
0.12003835579021753
0.28672128597323243
0.13209230469301356
0.3125251006450691
0.18870304525604867
0.07953383898086003
0.12794066944868757
0.23718405343479346
0.1809215570695901
0.18767533840170422
0.08446489721473621
0.10094627654454655
0.1368069628139379
0.12573951959777618
0.11855512409609972
0.13788009865573922
0.12381092108547463
0.17720514029753487
0.12508498979910365
0.16386432609835108
0.2546897151655918
0.13118013268262466
0.36671464604589116
0.12765302379430812
0.22200487439338104
0.15724765878000216
0.09514319469081504
0.13267421898468623
0.1435195585593641
0.12062904721094342
0.37696500493669605
0.15319407719370248
0.14164876358498388
0.1612021172218791
0.30929418320359214
0.24645745371408367
0.13806318319393812
0.24825572018873018
0.44889537031724613
0.12491780196292052
0.10259001467971673
0.09763099787881094
0.197708064702556
0.24433189673361194
0.07542235956412957
0.1964479724579593
0.2010218837887148
0.13416114419718844
0.10586137049120076
0.10323111617371668
0.37574002606783247
0.04895708859688684
0.08958744187472634
0.2215490595006497
0.1837185058983014
0.11204698457033356
0.1504130901767938
0.21546902201735768
0.06789453834277612
0.14075084059169068
0.08965680797381895
0.0497703787914159
0.15787660532422776
0.14744395914170275
0.20001646942270812
0.0823397329863918
0.07449476828435829
0.11916669436080095
0.19657077693632835
0.18105721846439052
0.15177517928790007
0.21712913724412475
0.2243645183681002
0.21904727157063264
0.1932578713712109
0.1565633370810351
0.16582486666875917
0.10824095241141088
0.049955340595513556
0.19663998187703685
0.09382304820515154
0.20622513777903123
0.08741059576880843
0.15506857329061965
0.13349670882055906
0.17723217473915698
0.13428863763682775
0.0272203567260016
0.10018419054695865
0.11442953991353752
0.24279279056584208
0.06155980583934792
0.12056542655420954
0.11387366521565252
0.43459213267436403
0.3176756127018477
0.05688623424966369
0.1473310887239662
0.09921654771626863
0.14513021293103087
0.25688656264051773
0.2560861688776578
0.1719341669066858
0.11548930247160145
0.15688705257781474
0.10477178060166163
0.10487241559591781
0.2675052558149868
0.111534398218952
0.08975860795500147
0.15364319744866403
0.10937993140351786
0.042088824354798916
0.162225443740039
0.23582085408094203
0.09946469328726842
0.12090343302934498
0.29992822656281676
0.1463931160481773
0.28512346728827676
0.2244100226757701
0.1893569297994831
0.07469209474698249
0.15641146848219767
0.09142108944687155
0.10021673650807474
0.08218498409424073
0.11081519733577659
0.11113753849850662
0.11657425945758695
0.16924523340890626
0.1637670272993733
0.14033857979934128
0.2397278123075636
0.2245048416584755
0.2010702288800014
0.2750491581767587
0.1312276811424562
0.21398176979149902
0.12355452549076383
0.2092191183522617
0.0970066357120778
0.14809502033252414
0.18378647372579676
0.1429927411338636
0.13042259464748684
0.2758417902315331
0.14410836652166542
0.09790235196022762
0.14251282978373914
0.1438342489490988
0.10929038087092181
0.05892664207934629
0.10922693870539889
0.3594083102529789
0.1687862108389207
0.09799768757954522
0.07306162714606557
0.14005346115195963
0.3513679113868698
0.04235908970528931
0.23589676534724907
0.13524974770577664
0.2155246157112523
0.11198000355685184
0.264993418708737
0.1263582645423387
0.07912627016059023
0.10118769715429743
0.13301490156360543
0.08437752835402396
0.17455581777791446
0.09935966029930622
0.0984835908751719
0.18446618441415732
0.1570637145306086
0.12832636884389384
0.11942973059257793
0.15393147101357701
0.12153241309749241
0.08739330551489492
0.1341050704577968
0.1660881512142009
0.06687082364729184
0.15041634110321028
0.11527761930182202
0.07390077298251153
0.18538146853635612
0.10425002588631858
0.3741451758617598
0.1978046462632663
0.1991977238012761
0.1549626133578086
0.31686958158079725
0.16223738312646777
0.2850767918070572
0.08091435568709154
0.20807791736728679
0.11281270708340856
0.12627162582259063
0.13434750658026082
0.11833279222453762
0.06513001807827737
0.21441376275926025
0.05955602632382167
0.2236519702441514
0.12349302133704891
0.2301756813801597
0.0921996553708433
0.16477562981030563
0.30797996616346474
0.4049793778853566
0.16325907213919844
0.03603828297226727
0.3227405788452202
0.15570369113086485
0.15736378065661344
0.18023245408538086
0.1565842044981234
0.13037594320192303
0.12460221609995675
0.11574468749293988
0.09015310687703697
0.24705069106586475
0.37938127561017315
0.12054630568234484
0.08269498937352723
0.09722739710468388
0.23722856957151828
0.2539028260966255
0.11791801687787781
0.07283410539098696
0.07704506060319953
0.2659963968382715
0.11772687583889134
0.13531512443900134
0.19245685804096643
0.08021667904745199
0.3143556728596855
0.21975746235163374
0.1996169877467256
0.07078257607591475
0.3102099051003359
0.22859352621767792
0.23734778618135635
0.14363904695201654
0.09946474309175392
0.2276283432222738
0.06325270890078971
0.11212475944465508
0.19300876631206826
0.14865258670898499
0.17232522319409188
0.07414837761551782
0.12270952213804039
0.28136272867866774
0.1529139137793361
0.14732645181121748
0.23882536087869066
0.15218092742123876
0.14669551994546576
0.20933826565666386
0.22381378743183702
0.06543770439975878
0.1286210590891882
0.06310834422337895
0.24264354857934953
0.20793106807084932
0.1257430213705298
0.17831673725493857
0.2628394384961342
0.08337297855254197
0.10790546111118131
0.17950509227266065
0.16981677543740603
0.07803306123975591
0.2190710551464637
0.09509953009550118
0.09613179419637909
0.21064731538556303
0.23081958946918343
0.09358347103901193
0.16510335896013478
0.19654787532214776
0.23277516707656354
0.14084227015161196
0.0695313643033002
0.09077838043440145
0.13047566808473232
0.2797748888859835
0.11793148277000656
0.3185193289889605
0.22325625391730777
0.35400677793904606
0.06265469189993886
0.11557045276578987
0.2380254801518116
0.13991660197516398
0.20115046123404576
0.16338365817884387
0.28449321262923655
0.178466808006151
0.20685068459986958
0.047742967020417
0.12343111734515791
0.1028108376272055
0.13027590734989283
0.09439669261024028
0.21903855151614496
0.12830116414493073
0.08833648880953145
0.18353222885863557
0.217566492716056
0.2242411349794301
0.16270211093006062
0.05022269929782687
0.12814734164201508
0.14047314182144388
0.18290774385754932
0.11327948573532225
0.06634671789840096
0.10601772666360595
0.07994561731146496
0.16299057215781967
0.08960367214145468
0.19786258161965023
0.1563144941152306
0.3263081777593749
0.23683174325004308
0.1446561190094134
0.16796068885595103
0.17662096315819883
0.13128809300006553
0.09751256775127089
0.06634333543344759
0.362481010395412
0.096882640775599
0.19070987620217927
0.11881011018937684
0.04821910828622383
0.17393689998894032
0.06649265575227284
0.05374551225323242
0.1285177700238815
0.15358360173057753
0.2386793088801121
0.09811924203580089
0.2209694209827184
0.11147740610669113
0.21431294355791838
0.07501788825360713
0.24449369365342724
0.20621321189629732
0.2644813369400493
0.15888767937406434
0.10280977131913946
0.08099925944604079
0.09520324682745206
0.12040338001612653
0.09637129090516078
0.11658446963432416
0.1095690326059112
0.14444587187394137
0.2910214587106641
0.21674984095338323
0.1462202491171205
0.12191239920493828
0.15813705735512262
0.1348603442626088
0.21072458372954406
0.12270066955968942
0.12316468662179639
0.26841390960628825
0.18206758705395693
0.10923306012771537
0.12970058521046926
0.10516033909059322
0.12057108692844533
0.09721293757940296
0.2160642186007498
0.09265366332257242
0.07792048574913725
0.07933858693307526
0.11985330487750831
0.16581619967487118
0.2395779455867348
0.22273226938724117
0.09127556283971532
0.10244088844513548
0.09580821717713824
0.15882551258439154
0.18358488660441374
0.09280875307217079
0.16524226150058924
0.22396698228412346
0.10919276759611878
0.24685511712916128
0.2718538419967587
0.2176109824834836
0.17097146322146156
0.11327821325688853
0.2633832363419775
0.2560671240457804
0.1669251208148071
0.28119136558550156
0.2155703993882193
0.14677003939245625
0.08951993257517063
0.05911428933594201
0.2704916894566512
0.09951522343782028
0.12490046221543093
