0.02338773589145475
0.024146602101108795
0.04312418305894199
0.01783934002056111
0.02196388189568703
0.027331117064089815
0.01421574179007024
0.03887724468227688
0.048011360592697505
0.021479395552179113
0.04335023391532198
0.0317306154875337
0.026377853959363706
0.014402837526771083
0.03169607396440866
0.018909710411470094
0.03330028870958043
0.03773456451435038
0.03689738565405947
0.02331299472290239
0.03646446270958732
0.029278957876605824
0.037281779512038433
0.02385584141854615
0.03136416543272273
0.024567767019103383
0.0275456634094591
0.02793517140283245
0.04286065258407549
0.04138140450510029
0.017001562689637508
0.04384127019395994
0.022987849921641355
0.03970752956599375
0.034673450901870434
0.025761497608855214
0.04413010283367629
0.029666915304869968
0.05063108934275318
0.04239952559989516
0.041611689984151046
0.04081310070707289
0.016084389565489198
0.020641963909734357
0.01755294069075997
0.02455348678584267
0.020372112370286386
0.035291466487444016
0.025155342245334986
0.030418079748277076
0.020711559833403552
0.03698674778818772
0.02725906654621032
0.03133183739675716
0.042365739233324276
0.013401125188521653
0.04133452828891748
0.037365899041478357
0.0333898191039983
0.04810133051693399
0.020895774804225078
0.028449948664088363
0.026145870246800172
0.09580533889859241
0.017952881141629268
0.04273977151150431
0.05202405901548619
0.02817911001058018
0.028277031282333165
0.019582994449420712
0.035225388736083364
0.028066108499852003
0.019583469747650947
0.033155993992261476
0.03855123274174585
0.020329900179579804
0.03354066016228292
0.03314667059839134
0.015323951367977116
0.026869765851505783
0.023223041582173306
0.03774501876181541
0.012964637240897721
0.041962978669938145
0.034429738161862775
0.046506892309837226
0.011750089355217893
0.028955323008099755
0.019636219801475497
0.014177796218321716
0.03574926741840457
0.019160562932311217
0.01999894044271929
0.025131345640868066
0.016583338464908372
0.02752565972419053
0.024472034997831297
0.039860105647443786
0.020369490094171428
0.02334643857579242
0.030211175214168683
0.01624911511555418
0.01839382506157953
0.038116845518864774
0.015797559476654666
0.03437741178122122
0.018342733543600442
0.033079753756304515
0.050612804593278396
0.0166253379029899
0.028847179051234986
0.027674902144602012
0.04044329832229305
0.027200397764660874
0.017405394828542215
0.04352240325268923
0.020453243083986286
0.030785200983319085
0.019112254156956405
0.06583956414414052
0.034009432909096186
0.012564437778346316
0.0351091588470822
0.030607793024318677
0.042705560450950794
0.01963857518973887
0.023795213227862443
0.023468492614194952
0.0248102878270178
0.01936631321568027
0.039698072374880204
0.04960704277436348
0.026218329838564574
0.014765148328276847
0.026904476039954155
0.029155966849055446
0.026704929521819652
0.031480863454664075
0.012710528069257857
0.027438036633793437
0.01505015988025838
0.02433747546166698
0.01717623622910692
0.03285660816723565
0.020327397547490203
0.024688754525154066
0.014650638252177708
0.027869311141939794
0.03226348753305071
0.018057759456387244
0.03240013111470005
0.029608576502790928
0.013753054997133083
0.024661051229318047
0.02993172519865894
0.033161287379890755
0.022499387102785366
0.024007893355673295
0.0282792280717598
0.02815571198421629
0.03540286379069011
0.015904366702866837
0.025186936738713767
0.01892991060029936
0.013215251921613389
0.03607086227515419
0.021499071541162786
0.027532630224487424
0.037068512447474056
0.02061522773841613
0.03470378571608052
0.028579094808292592
0.01811418574468585
0.026048209357061133
0.028042756320588235
0.029480430243773385
0.07617290222141616
0.03200484260548074
0.03270125193237206
0.026594188114595883
0.035822312554773784
0.0453350971291557
0.04122568318774743
0.007206835260221699
0.09385231376436509
0.0386892832142363
0.04030621028000783
0.022277459724001452
0.038585971815143956
0.04085725091081717
0.03837637294280139
0.02492869110531775
0.024641660928297452
0.03945042977407675
0.047008195271814365
0.020269713626667005
0.029058279438974342
0.03144490348071939
0.021588155605450722
0.02771503842073105
0.03634077094533914
0.02017809839970472
0.03490454062877052
0.04219309338709204
0.021626342216865768
0.019551139745489072
0.030198258247132802
0.010841115578196971
0.024682969783860524
0.02719217825428726
0.029347598372820933
0.02884912782222604
0.02012156246372185
0.04863202070644221
0.035022286200698985
0.03419507330660851
0.036944334016950985
0.027847108097880238
0.024154976213724685
0.01339057769890062
0.027725573900203717
0.04301988361871294
0.04387364259228712
0.03296866679428517
0.026127849408109485
0.013725429159766224
0.03673310476174998
0.02808206144569668
0.04690248235470657
0.033245667933438285
0.018640563291138387
0.018438431128956236
0.03326137192907319
0.026073646538271163
0.03110489805899193
0.025384419551637713
0.023187837774069773
0.02631732103187332
0.014378471983308341
0.028541615106021264
0.025949201681571638
0.017405480661977123
0.020642756960634064
0.03193294031510418
0.02632324154157462
0.041657281406857226
0.017823740521590383
0.01759418936155564
0.022497200699959582
0.02960338224666847
0.03341494222944548
0.027187603685810496
0.025072918551531192
0.013697783232309779
0.031594778796405765
0.018595092540386216
0.025354604501644333
0.04073261312555621
0.02398550354433498
0.029438955360391903
0.026485189685794372
0.021991138072095424
0.030477405236895242
0.028750664210540088
0.0175448518288805
0.040441319579031666
0.024076886115031497
0.034109287449196064
0.029784660683690217
0.019305270835462573
0.02692943700256409
0.02457081885794016
0.030695433683109247
0.030454196797971053
0.026838077842352245
0.03708647974925293
0.02011862908718847
0.02400974154307823
0.036127564781149715
0.030653328424779018
0.033718319258201956
0.026849176217290927
0.0412146717479798
0.02324895181458871
0.023554139343379164
0.06491880250771045
0.04098118142649869
0.03328486892400316
0.02019781183554277
0.02526710090721184
0.02062394502145849
0.03773040731558669
0.03377045228093456
0.02695068066042388
0.028716200462144795
0.019517354556948176
0.02774091384351182
0.03976661558560026
0.03354039968925777
0.03842044450579135
0.005662818757269174
0.02896429519301735
0.024810013626991846
0.037356548154126264
0.028340324411108214
0.01602464534078342
0.063239446768882
0.055486587495905695
0.013555936165828144
0.028172308798173045
0.01736800318633932
0.017047396802755677
0.024743500026748168
0.02706845642464326
0.030559565963705165
0.02529525000009531
0.03713729887240992
0.03353947898550818
0.026363881805153092
0.0296053253742199
0.04113012014021661
0.03331804529141267
0.028381932074862126
0.028654798971579402
0.01677881263981692
0.030523520381176665
0.024982142585977668
0.02596895020036724
0.02292665816825069
0.0315626732010137
0.021997674835023975
0.028025447430614588
0.017000358389898735
0.04020049512853646
0.022706616152335466
0.05569874771599862
0.03427041207855466
0.04804798998552615
0.020923429069514866
0.02851654548497417
0.026505129866019387
0.01833737377818779
0.0424582696879098
0.02118568480230216
0.015230300933939801
0.0319053011508542
0.02916522998713934
0.02587478614039366
0.034900438161154713
0.050088214984340615
0.025539819615398248
0.019092790443649896
0.028213907324784442
0.021227995791036368
0.04534915006260384
0.03397299389540322
0.04730830891424226
0.023722310653738216
0.023573826308964624
0.024793221398028076
0.019368567420919282
0.01900506517136268
0.02273213241347602
0.04081858294716054
0.029291781779711704
0.02484967370969151
0.017340434705285332
0.04568350353323077
0.022717206832963542
0.050891766103951144
0.0348150650941658
0.0314176373023448
0.03040522885237995
0.025434754604208163
0.020664478494403886
0.05637573744370105
0.02908042889339118
0.024512885628654776
0.03338881052206864
0.04171559784885263
0.027006731130488865
0.04028866623179688
0.024335017626374973
0.04553445783031891
0.03117004649798706
0.02910621054566431
0.037258869850291435
0.025755050180544626
0.027254363300931332
0.014966106614559535
0.012820630603192164
0.04303761542412227
0.03966907311964545
0.04939165453677129
0.016057792560091426
0.038966157577556594
0.054243937800447374
0.043309260118144594
0.01788986925556554
0.031205985648793313
0.036634688070441894
0.03726043190040434
0.038298113611955086
0.017686635976358212
0.011431748995545821
0.028255115295019173
0.02884176517716225
0.030430159535567675
0.04210059916060625
0.04243385789100638
0.022997430884227486
0.0238198694710732
0.03918544106937138
0.01749417133964746
0.02803339334558061
0.01911066488468725
0.04507800507713417
0.024591603955791977
0.030515109558774102
0.025312461700007945
0.026513974854023153
0.02998975138870135
0.02541608364268728
0.022620954433860994
0.029947891212086932
0.021183414139550837
0.027050974748561316
0.031384733244720006
0.03142138335944346
0.014227584899487966
0.025177491812163708
0.02573965078608382
0.022111695574463772
0.025296647081613357
0.036506420649248736
0.008937653285256699
0.04445501845012891
0.03977953680657591
0.02419403205488694
0.017153313653151522
0.03623869036476403
0.016377251234553275
0.022755294368100122
0.013458544807620687
0.03195072333231129
0.04258983470360146
0.019319714369577017
0.03817602611315913
0.03556098869084077
0.018689317367179967
0.016129759342625075
0.014246249079559752
0.05016027847478518
0.017795952981818616
0.06370491205540421
0.04334432133870234
0.03995508202049741
0.028549258846656683
0.03961171832993399
0.03779973246326693
0.027514000380555598
0.03756590589826722
0.03567552990520058
0.015718884031664843
0.028910212069841536
0.032185295520751445
0.020994145858609283
0.025861468396277777
0.028865127675032076
0.020247808848770532
0.025297328582014507
0.0378535411493731
0.021678896585221808
0.03031812525018297
0.018341463713855147
0.03052535742837981
0.03822411308764608
0.021599549092031295
0.027394668099711028
0.0433900868569091
0.029612595750517143
0.01731586373580314
0.019179883109824488
0.026452324592175558
0.028917519896026672
0.03249209977977989
0.021692849995279654
0.04477274000200527
0.018453222794764523
0.02914702932293205
0.013583775059224748
0.03624854314562359
0.030287957026613663
0.02019139613651642
0.019621209317007428
0.05595088934958118
0.032873322324443954
0.023119579338342137
0.02672970423190145
0.024581674437706653
0.026736976084289002
0.03270344799680513
0.039103904294341726
0.046376278907205776
0.03668695047127057
0.030926552335365846
0.03416988890727151
0.037151766864154535
0.03284071231251387
0.016220962008033683
0.028826780160093442
0.035191228648969536
0.016799958268956656
0.029553216976928157
0.06495099912042523
0.03505782347239851
0.018355599959168332
0.02868238450079164
0.03195097039778753
0.032506262986472904
0.017769863967427316
0.020047929087761533
0.026566501549879374
0.054804637767744746
0.05933698980559026
0.016993618466935458
0.02048531531697928
0.03183906995455856
0.04453037453340023
0.03647080931507759
0.019883134767185267
0.011941889715543004
0.04750434749044603
0.039054416680090256
0.03277729802633378
0.028680807629117608
0.026734331595663068
0.045004987667330236
0.02104403757057702
0.039037405934768295
0.03157684531438588
0.024440932011305008
0.020586312300170724
0.038345243282677556
0.026605650265825016
0.031321299043739946
0.03713012711653191
0.030015973094750886
0.03551841720690865
0.026164909273752496
0.019458166938416854
0.028296749067251277
0.03803193628253819
0.02441732601020986
0.05139420996652829
0.03355546020329393
0.020997650722167725
0.03822749897753418
0.0501013528368819
0.03316215188111939
0.0382289166337593
0.03629575996259878
0.03937626356754555
0.01919961844074921
0.049227879765466415
0.0149837678340884
0.016503766259234904
0.03698045047475724
0.05396659257070493
0.02925980360393094
0.031691785391166884
0.03466217459727321
0.02857424021929681
0.03745662556366477
0.04472060454109295
0.028365007115501186
0.029405621012879888
0.033863675682393804
0.02663354656339254
0.03785645705774525
0.025533869821999153
0.05592444276075103
0.02252251562331258
0.020363722552967284
0.02277657079995401
0.028429295523929754
0.018416055306789553
0.011508573555665024
0.033285932323455114
0.03500239391888462
0.020490817274240097
0.025841334750351
0.0532261567474811
0.03791278915499438
0.029733351757399072
0.03207499324881829
0.028634764047145437
0.02775199931734222
0.03267052297729784
0.017805990954233193
0.016759942809959617
0.011588716708546262
0.039784843605470174
0.03346726200898457
0.03930971692065579
0.027239357784111202
0.02772468177895248
0.018773033467898343
0.034796494970481644
0.025462582614717268
0.02346334559992621
0.027485128452192996
0.026001141324566247
0.020593892908851313
0.035450558982768485
0.037735322025066284
0.03219777793970512
0.03439370695560463
0.031328317197487424
0.03960147006285182
0.02187153505975664
0.05391134509578918
0.017801265510241367
0.029122702867371977
0.028434846553338115
0.03551224584315692
0.0341382340568302
0.0543110177470084
0.04300359797658982
0.03973471714157366
0.03769518029549195
0.027904690591333506
0.019968272714785545
0.02569966013163573
0.01591106698804981
0.02580785171166834
0.03145551240370705
0.028387546656262422
0.033389940669546876
0.01599961499174522
0.040375174245976565
0.030980189750307828
0.015347735993906386
0.028550290705129953
0.033700542104880764
0.023984349804465337
0.028717030476642678
0.027040951375558356
0.05577946203705104
0.020567214234341925
0.021474348777386708
0.0380823544368846
0.018470324201242377
0.019745223749096565
0.022376673308024248
0.0388957483927894
0.04438968753649707
0.027009756410797028
0.02356735410307484
0.030207888763463985
0.03904361357925386
0.04098290012797029
0.03490389115566534
0.028112225151223517
0.027976790701654035
0.018351474673786745
0.028605901044546304
0.020280527302402696
0.02996593911070865
0.012560916176373558
0.013670568629139877
0.030231410571691965
0.04564485672486302
0.02401328767963852
0.04280611809464201
0.03235265148793605
0.014910714364993713
0.03475147879990565
0.022339051995842366
0.028820694387053217
0.028935135981214884
0.032084976844379165
0.036732767909660125
0.02325255560406348
0.031748099737295164
0.024614452249496023
0.02586328737506014
0.033072047208245525
0.05210367358547151
0.016796739825101367
0.03653595687168481
0.03429481142975723
0.025327297712513252
0.039913180851475556
0.02839694780601073
0.02490982327464588
0.03834570704312414
0.033028658297030535
0.02512554979132883
0.02470377084367147
0.031405026011347016
0.024469605482661777
0.031048486378499218
0.040847897017368844
0.03621289456349002
0.0438464520394514
0.012397309285564982
0.0228379244696095
0.029078571464330592
0.04253244650240178
0.028539851898013606
0.04141021698950679
0.023231601961333732
0.05468270119696531
0.03951596138580475
0.0392437396244265
0.028557618086561563
0.04380805988045501
0.022120390753116007
0.022218878893682556
0.08493479471579828
0.017367352440687316
0.03201051131654118
0.025240002778873113
0.01874569828422861
0.02112147498448921
0.03052523626962402
0.025033543387842392
0.01120916491200158
0.018963127984884
0.017119239184719918
0.023737361459640335
0.021000301264501912
0.02439785181567612
0.04122911345626234
0.05481115781674464
0.028118281181191918
0.04313842308527987
0.026603812090447775
0.0326114817598733
0.057233692383322675
0.018511233252359937
0.026832446848763267
0.044044662392660215
0.016352063126400383
0.04020962031133942
0.01095273696425928
0.020181270391392486
0.018126860116853497
0.036240551272300796
0.04631874866078476
0.031538599071885214
0.0311642220252488
0.05153206802760577
0.026730883308223315
0.022656835002499816
0.021455441578376044
0.025250919845880914
0.011206023407196501
0.02543743946190196
0.038967814217488884
0.025318799248566972
0.030828081959609344
0.018147772687469112
0.027206438239632806
0.026690380762412803
0.02528486890616324
0.028364385930271168
0.0412938077958272
0.02954352664168158
0.02602745987562093
0.02626885458454825
0.025431290495437617
0.030506529671433157
0.024573974073488655
0.007950366197149566
0.03722111286187315
0.039487703581981795
0.025006837542246817
0.033534188933267824
0.02070845400832186
0.020940109751925246
0.021880062418601628
0.021601747826227636
0.016961146145709885
0.02799242583600594
0.02609743191493567
0.012427086076074808
0.014868630817175937
0.03475844937552664
0.02661620120943341
0.021072600145064638
0.017904690155869443
0.03434489457938236
0.03569572286741929
0.035888219659910674
0.03756346110668793
0.03863669820898321
0.03637554375427132
0.040536045902290145
0.023868448540100895
0.015471888815841528
0.026578836453784553
0.025012082944283087
0.02045190778507558
0.02344341788099023
0.015987634642697052
0.018606788609853615
0.017421940361899223
0.03238834902490678
0.013168267739680923
0.035225237513227946
0.04531110208086246
0.03765920879653505
0.05701589192574388
0.017962396578353756
0.0354582245780582
0.03809892657517893
0.03635839965720861
0.024579805162385455
0.03564971601144036
0.024834658725427467
0.040018265806558
0.03042344459508079
0.02722693880071222
0.01877505995194401
0.04110423901977141
0.03484833597426899
0.03231059188370492
0.02049909125742437
0.02093283430388337
0.01545850159300353
0.030027476000354256
0.04135093254539362
0.03682004783910965
0.04265306524637984
0.009558377972564348
0.043667510543236934
0.03202109958935019
0.022094900630009226
0.019436549202519745
0.02520936011178885
0.031989157144755406
0.023635986182661835
0.025901887225536192
0.027806764854143535
0.02003017740386479
0.03703756881808332
0.024826170147914717
0.017101790933536563
0.0208256886576636
0.0302814493423251
0.030459017094092707
0.03448173243846942
0.021973623993001654
0.03987668912644807
0.03377317141403825
0.032655489779279276
0.015593304839300826
0.019618391743939537
0.022806123019837195
0.02124112008094634
0.034907307865152906
0.016059459956127953
0.026702015856203635
0.022317805738483274
0.025302975036004063
0.019080997652478737
0.041921215174852276
0.019619652561593398
0.037388310426246366
0.05025992238277172
0.015426571682065385
0.021712495789472964
0.08061552048419904
0.0393617246773238
0.04594282064562244
0.024927383187071953
0.019078774179966847
0.027529920838518646
0.03423929002376195
0.04501391106233286
0.02611214188950382
0.024373808060807366
0.03870959634630454
0.021534166886332282
0.03724468840153171
0.023470470541292747
0.01728000970906796
0.03327655005767963
0.031165786105673762
0.03584167965184033
0.029738440838502245
0.020907828772298458
0.021138601084227222
0.03799645266221781
0.02072629497358466
0.03140994136359313
0.03493042931321819
0.04230164040645755
0.029355228866511585
0.05104980239923199
0.035763843821472865
0.04375000545354163
0.031676898572599546
0.030337754686568068
0.032139804405833576
0.028101480472907354
0.029903696363976027
0.020187258929940114
0.03422763019006172
0.032289056229625385
0.02236157766951602
0.052399079215028094
0.05582433251803904
0.03894281283244135
0.21567592594071155
0.03965890741127041
0.03856414652752531
0.02615765974511983
0.016149235245164675
0.014977519301629754
0.021278122504702707
0.03283828803693735
0.0189865387440379
0.02093847737431337
0.030221568279784075
0.01094077600096529
0.03273094649590222
0.023714501218920728
0.021586097150548655
0.03787419367672799
0.01817437268069945
0.04673954086681319
0.022459773912965917
0.02933393643042604
0.027215876050693498
0.017486030405080368
0.03895026537818902
0.016865309196630904
0.028688785991155524
0.0345889980283349
0.05307483137375165
0.03640528480627267
0.021778850351334034
0.022307008310016557
0.028030227779148254
0.02426404730248753
0.02073157615044954
0.03441885976567284
0.033966581683132255
0.025567733370081336
0.023930601222534036
0.021420964748360673
0.04755284059668123
0.027655661149779506
0.016833414614002264
0.01873523320067781
0.030493526717268793
0.03211599781473091
0.032812226554519736
0.027276007218251876
0.017365368392558537
0.03912682998761052
0.019780860356730823
0.01319458520486649
0.03840046954090938
0.039058881356812056
0.015302539384255874
0.03438280914329144
0.023430760442709673
0.015509367058766797
0.023667887158483312
0.030865136346845574
0.02305147276147396
0.03762138684292726
0.01993330384517288
0.03515380576297647
0.029556409760045046
0.02305569865838128
0.02840194751095381
0.03195262142013071
0.020005125298568103
0.01949411169377038
0.035561247291546076
0.03592980167020794
0.0250420667717577
