2
6
5
5
4
2
8
5
11
3
4
5
5
6
5
2
10
2
12
9
6
2
2
4
4
9
14
6
9
12
4
7
8
6
11
11
8
12
2
8
3
10
12
9
11
3
8
12
12
4
10
3
10
3
12
6
4
17
6
3
12
3
9
11
5
13
5
9
5
9
9
15
4
9
7
12
9
6
2
14
7
14
6
11
7
4
9
7
6
5
7
8
0
9
6
6
7
3
8
13
1
8
5
9
3
11
14
5
12
8
2
9
9
9
7
9
8
9
15
7
10
14
6
11
9
1
4
2
9
6
12
16
13
1
2
9
4
12
10
9
7
4
3
12
6
8
7
4
11
6
11
2
1
5
4
1
3
7
8
7
8
6
6
11
1
4
8
3
14
3
3
4
8
7
7
1
8
10
10
9
10
14
8
7
2
8
9
6
5
7
10
8
7
7
10
5
16
5
7
7
5
3
11
12
6
3
2
3
7
2
10
6
7
9
2
8
7
13
4
5
12
9
9
8
8
1
10
2
11
8
11
16
4
6
5
4
9
11
10
11
5
3
9
3
8
13
6
11
11
13
5
4
12
14
8
11
6
10
11
9
7
7
13
0
13
4
3
2
2
7
9
6
5
8
7
2
8
2
8
6
3
13
16
6
2
3
8
7
3
12
5
6
9
5
5
3
1
8
6
2
6
17
4
8
10
1
0
1
15
8
2
1
16
12
4
2
14
8
7
13
4
4
8
7
13
8
5
1
8
2
7
2
12
3
4
3
11
4
10
6
7
7
6
6
8
7
1
13
5
5
4
11
8
10
8
5
9
7
1
9
6
10
2
7
6
10
8
4
6
8
13
12
5
3
10
8
7
15
2
10
1
4
12
2
8
15
2
4
6
9
7
2
9
10
7
15
5
8
4
9
2
11
3
2
10
11
1
15
11
9
6
8
1
10
9
1
2
4
5
4
10
11
9
15
8
15
1
10
6
9
10
8
9
3
11
15
4
3
12
2
12
19
12
10
16
4
7
10
13
6
11
13
6
7
10
5
11
6
3
5
6
7
8
5
2
5
4
8
13
1
5
3
3
7
2
7
6
6
10
12
8
10
12
10
16
10
11
9
7
3
4
6
6
1
8
6
12
9
14
12
11
0
9
13
2
8
1
7
7
6
2
3
12
9
2
16
4
12
1
7
4
2
7
9
6
1
1
6
11
12
10
11
1
9
4
13
3
6
10
3
8
2
14
4
10
7
10
10
2
8
3
5
5
4
3
3
4
8
10
7
14
4
6
7
10
7
4
6
8
14
13
6
11
5
5
9
8
11
3
13
5
7
7
1
3
3
5
12
11
4
1
6
7
11
10
2
13
6
1
8
11
9
10
5
7
7
14
6
8
9
7
2
4
12
4
10
6
7
8
16
2
12
9
10
11
11
10
6
6
8
2
6
11
8
6
6
12
10
2
7
3
8
7
10
5
5
4
5
13
10
6
3
3
2
5
5
3
11
5
8
7
2
10
5
5
4
4
6
9
9
13
7
5
2
12
4
9
4
3
9
13
6
2
14
7
5
1
9
10
10
6
6
10
2
8
4
13
7
14
4
10
5
7
6
7
1
3
4
5
6
11
10
10
16
4
6
3
4
14
8
9
9
13
4
8
6
1
7
7
11
6
11
4
1
11
6
7
11
4
5
9
4
3
2
5
9
13
7
3
14
2
6
9
11
6
5
9
12
6
12
12
2
5
4
3
2
6
20
14
3
5
11
11
6
1
14
9
2
5
8
9
9
9
6
4
9
4
11
2
10
2
18
11
6
8
2
5
14
12
6
7
9
3
0
5
3
4
8
12
12
2
18
14
9
5
10
9
2
11
11
4
11
3
10
11
11
10
11
3
1
8
6
7
13
5
11
14
9
10
2
9
6
4
4
14
4
3
8
4
9
7
10
7
10
8
6
7
12
3
11
1
3
9
2
10
6
6
5
13
3
2
7
1
2
1
7
13
1
1
1
8
5
4
11
8
7
2
8
1
7
2
8
7
8
2
2
12
8
6
5
3
17
9
2
2
5
5
12
9
4
6
4
2
5
6
8
4
12
4
10
12
12
8
12
6
9
2
6
6
3
9
5
2
4
4
6
2
8
5
4
3
6
13
8
6
5
1
8
2
9
4
2
9
8
12
11
3
3
7
13
4
11
8
10
3
9
15
9
4
5
6
5
5
9
8
15
13
5
10
10
10
2
10
13
5
8
6
8
6
10
5
10
5
10
10
7
3
6
1
2
