0.05668297273022243
0.030248716943445306
0.03343339978621207
0.04278094362213716
0.016972116549454522
0.025982988667532545
0.06141835948028503
0.032575359538713114
0.0313477811160178
0.03361377369041852
0.040699611163627934
0.03387602868896104
0.03703264067792879
0.0840720614633262
0.04631048010113818
0.01663818349195512
0.0344439469624765
0.069088966330603
0.05067388463007648
0.05613829461313712
0.03668345438457566
0.0421861552198461
0.03645191347999656
0.051520958461228214
0.03304437119611789
0.036487874464650724
0.04847364422202909
0.03268168571731551
0.016883902925960145
0.04870024107829025
0.04460918664429321
0.03903564819403373
0.0339629500278282
0.02012965916612144
0.0441388747455125
0.026457747391304888
0.02195542095127873
0.028368288056205265
0.032847096471322154
0.028362317354231933
0.04543842058098304
0.014860581642782256
0.03362046705121229
0.03853384872617381
0.026304911500898098
0.03920611679222086
0.05569821616020316
0.025178156342912178
0.033110894641115204
0.036750462433318476
0.0491754772560337
0.034819542714891016
0.02354723480223356
0.01758746830001252
0.030957083409215762
0.04480880817631159
0.020496753934706485
0.03553419540205149
0.026487824952752873
0.03103079229044979
0.04462608991441712
0.028340969929622668
0.03144806855518314
0.03293187260336693
0.03244110937511854
0.019334480130124346
0.0454253020855971
0.041255950262354894
0.02940142905150791
0.03208529918094538
0.045284614061030244
0.038305421123549135
0.023713791196205886
0.023036708125680986
0.036809688773575745
0.03936338766850253
0.04023732361935467
0.03146804927314387
0.04794631991203081
0.02137243625648811
0.05556165660392104
0.03130533465122324
0.018076276885418366
0.04719839749220945
0.03206774977873257
0.042515221547022135
0.04215218449076768
0.06496545381971239
0.029812360960479907
0.014348773454744543
0.04864980637886133
0.03986942954061378
0.02573577119801768
0.032431267993889776
0.02548341433815068
0.04988767507713455
0.0159722404359759
0.03142148090994329
0.024614652660743218
0.04057986038935899
0.03490578430176727
0.040381076482847736
0.04647940301259871
0.03465786727953659
0.0210153969984496
0.022582635611834857
0.0425865584096351
0.029206791686428524
0.04681826201624464
0.013778440680902075
0.03947274923253702
0.03274233496968648
0.0339789986268009
0.04434451313428528
0.037794071566489076
0.041398758897253404
0.04314077441680494
0.08836927019305564
0.02695862100283067
0.0371444421160095
0.022311120950977294
0.04961844730875665
0.04063402530060021
0.037045428110222524
0.05024131060795124
0.03923839119809795
0.03679791884644004
0.02372520418258475
0.04685803503954583
0.03267684994159756
0.0295538144555678
0.027647997282445023
0.02811698939411548
0.03434882123662012
0.045404596509083094
0.03244907900245321
0.055733675013884494
0.02201698864414957
0.015571640256835856
0.05198877875155464
0.019074213241418468
0.056922321049661266
0.032390458768477626
0.05268175506656345
0.037596769707689305
0.02349948250678201
0.03156750852264636
0.08327529356883023
0.024177780263230968
0.044799328797250564
0.03379259025336625
0.016715914445052743
0.03958583001555538
0.0214418040819501
0.03828271914304019
0.030760615090776457
0.043182083419345964
0.023185993318735918
0.040916792992314516
0.05237996178748836
0.050251990572647974
0.0310026684566673
0.014644537539343269
0.023850638889374068
0.019609132750607494
0.047205680632279735
0.025698422435152433
0.025552918437309755
0.016994705464835034
0.03403048626484656
0.05822417268279491
0.043360339056294925
0.02410976088614172
0.03087033321819959
0.0311583012650742
0.05043472056059843
0.022579185257684535
0.020712499196310147
0.024670708576863546
0.024623517123531884
0.02504820483574757
0.03134233401988464
0.028379703981235124
0.06924926974030816
0.020054624057285773
0.02698696962620458
0.017918570117179355
0.02245893418643875
0.03357828054305722
0.03854723764022699
0.037701834370908384
0.03521139338520788
0.026248445311960213
0.030282772612341725
0.04613815355434769
0.0388763826594591
0.044183678926083145
0.06978063175214627
0.024879482424554414
0.034114896203151425
0.034467002129251474
0.040901755000445426
0.03883437993024658
0.05350497762263116
0.021579754123080528
0.05247272654054503
0.027701842757262892
0.04906212215789507
0.042956196310299954
0.03503246077122249
0.027414280223075238
0.032906674712100716
0.03783490524204305
0.03659630568488734
0.02584076711271908
0.02785320496251177
0.04356460828834934
0.006811132335258072
0.04162613451685588
0.04920704946387588
0.010641223259571635
0.037284014681180006
0.027371490522871297
0.04110106380948674
0.045673803412545094
0.038713095998549885
0.02613104946140935
0.03687912014955526
0.030620634938981248
0.017091811751535322
0.040280727330725706
0.04889568273631324
0.028974028787020715
0.026242996455078764
0.037099876053325945
0.06560078336309706
0.05042111301051103
0.045139421535804435
0.052038511953178296
0.023546941412688073
0.04731882100232998
0.02871078595447794
0.04581104519684481
0.039655692686092495
0.02505979783900618
0.030547080579743802
0.05776219070975375
0.020063125159256904
0.0411297368816011
0.030380532982715085
0.03960192069198153
0.0411266868640452
0.05486392571361961
0.04431634229047504
0.03819848858895835
0.04344706652367203
0.022781662482929673
0.016541217986973104
0.05234454027993047
0.027232758102206656
0.03914489390260102
0.040113298589351434
0.029426002471796445
0.05442957155662578
0.03426687622727524
0.02966843113805889
0.03813721400305946
0.035114703300503064
0.047568573216966836
0.029520142510992536
0.03361137726697738
0.043438910942421506
0.05226427953626959
0.017071105184934748
0.028926139758689903
0.026825382311682074
0.028947462865160267
0.043128808056654325
0.028781549621917046
0.028431155375892345
0.04439744480139145
0.04166293145394078
0.022567159513764704
0.03393757697968745
0.02179877994073092
0.030591144982444415
0.03944021546383699
0.03565515755253142
0.040967395493795584
0.05973843651072631
0.04600466866105682
0.03686537174077312
0.0226155673149189
0.040565944862156894
0.0449488958543386
0.030696849215890186
0.03094476504630436
0.04565570648994182
0.027517678374072957
0.03700768841413751
0.04099917739919907
0.0121032043207193
0.030120120824336377
0.029066638663520335
0.03559257630945243
0.024734596036352828
0.030842024710122536
0.033284752160039566
0.04282474900327998
0.03424627014447818
0.025009654689230703
0.04801625722234488
0.024768336219019558
0.04979456016040511
0.04565078356717196
0.044775161384079235
0.05132434963343829
0.03620902879060303
0.023394466113149975
0.044136976077015985
0.03200197120081707
0.027503872700267162
0.024239243658726095
0.024659170087921966
0.030596456481268016
0.056308478396499426
0.024632570762776296
0.029098371521745933
0.04463110771774721
0.048166568474365255
0.02620541118142067
0.02986253732987067
0.041516176163627884
0.03790252067531846
0.0444670383466899
0.05283630085632913
0.0452638840294649
0.03266750859521705
0.05914925860870567
0.008303745184303296
0.022565967651383977
0.022248795427832535
0.03448305716724787
0.03080844655009686
0.020964640080438968
0.06321576834365951
0.02496742177955248
0.03845188179573695
0.03082338520948917
0.04455693062416955
0.03630832577863536
0.024934459469081585
0.015739665349847748
0.023612021417036073
0.05028591915193827
0.04389417194013281
0.02670235240300014
0.05449367905883871
0.01507719164336098
0.03643809405819236
0.044089086274307125
0.03614201469618239
0.023135531535688536
0.0381937560075001
0.04117348768544241
0.04200040149671931
0.034818703394688615
0.03719801293506992
0.03534991423990435
0.05970851278024629
0.04251586582435749
0.022364745015629926
0.053803267841962606
0.038585788610656514
0.03459780329498833
0.01965078680274632
0.04144585659894848
0.05629616517320492
0.02465208433783181
0.04249914312539336
0.03632905244982006
0.031471424635791494
0.019913089280294234
0.02775764929241183
0.03656714481850558
0.033223059151460635
0.060124074096243804
0.04292878992497788
0.032464863133794285
0.03897295933232272
0.020524040807658166
0.0604878417806611
0.03832886685201162
0.027275403923420337
0.03507244331114072
0.052838372786443655
0.033498165251750686
0.02047932389204838
0.0444710922273521
0.04173338962880012
0.04268500748632801
0.04054454370267206
0.0551149120622046
0.038412323275439676
0.02611090209353287
0.02093311035041685
0.03838267748178896
0.049351459828082526
0.031771064568502906
0.04288215290539486
0.05250237005059233
0.021602249157534437
0.031137206581500255
0.036522302632057795
0.021423672630360366
0.03625395421054367
0.018371258663205308
0.03416228014184065
0.06970280725700903
0.02965618477446858
0.03177880687323098
0.03414297145349008
0.029933693280410074
0.04548319747430743
0.039472049368886326
0.022896405984849877
0.04053549821691234
0.03607605455432439
0.022298814332694608
0.018597378517383835
0.04714014715695519
0.052842976203220676
0.03296690977204386
0.04289717873737863
0.03517600033438249
0.03329429340318764
0.02626349642543485
0.08755430509212031
0.03761209159131181
0.03542771298380828
0.03709940074043426
0.025296172507771112
0.05392534859109712
0.04956643985589726
0.024985967672599606
0.04271468063274446
0.05457607100120133
0.04077727478906382
0.03165486199822618
0.036049727894959686
0.03498033459217636
0.026046084628457252
0.036222534250320695
0.022828412282862167
0.025086437731929822
0.049220161558646135
0.023704504408611934
0.045218349631987786
0.030552560028675
0.04700862021020887
0.028449192103225097
0.032882312013716435
0.025821335975513372
0.03183244462306773
0.025800432440413853
0.027039661830853084
0.018242111948925527
0.029596564721028232
0.03310782818805459
0.027926357605775387
0.024035343327877354
0.03408766949547275
0.04672401874175073
0.037617679897573066
0.047981621154066886
0.032001347628012565
0.026079329980846597
0.02991617686798991
0.03803736432485295
0.051105479632832816
0.025449421403927752
0.022398797652933393
0.04539310988231597
0.039247183758831794
0.032201828469645026
0.03330051570119784
0.023067492739582942
0.028859032866644332
0.03651297155592542
0.030890468438061834
0.02927052123378461
0.024714390420110262
0.02772802719321699
0.0409409208416368
0.026838769932509554
0.029487240576795335
0.029443437428375963
0.05499697636802727
0.07852842611706932
0.03208686891678324
0.05366217273729133
0.011873869872976929
0.02400374013048619
0.06494747193763406
0.02773487862210765
0.025461101275897874
0.03488984194303046
0.03007220094925821
0.05039297202002969
0.03203738973759904
0.021926049972595334
0.047522855829084554
0.06655492327740778
0.048479175780089756
0.035648810028073005
0.03835558989995941
0.03946017110316625
0.02284323702210093
0.05659428342919007
0.07105782548148971
0.02345380465345276
0.0486280831043677
0.03412896372112073
0.035804453202754306
0.030237941155755142
0.04514637933825766
0.041322377068342186
0.0434806105563429
0.036654829317854166
0.03322046004598832
0.03804532913853091
0.03561575486684305
0.047453847774413575
0.054334400496167015
0.03747475553637198
0.05087731552677638
0.04673984726074297
0.04819976195029736
0.042130065581712235
0.05076429688800132
0.03840548004977758
0.03631795816564073
0.03455524151677681
0.02907920827487542
0.029927024289553385
0.03905361253364349
0.032680493241227064
0.060741062945737244
0.03483974892215651
0.04557024821717084
0.04613376988247707
0.040444520381168844
0.03372535613323436
0.05565310847087938
0.037729495355650185
0.02783717231792131
0.020814340447472886
0.026955382082746615
0.054472103587143036
0.023804935778194643
0.038913856914681265
0.05539281515800889
0.0271289176955467
0.036453447040547315
0.03165086415629016
0.01646942949244576
0.03947268921342836
0.050206475266750296
0.023209886570300046
0.037106097412154725
0.022026338140781063
0.027458263205071543
0.019918753183516956
0.02677688579810158
0.02659210479091453
0.016684776024456865
0.03163819547454518
0.044540267291863084
0.047664022910706476
0.03406234404125079
0.0293944233760342
0.048041502658609694
0.039068701401841134
0.018806155360072026
0.029229510529534052
0.02983188748765874
0.03572781086558621
0.02453302062806956
0.09982034118993642
0.02816045460793949
0.05643323376504509
0.03461436486542513
0.025406272485560183
0.027882397711337128
0.036168416341648205
0.0313273110998514
0.03615821409554023
0.024810635262587328
0.03515207384805484
0.018541371079939546
0.021769347185707524
0.041133484810347544
0.04720012596556335
0.02673904049735244
0.04210891654049164
0.02668660875945265
0.03692100252647728
0.03592123105452105
0.021530090969497376
0.05336675350096201
0.030507760441442842
0.029620567123429888
0.014432264453898842
0.02607270822312052
0.04156236380627587
0.034219880871251426
0.045230344573511085
0.040600029451116224
0.03415896531909695
0.022927409281389626
0.05050139241156378
0.045618641639748825
0.025304528918990096
0.04190600211078192
0.038628540754787825
0.03623533762183092
0.04576949373297411
0.06450841283470216
0.026374245199677245
0.02567000571057546
0.02955607930645912
0.053371587729049715
0.0333318234929065
0.035193675040485074
0.05737998752439267
0.04599468495607367
0.031068347220907715
0.04183066415776663
0.019035407005593037
0.05257732132093337
0.0493212013333778
0.03299396276429617
0.042815523734471755
0.01797964938719772
0.046516255685530444
0.03807706462501535
0.04338417191488481
0.038230801202433426
0.020088900952532376
0.036143128601498264
0.020940585277827918
0.030843588657793953
0.01651592189740754
0.030038928433607413
0.027953950706520903
0.02830131406489971
0.049026297892043595
0.040784308792511555
0.03527672754734587
0.029995657055631706
0.03265826410237514
0.05502073534779298
0.04549620292371811
0.046757996478077934
0.022597709499026366
0.022312184345656176
0.06768280248099463
0.031189232791886262
0.03692882784301987
0.043736101820809226
0.046244874218916696
0.028109471175867474
0.04143987387355423
0.03666406800251924
0.03846508179870951
0.041860322393488206
0.0269918085941216
0.03734003874135638
0.05561096744453389
0.03651102493723267
0.012005392856863506
0.030633218567913404
0.022386196649212646
0.04202298264661869
0.028987608170924224
0.03202563532707546
0.0477708176279097
0.04741288792428278
0.035774247625184934
0.05191336929755779
0.01880457000697333
0.02826832848030843
0.02871904259355072
0.04268786196559172
0.05504684205630814
0.05750889956408623
0.02877007869496999
0.053493518406459904
0.03783652536011625
0.02079477580140587
0.034851020501621296
0.023334062134787815
0.024599051604179974
0.04870562421962717
0.04033933389343833
0.02095111187983545
0.009877540623378324
0.02372528168486383
0.023364987909625032
0.037678378856085534
0.03367584218245912
0.04855213758290351
0.03493609260562381
0.030541983752820516
0.03738961582867002
0.04280579365550632
0.03996514801060089
0.050524309450674966
0.03410206940262734
0.035989736710797735
0.03153977010709142
0.025606330238830386
0.017961681722041503
0.04042281010403823
0.04357171545603165
0.03141027731242096
0.03865214934430439
0.03026890677342409
0.03691345011974456
0.04853571441394886
0.04959380700360853
0.02810035402594756
0.042542483732548014
0.027104126782876464
0.03916595881830762
0.037977179703930726
0.05475797630960772
0.03770791835446419
0.042791790597728634
0.049418790749726174
0.031256621890554545
0.027178212573623663
0.030495239990901202
0.026846130833618028
0.04422479630823896
0.04351653629197728
0.04343506410735138
0.05510688111784962
0.03639142800067449
0.044201138057073
0.02182201126490746
0.03618423602963768
0.015787541444760772
0.03905316710898868
0.05072708539034053
0.04772719741324987
0.04084050995760982
0.03691982479322265
0.026793475627728967
0.0077784789196363975
0.031091008236622614
0.020932693137012574
0.030965946143085538
0.055675518806913155
0.04944834741571807
0.07133334309772407
0.04567445925152474
0.03065020137927314
0.012214068439704063
0.026043480844384792
0.02573472699006206
0.026149879212703918
0.0264333438864604
0.02134389268530899
0.035243228578346185
0.04320326431337095
0.044921479687708044
0.04512269917154121
0.03928738959051467
0.02996479988977709
0.058600751143951066
0.04599206876864735
0.037198695022484636
0.02913268512457757
0.05547486957421782
0.048341214081530595
0.029693810863026117
0.04518947092132057
0.043887681050963814
0.035290319690576936
0.03140131763249779
0.060939045760374386
0.05415337423629481
0.03151427033937868
0.033503393599546356
0.034838439088125076
0.036182845682671
0.03450678968096975
0.06517569231805191
0.01485923613504855
0.03660368924304946
0.027990540809305967
0.027411722147734026
0.050576775146651355
0.027538260449402267
0.038380509110442225
0.0438603366157385
0.02387168980391616
0.018596321681010147
0.0379227634364313
0.030320159019433805
0.02740266671768673
0.04242535370602005
0.05200294058097051
0.040614104095056607
0.07264260523831687
0.04416137688463064
0.03628717800335119
0.028149790533270325
0.03369051945136996
0.03268787579110504
0.04489556345763524
0.03198381980111173
0.022217635428771917
0.025173780409522773
0.03438331397848433
0.037904367591123235
0.034358413967722656
0.031026374463948715
0.045460111747386414
0.04021698238340037
0.05179794480654541
0.04814992576374069
0.050810308987962
0.0284848905918931
0.044043184589426805
0.03613536953514419
0.0446605205666068
0.03291295323194771
0.03278460360476702
0.04214954117277096
0.049419466621339336
0.04349525334368879
0.05434524617406773
0.030797026556838816
0.04692546921085655
0.0378262089061448
0.04810507997937489
0.06350950189568605
0.023228609332605225
0.029455232096982538
0.02526507105496564
0.06630571569122634
0.03081444526171155
0.03232944724443386
0.04175315332469831
0.036701314897346536
0.02558530418949476
0.027313849579850287
0.025908503214558933
0.04699337591066359
0.04661044402613549
0.04574098317972851
0.046309083467784444
0.040744478778228864
0.03260228063407436
0.033753650817166095
0.04133964026264726
0.022895170602226633
0.04331824202634466
0.03886129823138638
0.04531002563376632
0.04368047110011249
0.04002992628503673
0.023259743145031483
0.04162746026423219
0.028088606670545208
0.07617283545649835
0.030406373361241277
0.024192372678615365
0.028568021717180318
0.018144774957126637
0.03546544852762458
0.03623490371963872
0.04059678006467897
0.05476226521350317
0.0441175643234255
0.025145957259525467
0.03966413888919198
0.053096332302779874
0.030493523607966578
0.018617687868448
0.02631476475386564
0.0412788767559295
0.038357061116176844
0.05292211409918789
0.02437952995219883
0.030993639380960815
0.05640597629204307
0.04727564680490265
0.022727796690065687
0.013627667553257002
0.019063183114882983
0.03969085063193898
0.05122005667934865
0.016306660934294902
0.028828387370123058
0.051313580882856695
0.051603319981226185
0.028545083873413916
0.030790989170135955
0.05265474560805022
0.060976710722749634
0.017387440637220686
0.03509128766631096
0.027585160769680657
0.031556772289154815
0.022060196386433882
0.012769084644626822
0.0386140720717453
0.024826343540635315
0.04666800115389934
0.0462007646185741
0.0698670434092454
0.04819956901503562
0.023447533296763082
0.030337779131652268
0.03386155473001654
0.04517150981492913
0.02811126819156461
0.028548567818553958
0.03523266270366972
0.04436680120448864
0.04231229447697466
0.023173613652738494
0.031098292869570627
0.06146468756707521
0.03200255848424987
0.05014601417873611
0.037077145533633886
0.025793789837084115
0.018034291272461644
0.03331668683507073
0.04872256205478566
0.06204886921051002
0.04716491922025727
0.03412617050295866
0.03331461267009616
0.04837974390700781
0.033023317363095044
0.03053065071555705
0.01816641535949218
0.02304930185828952
0.046257648379947364
0.03264958820630344
0.0438914686474411
0.04730775262783891
0.05500144993423254
0.03510421182026066
0.0376676333942316
0.015227339709520652
0.020715944504727236
0.04630814710695064
0.034468206523666646
0.05196599343020024
0.04372546573487161
0.027295575418251273
0.06913717267726209
0.022806685411096036
0.04790514756292596
0.023307130292642936
0.0580669483986561
0.03498953329682802
0.05155837960051021
0.04588586403611486
0.028469475702551594
0.03632699056866141
0.04855626861239662
0.0457469045805408
0.0554335554333379
0.025505020553995793
0.03994859263257545
0.04202983073487242
0.04189805287748611
0.018738401530784106
0.01806206933937706
0.02350189808950246
0.025386806076079974
0.03435062178948566
0.05138973919615799
0.027158025331164085
0.03345758405800376
0.03324248910875859
0.039532964264345834
0.043141467200079796
0.04010536867279689
0.04070662702670075
0.022923820112945276
0.028490562116027466
0.044942097815218164
