50.72660827636719
41.70756149291992
53.363399505615234
49.80525588989258
49.290645599365234
51.7626953125
48.64704513549805
47.8112907409668
51.475990295410156
49.13702392578125
50.94716262817383
48.65541458129883
42.40241622924805
51.45458984375
50.825477600097656
51.161163330078125
52.94501876831055
50.47901916503906
49.56938171386719
49.880645751953125
48.51701354980469
50.835968017578125
46.66547393798828
47.45646286010742
50.52326583862305
48.677391052246094
48.13661575317383
50.002132415771484
48.42161178588867
49.36063003540039
43.894554138183594
52.252079010009766
52.0218391418457
49.78589630126953
48.952171325683594
47.66337203979492
49.934417724609375
48.384857177734375
50.52212142944336
48.496490478515625
49.619476318359375
26.604249954223633
52.086402893066406
51.98490905761719
50.436859130859375
51.70838165283203
49.54583740234375
52.33629608154297
50.70344161987305
50.55935287475586
51.55869674682617
49.732154846191406
47.968509674072266
49.08693313598633
49.2036247253418
51.15266036987305
47.94797897338867
47.2660026550293
48.983985900878906
50.53923416137695
48.568824768066406
52.4173698425293
50.617034912109375
51.57859802246094
52.73713302612305
53.59612274169922
50.959659576416016
50.289493560791016
50.010231018066406
52.83462142944336
47.36776351928711
49.36943817138672
49.289642333984375
49.67766189575195
50.55729293823242
52.839149475097656
49.3029899597168
50.470401763916016
50.46147155761719
48.49065017700195
51.13086700439453
51.20534896850586
48.97312545776367
48.509944915771484
49.49371337890625
49.970542907714844
50.168365478515625
51.63300704956055
51.20252227783203
49.366695404052734
48.58038330078125
48.71506881713867
47.303077697753906
50.79507064819336
51.64977264404297
47.132938385009766
53.655052185058594
39.9075927734375
50.556861877441406
53.38033676147461
51.759521484375
49.447879791259766
50.83618927001953
50.61528015136719
46.33781433105469
49.14216995239258
47.22172546386719
52.21823501586914
50.314212799072266
50.40580749511719
49.047508239746094
49.35327911376953
51.91630935668945
51.469886779785156
50.340538024902344
52.52243423461914
46.85791015625
49.444488525390625
47.45755386352539
50.2221565246582
48.700374603271484
47.69639587402344
50.213871002197266
47.61312484741211
49.3067512512207
50.30061721801758
49.265228271484375
51.396305084228516
47.09579086303711
51.40367126464844
48.871002197265625
50.81039047241211
52.31241989135742
50.67283630371094
51.448516845703125
51.104373931884766
48.40077590942383
50.56307601928711
50.18252944946289
47.070980072021484
49.897987365722656
50.624656677246094
47.47843933105469
50.26853561401367
49.39689254760742
50.659027099609375
51.74528121948242
49.19065856933594
48.335872650146484
50.145164489746094
49.609920501708984
48.57951354980469
50.240116119384766
50.991981506347656
43.78144073486328
48.05527877807617
46.08226013183594
49.44068908691406
49.894935607910156
49.68793487548828
50.03052520751953
50.67959976196289
50.73976135253906
49.00891876220703
49.90938186645508
49.684268951416016
49.07205581665039
49.469215393066406
48.12086486816406
50.434391021728516
48.39199447631836
49.42734146118164
49.180240631103516
52.02281951904297
49.7612190246582
49.24317932128906
48.48959732055664
47.41341018676758
50.224388122558594
48.9294548034668
48.894596099853516
47.4234619140625
48.20410919189453
51.040740966796875
47.134742736816406
47.857322692871094
50.85536575317383
51.47600555419922
49.32825469970703
49.01974868774414
47.67005920410156
50.82912063598633
50.17134094238281
48.672489166259766
47.25538635253906
48.48408126831055
50.976314544677734
51.51893997192383
49.65740966796875
52.473880767822266
51.873165130615234
48.195159912109375
50.90094757080078
47.520503997802734
51.921363830566406
49.67771911621094
50.230220794677734
49.917667388916016
49.89521026611328
48.029808044433594
49.81365966796875
48.562583923339844
48.323524475097656
46.64333724975586
52.908634185791016
49.27055740356445
52.0345458984375
49.39400100708008
48.904300689697266
52.418418884277344
51.99644088745117
50.007625579833984
46.249752044677734
49.84323501586914
50.0302734375
50.424049377441406
50.66202926635742
47.45600891113281
50.557395935058594
53.73188781738281
49.74665451049805
47.56058120727539
51.176151275634766
49.2599983215332
49.89952850341797
46.5704345703125
37.25117492675781
51.523681640625
48.90164566040039
48.56975173950195
50.39925003051758
51.20150375366211
52.482059478759766
49.181339263916016
49.363704681396484
53.59558868408203
50.578208923339844
48.94577407836914
48.31749725341797
52.53666687011719
48.430259704589844
52.242340087890625
49.745635986328125
48.60011291503906
49.33916091918945
51.36247634887695
48.77127456665039
46.13956832885742
46.37972640991211
50.18433380126953
36.22335433959961
49.60749816894531
48.19590759277344
48.17898941040039
47.474029541015625
50.184261322021484
48.77818298339844
48.662967681884766
51.39241027832031
51.06179428100586
51.611820220947266
49.86941909790039
46.16996765136719
47.82033920288086
49.4873046875
48.85421371459961
52.589744567871094
48.903316497802734
46.52281951904297
49.478179931640625
49.952144622802734
51.10372543334961
51.10890579223633
50.30086135864258
47.263118743896484
50.6401481628418
50.8874397277832
49.04449462890625
45.92012405395508
47.63372802734375
49.934364318847656
50.48589324951172
49.08396530151367
48.53972625732422
52.81800079345703
51.7585334777832
48.77095413208008
46.410404205322266
49.53386688232422
50.0411491394043
50.699127197265625
51.52029800415039
48.587623596191406
50.592403411865234
48.76005554199219
49.86866760253906
49.376441955566406
49.358726501464844
49.45569610595703
49.654747009277344
52.298667907714844
48.92369842529297
47.14582824707031
49.333866119384766
49.01285171508789
47.83839416503906
48.863094329833984
51.15155792236328
48.30612564086914
49.22854232788086
49.87615966796875
49.31357955932617
48.22422790527344
50.4767951965332
49.595943450927734
49.919349670410156
49.827144622802734
50.05659484863281
49.214927673339844
51.02364730834961
51.6815185546875
51.8484001159668
49.566871643066406
47.666866302490234
49.47100067138672
50.01813507080078
47.86429214477539
51.78962707519531
52.9354248046875
50.609352111816406
52.667625427246094
50.990081787109375
52.48021697998047
49.96681213378906
51.40138244628906
49.847145080566406
51.87904739379883
49.80814743041992
51.549415588378906
51.59813690185547
50.66632843017578
53.84042739868164
48.754119873046875
50.382720947265625
48.52414321899414
50.66218185424805
52.470741271972656
49.88803482055664
51.875240325927734
53.983978271484375
51.831512451171875
50.44104766845703
49.7846794128418
47.96971130371094
40.80593490600586
49.028770446777344
47.86318588256836
51.954280853271484
48.059268951416016
46.42224884033203
48.18550109863281
48.318626403808594
50.5953483581543
49.672813415527344
50.621673583984375
50.12559127807617
49.35824203491211
47.71595001220703
49.81987762451172
51.51750946044922
49.17232131958008
50.56306838989258
48.61048889160156
50.75693130493164
48.491737365722656
49.55923080444336
50.516021728515625
49.298309326171875
54.024085998535156
50.041194915771484
49.62705612182617
48.92599868774414
48.245460510253906
51.29568862915039
48.88939666748047
44.99337387084961
51.54281234741211
49.682945251464844
52.49115753173828
51.224464416503906
40.01952362060547
51.36968994140625
50.08448028564453
51.50496292114258
49.64145278930664
49.507781982421875
49.683753967285156
48.38115692138672
48.685821533203125
50.52998733520508
49.39713668823242
50.33475112915039
50.29132080078125
49.076175689697266
52.06503677368164
53.97654724121094
50.21107482910156
48.67997360229492
50.44508743286133
41.22306823730469
50.294010162353516
48.68886184692383
48.784385681152344
50.2142448425293
48.84992599487305
50.73337936401367
49.50667190551758
49.71348571777344
49.166664123535156
48.74435806274414
48.83699417114258
49.2161865234375
49.98579025268555
52.3079719543457
51.69514083862305
31.246557235717773
49.19298553466797
49.02621078491211
52.35313415527344
48.785343170166016
50.62120056152344
51.819095611572266
50.1089973449707
51.81687545776367
49.96649932861328
48.870018005371094
49.96870803833008
49.38319396972656
50.27541732788086
50.196563720703125
50.55868148803711
51.99645233154297
51.617984771728516
48.88873291015625
49.29780197143555
50.3910026550293
48.38602828979492
49.209930419921875
51.73508071899414
50.498207092285156
49.07646560668945
49.05083465576172
52.30470275878906
50.35626983642578
48.09027099609375
49.8951416015625
50.06328201293945
46.238895416259766
49.01268005371094
49.06306457519531
49.6717643737793
49.216270446777344
50.291133880615234
49.8167610168457
48.960208892822266
48.05079650878906
47.29620361328125
46.96222686767578
50.64176940917969
50.84201431274414
49.11286544799805
50.35236358642578
47.45118713378906
48.54121017456055
50.38080978393555
48.07537078857422
50.327091217041016
49.84137725830078
51.74596405029297
27.331890106201172
49.27729034423828
49.61956024169922
51.078853607177734
50.90809631347656
49.257896423339844
48.12934875488281
51.980690002441406
50.918846130371094
50.78397750854492
49.63066864013672
32.759647369384766
51.15638732910156
48.17131423950195
50.214088439941406
41.72322463989258
50.84859085083008
50.26835250854492
48.22616958618164
51.71868896484375
51.13322448730469
51.342430114746094
49.66720962524414
51.0123176574707
48.37295913696289
48.98178482055664
48.51282501220703
51.73299026489258
48.720516204833984
49.77837371826172
50.70543670654297
49.694393157958984
48.51381301879883
50.21154022216797
48.467529296875
51.108306884765625
49.94883346557617
50.52311325073242
49.434051513671875
52.008663177490234
46.19414138793945
49.91680908203125
49.5792236328125
47.90079879760742
50.597835540771484
50.274295806884766
49.758365631103516
51.107200622558594
47.75117111206055
49.784889221191406
47.43643569946289
52.323055267333984
50.191162109375
49.89142608642578
49.18938446044922
48.57822036743164
47.333744049072266
49.36491012573242
49.29334259033203
45.26072311401367
49.24232482910156
49.71240997314453
48.51863479614258
49.46433639526367
49.33519744873047
48.54895782470703
48.38224792480469
49.752464294433594
50.11820602416992
50.13788986206055
48.560935974121094
49.49613952636719
50.65215301513672
48.6424560546875
52.18727493286133
51.2995491027832
50.66402053833008
49.54082107543945
50.661563873291016
48.74753189086914
50.05111312866211
51.188880920410156
51.46306610107422
48.69979476928711
51.8609504699707
47.06949996948242
48.89949417114258
50.90702819824219
50.27397537231445
50.99327087402344
50.10822677612305
47.93359375
48.75698471069336
49.38261795043945
49.50624084472656
51.466209411621094
50.43764877319336
52.96304702758789
52.446109771728516
47.889739990234375
48.80381774902344
50.28437805175781
49.76787185668945
47.55298614501953
50.761474609375
47.037715911865234
52.2095832824707
48.6048698425293
49.71611022949219
51.01498794555664
47.24626541137695
49.36758041381836
48.289302825927734
49.332008361816406
50.50082778930664
49.900455474853516
51.16812515258789
48.95106887817383
49.8692741394043
48.32219696044922
47.6765251159668
49.35567092895508
50.712345123291016
49.064971923828125
51.322086334228516
48.757606506347656
51.60881042480469
46.6580696105957
51.220577239990234
49.42405319213867
49.45317459106445
51.03003692626953
47.66179275512695
53.0682487487793
49.80815505981445
48.051883697509766
51.28076171875
50.61211013793945
49.4124870300293
51.67652130126953
49.91887664794922
47.710540771484375
50.27590560913086
48.1202392578125
49.15304946899414
51.05076599121094
49.558780670166016
52.569908142089844
50.0244026184082
49.612586975097656
47.375640869140625
48.88135528564453
49.6204948425293
45.25147247314453
49.63610076904297
51.03262710571289
50.25138473510742
48.41801071166992
49.41213607788086
48.09151077270508
50.18020248413086
48.78038787841797
49.18511962890625
48.247493743896484
49.59650802612305
48.182472229003906
49.179786682128906
53.54830551147461
51.529632568359375
49.40321731567383
51.77628707885742
49.139976501464844
48.41776657104492
52.32402038574219
50.08096694946289
48.07389831542969
43.436031341552734
49.06393814086914
49.131866455078125
52.242454528808594
52.460968017578125
48.142486572265625
51.025489807128906
48.636688232421875
48.29766082763672
51.7238883972168
49.27968215942383
49.02085876464844
47.622310638427734
53.36821746826172
48.35350799560547
49.0951042175293
47.21055603027344
50.847389221191406
49.9466552734375
47.309261322021484
48.38740158081055
48.76350784301758
49.81338882446289
48.50449752807617
50.777870178222656
50.4345588684082
49.88529968261719
47.9200553894043
47.75023651123047
49.70530700683594
50.13280487060547
50.03489685058594
50.96945571899414
50.044273376464844
50.40680694580078
50.69504165649414
49.649940490722656
45.667667388916016
51.302703857421875
50.33621597290039
49.40740203857422
49.66608810424805
50.3680534362793
47.28021240234375
49.26271057128906
49.15144729614258
52.37590789794922
52.00114440917969
47.84981155395508
51.21623229980469
49.33135986328125
51.109073638916016
50.06085968017578
51.02492904663086
49.73623275756836
48.34612274169922
48.33192443847656
47.82508850097656
47.581119537353516
51.67168045043945
47.37954330444336
48.92344284057617
48.94935607910156
47.05104446411133
50.1462516784668
50.998294830322266
47.80857849121094
52.22050094604492
47.3536491394043
49.72675704956055
50.797950744628906
49.53065490722656
51.55937957763672
49.011409759521484
50.03525161743164
51.33371353149414
50.11470413208008
49.91868209838867
48.36845397949219
51.6263313293457
49.40099334716797
47.497196197509766
47.95210266113281
50.915157318115234
50.09963607788086
50.17433166503906
49.99272918701172
49.69767379760742
48.95534133911133
50.53395462036133
50.82543182373047
49.42355728149414
51.672340393066406
53.3907356262207
50.697574615478516
49.75477600097656
49.45531463623047
50.4353141784668
50.88616943359375
48.56366729736328
50.09752655029297
51.137779235839844
50.23154830932617
49.64207077026367
48.42890548706055
50.47273254394531
46.83373260498047
49.955230712890625
47.86137390136719
52.9677848815918
47.957847595214844
51.09935760498047
48.70567321777344
48.66872024536133
48.69767379760742
48.93034362792969
50.82817077636719
49.60403060913086
49.640647888183594
50.2384147644043
49.04571533203125
47.15319061279297
51.688072204589844
51.24100875854492
50.536556243896484
50.543243408203125
49.93113327026367
51.75075912475586
50.5033073425293
48.67961502075195
47.990848541259766
49.08074951171875
45.6985969543457
52.422203063964844
53.127132415771484
51.81344223022461
50.0765495300293
50.67098617553711
48.87293243408203
50.69650650024414
52.693939208984375
51.74376678466797
49.14628219604492
50.34334945678711
50.005828857421875
48.433250427246094
50.404869079589844
48.41739273071289
52.11971664428711
49.6680908203125
49.93068313598633
51.47578048706055
46.737937927246094
51.10774230957031
48.9722785949707
50.46755599975586
50.8188362121582
49.296913146972656
47.77317428588867
50.01111602783203
49.87828063964844
49.670677185058594
50.327030181884766
52.144779205322266
50.659610748291016
49.62466812133789
49.42401123046875
50.95963668823242
48.96366500854492
51.040645599365234
48.77207946777344
51.8753776550293
53.36753845214844
49.58251190185547
53.128440856933594
48.380428314208984
47.457454681396484
50.18943405151367
47.79996109008789
47.860496520996094
51.388057708740234
48.69429397583008
46.376277923583984
50.359344482421875
48.46567916870117
48.76750183105469
48.16647720336914
52.36188888549805
48.69757843017578
50.59587097167969
50.09220886230469
47.92006301879883
50.50202941894531
49.189491271972656
49.97943115234375
52.85038375854492
51.878902435302734
50.06075668334961
52.826927185058594
49.71642303466797
49.3045768737793
48.79253005981445
49.65166091918945
49.001976013183594
51.29256057739258
51.537620544433594
49.507266998291016
50.33678436279297
51.269832611083984
49.585533142089844
47.84789276123047
50.184814453125
52.195335388183594
47.46347427368164
48.5914306640625
49.78495788574219
49.742916107177734
49.2525634765625
50.37059020996094
52.81342315673828
51.85756301879883
48.978702545166016
50.23497009277344
48.57017517089844
50.03489685058594
49.119144439697266
52.90107727050781
51.38270950317383
48.621604919433594
48.069847106933594
50.63280487060547
49.809234619140625
49.851783752441406
50.45503234863281
50.8455696105957
48.87150192260742
50.34647750854492
49.67959213256836
49.45380783081055
48.92106628417969
48.07830047607422
48.063682556152344
47.163021087646484
50.718692779541016
52.3335075378418
49.410865783691406
50.97205352783203
51.843238830566406
51.095584869384766
49.81899642944336
49.20698165893555
51.4588508605957
46.82448959350586
50.605926513671875
49.235260009765625
50.98785400390625
48.74680709838867
49.03877258300781
50.57282257080078
49.11357879638672
47.45143508911133
51.74269104003906
51.530059814453125
50.34455490112305
49.53797912597656
47.059837341308594
51.51677703857422
52.33277893066406
49.83457946777344
49.08498764038086
48.35272979736328
51.321815490722656
49.92776870727539
50.55820846557617
47.16883850097656
48.481658935546875
49.86509704589844
50.95221710205078
50.484134674072266
48.16758346557617
49.453887939453125
48.75537872314453
49.60797119140625
51.634490966796875
49.747291564941406
49.52880859375
50.45207214355469
47.25809860229492
49.79914093017578
49.4129638671875
51.70240020751953
49.820579528808594
51.02143478393555
49.53485870361328
49.057960510253906
50.06625747680664
49.47256088256836
52.7315788269043
50.09309005737305
51.13953399658203
48.79281234741211
51.717838287353516
48.61323928833008
51.70637893676758
50.347896575927734
51.31936264038086
52.21808624267578
51.023223876953125
51.23003005981445
49.884429931640625
53.63202667236328
49.191070556640625
46.87642288208008
49.6310920715332
47.940948486328125
51.53253936767578
51.0242805480957
50.26036834716797
51.301300048828125
49.45318603515625
41.95843505859375
51.01704406738281
49.1634635925293
51.25924301147461
50.29251480102539
48.73539352416992
52.95753860473633
50.029659271240234
48.89008712768555
52.18263244628906
49.34794235229492
49.55735778808594
49.37607955932617
52.66301345825195
49.443756103515625
