1.0246463494867732
1.2307003543260895
1.0328975459518326
2.2887592327156843
1.044473063375337
3.6810677506246394
0.022822272312482596
2.1731013227816467
1.0526940550208204
0.5429571335397047
1.1959598856724234
0.7036225896120841
1.6473085706756483
1.0187241308709483
0.8905076642668425
0.634332451998916
0.6519789502123834
0.7904873835881326
2.543917634463625
0.7148212509456997
1.2832571961721504
1.8835868552307358
6.168319376626611
0.6516537041079855
0.7838662418735542
1.5913973996053827
1.9073115848482602
2.1966947986084766
2.902583043224923
0.5873395197554185
0.8730453739063058
0.25684879466143556
0.698429911506996
0.3665716138947479
1.1369203285724647
0.4747666650183886
1.1810204323324516
1.592217166200697
1.7239806280054988
0.458264178414575
0.6100122894122616
0.7781581733330976
0.5452277583435984
1.08126481099486
0.6123492340252139
0.31849470722333684
0.4833967246112615
1.0702075783094893
0.87407474639934
4.618484504816872
1.6451654837088756
0.6782219838129453
0.5437653153614164
6.066661381848006
0.5440102793002253
1.3804044295388929
0.40385911400178354
0.6953636833730404
2.7402760995764495
0.9689979490357457
0.42705412035544854
7.362866517710492
2.2554701963758164
1.068089749320921
0.8531241937903571
1.5337645042488295
5.182812594984259
1.4522197146785296
1.917030604950409
0.7299201909709722
0.5531507329358637
0.5332663634043568
0.2462051243431026
0.8085074968658172
0.6489287317975575
0.3551193656934
0.4800106241241292
2.453929742797383
0.657648439556721
0.47220957928487267
1.388328484083254
0.9013902883628901
0.7368336874788116
0.7902747184191516
0.6883036674299471
0.7691134626719636
1.0401844808645597
0.5386847859111474
2.170289652002845
1.191679369538417
3.539305380529594
0.22525630595949758
0.8810483106239966
1.0597615469916335
3.5158713044200285
0.4038815261207579
1.2091838348042903
1.0225364568980029
0.8019330088184636
1.574422778490662
1.1334867355503313
0.33571355985236334
2.040726422820346
0.3356631594279667
1.2463101251083322
0.7280208025764429
1.424115748926119
0.35389686700532613
0.4508573772278695
0.013717348929261923
0.5062107622807405
1.4540619192077093
0.7086502708603092
2.611976922710109
1.9545816494787662
0.685437488562528
0.613133402106842
0.5480019139794462
2.2291797919073275
0.9143953239220811
9.173132227081872
0.8903493643886377
0.5429584123983738
0.7432966993300264
1.0198204761124823
1.365996708952993
1.148820829866988
1.233239990100706
0.5356838561121315
3.2502319840160023
0.9698649460812561
2.0488393850275024
2.723284325070006
4.4335197700953355
0.6207603412665129
0.6448475353639459
2.0292948548592533
0.6343830972215597
2.0372001452776085
1.0468449367835528
0.6056008987487045
0.5855948532811063
0.617342345172978
5.73824315810014
0.495378851962366
5.587861475943813
1.4507807686136056
0.5619250119405618
0.8987012015728885
0.8166281938496169
0.6603334646416039
0.7660128947351806
0.7490779956529482
0.7370982167399337
1.8475202153125998
1.9429314508663587
0.8760211067581314
0.8472510497297111
0.7228321316212766
1.6867465842574203
0.7068900573086685
1.0282057866244552
2.433031081112299
0.40186989593485306
0.6729076332198037
20.917286352195767
0.8964654424878157
1.2644978165399865
0.6200584843015209
0.7361189486573334
3.7527942509058683
1.256535285967472
5.656353396498655
0.7225962128605546
0.4190018326569945
0.6560150933784453
1.5531607230626876
0.6984900983772075
0.3413894543802824
0.7989108700262101
1.228002854732374
1.8185180253667177
0.4204890378563877
4.04691932350761
0.33349959686554626
0.4118338850735409
1.079200739318974
2.843826878630814
0.07771766197528637
0.2873299709664277
0.5819910696185449
1.1220972679358439
0.853046637570927
1.6264908375502412
0.8026560755846659
1.402689566363235
3.1011760687567556
0.07932341165867147
0.8518355790996013
0.8030667265443078
2.131773451362794
0.5295275851944686
0.4264510217188423
2.3400873212201954
3.134158854668148
0.6097526188280266
1.0299907433921642
0.5505281522713633
1.4431760127855213
0.05762498048426716
3.4848828338464353
1.0788631948768923
0.9132091431893146
0.680788204063168
1.662968730419358
0.22755187581111738
2.036116147357542
89.52522346883082
0.3821275070314699
0.626542897599252
0.9609247767170122
0.6175245506767043
0.75447820187693
0.6648953962200504
0.7651371147525107
2.3552428213043366
0.6384264569367686
1.173877991462012
3.490760995085827
0.6372881019336637
0.9362904783966332
0.4002335674623951
0.9210143510791947
0.5605668251558872
0.44844191633287395
0.5709048913472162
1.395209604959281
9.878744105447716
0.9158029161865214
0.7185075460672048
0.7678525763159355
0.5960723684630738
0.833995462207201
1.4874508986392656
0.7795437150324869
0.8383051564345662
1.2140066338071027
0.9529805709219638
0.8882601411862064
1.326451217624583
0.44336030479891775
1.0490540653651508
0.5466113232007274
0.6824471238289888
0.560450128429308
0.33349974740042215
0.35443951152590375
1.598689367047701
2.8807943077964606
1.919586100945038
1.605471018222034
0.7881016883614691
2.336446716464413
0.9594077181063653
2.9069950194858123
3.8339477709216125
0.8173446073880473
1.8761484915732023
0.7326295229602264
0.7583297089203059
0.37232521390347256
0.3459443673055775
0.5845644852919587
0.5035568381246128
0.6441459601890552
0.46542004763933453
0.7624613372425759
2.4776269337403294
1.778415665114573
0.6192247103631119
0.8884027522212042
0.8917864693171215
2.200563786196699
0.7158369008167241
1.5366475696485238
0.8125627745716656
0.8082797973469682
0.4249902166385855
1.4277520424832224
3.8577579600315244
1.2738885747726256
0.9984950042883853
0.9408543595674362
1.3012701569632432
0.28657247658408774
0.9494215576606361
1.136678946907024
0.2980403725895209
0.9931002151964103
4.171456916105591
0.49572369186893517
0.43650409139803126
0.636588927338999
0.6006982192365057
2.9361947369168204
7.088165079383407
1.2754169675859708
0.6246429762597355
1.800872567175881
1.3986593368701539
1.5964036382915252
0.654441958555163
0.7995437170908952
0.2532445942356652
1.634508154044819
10.811853551672604
0.2628180670534563
0.6647220144620927
1.4050271468199442
1.3427839789003626
0.8362019146424102
6.415503034150292
1.3222738441226305
0.31256928552305213
0.7277232984316815
0.625492053111119
1.0295298938662416
0.7312104035700109
2.539128206195495
0.38677039599865687
2.040296141963561
0.5835914919988971
1.1021949307838117
1.4382416801084716
0.7689592558009856
0.7023491562138306
1.8493513131761452
1.1508068228254806
0.7023103146264248
0.5851721403021641
1.7924920498299304
0.44142269426059483
0.6525866455649652
0.6961899047666753
0.25574695092754296
3.6047464399524007
0.43765861155773456
1.3258475097305498
0.4517712431093803
24.7529297469961
0.430753904253122
0.9800578173334948
0.1633712994860925
1.1529413181605508
0.2634672202475306
0.5151207830909822
1.1127548345468754
0.6393757327838038
0.9819365523680131
0.8887101976092887
0.7363763608120245
0.5740284490256966
0.4585582230744569
5.160439228383956
19.78120487961465
0.07850414409980051
1.873354646246771
1.0135706282482486
0.7712373843723908
2.1131395333754996
1.6242768032409296
1.8049219597527306
1.4520095814889058
0.7966640909379671
0.9386432845033545
1.2153736787118108
0.5384407371118399
0.47680856677965816
1.162027879688327
0.598294451039976
1.4368977844093658
0.7968200812441814
0.8350456023779855
0.8483343333189727
0.9622056483401059
0.3832615584324084
0.6227467561657379
0.2610177645343915
1.7389926252820742
2.26936335344763
0.32830845918714713
0.5711398222777105
0.6071357960989409
0.4494476172540764
1.703296042884261
1.4558293722453366
1.0735804159690234
0.678553773855197
1.6322183819476128
0.8777930557452207
0.6262919010213154
0.870079630003949
2.770127537317623
1.2048297271215618
1.0161219553576355
0.9464899429252207
10.110171217186373
0.824929234840689
0.9219706505479579
0.5704234579330763
0.530681141789046
1.532885493929819
0.2546641451535325
1.4437421600136688
1.0865685340017979
1.876758842342256
5.7416574648803245
0.6969111815633755
0.6119724225842971
3.4428880593166387
1.3644284064845815
0.8111192058842225
0.8380028754221532
0.6006994346375106
1.3266369670881553
0.6766067615802202
0.4850164045938603
0.7291113434610825
13.005528537435188
0.27357198505066926
1.1371874227194203
0.22539342683583083
0.5749758361450116
0.6755977866159927
0.6751313168094611
1.1150449725579614
0.6256887251996073
1.385821015042804
0.6520586861177974
0.8088661436466666
1.293069077418144
3.4022769370851407
0.7722188970579947
1.0023725772281842
1.687542300357148
0.3065212635594005
0.9453586493428
0.9926950029085928
0.7854357094356891
0.5933637685912448
1.131614061968583
1.2772880281521217
3.0262490365719756
0.3529999558567479
1.338220886609376
2.1622606373687647
0.9200412227424221
0.6559547127706887
1.7412130531133334
0.21151033466999214
0.720940553671291
0.2908802134058684
0.6042716530407063
0.3959146499612858
3.851600541844054
0.614598984218424
1.3881972304596106
0.661865430240737
0.4260902440760716
1.6875022318608157
0.7440698756548466
0.24759378874011512
0.40891378290886904
0.20888473359342902
0.7920278932269839
1.6880550200454127
0.8997908885492385
0.37698762221521886
1.7683631024928281
0.5753927217965635
0.24792679190359776
4.48527052369309
0.41337748840729877
1.2424240372592756
1.4494903717015148
1.0282028288347353
0.5991505544727151
0.696106135184888
0.7731772496286599
0.3463496830519809
1.6805491309839302
3.510644660729192
3.827244527276099
3.2122260960942097
0.6726466307257952
1.0186395632381475
1.319215469612516
0.41265523464949555
0.44185564551246875
6.3752644942711125
1.7838997201028173
6.389696133380355
2.158562771296378
1.9712878994103231
3.174407248887468
1.31985770048459
6.497609148765235
1.080688885889148
0.5418945068432612
0.8421381546844686
0.9342105697043765
1.3865370237159866
0.6409915686177687
0.833685205796367
0.3982185492224452
1.1448488050685204
0.9020227126776615
10.811564135984888
1.1622600974027073
2.1219988960333667
3.4319813865021565
0.31400686991765525
1.081682196662586
1.1409067000657362
0.5577396239882705
0.8809227158346308
0.6099811483498535
2.130343849116461
1.1161516187342542
0.9753266606160036
0.6477141756188375
0.7773232468460216
0.3706815302320849
2.7339389873975533
0.8580063348020271
0.7996437967959418
0.5032134939447012
0.283635634002135
1.86507047541639
1.1923207985186577
0.22590676274799343
1.4292209402516247
19.468337396658846
0.9273765964873508
0.6539649354366873
7.966705184350874
0.6253503625797949
3.5754864281390115
0.8687886127592508
0.4049876760663626
1.0076996003836076
0.8520156308499807
6.670325178524285
0.5550020016353068
0.4507230817852804
0.8307363766014506
8.86278873147133
0.6592311322673985
0.7069627474543021
0.6130498713138073
1.1193722154025636
26.43455410271918
0.5462520084318528
0.8433919223450904
0.3508081047466132
0.4206814633333661
5.051338301436558
0.7343558437816611
0.9344672513142652
2.586365471080613
13.305335663654073
0.9400191433445062
0.7017326193066147
0.8220010234335766
0.2986867301891516
0.555316855323905
7.62429358670283
0.47426332989699804
7.764007755317086
2.5826780082545073
1.1880168679375205
0.4279911111663611
1.5858963431887054
0.5144165097842738
0.6117006877514245
0.5717774020217217
0.402086340514396
0.593903502350298
0.35849461648818354
0.6827702971599531
21.53071398162648
1.5514839532697562
0.44491590667499153
0.4976241092342817
0.45400046768344987
0.5088373422343097
0.024464293608705567
0.09655077349134876
0.9680721116941966
0.06254536582256175
1.0529299146083195
1.3902092694139918
2.0178046277061035
1.2177320804422562
2.588956302539767
0.7206312454243504
2.1529111066854645
1.123751266969536
1.7085437636328484
2.1380417229463906
0.6701194545315439
0.7586232648352997
0.4443230363590277
0.540134500153495
0.9047658822508777
1.462793597574678
0.7082494643654983
0.9591738401343525
1.7664757517875491
0.9047802358152941
2.229272619495977
0.569343799561149
1.2302073806219154
0.5413495197159478
1.6167360675899247
0.9341520339476868
1.4060347395539157
0.45320447836568434
2.5909314936157832
0.880746624391709
0.8295666596780832
0.4220387986801941
0.5871954457058882
0.5216353316745328
0.4292811444805253
1.16061421727892
3.661709715705097
3.2286220442788705
1.2324538159651242
2.1995328710539774
0.4085680374652098
1.06268814935511
1.5600666562358316
0.5816241974539827
1.2910393223031016
0.40441705862230876
0.8878039460225888
1.4080426358122313
0.4040567281471263
5.258395298381495
3.3909753097712736
0.5245250002793743
0.6322314003150056
0.9172376384078524
0.9104060126847993
0.2303268781401194
5.399142248869949
1.359070288233523
0.6256789929018324
0.38216401377307596
0.3892875323586575
1.4197620523149037
0.9008080940654425
0.48721899072107305
0.591661307053313
1.4075645246008823
2.26284279841587
1.0406822753978977
0.7259528097438204
0.24793288911736552
3.099929261266894
0.8089788131742054
1.2867566361219074
8.723949816920147
0.9890837122592004
0.9781253307590695
1.8847415659093072
1.9565680438975885
0.592991456879959
0.5203514533066569
203.58073988782238
1.065680055618076
2.369413014147722
1.401919481409067
2.5558649671498297
3.908546699597326
0.42119339306944953
2.3125080634318884
1.307557964442665
0.37956895121827805
1.8111411420153423
1.3128468733508556
0.6932614955730718
1.9416555294962152
0.5900018240106191
0.4759842178828282
0.7032881713510303
2.7664230854812812
0.48493819053446235
0.5975123581277952
1.7556074503588615
0.6308943294119775
0.03305768139368025
0.9717809648928121
0.2100092703189275
0.3873302089659814
0.5261991569424179
25.602884910730644
1.0545027162232596
0.5664426524053462
1.4313618520918507
1.522255463049731
2.0421662142885
0.45564642495770313
0.8765172173089009
0.3111920923501631
0.8137910377929319
1.3526786756712446
1.6733892150382899
0.3639535391370522
0.6867163630846981
1.758602822625694
83.16680407896004
0.33552406936055224
1.4235214765652522
1.2295904953548964
2.0356698621655624
1.046976988918012
1.0521463655424514
0.5447959503144814
0.49030983808170164
0.2761440151102229
0.8327999867365932
1.5226524720851018
1.8923239162847458
6.388591959568959
0.7922166324291579
0.6683167808966921
0.7781601347200473
1.198080888045399
0.8235178864755048
0.44203082413996436
4.133083584346494
0.47805349465758845
0.5924935495755211
0.8843819876543895
0.43794422066980276
0.9362324270760392
1.5758783962564507
5.059740350859274
0.37546085996482237
1.2813236482475756
5.1441106630052325
1.4292186484892824
0.6055074424633627
3.0263348790646365
0.7430933077663352
1.818545845103643
2.997010251288533
1.111718561789626
0.7395760962894584
1.5072651706411104
0.5859240610543578
0.6810268437828437
1.7102591955051993
0.6210387485929869
0.7322585451191285
0.39964508858739495
5.0907563252236985
0.8258010746684127
0.6790595841136272
1.1398821033581084
0.48038913223568275
7.07446668051318
2.1928346817946087
0.6251597334489631
0.6181036917323401
4.5354232145416855
0.8594802464700473
0.46367222587522006
1.0934991143465798
0.323293222969992
0.40907351330301794
0.8661254949429888
1.2343922170027364
3.648157359391224
0.5067102214958855
0.797585877152974
0.4535094529266564
0.4348389435235714
0.49813223489844044
1.8684176472224583
0.5801568561795561
3.2649654372213877
0.4466879342800484
1.2249615289475122
0.3421422240739102
0.2711330808225466
0.5663353665311671
0.32304865136221483
0.5680884172197656
0.5327966888043032
7.61300069253661
1.2645959399616347
1.7918654315045277
1.349842807660174
0.6711882540697431
0.754126127386758
1.850840950025416
1.94422955493315
0.6671936965410186
8.961838327585928
1.1768356593436298
0.38415498625508976
1.6579235125069114
1.0178837232711815
1.0160043719455831
0.6435200877306322
0.618707053369297
0.9444125476513415
0.20009879059788496
14.613518062859878
2.5388895447748383
0.7458716515511968
0.21005730696166539
6.617025109350187
0.5795423939459124
0.7301864414332263
0.7723771803820084
0.6708782214437017
1.8508905276363585
0.9580390205422272
2.8938700043804646
0.7554619524136826
20.323211326604504
1.1813829579516093
0.6766004177621608
0.4333284284068035
0.6633543781183399
1.7803484108558527
2.6889870292301032
2.1722795845089546
0.7330416217812671
0.9464632294926698
0.9876549060515502
0.6845828736605959
0.8864851614640753
1.8619594819998084
0.9400797935071503
2.8014290814334983
0.4623802254968365
0.8145844542710071
0.4177736149353419
1.0119184880577337
0.5670760547026181
1.2548635887613795
0.5287452108004745
5.104326904977169
18.109528078736055
0.3730770558780285
1.0427939244284095
0.849042006526213
0.37617798903359767
0.5293647372878678
0.7594135326120812
0.5772850451435757
0.9556386071655332
0.499323908241605
3.9856780793954605
0.48909129553042446
1.2387893568875123
0.7025771781413868
0.6101341404645474
0.5965512231909967
0.582768056836696
1.212643674777564
0.5574919384100286
0.5306484143996584
1.016500211954961
0.3114084406990828
2.0876050330921814
0.7857972298004171
0.6258388461523448
0.33418972594063623
0.5449723748396352
1.223520262158177
1.082873009779036
0.5936084559570849
0.9289222247456619
0.7925934960746693
1.8954093315607634
5.970961415486721
0.7749604894854867
0.7587533298446927
0.9308185465781702
6.647013815257785
0.9477917969342414
42.49284604584657
0.5346897916814058
1.1395483741844605
0.41580996719446633
1.4503871872261023
1.3072767957324083
0.4663401951305668
1.9966818037149592
2.6314757827584434
0.6172390288388876
3.834110667084069
0.9228688124859881
0.6037980659722441
0.5399351981553285
0.6211423010935164
5.413066896863933
2.6812075714990624
0.3930870683287472
0.9308801905424315
0.5411984243720592
1.9037535750928372
1.264449007654503
1.2725831033361217
1.10640240050821
0.9129199270753133
2.5171472402000625
0.5501837558574296
1.3568798661186776
1.2367194075780974
0.45809380569678787
1.2166699750002667
0.6368804556878505
0.845485765461549
0.5390203684877852
7.864165664951557
2.102693647123372
0.6908032417163669
0.8211076972330178
0.41440214789631113
0.5618750173323381
1.9312979627711624
0.48788187884566847
0.6009829768016769
0.369677568256624
0.6888702948123
0.5297950762448296
0.3142568776966274
0.7631347785169019
0.6495803078079171
2.7296360074399053
0.3842417597803858
0.6893806914386519
0.30473748269929213
0.3836496313617139
1.4255082462107318
0.42248121891346024
0.7132807841143616
0.3219913319397569
0.9772676456633246
0.4676168810240387
1.2229442408227371
0.7972620051711736
0.369550997486766
1.725392212432396
2.659486798903873
1.9376378792276012
0.5929231066550937
1.5314243593583636
4.425077404255424
1.0583078925870657
0.9075215446615341
0.5685691294640408
6.567063744587408
0.6822636136151182
0.7327234251244262
1.2985985314016228
18.623208672374563
0.6613045783042067
3.7107473365992933
3.8022417411475864
0.3073188569597252
6.208578125030164
0.543887601248291
3.3430989270000784
0.8999582709610588
0.7322008607452922
0.5928063888239263
0.509727920540253
1.5706653851279873
1.5522419273956318
0.5556032431857959
0.7585659087526158
2.3574740256614986
2.5838534942961484
0.5632010188585802
0.494486249672057
3.2028110100570237
0.7537654257830603
0.7179901828262542
0.9015303667927087
5.788221628880843
6.380722291897343
0.4541036340285854
