0.6080267137423454
0.5248962746303464
0.5137471912714079
0.611741304905972
0.574292957908831
0.5872377595061891
0.6065377212155917
0.5468124568930843
0.5166829421767144
0.680332305528709
0.5376558743544597
0.6295481026441231
0.5461207853116765
0.59528112668664
0.5288871602180967
0.7066295176634555
0.5659565794111638
0.6272174157107951
0.4601646921927472
0.5703050023466676
0.7070100100093205
0.5243826596244812
0.5899626630424053
0.7060793802724241
0.5818820078975672
0.49817400865425493
0.559622777313067
0.5566586634796317
0.6402056659264729
0.5078098347787197
0.5573274748523016
0.5871682791692541
0.6258159570170705
0.5616256949434983
0.48897688683978846
0.45260949617179136
0.5058140797220461
0.6460833015759464
0.5260392408370254
0.5619238770811223
0.5427640451748231
0.6698234889161032
0.6551225777834835
0.6305185362158128
0.5574253061160709
0.4726948933956445
0.6178752836289859
0.5469660930597234
0.6586263177218369
0.5670633533184998
0.650027258878879
0.6183948603960492
0.5664171547274289
0.6241890264353017
0.5482321187291574
0.5684237649337226
0.4531849480279681
0.5439075101545325
0.5363897941857032
0.5370433465807093
0.5591574848546539
0.5270777172974631
0.4947067860049186
0.5585971186766546
0.551477596294064
0.5463754865216033
0.6226389489983797
0.49033085653376685
0.6687524693120127
0.6734164048008069
0.6426161158562879
0.4882434741687952
0.5049935934646483
0.5974847575420266
0.5900836415633941
0.6799860760991847
0.622167442693946
0.4835677171676297
0.5431785959065089
0.5659996049811656
0.5572728594829132
0.5872382039207693
0.6740061178911216
0.6210197878937455
0.5183497278865872
0.5678250956170685
0.6735495716182042
0.5167693801918146
0.6314950895947762
0.5303923693428856
0.6480461731038296
0.6849932384667045
0.6295561259231213
0.6054022303265383
0.5819009573285072
0.5460263830137008
0.5225019407565551
0.6278915372242202
0.5318827196023255
0.6474069090559161
0.46568865463110315
0.562911108497674
0.5696249347126316
0.5682916022658966
0.5276933262683815
0.570431703873612
0.6116016932221862
0.5452423283253027
0.7617744098165453
0.5156268738222165
0.5047394105806353
0.5257298315621157
0.5954488889196186
0.5501163839305914
0.5824324223095213
0.6531451721653245
0.6138437492644153
0.5950013251093528
0.6239251218608259
0.5248774025178355
0.579306285050178
0.5458009174006648
0.6221492274659932
0.4926156076166982
0.5240592099820645
0.6635065473120412
0.3649224446454739
0.5528157117966109
0.7041313863116556
0.4902131001787253
0.6417772471048835
0.4990236888548929
0.5521305831438289
0.6317991877338177
0.5130139866278676
0.6332837755549077
0.5463646752052816
0.6156482033672016
0.5485556378249836
0.5834593844092911
0.5740056921133783
0.5612075973524928
0.47827489620642655
-1
0.49955093884883695
0.5788828332672072
0.6287199733135911
0.5814147839939992
0.5672256660085286
0.6159274414425422
0.5745745801060721
0.527645970152438
0.6024239374405409
0.5200356655815273
0.5291550585199745
0.5311838283734382
0.4855058935250701
0.6686600003413818
0.5682579763057432
0.5200473950472172
0.629045356004343
0.4618607576935375
0.6076052109434129
0.5643183415381262
0.45343298834602774
0.6152383355158725
0.6008548030384707
0.6196062060620777
0.6096978922991048
0.49735711982284303
0.6728592002230118
0.5468379869931616
0.6606962475352103
0.5404354021976333
0.5493484687527667
0.5386609342957606
0.6841167401323138
0.5870690121729002
0.5146792079029681
0.6639037685916422
0.6853306997511136
0.5233759455329359
0.6072561849778702
0.4847817080604397
0.46131429003315105
0.6624473176190264
0.5324647731334314
0.5891602673774834
0.6104995663449186
0.4568288955108796
0.5816853370778649
0.7171613209679765
0.5005775213796713
0.6621217387522299
0.47984028642676785
0.5829653548276776
0.6093274340513636
0.5680959856513398
0.6527533155729515
0.5859018719954017
0.6509866094514697
0.6294332962592724
0.5608523161391258
0.5651410299589024
0.5155432350784244
0.506984734006929
0.5892155907272331
0.5578396274688584
0.6463314458701078
0.5710950905386815
0.49784335625411036
0.5689302236699614
0.5383837518342619
0.5054313298750475
0.6367142134715136
0.6146398815897341
0.7405084692907749
0.5965487486944236
0.6500941328282789
0.55227735105958
0.5150190459135455
0.5122834029759438
0.5739468743881305
0.5612096467287968
0.5951186179080388
0.5218919041004824
0.6615759428049085
0.5478774147720287
0.6029766205482565
0.5777783447174016
0.6164124455623996
0.6136840653080256
0.6499653362599138
0.5226602559468393
0.597567846147883
0.576417708724719
0.5428543336335592
0.5372701061321977
0.6165399883977133
0.5400449755601837
0.7177730720561829
0.6913865160883444
0.6540776264609649
0.6330992405738294
0.5924132313380643
0.6104086482264924
0.6539898462551392
0.6549353151504639
0.6376786540839421
0.6118896664968504
0.5292978564528001
0.6534709441369588
0.5878974197620581
0.6341734045021032
0.4977505857935683
0.3698676514521126
0.6524654071074452
0.6283426004291031
0.5699152433397292
0.5503354852356982
0.6417809801611325
0.5226001847719275
0.5492929886236516
0.6028747863621586
0.6756752079405879
0.6909379725465341
0.69880017235884
0.5973025550905051
0.44360025891875077
0.6505660317095664
0.526013289212032
0.6420064725462724
0.5582889733745335
0.5367284380200136
0.6063384193976611
0.5733427466070065
0.6440301393857001
0.4906102538892855
0.5140162928642481
0.7130329616918183
0.4922840830463215
0.6552683933591348
0.5458931562295023
0.6167992011943516
0.6192103470960169
0.4973031040752738
0.6839557499569262
-1
0.662515251843208
0.5248196659750428
0.4930419500249461
0.4945395257030861
0.680093251120497
0.6309799651113106
0.48008380768301817
0.5068082584194172
0.6636330522706011
0.5960444734816202
0.6191278112413141
0.4751027025945552
-1
0.6415384881066928
0.5554270186757346
0.5228044968212071
0.48890760422197543
0.5868886866192264
0.5217702248887048
0.4541132918117188
0.6717849531161039
0.5108948074198976
0.5686117696734011
0.5986552633744293
0.6262641392531078
0.5985679053492361
0.4244462413331729
0.6144359653391052
0.5324441815009223
0.5645222565685526
0.5565677925077663
0.5017896785323466
0.6125450576456465
0.5426779702193603
0.6098341265379804
0.6468028988559615
0.6025987805119823
-1
0.6494253236691606
0.506765173914447
0.6758304589360088
0.553379520389393
0.725210442439034
0.5579961034159555
0.6761666685799315
0.6264333695446902
0.5444519609652474
0.5806333262035231
0.6574425157740579
0.61872676928491
0.6517568318830641
0.625160589057625
0.6002990424134409
-1
0.5873395072306153
0.5997139246597408
0.5220416016672653
0.6530812390540908
0.5224383010593077
0.5284996329137521
0.5704902086500454
0.5547967177120906
0.5523260095305527
0.5750088762488251
0.5810669799012531
0.5907959964336675
0.4928656652661275
0.5871965246347222
0.6715321237881544
0.7061360652058517
0.5579778978424152
0.4908753998017178
0.555076667568387
0.6787424748393667
0.6799420366542327
0.6745965205564465
0.5958783908855743
0.5450499529426608
0.5188598099349052
0.6591208857714765
0.6808656174795558
0.5515775594543099
0.5409828962304228
0.6799297793382668
0.5819608501777301
0.6513399198227839
0.5421048573224719
0.49644252310947573
0.5425139306635681
0.5239808419598363
0.5146567764503569
0.5952985812048385
0.6050718714701051
0.5105740046371956
0.5486715346412616
0.5247567282583565
0.612547767752755
0.48232092020116973
0.4859128708787247
0.5338779890626509
0.536525148285171
0.6395347569661676
0.49286495214193343
0.5764268974328267
0.5848835705528496
0.6040660473423173
0.44334037632972845
0.4175541486383427
0.7005375870208054
0.5627894673419819
0.6279923986346228
0.7023629271710311
0.4465365701836451
0.6449924975523692
0.4770011851161455
0.5845516601138607
0.5731796961079053
0.6335036500413247
0.5473559639842474
0.643850160871286
0.5637739619953301
0.6575269320071023
0.6575252515528826
0.5070848559494565
0.502151539459429
0.5422100116591618
0.5857423319820082
0.49098030288056094
0.5441548733585065
0.5952427102082547
0.5159893903914641
0.5190896162164327
0.7083152280619858
0.6707216426337594
0.5374020229455013
0.6120551048328007
0.703855953922297
0.5402029956167462
0.5410029076795134
0.557005269530561
0.6261893386039901
0.47443195530295396
0.6947919301519412
0.5693534232268871
0.5568071300647478
0.5042491618378235
0.618664456115618
0.6603955507933121
0.49085341900003454
0.5271285101596648
0.5608184255421502
0.5627598542029566
0.6215596699026055
0.5856800043638823
0.634065523658678
0.4714763190352619
0.5378975058902689
0.5852794297345023
0.6859471883487602
0.5437375052451238
0.6129953875941259
0.7038419788587866
0.5879751469412362
0.523948504650309
0.5536557949935781
0.6727003552463543
0.5592450952788679
0.5608228688945721
0.5436582993837504
0.492006932351407
0.6355130351236893
0.5603338477748556
0.6526291678930667
-1
0.7282916816154141
0.5697654508089561
0.4710147080041186
0.6838454254033627
0.6403633332459172
0.5850436455661564
0.4978591552307249
0.6358838451329684
0.6189588273380899
0.6405037889589844
0.6286894840004478
0.5809998282937063
0.5267361181988991
0.6951178505380953
0.5701098439586942
0.5537526217189657
0.4830509529226457
0.6723688030136769
0.5598721604721244
0.5679015379013688
0.649962236842712
0.6870190454164762
0.6798938999658216
0.5285816023204578
0.5286792256127871
0.6930499461805145
0.5188113080111426
0.6109548694925728
0.5331980462092063
0.6268534537381786
0.5482723236833765
0.45890767475550764
0.6874805510044781
0.5178942562920202
0.6002852783087802
0.6130643853476762
0.7070733462108812
0.634197621184809
0.5313119086234527
0.6807766963111933
0.6217278941187436
0.6569170711368013
0.5777776770804369
0.6358089235939159
0.4808663984468051
0.657906182053411
0.6115878710727387
0.5416656878989982
0.5509561894154202
0.5956820953095523
0.6898736732737947
0.5384913160425393
0.7935150583778355
0.5854635131291109
0.4954222472425238
0.6131746107428976
0.6353449449815589
0.6262349078965682
0.5584207280348529
0.6489531977289842
0.4653042365469796
0.7103056971015544
0.540152406681538
0.49510946987815696
0.629580644131073
0.5072211084377847
0.6128974486375023
0.5649961125558107
0.48784081039717864
0.42174727804458867
0.723830842734653
0.5011255598614683
0.5494900425519798
0.6164222858479679
0.5139432309935809
0.7161664009199655
0.6575575808275919
0.6536493053684347
0.4634983242608218
0.6054786489590149
0.5199245729076862
0.6518898353877401
0.6847152742523435
0.5578846338672836
0.6076854714673865
0.48957311390025715
0.4993192667734811
0.5231068627648419
0.645976832628637
0.5714068948452153
0.44580038639841457
0.5287656150753232
-1
0.5345825624654712
0.46473336279530497
0.5832502797339592
0.3889554726520611
0.665621745960923
0.6142226996287451
0.5001569345240019
0.6085769328199226
0.8016852767863321
0.47427197750472866
0.49040040796572804
0.4520682556975848
0.5837858776434982
0.5609027099537113
0.5175459604754813
0.567352666525546
0.5422215364244855
0.6662545775469263
0.5858691917740645
0.544648448608091
0.737384965708
0.5248785836069376
0.6161173379472338
0.5576588205984672
0.6438225704463993
0.6481411665738003
0.6354477167096181
0.6440713174305103
0.6011812498767266
0.6294999812139455
0.638515208188072
0.5375765657677305
0.5143583115319498
0.5972783330438418
0.6414880085138535
0.4754951491907102
0.5287216954287657
0.5720352538232472
0.5757949918661349
0.5474965824435762
0.4991087030309171
0.6745676209180146
0.5866512999767379
0.5309456533253524
0.5231872285485057
0.5496847174374832
0.6128274543010537
0.6497881718791321
0.6722734693830201
0.5902098584057405
0.541197448499348
0.501640581394492
0.5604191759175857
0.6573096215499117
0.5602380562441781
0.5888555146435407
0.7098999369294632
0.5710549613041298
0.6466188889509946
0.6287424020986854
0.5720063668243319
0.5307241012073943
0.4820847948939696
0.6166479593930903
0.656902347694845
0.4743297563603427
0.6426071642752645
0.5451738292800623
0.50945422643417
0.5987914693164859
0.4978690220130963
0.6144785570446981
0.49671640313333376
0.5778861893847314
0.6358316367730523
0.5585276181163419
0.600875758403734
0.5141299032010231
0.6138454906159663
0.626413582898978
0.6834788833484742
0.6634446164993177
0.5170292268178145
0.5964779585465032
0.6066367183519201
0.4527534467888805
0.5299105081847881
0.5573090897244705
0.5150127146294983
0.5158389684427866
0.7358761577184202
0.5576963958997267
0.6462441242217277
0.6819197065812197
0.6083213934068638
0.5491253604405214
0.5419993014498562
0.5571555613288839
0.48587522524890864
0.5396067138720492
0.64290044727655
0.5921713413004782
0.6551847738185695
0.5769799737255978
0.6571419179333872
0.6452175347407574
0.6234995279083579
0.4979374316063143
0.5870081969478301
0.5946238896735077
0.5867944772855297
0.658417145654018
0.5137498150814783
0.5514440856418362
0.6997760042783391
0.5453522624287587
0.6609705831078999
0.5603708044502493
0.5593678064075231
0.5899879833512645
0.5827378941954988
0.6512173635684011
0.6423635765758432
0.582032083410454
0.642143113530373
0.42344936680949347
0.4422163099598674
0.5076887812116005
0.6517497000045065
0.6155643529130667
0.47558842390154554
0.6626934447342143
0.5083378573982724
0.5535355970840539
0.5538358494447533
0.5870204310117778
0.617902051414418
0.6222287255402582
0.5455578627974806
0.48779797439412104
0.5124202234207313
0.6078853700406301
0.5447897965990994
0.5234324438656617
0.6852709443357756
0.4200023488783161
0.6492886814737354
0.6724324720574439
0.47800736048075076
0.5702193317111818
0.5763870121252759
0.5240913102512526
0.49269912073692734
0.6555666100983232
0.5213037646440029
0.6190550142711184
0.5220856121072104
0.569945446571282
0.6330470255724779
0.5344644191097627
0.5868686393786811
0.502110812102003
0.6967685781131422
0.5627448970547608
0.6229537411709417
0.6474130785781728
0.5266753623951002
0.5500989615597405
0.5772372232233688
0.6151290834599065
0.5425741930543675
0.5540893923766693
0.5844302867195751
0.6224212671486641
0.5631694476780801
0.5196883295903987
0.5731171124061931
0.54426452770868
0.5844252817980509
0.5648897456309933
0.7166357344614689
0.6452274936213874
0.5413276184097308
0.5356137583720977
0.4396740428572141
0.5655578030155016
0.5053317718352259
0.6522468299171673
0.5432188437994139
0.6538284616677708
0.4720972949893996
0.5565689311341642
0.5425806922396135
0.6479982150882312
0.5596276384133456
0.5775125465392728
0.5184428512281672
0.6789952323907257
0.6351918441735016
0.5326822214285172
0.5467807282204644
0.6366549030676136
0.6717385773283164
0.43486926178719415
0.6768739120431282
0.48890490567817535
0.6597815627986079
0.639795936907694
0.5247763145114452
0.6884290538261992
0.6050488141980233
0.5233455232083629
0.5429059048979046
0.5773634632046063
0.6483287278556679
0.4780216414131837
0.6267540123950764
0.5911468701802804
0.5386573417435213
0.6528351937284443
0.6270990856820438
0.49485087932569755
0.6516468470628477
-1
0.6125155118406045
0.42897225568537517
0.4948526133677439
0.6236933025793244
0.542882209137737
0.5080867775830208
0.5783973124165936
0.5027641962088004
0.4905207634722728
0.4454926904419141
0.5309066463631824
0.7027965353665067
0.6621784875745708
0.6492149246281587
0.6656142961881482
0.4950429670557286
0.5093114112118077
0.46190722001265494
0.5404381315857777
0.610041635980528
0.6369763327919307
0.4641196190464555
0.4604486953833068
0.5124108088529925
0.6129355039423272
0.5711859172302536
0.5702584010802202
0.634448411318862
0.585630117800356
0.5792244934510489
0.6108787222785171
0.755743146238184
0.4852044742813295
0.538487069620366
0.5348227603558473
0.6667000142430581
0.6204567639930052
0.5254570589224781
0.5940830813614909
0.48930790593033757
0.5297361485566678
0.5888928151633972
0.7045491483972339
0.6271241200185714
0.5044345080342174
0.6034584062253332
0.6462696549277216
0.6074641818651594
0.6169533889984931
0.6069107034082322
0.6696275794518263
0.5247293706912004
0.5594608707925197
0.5858396321641501
0.6701986577409618
0.5374706882294816
0.682305976910601
0.6500809931300306
0.6223758607635373
0.677287831714664
0.5559666612862797
0.9684431138629394
0.5533874068101557
0.6198238343940815
0.6373900790667826
0.6016133658728412
0.6865591669402524
0.5431245268212034
0.47745787727979383
0.6776872203646782
0.5671426987457744
0.6379623537283154
0.4821638998302349
0.5391372527905223
0.5638404822028041
0.5091353517823779
0.5263151995273203
0.679837205482442
0.5806681812835455
0.5403673293708497
0.694191155374486
0.550173914510127
0.5883379372747132
0.5481574237700998
0.4787290222509011
0.7024042605379934
0.4174077912589392
0.5643488192083334
0.5789342273747002
0.6348715819174501
0.5258053901293791
0.554861157204948
0.6490515481274968
0.6678892928500993
0.6377937237121639
0.4860344412765757
0.5980520536555936
0.5403192708915369
0.6247516790935727
0.5217372837868672
0.6187250850191909
0.5347583523556217
0.6118994458967968
0.6389141018217361
0.5410999727090761
0.6253883418121222
0.6085638583377122
0.5734249632929664
0.6677543077460835
0.46322558302469585
0.6408383941376418
0.5395004208995656
0.5501800310628351
0.5464620865105174
0.5466902505927983
0.537427969810537
0.5833604269793164
0.5788777874463434
0.5769194374386606
0.5857052522266953
0.5128996875300096
0.6368976932782163
0.5556942237117748
0.6502416159233779
0.5140140949587007
0.5003856013408012
0.5815381042028656
0.45706540182576716
0.6127704133450822
0.4863396866409258
0.6494130190971155
0.4834945421752286
0.6538677990169487
0.60387934281468
0.6357757272140746
0.5750400091810554
0.575835047566053
0.49061510811907805
0.5187134768734081
0.5129795351817491
0.7050495676102291
0.6619698670494562
0.567104658205878
0.6533770608164837
0.6996062814606182
0.5618245332322707
0.6371097321767147
0.6109891087427465
0.5864858539706699
0.49793799450093507
0.5016367417185604
0.5520545651996142
0.49442771447720146
0.5766816655322882
0.49135842169807364
0.5173378588100503
0.6130673306392881
0.5040520709248622
0.6707431954947181
0.6289901111731213
0.4764285334036229
0.6014721697140949
0.6538646618096794
0.5083987780320158
0.5048613622402233
0.5754915522890474
0.6588243816484005
0.5063977372318565
0.6093553267439711
0.5672432882820537
0.47481415837377355
0.6065656430364071
0.5214935083121803
0.5242697156027882
0.6525362135237236
0.5121383767495866
0.5547679399185804
0.5324968971957713
0.5342194621391266
0.5495778434252375
0.570288856847025
0.5538675890945037
0.6688791451885922
0.5464677031253934
0.46369494851129434
0.6399429962519118
0.5371702755660074
0.48108049440864437
0.637379418519251
0.5182913050944463
0.4859038044286127
0.5754072523829057
0.6329318892258513
0.5183676709335243
0.650466155537237
0.5594939282391568
0.5464228806883311
0.5669735651348012
0.6953354805852875
0.5661439814727489
0.5188056390665734
0.6666300006789593
0.5062824280505435
0.5411032922137406
0.636612794874285
0.7240210713176811
0.6963753204713421
0.6337605259131776
0.5477110111910749
0.608109659515897
0.5161662999112459
0.5973222405829923
0.5377303340005702
0.6641190182989712
0.514257719659028
0.5599110226981634
0.5993463929130874
0.7117394432402016
0.6423207002962017
0.518172659740867
0.6120952254249638
