62
108
102
95
80
80
87
101
100
86
92
71
90
104
82
98
82
97
89
95
75
81
87
92
87
86
104
84
79
110
88
98
85
95
85
74
74
75
76
89
82
88
85
100
77
77
93
83
89
98
86
79
95
74
95
80
90
77
85
86
87
90
80
80
82
71
88
79
69
67
78
83
85
101
86
88
73
79
105
75
101
102
110
87
90
70
79
78
95
74
88
79
105
86
72
83
90
84
73
91
75
78
106
74
82
76
80
76
86
103
85
91
85
83
83
78
96
87
89
78
87
78
90
88
88
82
96
66
89
84
75
91
93
74
76
86
94
109
106
98
93
84
86
84
80
96
94
89
98
91
70
81
80
95
89
86
86
80
91
81
94
72
105
100
97
74
93
93
78
76
77
81
87
83
77
101
88
88
80
95
89
89
86
73
70
106
83
92
109
80
85
84
91
96
93
77
78
87
79
89
86
91
77
90
91
91
83
78
85
88
80
104
87
91
62
97
84
69
96
74
95
103
94
73
79
87
79
75
78
70
86
82
81
95
71
80
69
117
101
102
86
116
60
97
66
87
100
71
85
83
96
93
85
78
76
74
97
91
80
85
89
64
84
110
88
89
87
87
78
111
74
69
105
85
76
82
92
78
103
79
82
85
85
87
80
92
81
89
82
82
96
93
88
89
88
103
88
96
94
87
84
97
83
91
77
79
85
82
102
72
98
101
93
78
86
79
65
87
82
82
85
88
100
90
94
92
88
81
75
88
83
98
102
97
71
78
80
88
88
100
78
107
88
91
90
89
92
64
92
86
87
95
88
86
100
87
75
90
82
83
83
96
84
100
91
79
76
88
85
102
90
78
76
97
71
63
80
93
86
81
99
86
70
63
70
85
86
88
92
71
84
83
96
82
78
79
80
70
88
82
85
92
74
69
75
63
91
72
103
88
80
77
89
83
95
91
84
77
86
76
94
87
117
76
70
84
103
92
75
64
88
86
90
76
85
77
90
79
95
82
94
94
96
90
81
74
94
92
95
83
84
101
86
58
87
83
87
86
81
90
101
78
89
86
84
89
95
84
66
85
81
75
83
89
77
95
79
100
76
85
89
98
85
103
80
90
95
99
79
87
103
95
74
88
72
92
87
85
78
78
72
94
78
81
64
84
72
97
101
86
83
76
91
81
80
90
103
88
82
108
91
73
83
79
89
99
81
85
68
95
84
92
82
96
73
97
96
74
87
76
101
75
79
77
79
74
75
86
73
112
81
89
67
69
105
101
88
83
91
86
92
78
91
99
74
106
97
96
90
104
84
95
79
79
106
89
81
82
95
70
79
90
91
79
90
70
80
95
89
89
101
77
82
81
81
79
76
80
102
94
79
94
100
88
85
92
87
97
84
69
88
92
87
97
90
87
92
89
75
98
89
106
77
95
98
90
81
56
81
77
82
83
97
79
93
79
73
91
89
94
86
105
96
83
86
85
96
82
79
96
86
80
84
80
91
87
84
83
88
77
82
83
67
88
90
93
85
95
89
89
78
95
98
73
75
96
79
91
71
81
77
102
78
83
87
95
81
68
70
82
85
64
74
88
85
75
83
78
100
79
89
95
81
53
83
91
93
78
93
97
78
92
75
79
94
95
78
88
97
109
81
95
74
81
95
92
89
76
91
86
101
96
96
96
92
81
89
81
84
77
101
103
94
88
80
87
90
82
93
70
86
83
79
82
82
90
73
100
83
91
95
87
78
96
93
79
82
90
80
84
81
75
98
73
109
100
88
72
81
69
101
88
81
72
87
63
93
81
76
87
95
89
95
100
93
75
81
85
83
102
88
94
77
83
86
80
88
68
73
90
82
93
82
100
75
90
93
89
93
62
80
89
94
104
85
92
125
81
98
87
101
82
87
81
75
84
99
76
80
76
83
107
90
106
91
90
84
83
98
87
85
65
92
95
93
92
84
78
70
81
90
82
84
79
74
77
82
80
90
89
99
91
97
91
79
70
79
74
100
87
81
104
77
88
87
90
82
97
94
80
88
96
86
95
89
93
78
94
87
93
99
92
82
91
83
79
95
94
115
86
79
90
84
101
85
99
79
97
106
89
81
93
76
85
86
86
86
75
77
87
96
75
91
94
74
86
84
91
84
94
85
88
100
88
74
76
80
79
85
86
91
78
100
76
87
108
104
91
77
86
89
78
80
95
88
89
86
104
88
87
94
89
94
82
106
102
82
88
94
81
90
83
86
96
88
90
77
99
94
87
79
82
83
90
97
67
72
92
91
89
