0.8819496149377097
0.7686775594065088
0.8308744276051676
0.7533266572951585
0.8012376475497802
0.8227536478321213
0.6826208557092999
0.8605305979937452
0.7724090930320765
0.8523263426686547
0.8748273209182387
0.7704917668738979
0.882968613125377
0.8375006293437931
0.8697020970000373
0.6783115195661934
0.7671694785250838
0.8676954096036902
0.8358002112921317
0.8743764941622381
0.7854922243164377
0.8527605688257516
0.8794606091414527
0.8206842577307594
0.7797734262515299
0.8136101146291814
0.8319792657333744
0.7422634970222761
0.7366282554086687
0.7986804929844158
0.8655874487843174
0.8643115251234621
0.869484622212615
0.7069038290610189
0.8108331122406798
0.8521866650019818
0.7818645680421672
0.8818099798727506
0.7390072690919393
0.8465572959461187
0.7013942310723033
0.751121689124647
0.8143352282342113
0.8641868196922862
0.8458503345304507
0.8034709126631383
0.846702928623213
0.8571499811680514
0.7819508715862966
0.7814713945891905
0.8286722915454652
0.8247081463282162
0.6097754360286044
0.7382417426310708
0.8819950077354473
0.8493179470143154
0.7560762336624249
0.7938775905163844
0.7744533236044091
0.8477182614080273
0.7500725026078445
0.9182762591992265
0.8755026411140259
0.8364757543945047
0.811245390337884
0.7162263695133965
0.7353666554000782
0.7145345037734809
0.8446775309159578
0.8417684261432621
0.8157428903427145
0.7554176022072663
0.8748590567647617
0.7128048522591298
0.7559489463178588
0.817396924337279
0.7397399036325644
0.7187802325977609
0.8425448879716322
0.8609478665431047
0.8548658526936859
0.8057767941014481
0.8386815847885807
0.776043919498868
0.8363798354027561
0.8533086250655242
0.8381912900470904
0.8130352798802902
0.868524736564538
0.826104969812682
0.8628166896289455
0.8324904747719102
0.7325689094756188
0.7844738055990599
0.6968626043810047
0.8690335256262955
0.7382508607134666
0.6070225845438757
0.7081919144376027
0.7758566139514336
0.8477881606054608
0.7488090266825881
0.7194109399420138
0.8136307635420481
0.8357012711379165
0.8488455676379334
0.7637115862768151
0.717934810935626
0.6958615364982208
0.6948880866811457
0.8357673447952598
0.7738714521011185
0.8730600201119163
0.8803720275045933
0.8430879526454063
0.7557321347491404
0.7895691961024278
0.8023390990344921
0.8239193580386597
0.815286699388458
0.8736971320234346
0.8269721180195424
0.7984855481436774
0.8390807800431102
0.6542949452150328
0.7650964783686864
0.7726829153381523
0.7799564223506347
0.8722699888185276
0.7613028696201118
0.735314601447464
0.8192728862541601
0.8205248313939109
0.6274565688228751
0.7187133178367464
0.8407729704622277
0.8260655889475391
0.8522025641273796
0.7138155036901965
0.8779126671398293
0.7589019058699347
0.799468220531299
0.7584113203511325
0.7951218035943235
0.7313220920613674
0.858759301781804
0.7466471312837993
0.7814464447557132
0.8191158427232648
0.8877408735849386
0.7673000503537636
0.7348831038662027
0.8196668251942449
0.6475333357717463
0.7335971834981552
0.6771586513713332
0.9135268328614911
0.8247695153732457
0.7039234455339695
0.8533694162772378
0.8429548875161932
0.8166047137643417
0.7906762726867447
0.8322718808631524
0.8767931365258108
0.822632906294217
0.8450659669570291
0.6981072150337576
0.7972373310876395
0.5243019224717764
0.8564981634420552
0.8050763972342823
0.8054506664560915
0.8609919362559098
0.7809035583010994
0.8495434548675818
0.7802478244771249
0.8774472144614167
0.8772361665343223
0.7576817694476331
0.8622854141922387
0.7979528595814838
0.8809567811634564
0.8231918188569816
0.7834106128137939
0.8043807212391623
0.7565724417824522
0.7692528313281052
0.8170979107908505
0.7026492332145753
0.7744242745527092
0.7547683722277806
0.7161927682035409
0.7605454871893457
0.8058052034757751
0.844674174900117
0.8484247124432021
0.743487057754396
0.8322450926035392
0.7734828420702481
0.8605966480893125
0.7034689986330278
0.8392835744703104
0.6895445665195298
0.738209286917282
0.7950952039414554
0.852176352175779
0.8241251392420468
0.8780039941657463
0.7266561298070513
0.8311665504571535
0.8122466060949788
0.8775243532548783
0.840619607780383
0.864566614147237
0.7969849874739168
0.8237523777439326
0.8567609892580859
0.8133812166917107
0.706509158494598
0.80375957796467
0.8384288913165711
0.8161853045308516
0.747061167718169
0.7514242509923021
0.7752348780235208
0.8895650907630361
0.746703255142611
0.7976469315199375
0.6531987404865929
0.747943811364589
0.8233777864651567
0.7869687643880705
0.8197990016714112
0.8073781165409584
0.6297957171772199
0.846803098586524
0.7816983669422821
0.794328519845455
0.8696038848203309
0.8721001838932487
0.8098529481374446
0.8793567987282201
0.5713364041126854
0.8639350956237342
0.7372735695685038
0.7227153330140437
0.7754222853543498
0.756488269537231
0.8544492503072879
0.7123772246386795
0.6687157912738554
0.8029631970016495
0.877844095726497
0.8411722317638628
0.8550668016427447
0.7511235251196573
0.7712271298356767
0.8588066551097362
0.8619709451718018
0.8420515822417847
0.8690407727370626
0.8630778410395217
0.8701880768861372
0.8666924188917056
0.8113084413356835
0.8222978982730432
0.819660436128931
0.8875969889321511
0.5713729225908302
0.7515759243934312
0.8205467356581893
0.8043906327356669
0.6781770253815795
0.8968658079934464
0.8021945802943956
0.8610878169955788
0.8670524232679817
0.6858531802763354
0.7198202435411144
0.7471560586775634
0.7003524263637722
0.7536948531929247
0.8318519105455557
0.8344017317721035
0.867646198531246
0.827085178303407
0.7321944461955953
0.8310920265110049
0.8247840660132133
0.8737377990306636
0.7663643625504286
0.7169514271324368
0.8924283060185088
0.8449131706663975
0.6816790565007373
0.8615379738375373
0.7576358274170614
0.7289162379951306
0.824501480629519
0.7841832737410337
0.8570997568450497
0.7487213235580709
0.7528400520710151
0.7520750760697711
0.8901282636066834
0.8301859306808659
0.7633901912874763
0.8687939294487759
0.8171979986214828
0.8357418181537122
0.8014416792279753
0.8150915851163243
0.8068046270030738
0.8120174613036045
0.8551585556071939
0.8635277985006885
0.7074797194872269
0.7938419281302496
0.8499731327816549
0.8553221763815212
0.8329018825389738
0.7961326548665428
0.727420283197745
0.8277837063702629
0.870954496937768
0.8143643338757119
0.8591657779618458
0.8616679102895345
0.8490110967117869
0.8365798848985311
0.8190156344079156
0.8344675530268181
0.8515222318545623
0.8138985238097687
0.8337430087129135
0.4598195847574566
0.8457654788829134
0.7425877521203541
0.8360487159992374
0.854969136396154
0.8569182669917528
0.7468112192350185
0.6904606301130575
0.861956012337273
0.8403952103648542
0.8336832730564201
0.807067019126908
0.861338859015973
0.8702033418821982
0.8379600769084874
0.7919386165156335
0.8373048884779137
0.8511318457438911
0.7755628649151363
0.8614132552128244
0.7742841747021902
0.8553895900019158
0.6826309254132511
0.7755841774041765
0.7556962181263676
0.8161932965112875
0.900752982764588
0.8024046202035728
0.8681773951789062
0.7448588881466773
0.7959521670881831
0.8674923768556615
0.8494997967284315
0.6809288230173915
0.8600524032263519
0.8346160416735255
0.8419023260858607
0.6920877390254447
0.8364512149702972
0.7540513952844805
0.870600715100941
0.812943728487574
0.8621530107757243
0.7132732685960128
0.8598167093199853
0.7529093400341189
0.7888479998888125
0.7965643793574781
0.8501881875239512
0.8270797679529394
0.8037671995247189
0.7329713531680666
0.7243126254702508
0.8440981753119325
0.7545413886366594
0.8014815171833335
0.6367900142178458
0.7452840338805639
0.7398143709537932
0.8439084764650278
0.8593580277472972
0.8588754161575766
0.7895443737334624
0.8268529324401489
0.8752892191220969
0.7982003683728889
0.7851241843502976
0.7661049785802493
0.8792261951543924
0.8284539372104665
0.8276573567473233
0.7178432398858517
0.8950875604109109
0.7516311981635517
0.7985150994076966
0.7414994900484215
0.6766525966608856
0.8754282634345398
0.8472064024930042
0.7284725524448572
0.80643736214998
0.8164724042491552
0.84331669786224
0.8446393176734905
0.8254971883559006
0.838804470714932
0.7758540956143041
0.8194970354783457
0.778203827662836
0.761712791746227
0.8557570511088475
0.8697580437772238
0.8266659155786416
0.714286817815053
0.6394257976451558
0.8453749242703552
0.8016966223220241
0.8365926141927224
0.6481263925126934
0.7954401468871528
0.8169625394603344
0.7351922317128307
0.7627726783991933
0.7193375034302949
0.8052890490081817
0.7997616468681219
0.6213586340286681
0.7732279439196594
0.8333274876844631
0.8680294401953885
0.7644123486164294
0.8596922998322745
0.8312341088522147
0.8667142043730451
0.8058406715881066
0.8043671660857716
0.7992451257339375
0.8051989710958865
0.5615069006056582
0.8531349100422494
0.8366238521241831
0.7499528608017838
0.5669971131689621
0.7844947234966116
0.7603042343887316
0.854239335824257
0.8452938237720145
0.6830199088237262
0.7524715532247613
0.8641325784315617
0.732951332747576
0.8608580695133607
0.6831452733302964
0.713961083177245
0.7944725093757605
0.6909891874114165
0.8032820260911092
0.8176649328758037
0.8708849760354885
0.8491222124661617
0.8512906954197124
0.8147536079671027
0.6500913755679605
0.8797644448507465
0.8273091629006897
0.8724182335040781
0.873309665536929
0.7518703200867045
0.8645846836520183
0.8723669927058104
0.6839218860507064
0.8744800824809233
0.7610439730091525
0.7037182411913283
0.6715730085325488
0.7985111355105712
0.848107741033949
0.7144810276325224
0.7666637237880272
0.743852592504276
0.7765497113363296
0.8904357295393068
0.8249183784223204
0.8355583723039054
0.7958838801611792
0.7670198897154917
0.8149037330460414
0.875536811086636
0.832793156471938
0.8319749058050054
0.8627638839683849
0.8610389406875533
0.7652904062017813
0.8217562214870497
0.6432498530392776
0.6539459126318145
0.8122199127735382
0.8451299622206314
0.8141070153827845
0.8648086373104438
0.8206149119203285
0.8029021818416917
0.8023094912552979
0.7796398172157549
0.8405474192208893
0.5990537299585968
0.8798124841306558
0.8031190710103081
0.7752988684042651
0.7894611257716756
0.8306353811176854
0.7795311235644711
0.786809591974922
0.793918463846294
0.778597095680178
0.8572435379144139
0.8046226878643354
0.7251128025369935
0.8459271285073118
0.8466115953254741
0.8503339539743302
0.7532834436502842
0.8549998175585833
0.7307974317133408
0.8053659437114233
0.6981487497945288
0.8911105778201152
0.850097203033253
0.7715411646968905
0.8041039539506013
0.878780826077566
0.8338026513159965
0.880035014828723
0.8044410930497414
0.7625490707804403
0.8367915898633703
0.8734406044693226
0.7564340765959543
0.7850606494626475
0.8421058764163156
0.8163959696829316
0.8415801452738583
0.8738172412319571
0.7987583031234687
0.7804837032807372
0.8914480839650627
0.826086559205125
0.8925345838240312
0.8392495003058414
0.7077293214776558
0.8484097376517057
0.8161396005669167
0.8001552775812892
0.8034929230692522
0.8165673731546692
0.8865027137629431
0.8285716704274552
0.8526508630519758
0.7078100994649952
0.8017813036096275
0.7768160640916291
0.8485095996603034
0.7895001385087881
0.8021328069918118
0.8022398917727196
0.7366328809277976
0.7448107295022097
0.8237759165087436
0.8276589945582682
0.8831678615195594
0.5784454796383859
0.7845363206561405
0.8068121585426886
0.7982317005783593
0.666268830566807
0.8481851820037656
0.7386837226162083
0.7277748592905421
0.7280296388185863
0.8522929007136304
0.8171003506776162
0.8504792457088997
0.8282242565405126
0.65108974133872
0.768749123295948
0.855619806982758
0.866073622128199
0.738052835110385
0.8534693322497636
0.7101734546176555
0.7849009414950741
0.8347619116010889
0.8416485144290531
0.8642415578391607
0.7869720072218127
0.6754469146109763
0.8670383684121026
0.8557022585824618
0.845573456901058
0.8092402975930696
0.81939343449646
0.76779667242758
0.8332334581952385
0.8182483653209691
0.6862564671412499
0.707673440172327
0.8173375735785754
0.8871706386505288
0.8484665818386468
0.8377706926683739
0.7997392124409997
0.781389087610716
0.8206770478439651
0.821956606075801
0.7233324407946112
0.781127843041045
0.8660075460871527
0.6344055229065221
0.7728896777761973
0.7361024719712312
0.7773584106555673
0.7018406291402146
0.8434560693792663
0.87894537377766
0.8035160671260995
0.8785534784865896
0.7402878183740059
0.7804719241486671
0.8666763371584086
0.7890958776955916
0.7208894074739328
0.8236135524674173
0.7114926700318782
0.8527550346079759
0.8124319179987758
0.6603161595039863
0.7674512355051976
0.8151785765619362
0.7215782830825965
0.7806221512717646
0.8129481811724768
0.7402375655906009
0.7735231747820146
0.7331332038320654
0.743240633196147
0.7975541037802081
0.8251749438736469
0.7022730792063079
0.873094095753497
0.7704890077808092
0.7865505938380907
0.7794595252866028
0.807755804652502
0.7862155857978387
0.7983184502793383
0.7332023704260422
0.8340585988580735
0.81404822287259
0.7857911322852487
0.8745788659338881
0.7059249131723688
0.858460728831841
0.5675863920643367
0.7869949573469252
0.708143938071762
0.6808160707933155
0.7469285560688981
0.8645188417624426
0.8222899483399773
0.8212787746527295
0.7758580208139272
0.8599926087802301
0.8152909142257195
0.7144056878524917
0.8031393658225121
0.81827444888389
0.805419476382879
0.8337617497866847
0.7768153468872084
0.8202080334419208
0.8089646652161675
0.890783935191493
0.7622594461036285
0.7078371302237858
0.840162208177363
0.8258635645180994
0.8191898176228858
0.6996187917875416
0.8188029859084232
0.8338241749809838
0.756455007792147
0.8361066232606558
0.7573222693516622
0.7273828015069467
0.8648292629356675
0.8593095116558795
0.8286363113110107
0.8294744663908092
0.7558956248665301
0.8246943220706715
0.8282081036930193
0.7180808412579751
0.8254066844946939
0.7143911038585113
0.8339336569849731
0.80794681975202
0.866968302888586
0.8533515666220821
0.841892589895465
0.8386028453648455
0.758016747015499
0.7417940922087976
0.8072670246520246
0.8213832924923554
0.8428114782356554
0.7758654054457336
0.822511085476224
0.8087370002930983
0.7976039435151714
0.8671658429723464
0.7762281105572961
0.8139700640213107
0.7893379183769926
0.7724843838547935
0.8029471064311522
0.8580228522180589
0.8515046202306995
0.7807729878364977
0.8509174178409674
0.8608493863566367
0.8957870972396311
0.7531662087832245
0.8901744353980534
0.8147970197112644
0.7175866736476505
0.8030025063659467
0.8003547404991018
0.5887638341293027
0.8739163863763785
0.7718899914348132
0.7555423434628401
0.788184222112486
0.7840632772789642
0.8115224729481436
0.8095440664630804
0.733394191830966
0.739965707313315
0.7686363600575491
0.8780317945869589
0.7120852960778206
0.8540547090271347
0.7461254215392219
0.6834289623969387
0.8291753937535591
0.847185393919945
0.7875860195662542
0.805627550245292
0.8576555931420571
0.8733199554055427
0.7453227147570145
0.8662844908026497
0.8150495485902212
0.8766231684899766
0.729841936078014
0.8620535496997885
0.7839095696214725
0.8664793256058709
0.7038017657396441
0.7881299332250027
0.8952848687904984
0.7584789793071867
0.8535850728131646
0.8794058510364979
0.7680828819698577
0.7780663431592671
0.7700785906147378
0.8835903152915388
0.8465338598280094
0.7835567523535696
0.8366332435148844
0.8191020606078797
0.6443253646280231
0.708989579501454
0.8902606320194981
0.8411067693699076
0.797593524939537
0.7588434397896471
0.762594031036226
0.8262925052373427
0.8632346303194187
0.8179052120151217
0.7785156520103753
0.6021314938576028
0.8507760946702182
0.8696970575338052
0.7898134051685799
0.8595071151681866
0.7900323005996239
0.8272564764827799
0.6817664292065797
0.8380179737494295
0.7454843690523701
0.9013337055189632
0.835098124963297
0.8731106998804836
0.7048422731649527
0.873935088592195
0.6844568338131005
0.8055837588023043
0.7607919043937831
0.7741603415394861
0.7533930265377755
0.7248206901146994
0.8279978471211279
0.814228946405493
0.8023783521968653
0.8197855601377034
0.7335785095685848
0.8506782374235157
0.8527374514425086
0.8336346621847749
0.8056564428490307
0.7339989148919759
0.7012497813461857
0.8300257377712663
0.7887806691046604
0.8853764270956909
0.8215196285586659
0.7197005380686275
0.856024390704829
0.7807323816859337
0.7051129829401805
0.8576057968102329
0.9018406464691102
0.8247630051947392
0.8231593102668888
0.779276287141611
0.7635316339653699
0.8645494255629147
0.7111168861420274
0.7443211544942017
0.8216389721638939
0.7536833365898556
0.8017749701285128
0.7804776965888145
0.7272017036057611
0.8486801672494064
0.7822785942984096
0.7837909646018084
0.6570237759044992
0.683800860291655
0.8402696093061159
0.9132526335877227
0.8315340843550392
0.7788479432724486
0.8106364022219498
0.6149850684587612
0.8252685923578771
0.820983138898991
0.7790793050152327
0.8456584741916139
0.6728265674406511
0.8477488264464081
0.8534362318497021
0.8795099853740477
0.8471152804881108
0.7707539405426411
0.8761460594240482
0.8438776334813956
0.7184648586406854
0.8408278340192152
0.8126554667494175
0.8276775610655318
0.8163677706631232
0.8923425994030272
0.8424482604922652
0.8379976853247388
0.7678476307165971
0.7831090167308726
0.8692830042340898
0.7820485102343826
0.8400432872872747
0.8907126281580655
0.8547622808892434
0.8567217140823185
0.8406454969237934
0.8824068411625239
0.809967611169583
0.8347092849724252
0.7498132861175004
0.8511263732478008
0.8550453675923816
0.8769010684256833
0.8324263427510241
0.728029703140041
0.8052177655134445
0.849912443315464
0.8368373200949302
0.817715185411717
0.7688582405326545
0.6236277042972709
0.7795762472918928
0.8299016828055765
0.7594976640829225
0.8521749268049649
0.7137356734166052
0.7530948032843792
0.8571337035238437
0.8142046521773221
0.8775240078330772
0.8561697073176261
0.8322108020960749
0.899568958468436
0.6753523618760038
0.8325107769857243
0.840546872651792
0.8651879093084414
0.7932182111270603
0.8930300670305645
0.8667046958636524
0.7215078343663157
0.8216306033505941
0.640350372565787
0.8392384041811223
0.821578157885269
0.8213297081317481
0.8553721436648415
0.7917848129341261
0.8540031996721826
0.8210932367968315
0.7939243513999625
0.6825535137668313
0.8315787966979439
0.8613685837656393
0.8164279070148787
0.7983854049614976
0.8392473180754594
0.8433322933444813
0.8041174212325936
0.7305448848490725
0.8409488309685077
0.8287328910473419
0.8354745473152889
0.5736351752943473
0.7315293835727066
0.8475683404779375
0.7898628372959506
0.5475080924349097
0.707811330361245
0.8384756858411113
0.7032493339238584
0.7314069156800707
0.804390706097629
0.8747969317921618
0.795213997994324
0.7925170670918198
0.7378553040495587
0.7982134076958439
0.8959627485777122
0.8356389376491286
0.7684068335810526
0.7949213194919447
0.8104385817947406
0.7733026465998991
0.8805426061572985
0.8845940124144389
0.8671884982998759
0.7576250235725579
0.7609668669106403
0.7993726180864656
0.8241752678198393
0.8035660558117386
0.8430901246362941
0.8125810827179465
0.8211886824254149
0.8082066615318554
0.8687807422017392
0.7731139475561798
0.672253682968681
0.8824339928588198
0.8331257022936369
0.8379608278926758
0.769465787177412
0.755598315902359
