2.358022425385311
2.8707243142004213
2.888529834376426
3.089372805855035
3.266451087741972
3.371593186829491
3.73951406386823
2.642941178736466
3.1489691557192887
3.146963368442341
2.541129427877881
2.6715102417330225
2.772092092394167
2.5650577432481456
2.350637403662818
1.8762078829536681
2.4269421864936755
2.774016027507378
3.1171464006788026
2.9969720996461917
2.7783416293445913
3.743654505632977
3.4738125073664574
2.7121183916937066
3.1562608278279636
2.608926657260757
2.7266015165516593
1.6489408988306438
3.4954041815128716
2.5453444870943227
3.369217928653829
3.612660819618606
2.7515002789074425
2.8509922285995435
2.8296451948938794
2.7793325065816097
3.2445453298673046
2.2356967311637264
3.384213794608096
2.525799071706429
3.5228377916036373
2.254555231489706
1.9196399030063034
3.238753119627364
2.411678835304942
2.5029424221579535
2.346490044542039
1.515673517460554
2.9220473198577457
1.9368199436095652
2.142602471754512
3.168243051886464
2.566046579277119
2.341168290758187
3.8062528354594196
1.309428450654292
3.093541300804562
2.6171788272430065
2.7257598060752257
3.015165693953158
2.063349658861606
3.3108764481265456
2.59278647426098
2.109586541928271
2.4846883195581717
2.9108745092733566
2.582238092253374
2.384269159439487
2.2866773520087196
1.916321886070877
2.464217573031019
5.4084245360215055
2.7013693494473143
3.16154715986916
2.660552176822515
1.7091971442946576
2.2900805507781623
3.296442967364242
2.993906149451758
3.04439072693972
3.733981266724297
2.5465689707210246
2.2156049692686386
3.0693535411444506
2.0173647249930386
2.237720387850643
2.216372111339131
4.609610607438806
5.615988538853936
3.268119258388959
2.0172447019171442
3.8744266711127504
2.7446536482708166
2.8998459093856357
3.5763951760177264
2.361957168552717
3.465035130501651
2.5260758724557713
3.6446926401972037
2.7480519187076227
2.803955116715555
2.420031577597758
1.9142882464855446
3.9605413283670843
2.563637743930279
2.456779458069029
2.3484626149574805
3.192816268591076
3.006433836175037
2.257848590240499
2.9528614944080833
3.0848664856242527
1.430230853110411
3.4678401964236625
5.899685153617878
2.6735032695194003
3.3746450382065345
2.8533157844395443
2.561212627047351
2.9509981595835537
2.71767276486488
2.1280305006909535
1.9599977289982804
3.033503330154831
3.032144903633683
2.614012292951964
2.5315508975538927
3.1795902763936685
2.708751224119565
2.927665012832295
2.7956395305577386
3.171133232729521
3.2379068104694704
2.10003815523186
2.847076049952313
2.8740091507941314
3.5375331671747254
3.1085156750939014
2.8087520217684325
2.591787900298796
5.097210907980398
2.0247662611936375
2.1968563107066332
2.620124184317706
3.216020035993922
3.025145867077674
2.3880907384284136
2.366216037929748
2.6118969248794603
2.803609219126992
2.6675540416649075
3.171253306370624
2.1949129357285413
2.696326360944725
3.3017519163141964
2.132024665017767
2.822183691660026
1.1688752835909133
2.2403122295905673
2.8527298684109224
3.9624311030747275
2.4285432165438596
2.5976995682633968
2.0678698138572065
1.500507267427179
3.649858385606227
3.399555759494374
2.9242610507684472
3.074944691321635
2.942859657886743
3.7450602760807206
3.486338023430876
2.6710476252124455
2.5583436445603636
2.471455791309188
2.665474263107049
3.0533390668519225
3.7562611109487376
2.622345862072363
2.280180678187523
3.450178232452629
2.5034848564170584
3.8500787507728917
3.1112430122886465
2.4299626281049584
2.701393856767431
2.9264769934593615
3.107807567921887
2.582978357164218
2.544509450870295
3.4777640580206928
1.8759597003736284
3.1276254441624047
1.8460152261763
1.8872036372235286
3.177669078312128
2.7013794111582436
2.9744354572655163
3.0243629659028173
2.461719122519358
2.9461094882999017
2.0122146631236637
2.6992716451537526
2.9578245584575673
3.9094887253332002
1.805696260230899
3.8526148492969177
2.0695750514623783
3.4654927316086064
2.481235001143406
2.6446587502688184
2.27414960335951
2.4859628766722053
4.599526594312942
3.1914446742801887
2.5289463401137815
2.7991216764698246
2.8121365996217014
3.973446552373249
3.4807702099871363
2.793672194817433
2.558917167140738
0.9609594646212574
2.4695414270284
2.503773090717221
3.403578089462692
2.650541696099804
2.9605595592264358
2.9729645937170512
3.4350111972685498
2.7411130254286515
3.71788604413954
2.654487902989827
2.280992945944703
3.033305534663086
3.29529232329301
2.30156522956284
2.75769513808606
3.308613875118996
3.39614120155798
3.0456481008469907
2.943715776652983
3.1363132120668338
2.7632707524168163
3.2760921857551177
3.4858731634156337
2.208514089002837
4.252393333867394
2.154703320281922
1.9620002598766744
2.219957999553956
3.710045428544692
3.135690190461498
2.8771598299034675
3.7734229328270166
2.7684663492329467
2.138088823015761
2.1195016994259883
2.212886306076848
2.199221811987764
1.9480128024714929
2.9911159955355098
2.3720983717288058
3.944840308646685
2.4096629822204
2.82900989100938
2.692897135499649
3.3157978768823777
2.8005672264844623
2.741214941213214
3.5183733365867096
2.878599490059241
2.326516021506471
3.4283908927460143
2.7071977017681026
2.9322914521332724
3.771020950364615
2.5847400935116878
2.6766598122170295
2.6451753735436916
2.614867842773436
2.894305083973516
2.741005451499175
1.9830851131634948
3.0456560370415384
2.3482182199233703
2.6769651153380636
2.4326754520309244
1.2095914050671563
2.088917142430728
2.795205504729515
2.2383346819764083
2.1957205548232492
2.429151775088715
2.548092151466212
2.37860469048617
3.301694670735876
3.4035766519670747
3.647658086331629
3.067926470798221
2.3126330361784175
3.050165096336479
2.805245132346341
2.8765259923078896
3.6867740597361887
2.2568976605497078
2.3491328972092247
2.0472819720182294
3.6350331126635798
3.5656011621764603
3.733579503648585
2.3568345843523075
3.6988348250087046
0.9793189411599216
2.387247041476291
4.133144154129659
3.157210140039057
2.568842720452407
2.275655336641958
3.6038525211310333
3.034257795518191
2.6368499260672507
3.5323592925564857
2.4553628275156507
2.8317701982746537
5.1962707364642595
2.930780286687908
2.6442816976918846
3.197945603409831
2.748345070475881
2.606975659840867
2.670427344662255
2.782787800632381
2.6106834994051713
1.4487449287406868
1.8711818425426487
3.6437727146047147
2.728282845112253
3.2799215667073875
2.883798200500009
3.470711595883644
2.6018607869270576
3.325339454522968
3.0621910459386665
3.332073029283248
2.5424291965156867
3.663313511260611
2.4955916714083215
3.100013584147453
2.588987738225136
2.3707916085706486
2.8368807363746105
2.5286092642099653
3.243572496244547
3.2999286351035946
1.8852125983981352
1.5933330385452078
2.080242767580117
2.407114551592186
3.9257282694466893
3.3456479917369757
2.702514302183153
3.4884588715766376
2.9802350259001127
2.402706848686398
2.590952689259505
3.8916118500857806
4.183956281047432
2.4439141756324663
2.227147234512788
2.767157532346004
2.582729092383642
2.9387402765075676
3.23435740734856
3.1365338858999396
2.7239398312292216
3.01405708403745
3.9277930629097346
2.4915311396427775
3.6720730488786044
2.3560971216178492
3.252311423739493
2.4895990870570905
2.167889844679581
4.970235241725825
3.2946051265381593
2.2367254596159607
2.6344879575182616
3.2148792632422207
2.884236470211484
2.646591656745278
2.7984943881833746
2.2115634706221843
2.988559989204724
1.6640271361021912
3.466493252877485
3.245459687567381
2.487603184514237
1.9831371337285897
3.0304863348653703
2.66847448282083
3.316219234323079
2.3962517648974333
2.626022734271566
2.081009198834465
1.638598454650967
2.5826009849494698
2.328468354397745
2.695854028997811
3.095677098644834
2.1229455884624393
3.298841927157829
2.1567904472399175
3.25478734787847
3.6612549431820534
3.4429058631222302
2.4489667368153016
2.624374575677164
2.5531726918452367
2.817284674596238
3.6987266491273574
3.3851222853769705
2.49522781084319
2.80856965122217
3.4503077510485567
2.9699469650696604
2.5563018219917164
3.5053771315258198
1.5655296054712278
2.4520896261095797
2.8406366201821434
3.760040888361349
2.5737995744305273
4.325703650707341
2.582081765667439
2.148376189863707
2.9570249835446556
3.118169826135707
3.476945651241982
3.273480748728218
2.5335788832626185
2.439096260170621
3.1345427973052273
2.5492132661908333
4.298501162826914
2.4964209446568284
2.4891114726904613
3.4806266211517825
2.3442942299886
2.268145646579838
2.7013827105586925
2.2756665091962653
2.845504146453828
2.9895599967818907
3.9730110846160613
3.134400516318457
3.0077850774748947
2.5477536908346807
1.5245611784785718
2.655682454567964
2.663080420577878
2.644863621710251
2.2568660726529015
1.341936095587375
2.991292426012233
3.1242499533870958
2.4330305931258973
3.3859126903351577
2.6028451542428446
2.978902493713402
3.11226836847878
3.1138527577743056
2.2305340671914724
3.073453793350617
2.9359250322820407
3.3242025687915677
2.6410482365069563
3.201008260495849
2.9879840597052483
2.674318387307006
3.5192496087077627
1.92161127566023
2.683652012383177
2.5822113386305245
2.2971440789451507
3.313003565159637
2.6199621253138154
4.007654210545351
1.9892340525416827
2.4437603634444773
3.3149559088077205
3.7071340539888475
3.283180011902489
3.12692892496778
2.927574356231141
2.148034695115959
2.7376452399541655
1.0805900184307196
2.479736771193877
2.7693933573526968
2.981170771637284
3.3159653581733997
1.970170847705207
3.030357480138667
4.883546909228588
2.6746239077411675
1.6246580040935443
2.4371594430356014
3.2158031702575998
2.1014674692951782
3.8424579038268236
1.8046112730246548
3.1388645217887357
2.561266465986515
3.15854897126771
2.864511131959794
2.6732332648130583
2.915479504872431
3.271854167807283
2.5742447674088345
1.8308826127107076
3.066484246912509
2.6434839249187343
3.256847785269031
2.772208811735976
2.4492754614349543
3.292029388661212
3.103091994903386
2.134953670555054
2.974298483931625
3.129639441831641
3.2911000286461687
2.3337441005335484
2.8559203141270415
2.813425534823952
3.0045768152028094
2.322153181669166
1.4117106637471537
2.0771373880825768
3.1395918751473655
2.4026932572110042
2.830048278961882
2.5745534293623025
2.9883978559699917
2.6460342198416957
2.4768958776341767
1.770097827001538
3.2435214885950594
3.185310089543265
2.970659506978035
2.597218522297183
2.8779024043697303
2.6980286543605265
3.0122512621043285
2.472735611728219
2.717532135914181
3.2569688573648583
4.626833480133203
2.850635194432522
3.431236016273474
3.6020635885532872
2.3213009542588123
3.192585413544691
3.0272334113775083
1.6245281792855057
3.7717826416993456
1.343025293586229
2.939708711050123
1.1705697092703577
3.139070308325603
1.851727584397328
2.8396760795055838
2.4293569740938143
2.425096282652832
1.4523188747957134
2.8077364500127513
2.7330894661899525
2.568146926925464
3.114146287093333
3.009626603649936
2.8413688609269627
2.403887244514655
2.52107688222848
2.3430165565436876
3.0855199599928183
4.133069417545124
3.1242485216142506
3.888123075861839
2.9104173204678125
2.6068887405064545
3.4365592291112756
2.747923565175683
3.2541175663800153
2.797866208894169
2.25293610532757
1.6530721915227333
2.5078569658334073
2.5162742839339
3.5851059679438726
2.3199209464641837
3.5035698266684845
2.577846660617027
2.932751238054739
2.3181659557258927
3.3164092581006765
2.9808664790636987
3.598240682773691
2.9601629168147374
3.0251609097815093
2.8776693488608256
3.929745016906666
2.489897304516805
4.007863932028578
1.9992870067825124
2.493801267553938
2.4086254336999047
2.6023137956702813
3.0496214425907047
1.9684767415464908
3.4287431012955416
2.643458320285356
1.9976754598216555
1.9003524880226994
3.6385632850512244
2.4162972599827612
2.4873338986565163
2.7174731306582047
3.8147872452171483
2.78843902810106
2.185398749602972
3.405156951388686
2.5910313976699975
4.470284553427302
1.9434312141520018
6.35203341805019
2.638893168159087
2.8401491320215118
2.2973780094268976
2.7448740590904754
2.241085944600145
2.928381388647605
3.227059925756928
2.1522507490286564
3.1641561639753566
2.9265925066040928
2.2451737807203753
3.4652492437346356
3.4210294336125564
1.9958508204415004
1.6692063643435238
2.8686906901402356
3.200224499428988
4.023557472288782
5.473187282737315
2.3842446351724713
3.1887536175262587
3.091888968707427
3.3834127037324704
2.5603184960875285
3.496245923207391
3.5662095377174095
1.937690850462226
1.9737270620771126
2.3622876120230534
3.4435617232727758
3.0547811102729905
3.108701862692481
2.3083614068241345
2.7969476333155945
2.1611831405333444
2.7218113354280056
2.705737499515432
2.81263091824779
3.019731652066718
2.215703402735706
1.1887441407218537
2.101171903065045
2.3568236096819373
2.8665987554058354
1.950506843908082
2.495711849463273
3.1627736487370344
3.83877148941771
1.7170639155179936
1.6417064344113406
2.9488151787073065
2.498004895405993
3.054094754968023
2.60935300134725
2.308927687626639
2.425990093249671
2.882425761093982
2.9757875711562907
2.8148750335459733
2.4634756968683376
2.119768444772793
2.2577157540191726
2.446172953508893
3.5291518188515267
3.269573743558447
2.7951663699298614
2.1090367887523263
1.1827900528790316
2.8090787799836376
2.287163466150713
2.0019055754704853
2.0512014153271036
2.8373601629843237
3.8155715820189458
3.1162861565818742
2.736467851335253
2.7877951900027833
3.9179607739311386
3.4991392598810287
2.489980860015186
2.0794762672408016
1.990852119144941
3.6098757934681402
2.76559731425838
3.1722401876278035
2.905507892281719
3.2311614110681965
3.292736388055191
1.9302074456096263
3.0937854682360144
2.6447675306458116
3.6219474051057987
2.817177666588686
2.581306576197561
3.657445912810987
3.148858451487399
5.152799254082
3.5029167696233796
4.223761638800472
3.3629654693162774
2.18266350940325
3.039917962544639
3.1528023293832916
3.1167655339899802
3.0646264650308717
2.4932060679967827
2.1635848069559125
2.9087836297833416
4.13476325039291
2.935520984031232
2.4704440109831354
2.2099855095443344
3.6054059368942424
2.7189499555173597
3.303698670360639
3.2014727745262235
3.210720286155571
2.0821550576024235
2.939018487110655
2.4612334649144803
2.3487678615339376
2.946869968700448
2.756946978177814
3.1704401108456035
2.9862968339863896
2.54563081281468
3.3329085523905877
3.373360586484082
3.183906305009935
2.834191626991136
2.821989764465821
1.6815299916630384
2.5454234603763846
2.793282769769033
2.6128766628652085
1.6301343133434743
3.182909584232578
3.3199967338017253
2.92399968033203
2.0398638973427716
2.2292981029089423
2.6601334106469454
2.870473845185243
3.767259942917805
1.873302753563703
2.181440227810126
2.769376577241045
3.476259024373741
3.1140081248840064
1.9442054690839128
3.2014681311765973
2.0675837154998624
2.7630308644527375
3.1177013006656393
2.0971396329065066
3.10215845148972
3.131608941486608
2.7389644417693675
1.9986512181217668
2.5782872061242372
3.3643220041784967
2.0338968195449145
3.397019288753997
3.284722813266339
2.2526231511687986
3.2107198930241254
3.6083618343464354
3.123805515790271
2.922155724976151
3.2558540186600964
3.9413444530129027
3.59308862403499
2.675452744546946
2.993292539545151
2.707953171717415
3.567049439741704
2.4711036470907644
2.5391545688457646
2.7597522341451417
3.166505868014925
2.518323692846176
3.486109344948792
2.790709757099195
2.465033910932841
2.7155370149347893
2.2627729114107993
2.468665478277786
2.123163121859931
2.0476669830273333
2.2648477658477244
3.5510608066818845
2.754542984590235
2.649441318970709
3.2363704549724006
3.3514722944556268
2.602458593524182
2.3833009538191434
2.5237691726928935
3.452801507315921
2.904503443385823
2.303756498005201
3.5306165523065203
4.009251224543556
2.8566404608784297
2.1376382045397397
3.7777385074006595
2.909230587396737
2.7138980964083266
2.5164595203798763
2.3120388151583935
2.194565380228385
2.407588186297788
2.6287839029686464
2.9901828009468723
2.4404495809802627
2.5387583652746937
3.2958891823939664
3.4648025313808524
2.231850689650273
3.793630724770084
2.870995104807589
1.732796826959158
1.631083721875781
4.095281369224768
3.149309345043732
3.8864854397389124
4.062858850754084
1.9770099882254346
2.6959782218125006
3.163039642823951
2.3784359886834796
2.5275254256988062
2.947349640840305
2.6044643456295455
2.380598312339875
2.6656250666610615
3.0865447568820836
2.79086719069527
3.363901728776816
3.2088849065706433
3.3240699592317973
2.327652501634173
2.290686510263513
2.839205160863709
1.9516496633849654
2.7561185521248603
1.5075076633763373
3.049102873912225
3.0071183016003
2.5167321290691635
3.9673311115239187
2.9395465456313756
2.1935896247452513
3.48657216587666
2.8000766443693155
2.5923403892535326
3.4206956065983007
2.4870212709442177
2.78024843576007
2.537127287608222
1.3525287994735076
3.771109379146252
3.3123846427762995
3.398824932177876
4.197277600577458
2.0260443335979232
2.494196261876747
3.059551246552351
2.4955651480185153
2.8975349239456687
2.9016445161167232
3.355718289581821
2.568982049109288
2.3373239236223418
1.4276902076276725
2.5611907238813014
2.1167704740721476
2.744438279199261
2.636338500857219
2.7270835425237863
3.1450421451263955
3.07207650563865
1.9384583046713237
1.6384328173938
2.8104373121181423
4.022879860911183
3.8199353574478736
2.338245413954666
3.5129833419923897
3.062869900842121
2.3302816184127706
2.685686806458108
2.7155353978059162
1.7143182784742808
3.0559039331274747
3.0625308316714115
2.336766789788807
2.4632002137562297
4.012695960919712
3.413406178900816
4.21551928936516
0.21092839729129276
3.0479328009764055
2.6501304823339784
3.1949112713432086
3.2665442938007807
2.982955181588106
3.0626183209344306
2.377099246665171
2.55521489811837
3.4530455861243374
2.291057822484877
2.3594865265212013
1.9326153212450163
2.8311253315784506
2.958925013079537
2.2879711454940757
2.8399594215870727
1.7782696647159255
3.009228307369551
2.679433524529
4.361437743410199
3.441346856791617
1.6297072313900887
2.449811674411964
2.389368508601305
2.510830418162747
3.1158546287256867
2.9471127785941014
4.513324523691461
3.546849578359024
2.04209258878712
3.380761009371308
1.9961609341578028
3.867442740485281
1.8200830439717965
3.715189517765003
2.749709138077511
2.8021812165881363
3.476378686983988
3.0986293211347387
2.5407658337650574
2.7476296283966213
1.6033657364654688
2.837177441623135
3.6716308009538787
1.9901301396987519
2.4850484215409367
2.3391980482919066
2.6117155643259222
3.5242654352226226
3.175714687299997
3.010269202820014
3.470324395822202
2.8192223795952267
3.4687932798292427
3.40911875327069
2.526550782601543
1.9508125196094759
2.6389325955248255
3.5271212347664767
1.7665277242569186
3.0619565741079726
2.8510697103466174
2.7934328344801322
