17.051548196771364
26.827610255026258
5.61348557232057
321.6035091288041
0.9672615269134249
7.4078130393604065
17.609208006879953
5.901910053787897
17.85206573901233
33.40413819639638
2.0712755951645936
38.91118944796648
3.15058913749559
5.977802197891668
13.776553482238878
1.4351859897365211
4.568516827828772
11.316084202851522
11.732469061015237
7.808753729176992
71.27413644969249
0.5911256159715375
47.54758394913404
16.102337154311318
9.197252104382176
0.9843125272548529
22.988336696009966
3.7452222310184533
13.195078581907621
11.448048695115133
0.5074806526271661
1.7637518317967331
16.25905866471434
8.457055373398642
39.162669329726704
0.7503236417867453
1.9835510589261947
20.630973819396
23.529131501703677
1.840256388305651
9.862861916137826
23.10428516021206
3.1738051637130327
17.249750183675765
12.088488837555728
76.76437218657843
0.061327893649270056
23.724466292505543
11.678642800368337
1.203692703568518
1303.0855345748657
47.23111556372652
3.453554404065906
23.88309078317208
2.0874397323358638
58.25865805382245
6.787573916076267
10.758846621081299
3.0386838233916778
226.67076931940548
18.407881478179178
26.7568098827106
6.513671451920022
3.7873621593750073
3.9034938537404593
18.346720766366364
3.1586659762143734
7.902404349647457
6.853557273593413
43.84284148382726
75736.33239799166
2.237274786541908
15.728151958467988
3.295215895496663
11.655566027249957
16.325325072989877
3.0390373126606107
1.0867468748424243
8.24775216738744
35.94980506821544
9.504805814855914
20.38221871691202
1.283177383862665
0.9454133151459373
37.20384437807121
12.842951509136359
21.793346334186836
9.31413589830515
3.959681973478136
2.5424742480855174
1.301395163892506
7.330744982939419
11.19225122830071
14.644702171598835
2.1994752507859876
4.733146840521925
7.0302946829984405
53.442041623160705
1.2608750017104264
32.27418340803586
2.185330363008991
8.21609685641242
1.5910828534020365
34.02811127592232
0.32044000143395174
5.146496608229846
18.60147334080326
10.643506796442864
6.468141971003754
18.479004902901117
16.148088509581967
9.339591857925235
10.953408511936402
30.665729461812624
1.9726507214504614
1.9552135056496895
2.330374210270354
2.210198505591506
16.802852242577988
2.478181897563619
2.748291048202857
18.01419008787553
1.7612593876138167
10.358615207803284
15.204383147940806
320.7720945059806
7.403222128087648
1.3144148310723334
48.71610112372815
305.98280073866
11.839663419219237
20.576342599170257
8.504797398400925
27.096175835223324
17.316393248630558
4.238407537449315
14.691972606157359
2.486423956556766
10.374690732514038
12.269817948771292
26.118543601302754
28.62772136746748
84.59544815734567
26.961490797308198
4.420073819373857
14.149608018337078
3.2495283488368782
2.5431400355124736
41.983414509980605
6.579079251197148
4.779366734705298
41.99266841962735
3.976006074287823
1.5253982748110917
19.60047115487167
13.660063805390935
5.029524600060815
35.5244229324342
12.871590783773996
3.513637235224522
4.508768995755093
5.414700811232502
