23.7722599783951
23.285221291181735
77.91289252076909
18.54371367576407
119.9705641937848
17.438597539405613
20.542122063135263
27.972460486977607
31.910277399257936
10.44908063049437
591.8684650689398
105.97635386114116
7.02964411574718
31.539238288279385
17.3710256861533
256.2202735316211
19.75596024592755
29.996278395250084
17.54342739511904
25.559879028495807
120.8667466553966
39.13124778741232
55.77401786282794
147.71634410257735
75.03149185857315
6.017462697454912
29.96061556502882
9.47565651649319
205.49771256000494
35.96927350503857
51.859860758710155
42.977991159224175
31.21405690494275
38.52129831317146
21.796521832079414
53.08419590510326
87.49171363630013
18.897238917926163
22.132130081116358
39.362823801643394
11.434724412824913
25.322654388893973
102.76338671133787
26.549093922399315
13.158464075345808
9.98141884894355
62.062316558607975
12.126414516981052
16.67598441917812
19.871033011558186
106.58048074792549
32.4514572181668
88.1590141966233
22.146276533306363
137.57318114549037
26.184391700189046
14.9367539112494
350.91461653977655
46.75591913589482
25.9051879271389
30.901677297697553
21.550230404373895
3.168624825853258
23.41289492646999
30.686230738107284
87.1889249863604
56.76058070047349
20.16125297862348
58.136067071949554
15.696744550769601
105.90765026939847
46.65750146888318
32.95619271117377
11.176304325345475
33.66025335471864
25.572660663628326
39.78491320681192
104.58243438565687
23.6844183304183
16.410940667819524
305.5043058337215
33.186848853611224
12.798987964502658
22.280440269873708
22.936150369558902
26.79823114019711
28.25652306616058
101.37081719868738
588.4164898730942
39.80357189337708
45.799266143873886
12.350467118249599
17.091694395357564
29.599082233701747
153.5097168027515
476.58846408795586
11.738473540934432
13.736623694844898
433.8067553482531
70.74392917821477
46.43656453449626
48.40101528675932
52.15997921711655
17.712189642919263
137.6058759581894
25.225165544213315
82.46668418899445
26.51966187616392
13.989772627919365
18.052439914413675
28.69378042713298
18.46334743279478
12.459382046256028
24.035704459829432
137.45262419563718
56.23595687100593
8.670486189857984
8.607219942776569
19.460885001068668
60.65065570368776
22.17708079109016
23.2588600159658
194.92810862918367
82.99629922517576
46.36958791402822
56.902395533472394
54.848504996566675
21.12941994108312
45.19498946971194
29.77169395589354
51.54323834152009
62.19199916079597
310.9610424481939
116.8694352915773
225.3497413478004
14.808499457355088
25.068963692692662
96.12285054068647
92.84094981207564
11.620201529468101
20.50549780980718
351.4031680015558
63.7081122820059
166.91881557641037
39.862741877280016
148.61597187935286
44.767033030601226
13.221226843400984
22.52487509072543
33.71496712020597
25.469463230526863
19.768326431097965
13.570778403587935
69.06317158611014
30.417110933161855
48.44726003208515
43.0951272437603
7.3395320945791545
55.44729003724385
37.76527476749551
24.775665751969782
20.38035600944466
28.709997974684732
39.28835985360804
16.385747883282598
42.82126650449214
18.645179626361003
56.47972739403128
23.426942268189208
16.55345547591208
34.03497409032045
37.70623986451449
73.19573056081838
26.223793002817295
12.747503768272852
79.1837778288563
9.499294389652265
20.579130573922015
85.69710527650953
7.1728895395664525
15.467917564591133
19.619616204410303
17.164920597395668
245.32828544388192
27.964344214620493
155.1880074847257
28.45902299048387
19.67824926306683
21.500038290550627
99.1630433072779
44.76994074156106
63.5638381585234
40.33651912386847
34.98971501988
18.434264775536615
11.3781683281417
7.275316631085472
31.24445085191511
316.2340768765935
73.25164830773413
7.21264840961813
22.67984329046226
25.523674366060042
18.39990483195668
33.441742274296935
29.50673289218447
38.57678402416377
80.46927428479292
19.940945791217644
93.02085646126963
119.87467119285833
19.049100724952844
202.6041352250459
40.3273215476083
67.72207637579365
18.4063389735688
7.7252698567522415
170.64139703356176
57.93473005083714
12.981431984192238
27.238889868223822
11.156783106971643
19.688951868913463
42.85540279114659
25.39484532161917
21.159425008905135
21.184691454182204
36.636010232237346
59.18638840239588
10.998674549735846
128.91907651544196
21.315514866987037
32.309399131498225
25.221999337459355
13.742132474728836
20.35408335933277
6.114612796740979
64.02035748325227
41.675961542018335
27.99348027409311
32.55893072553603
79.75982928779628
19.764292810023214
59.19343023709487
21.344966805854206
31.72624558094704
50.18230166089702
19.445935236697213
31.42001214137429
95.51583081319724
203.93619563304026
139.0871905011131
48.19010211342561
90.17835124751379
45.442377629485996
19.07950255001299
29.138814465586762
11.552091319998402
20.452972052744737
67.84054643020824
10.822741298811785
33.546373753916875
15.637246528062581
20.053507765988453
61.12641259823757
184.8877173637527
132.18566741818503
34.14607629235231
44.464658570872
32.655225780591216
14.227886008138682
34.03081394395154
58.25301027846533
8.871585227432771
171.6460288047935
24.743027143134853
268.1938840437836
19.40880493484361
69.46320074311349
57.90539998389966
35.04631306878557
11.438113266434257
9.241130832876019
43.03079085544307
24.22912482966341
12.020716779726104
21.842546734211567
29.602071903509067
48.36139039534829
198.48306644330316
39.060088040719336
65.62357637995223
9.889298090347575
48.9185940684541
17.14566386869786
10.32536259682958
35.292662965088574
14.055498766562335
61.90124968149691
19.083143639202802
55.470499831725526
54.04779308868295
7.126636034136387
20.818655725789757
17.443905489377183
27.200143576440365
20.824170630049146
26.809514552827057
25.73913399166488
142.75315474004063
113.96160820423209
26.94627243374723
17.15940921635281
42.56043212157066
19.59269189221563
30.49685390462798
22.92710823630168
20.737233223062127
70.20053906625247
787.8522494383119
81.96545432807562
15.669090754491116
38.495859113809495
32.03195416319932
79.30073637903827
28.718062767460935
56.17112075032101
40.38139852914193
691.3307792436191
38.64963054519821
27.995388935124716
22.63077021594691
12.812181348335889
19.787862849260517
30.35500031966723
17.091591222332315
55.66204742643295
19.710412141933734
14.03432144031186
49.111967219287486
51.137053124970194
28.19249270013536
23.413669562446035
43.75380394242683
16.867230647736722
61.626120693285515
16.514569354305397
173.4048131603447
21.686293032850998
95.46678674723151
76.66690317652584
30.014429127672134
16.71169504787026
74.88923619960434
28.85556894018895
28.05055394662063
67.32045751749436
24.203398453282745
17.448883279784884
14.118113709591558
4.902068525146907
105.21165290626459
33.09909591034071
27.981461205103415
19.813389921002898
46.21277252576848
41.08620607831185
24.13702576262666
12.793302414794546
14.691962551620518
31.3998708439816
10.331106305275348
15.409219931057248
118.17942047402168
52.93179400462942
30.794277821897726
12.182761426779393
17.69213854198968
31.220135038168028
18.01120425572121
39.41730583926971
25.862512989493293
25.58806518430646
32.78100242301962
9.552044268037081
67.50790780467118
15.76256891934064
15.75774106519946
10.303665635408295
15.344000757643833
30.464957636891974
345.6764880253565
182.48794601661606
85.25066368701248
33.50023325378574
15.220000507763054
12.604308611987308
9.996628956342498
16.350185758998602
151.0609169533331
48.667969461016355
73.86777270289625
20.498658228347775
23.873520643125246
9.654662502397523
23.541111129942582
33.60994839098846
13.782017106633369
120.30908199479518
332.1375296216026
92.71934085262106
15.565399225039775
234.98220405219206
45.403679480667805
58.861565974329736
16.861784027774373
39.29817955589313
13.996967411774193
11.961844625053084
14.334598222284244
10.538304872565586
83.96494515133301
18.81864612913273
8.376320789495587
12.817575598127736
86.41032705270403
101.77215940686776
55.53607281860283
87.62763394074715
19.864059665487428
162.3314095301109
88.05278275427762
18.334916453299982
179.04969561176117
7.666170271270704
70.88562186561124
34.626703872177394
76.63458086164026
115.57196345412376
32.276324883197795
17.7496669804126
14.358066167195798
19.595753575751857
24.74286081904951
15.496721529441182
20.93800542317988
14.83403984919707
146.0331006659217
11.991424288533686
37.36105459870492
43.78378396857125
110.04854984402186
15.915502961332452
43.874490461304354
16.83705052419398
204.90561650184767
225.32701182830786
14.41287504099894
54.8916822081235
107.50338708146826
40.06779081457389
19.710740494048693
20.34021636952369
19.67695650667253
53.60065912002143
20.11354912379394
24.527103979747874
37.87773137279521
20.261865095779843
50.06287400194533
109.21393650264112
55.33451296076168
36.74295722779415
12.425816650061495
27.62540254550192
18.255032849086653
20.11678927989153
49.77375756559683
18.052991028279326
29.557135926826742
118.93200198501363
22.298028395405833
141.1890585614697
14.522319901153592
19.846229831343756
65.35361144407959
73.41404346154096
27.498343933797397
56.574503157108005
55.2342938127718
100.51370495265932
26.691569972239087
19.7036925393993
110.62925399350503
12.902048942309923
30.039750799862507
36.26663153636533
15.911010568665473
156.01081558455706
30.680957758029887
40.54001654408685
12.102045087488944
55.44035728511407
28.280334370720833
23.8084673316311
28.044953574318153
51.73364825439723
25.635634539539666
29.3073380706969
20.01395476460472
18.617366063877505
13.16185282464588
34.10322433941569
21.8690373720939
12.472703043132233
24.18614776005698
327.3141376534586
23.324728072246184
472.9472498001466
24.319914380914028
155.10273595667007
9.913658637544469
12.085286457177917
32.078644695041895
22.092361777489458
267.64216874466274
81.2632893878699
312.11230929504944
58.20857165384768
13.130134476932405
15.38679350386148
11.86622271454604
15.972757366725542
71.56488878913619
13.068649285029073
66.49952059975558
163.14798283323836
81.94273089049305
95.87655065493432
25.404269664908753
22.34782756503779
39.061754435469425
27.203982748062018
33.02247934870287
17.838395584967536
13.599385865621105
43.08720176659101
68.61773421891566
66.52848304767234
71.74601868875307
20.941155117238303
116.24465915726505
141.63558377470665
51.22514590441026
5.9482473036291506
67.76321881978164
6.891941046377304
101.37058380295284
73.64473867404058
16.32681146455545
16.81723064390832
34.77761197362675
48.01219634531331
39.9524396161845
64.13601020982293
174.5628128094407
27.6323059890917
103.79592208154926
54.54898856040567
35.402842754626846
8.301252945395776
27.718906202642657
30.66678978998466
17.123248510273207
16.18601988095042
15.345117030249767
31.733989868710676
15.801698586588786
142.01980463012632
16.27187668880753
25.10967673103619
23.906524143892533
158.59549358309323
19.28653193472654
41.203943462108604
11.571172598157109
52.10154796007643
25.00366806472805
241.33377951360217
10.731031812393145
33.200201574769835
16.244520686809977
280.73285604975024
189.03035148116172
44.264257942531216
28.47615550574461
70.93622279946537
22.193890926642148
20.525547291926053
92.92624095729941
21.008714383266504
256.04051826214555
7.45761251572333
23.049398840360784
14.137712412208423
43.17486982286839
12.036654691993345
35.290328160617996
47.66761909218541
20.647167417123068
27.700523847797214
13.259616569357
58.57492977927549
307.2814522605673
41.031871629063666
20.86045558550271
40.40555347521425
22.515467936577238
13.067840292392582
58.460527275178755
29.064662911116407
20.74503383776008
1.9953707190724241
46.67585117555864
47.862471219089926
31.901676575631306
16.906669052790736
34.17474359192426
50.45756632146613
40.711893368846674
111.55619163816596
40.668474247408426
29.571627109865133
48.402370239639644
17.090870469863376
99.56285141697916
47.54867515607681
68.5878513367451
25.85424568699308
14.511573230041144
60.107104864342965
25.603373716317236
39.44765347480527
36.59417278247269
13.166862740982024
20.21339560673227
38.13135307994667
101.31053478458317
24.364772605923463
98.46509734733539
40.86881841932859
32.08870840260289
104.28862133568576
47.753538207207086
103.43722827490213
32.14482197430713
162.82053022437714
102.09559515608913
42.578443665062835
32.068725370002916
117.67712048227261
37.37752174095133
13.488573059287052
21.619891953220105
20.143809800351445
43.607079382625905
18.952126372838244
63.72969940102893
19.043682260791027
14.838689670710162
51.87250625581135
21.749685850583116
21.901731268797676
20.18470315047933
12.188315117478574
84.66103183112499
36.59106165137688
89.11422616620291
18.227975147483345
37.23024006896982
51.214720587006106
45.31121855998723
35.133256822311125
23.58549990177363
364.4840765381333
75.86778199274846
227.64663109640492
29.04224849772644
111.99940988266465
25.327916606656228
90.52719012480166
30.946207905904306
12.34966320328793
40.15630807712342
88.51761308376867
43.174817100560254
12.590891037701793
226.12538138972005
67.01748206039794
55.027254418440855
6.359511564369485
57.65558885984016
28.74706049865593
15.848726288613896
116.40104743484345
176.67397303871672
23.47709894661976
47.20376999958823
34.222063287563195
15.299687811061801
19.960184614242923
46.62977312987144
32.59622476635775
15.747187291442344
112.64144291001269
150.18353798532607
52.40575747266905
134.6344699345953
3.040739052383903
28.94782123144948
5.809842034684942
19.49507467315538
31.62625289733965
63.44829839600793
31.929179796931283
105.29217563937533
22.522857972430103
5.0166134667917275
8.709336125355453
37.66000216043639
84.64594031149505
29.104777248269738
15.995549235882
15.109706727864848
7.534780037102078
47.69730654932498
104.91788730203623
180.23279819159904
18.359799461245927
26.528166987161526
28.846805291891936
197.89373163478453
27.57506072732987
23.380029446380874
13.621788823439315
15.493514992111152
12.623255913979506
14.954023450228934
31.937119311439993
51.516091349718295
51.66794975599917
83.89129341362518
31.452322644484852
17.71137723544699
11.273501810984603
23.06930443405492
14.310388517545531
405.0180549900804
26.050638056052733
66.89389173533534
30.840792396054272
25.541483111728137
83.87751879392313
17.911705980916217
44.48978409781755
52.431918256927126
118.26940411865412
60.97068315331075
32.266142915027125
20.80148944551094
15.530299191522827
14.54015317011272
22.070559836748963
75.36336688795438
24.114471840040455
43.263866787819
18.541993615665255
16.393538273095647
27.989303512640564
24.9058638893598
26.757469933010256
44.47968062229597
16.295603269183605
30.796029390743534
23.788031792522393
19.547438189370848
52.19638559520935
50.10178077548112
27.810224283106987
27.237122477579053
175.2896161186478
65.63074821754815
29.061858073975223
30.53206829428862
19.189147766399667
195.89457914258648
7.215778184911421
60.25654727101463
126.01366338906418
23.95468268869469
47.58616910138215
104.4012054985998
72.87940572531008
322.88488936733495
29.466877354243955
22.949842017859964
5.088265564577152
44.20207691496877
7.215768501093631
98.83220445684289
10.232910993438802
24.49280815740403
13.561854618342972
43.07234245616947
24.14859574435883
18.57638294131401
23.288636337522057
15.185935416972391
60.800126741671086
12.584419170637346
99.60487225682022
11.606834222253001
26.59842957576138
286.94759358530115
45.38039783802543
296.373813436059
113.27792678492996
51.55406108389141
35.780004241779686
16.12720304588557
24.633118593486465
51.26189484183537
44.83668500173702
14.20190339148845
37.80970906892363
12.108778850044715
54.34411432361072
9.974449427003403
148.81174974076998
52.520673287229485
19.265590200200315
69.1986452450839
8.93082625706576
27.03615120269479
11.513724468574337
10.73278646924878
91.55783813939087
14.231171682578642
886.5894907044465
409.0465133037923
55.83690330637605
15.476130718036627
33.34676645766329
37.71379726871234
27.765598771440253
17.802975271509975
54.16830266383734
35.3574055203109
86.75624033286299
23.816567640326895
334.7071461078319
122.31035317125236
26.138113759450455
22.2947776977775
29.681179426388237
23.91491192559185
84.39506831720806
49.270924992149446
383.9823755211858
29.762741301533865
34.76346402254298
14.629646791818175
15.884361445188969
76.30658482071422
49.30205693906765
14.688884446710734
26.088366415827903
25.524904753455782
19.819870761343818
90.79261540085626
31.926957956755032
82.65864864216022
41.26112095841361
28.882239575377568
32.56575514267913
20.60148323686531
239.59245435839725
28.594838659607277
35.91147305581314
12.4116779201551
102.00599447523747
23.258769360163967
64.28993385242532
32.60262784801198
106.65323639600003
11.876462050743282
68.18170976968976
34.18593766393291
43.4598349636823
19.312189678135873
22.01584441343835
195.9669783078201
28.814359315311886
60.02181208912565
84.69574384073125
95.17810729702165
63.603093480816916
113.46288882098406
40.931576192840836
18.85394500982574
22.76640712601385
8.333523332486648
19.993993839755166
44.95581780654997
22.74462992878307
61.94018861178149
29.325523394356722
183.93243257575347
12.429439421518373
24.7254245207653
49.170487590648335
34.62892733100527
36.61174674578156
61.97050973231996
97.75471360946571
235.90289117023806
14.736554542204496
29.935347824944365
19.96677690710387
15.786459316110886
235.38178570741866
99.58513917082938
43.76429050552752
26.694225854219
19.397471063272242
15.12890689347343
19.952881878804288
26.94218939825688
25.522413099990903
62.12068637362088
23.33080411673137
57.9980630244691
30.46555460891282
18.609873244164408
15.169220708961992
73.49237452914117
24.233966690259063
27.370293358035365
56.46198145159474
25.653812792604395
4.602649519805973
113.55157795595598
16.46864866139619
23.405609993345827
52.71928724780476
10.35051145199993
11.740333821491259
24.70009200505427
36.76597045675364
32.24288636929927
18.40942281004312
24.2936808800599
120.10133906237316
20.480962506014013
213.86231248218218
321.7679280128372
58.49194359905999
33.61185242142454
70.56679926681565
11.712081153715241
38.550833926072606
51.94503370784622
26.119667413228882
168.4404845437062
13.909507568721489
11.836092189309417
253.95472651024332
144.62500273712183
16.988322521400267
54.728797815618634
10.508495341489164
17.196412277667616
28.62404255006736
26.34114990749072
17.145157147889297
29.445719231564528
29.90196719150956
43.28253291902207
41.02397099619435
30.346117152382554
74.256488203589
43.9720527531251
48.3462996805434
19.51932786864499
24.87123664353018
41.42419856838559
24.461555856577522
20.90502514985756
14.833820084132949
26.80932176559724
