54.54573637010831
47.203526490747116
29.901986527213698
12.458715442980353
166.15614841990669
56.11466341982649
165.38379113000772
20.12403309553169
34.211909149783295
102.43563730852776
584.5160240404509
39.526766613176065
269.2952284288877
100.36919814226277
88.22273262153313
178.27888276786777
111.44696249753491
28.424561351971505
18.167092956789286
155.9493449911844
42.154850993974186
190.00512328840787
286.85334504840057
88.90375471475255
38.27400648619351
228.48115466315568
125.23950139927197
83.69310725352422
97.97455149043158
28.77260619173129
64.30907760876883
36.67476811203552
84.10284974370143
83.8177829584355
152.96342655489866
432.29212460006454
118.88886934228059
28.107205526659243
17.996571281591436
51.01518826253529
26.379672051538567
22.29721956997528
61.48571235402562
16.559928829221633
59.822626668063215
38.26116240484383
18.07997970491214
42.94739179121616
109.11393630826113
41.331364296193456
22.041471089752896
34.224125652999724
127.5866853386647
204.90481673368697
84.41012769135311
28.918762998547642
35.32084173227245
24.797886791531955
307.16518579118804
25.583597339551233
32.198428295442255
17.394420597074504
69.13183931616966
11.540974670898807
77.91011585934464
66.64621029606656
80.61615056468786
24.390418505683517
16.223646387687165
50.86736842405527
369.04467245216125
230.93318327342874
42.15974997308013
18.22683349322168
28.785581597562647
1460.531433751316
77.88602250027225
213.2215134041398
196.732928317262
65.50603109502372
23.002181275569864
28.78682120469723
65.13359091452864
317.22813665306825
27.9860001233634
41.447155114010215
315.4087801165271
148.8273519908062
243.53638660945145
29.669837543212022
45.88195091688024
58.73986709318742
261.6309594991996
46.70368099314663
80.04761783859821
77.16512425342195
41.603167842473816
111.94995836898293
14.896578779431886
46.091980232896894
162.90657733992742
190.82257767237436
48.81669214592312
23.14806281988308
35.83889295663976
440.75918082452006
18.248960950001262
222.27962587214728
45.82352138097339
15.441870720369444
71.06904232997013
51.1158564651961
12.706007205520079
60.879880081322845
90.67366088663745
13.203081868926224
12.53595817367204
78.18514222446444
37.51218689803167
568.5812524191024
298.171244502126
100.00256051239786
210.4047364776284
31.282350960948524
111.59009180706599
21.798518139753995
134.936757571126
16.172976144912152
517.9586645250303
163.73225155123103
56.589702623012755
614.6736417889499
91.34167442359903
67.49039201026358
43.9762066568987
60.31235204596166
81.07357602547427
17.172465155408783
47.4991157119986
22.476917380039378
680.9561265526002
58.74626204689958
458.1548071551361
106.89643293354693
44.39224691605245
16.98480283336051
64.62295712028049
39.93894144143999
16.662593364841253
56.166824036623645
38.819077764922575
33.83231574805459
154.98836394794125
101.37958711967565
109.26904111134465
34.79739191462787
80.40232881178774
214.30191144981143
41.127411586533256
98.90164342863794
31.19689430743207
72.02475236629753
32.85740701809709
27.353273660806334
75.60380075240555
192.53427262756264
44.12487551877868
65.34717968713846
53.32042559243767
14.517455237479073
52.792853109336285
16.385666134026298
30.849810661691635
95.86246514900469
17.74091171509456
56.665371931621614
48.93051141845522
18.570788514242118
26.75576319750354
53.97417605560782
52.44105838006227
50.970342530580396
37.813054689338855
51.149955291952935
17.533344066439327
21.58808963854785
96.54460534179272
138.98621241524367
19.604899673177865
21.480084894469154
324.4473880889332
48.358471507086506
70.86096580710849
14.20964651173402
259.54259884597053
26.21889830027311
33.92920887897578
53.092513410208205
80.87897858308905
75.60484198744695
66.45462451702512
121.30335282588103
47.335978469836235
124.85018747666764
103.59241378935066
140.86793807510534
21.702399731060446
73.28039275861894
86.56184495798924
76.17905448431226
50.54873159663384
13.899451277599509
28.005640508845683
91.83264824800597
1501.642104577397
505.6569988489063
54.10271099464773
66.61418395723459
110.77876032355584
49.722471699463
9.422308379510634
131.5648961218867
100.88403133052785
116.29557247545831
146.6092323686717
27.790151209402886
83.99717214662363
24.65174737024846
36.62393462284105
77.77463331566413
42.70703740609026
28.84745099090747
11.639523393177702
79.39906417603933
25.800546042864312
191.42940595045098
5.163931446781919
53.00089454170191
6.484598236713818
70.03391918589263
221.99652543713907
79.03038370286002
8.722141061029008
413.5967164865564
34.854264057632186
71.77330126368865
9.534553133957386
129.1898156431425
13.613801345282054
42.282327558376544
42.46244690188436
94.21106676085112
340.2382070759621
28.23915646997122
50.50951605283168
40.73879780575567
49.72117265946263
39.351068655297766
32.59769082060092
51.17324897280412
826.4343664119366
117.89224083506765
34.00635676218365
53.06061417756592
63.07748073959818
54.869609805516916
69.19835647960664
68.66093672785327
126.64397410267193
13.932140895091061
36.557739097010426
105.52623137544502
108.7502870085307
39.162017104142635
21.671900080376744
661.6700970231585
15.571742408038066
69.31319925850363
28.662263301790464
19.24138604126453
14.65682387683668
219.53742810004022
222.54531909118876
140.43315321842306
44.546392801590216
60.08308452412948
54.96610297104074
40.04503870795191
11.173506328173406
50.58569351123001
77.29688708664696
58.684615281933084
27.86889615761096
22.69604986443741
125.27668126499219
38.59052566745764
142.75628899067647
74.33018517679693
401.6798575468893
17.8452029898357
19.726150409934064
199.74269317723324
12.074868356348206
107.72033019533882
42.24468137416845
278.62000478775343
69.78866524085784
119.71664506360887
49.25213021539794
97.50231044579876
82.20443356578092
142.92933202249685
12.30791911228257
114.97972391552427
136.86481006030016
478.68674241007716
36.026117020715404
580.6375427143416
39.67251228975496
20.05724426969996
73.49006792930244
140.20272893034638
209.39875480625665
44.56057283657455
78.96781628214609
60.13295079567565
74.82390481824045
81.61884638809111
65.55236852580308
22.964958781084153
22.960064152618322
36.05979337259103
17.828632317248886
61.344386097011345
54.54923463159424
57.21197108848455
176.74409126683852
2.8297679260740023
22.159107558094046
174.30833687714915
12.396756717131584
13.465524593987672
45.192873104587726
422.4148974581982
20.431177859534962
0.3509658226011578
108.16367159320419
43.04332806705757
181.9510793596862
56.99192924059327
88.579626308586
50.24221715502517
98.11502958548857
997.9564069212954
28.343055694728513
136.8877435636604
56.401623173701665
14.454498330612951
83.14551566778141
1.8817348851952127
16.773103492106248
7.445474113620824
612.4114988806577
90.10518918822257
0.9856530772171279
33.19667555202102
397.19404988895894
347.9623218272028
43.18385225305252
15.376198170668818
168.4978630136989
67.34327589161555
25.676771486550976
14.951547461807953
53.36868712958518
92.34913130780514
131.38031561429406
11.182035988081875
71.72148472788257
37.92960062990256
28.994800530849073
74.36739093194875
84.85670241913989
179.38646947143408
57.61109169665587
144.14564019810462
42.371909270541195
72.82312739721492
11.711869005947372
46.71762217686067
106.17826561983331
75.41499291924524
13.458042913268446
40.74435587464425
19.118950121316338
102.27767628218557
24.001603355437616
147.85333016399807
81.36735703110807
48.27083644029302
463.7214490626043
34.238894903617314
119.41410492148297
130.6033789226711
42.548623945108254
22.328470809708993
15.857894721631464
67.3002036933222
334.93712172447414
109.71312628723553
56.91246383205101
31.886229667104576
29.260721353945282
90.89220131875074
89.60319221642177
30.96320676460147
71.08330270535399
69.19465269444855
74.43010490602255
131.41176422723586
125.86282077816297
377.2409315372137
150.6970782456578
44.26772501850819
108.61547899883271
120.31277221343947
159.61476712209327
63.77179670834732
29.32234729878078
207.4334057529789
53.60155359717102
104.19433241921287
163.66969308154646
42.976774565601396
79.23623262948429
132.5358650657946
44.70868050984132
118.4331643531886
29.107264643782365
14.479903718901568
62.31303597047788
311.99808218304406
197.0026943585872
49.70022379306512
28.4886772426325
198.73918584822624
113.46565710493286
219.61791251923302
52.09530578892144
33.07369761389356
284.5257226417778
93.43841210514645
26.91897836416217
31.72007562649874
16.2852392959701
19.158078249065507
17.677227159194107
81.3520994928395
10.394661844032028
189.82965323127868
172.5440795959757
30.10848300278401
40.3545766549241
206.36606881990872
109.3498458194636
155.13776740347248
28.486773814877562
31.306982653186907
33.18687076920811
194.44974161170796
51.78826814061368
165.87370734582808
28.16365129926962
118.64487089228996
43.734118254659876
96.09210513201683
106.32982924422475
12.502951867429397
27.73383145552586
33.50663669344079
96.04305927408605
149.0280414119712
74.43836375547306
23.20779671391011
19.372536886285417
78.7934049555923
68.17275224859529
12.632604355420588
33.81788488593719
69.03664805269808
26.438334494819998
33.09788659173677
25.149192791826003
68.47455400752452
177.6224226318799
58.030447269344066
12.500562111468444
89.35550740363152
69.66401515638974
115.73923496324342
207.82470289820495
126.340098038733
41.553423511040705
64.7171579914631
427.20861541356584
232.10699059572732
507.76789447897573
301.030291788251
41.922697820923446
11.635027218179662
47.37060607311007
64.66750787660244
28.52334097115812
56.49935831382059
57.17632815546486
45.35520352673913
54.4464949029455
5.097228386659389
38.57126873094196
78.75132098790439
106.83302047531218
33.04718897682909
18.044996102127545
82.22420779496254
10.96260421567382
25.665189023806175
124.65596581221511
95.09323317950717
36.55816618827751
37.12719945444577
74.08821304908089
194.63785670405838
58.981759290490125
32.5919100861778
55.18866542821978
62.38212892546073
10.660173228625432
65.42774375594645
54.11897186650717
161.43946514362713
64.2460722550744
42.42553797506743
33.763665144588856
219.04009467865794
31.595802743005617
58.4396733013972
35.070020403757496
15.957444006108956
22.832434157215335
85.87771474882423
41.16989199366905
49.31591123212829
286.95281358172804
101.76114615201726
81.75723361086035
66.33282082584228
108.78116274144311
320.46911920953505
167.69042223171363
125.78739777941702
112.53115456985346
47.23700528049403
87.0055116333954
42.00349195899464
134.049934716305
35.50687493162166
36.400521165264266
58.81776988359574
4.948833086912169
25.165755245577984
28.476038865821778
186.27147915519274
69.61213394044506
111.08255278931293
110.9343437869469
111.70539653937617
170.79445164489692
66.95169616144044
130.58272757178779
33.01096415607549
265.00647934164004
134.21743260737662
142.45144850282296
11.921777628128305
56.493506679973976
35.804764146849294
205.03927259511153
48.798260610640085
81.23266181054386
66.51708593783226
44.685170901932665
8.941021004984483
81.60237553310768
8.535106371526307
175.14024891069084
58.02287609831236
26.86346806420596
41.65603005904273
33.80994253511692
12.202974556476322
296.8228541446713
95.54511637144071
30.497442761371733
16.842407734411452
50.43119836500293
139.51285087594553
148.022255788247
107.31139399288197
422.0353132567193
28.150393972219547
47.83291289415154
115.11541814349573
210.72567113061967
42.71207720836378
46.05745363896129
22.201691438163138
94.05641919735832
76.62833008244365
16.854614700635395
309.2565299433929
114.38494006364444
35.21577743829676
69.86063475821521
92.1539647313808
39.726963119639294
44.967075410977166
100.10210611245648
148.31389853617523
39.906946883759254
201.9377223796022
15.849993727155967
136.06777477872876
161.23572954928736
38.94648726164346
371.88572549725046
187.19543269146052
117.97446720204591
29.83266153129527
201.55393867880167
85.84989821705273
291.454189649568
450.23694175239433
200.3795270609484
24.96587295701917
164.6858249044133
1.084695679226497
31.973594670370527
17.018424325595053
961.1249044958782
40.32268267167544
22.92450783124423
180.84462190359048
48.498732856547655
217.12693796285566
108.34233651157044
32.164411977616666
275.992016170059
54.234958914707484
7.611545600628074
52.55686952815991
70.17631199221626
48.36641560345977
87.6719481099008
12.567899726005896
38.353453373579306
27.99826945212354
263.97170891691184
163.49283675148578
8.938797579792963
215.5492253899729
45.57319720311931
410.5321290611179
27.285422110358017
66.69972849069362
101.46257911220708
59.63410498832051
92.01115270337489
94.66272170686993
121.83106272946848
23.858811647144545
672.7130003185358
32.396185881488826
29.57681798495726
12.749009850585194
99.00264273826294
81.23172778201481
75.9087341552951
199.45269306716128
42.754478260358866
20.31473207488479
40.88705405235693
47.31429811884095
1.6337655673957356
85.95488021267661
41.1617298646869
101.18622823946939
76.28048488018074
266.0845368976113
176.83062658701243
26.326028584409368
138.16460357454326
48.23735399123974
35.05502739606938
54.18189445878807
59.705397522022814
19.36869556360947
88.40390435549745
29.854116320578214
56.89784410189426
0.7801091192551359
15.56895610411262
70.7071781064699
15.859585986971952
21.746006086862838
95.15993898870207
176.57347020249125
23.946029120552577
151.77866111671418
50.208597498517356
24.13158064889043
12.159317745019933
32.56433112829491
52.257946656029226
75.13304454001806
60.95847056003125
40.010676381210516
197.28392930629883
36.53465238321989
29.426822243986948
27.92322140095951
225.4639340045021
71.30576006420901
14.023237918019184
19.59760479245713
64.64416992542674
26.817628015665814
376.16066688193916
80.27609244256082
49.01551468779814
121.9373668663091
123.30134616095594
73.3677814174693
30.923340637711593
33.70562759880607
58.67580266878413
90.37009623989152
54.80934057201544
63.47499463400464
65.24491159135978
26.448100482280882
54.70381564058884
18.90649858710201
35.31481202375024
49.964504993541425
65.30989194593596
431.01904997363215
21.375673140186827
53.91733874682837
22.574655648419654
172.52532249996477
160.86682228324818
16.95243945641751
169.69891599859173
-1
1.4304524867512662
287.10111331314374
62.876545658806926
92.86715228941347
94.49338207785974
111.46591720327027
28.29300841322998
94.9046392265033
1.5151821693465448
18.693258272762748
201.4704706728201
126.30484603589564
12.245552972825141
58.32933171233695
216.6564239744904
10.362564488455368
29.68561092233672
254.77069947216472
33.742318215679184
56.06830793759087
76.81686960491477
35.43707774696985
19.480399134063695
25.49434596632152
199.75847521166074
79.60979561381832
52.744172342681736
57.34181929074396
76.06597669350943
118.60126471302104
5.670515651287613
161.2800910160897
67.53667714382037
143.12124460107418
123.10637009333475
206.20648062252508
101.88205937971689
65.64656396898614
26.186695100987237
65.00632269031301
78.9305352001818
127.66422577801336
53.26541580547989
143.62914803763957
71.65156782282607
52.044202568933635
36.78967298838332
39.797992068737685
51.88368364023699
38.32660884012757
46.536006958459886
33.58129088584895
38.438179436004184
71.27004601430811
14.165262745684823
35.74460557406364
41.14113855087748
13.878069354631812
77.65723658827382
65.53290030680333
26.017655093549077
30.971884715569292
23.534750209195217
18.267259544422895
76.62419223807042
86.72927528449485
53.967487499876746
86.85555274946493
46.686685277578654
149.8580441521739
11.110077640094275
328.28966507752705
462.9616868347951
97.94256872640585
39.26357633290151
581.5093408694468
105.36744459619264
55.24947115612828
57.454937008172635
21.694072450728545
59.138821644857124
25.53747178265118
103.28879667349658
111.63410424263138
1510.874758256938
42.648722521838486
10.549429770507773
31.298266982607668
-1
42.95469904784949
35.07287037434479
22.763717609156114
10.228650931319168
582.1490842127819
29.87712048549789
37.46139217784688
126.63724901364421
57.66158601576293
61.50417405275744
21.693770951420053
73.99949796829071
73.7455356081111
45.04707909100166
65.32545588812071
45.572418428050206
132.86801523678662
36.58912821413823
14.408377036523206
48.42550190508895
38.70777846804132
33.92940989482423
144.52703004442216
63.963535493287154
167.80540105445257
32.66765244510202
23.8654018181119
115.52738839968218
32.643689750520664
48.77290539186308
66.45812329678124
51.8889599872341
42.44986986941618
161.53518185866156
63.30249933841258
3.8949070161653276
127.3533970796747
199.18066305173366
53.23839007075084
22.99340794469685
125.65071061413768
258.32154698428224
20.30626192712922
78.45256837227375
232.50496410838466
85.96842977058166
113.30148266749693
95.9946380794084
430.45471986095885
83.00732997499205
107.52823481145555
21.359866145087437
21.54865608268388
363.0374013788279
812.040344961642
41.95613394069753
65.18440597085265
89.47013003148705
18.231521072604693
16.309561751456954
30.02803815969632
154.98374717057402
26.038818859736335
5.976049831884479
25.557379301827936
11.35859397344174
197.26263096528137
128.76642901415605
41.85724288416011
37.15495792271622
106.42116384218008
78.9326334520621
56.31305342838508
837.9996289757247
107.94367658505121
17.111907353506698
69.55137847860364
138.75514789913072
39.05303757622698
419.19697706633946
50.25936013168725
21.14898640550847
179.48897941121243
98.74886584025874
26.073195878130367
66.93229139329435
30.070756432898058
17.663259152845825
89.86018435295306
61.896406046159164
65.04557866007627
8.946610053279041
18.91428327742405
54.31727562861217
30.930521239272785
45.34546771749524
111.09044631687243
125.10033342420535
63.34192908753767
15.749920374233493
30.388929122150927
31.875587775497664
97.3325632951341
57.56721763394479
17.89778783588299
47.3835674128763
46.19120810188495
48.78057148925634
52.97184228767246
7.87762063393431
11.210267260116344
13.662975413327443
22.008758064170554
63.03162270334341
5.65684068285088
14.775122464225053
331.66731683770956
43.39978677045955
111.0575669508811
41.15995894305068
23.064193047144308
76.97990498655557
10.396365980536713
63.93105247055863
10.77626242737211
61.148896376289755
14.22123804358788
74.5911903659002
20.531740037645463
786.8897199478542
138.25314161403975
52.44945045008886
125.24306167895229
3.175697930395005
65.70410751868351
31.18896864554322
49.163161254667166
39.232517066259426
33.93084191863293
98.98660917497122
21.04554058831029
51.98080161847628
48.56505663959868
37.63218812686413
137.883666175074
9.69450546327967
71.81433538779683
