0.1962274168410728
0.9243285301563762
0.3468543460418718
0.6182215226908382
0.9518935009774341
0.8056738323338108
0.6673539186833395
0.9158179583512588
0.7912906699382477
0.8517442234987812
0.9835536454303675
0.7992188918816646
0.800368207670164
0.612388316105104
0.8153310077288947
0.8239275789649123
0.9497056858439555
0.3155689751570141
0.7952424083117672
0.6989960662823491
0.30377486147321187
0.4070418988664411
0.9521580807015841
0.5122169938173115
0.49099214804184926
0.8176172715294416
0.8098742737086942
0.8094358283673164
0.34435111628305787
0.7210948548752273
0.5998848391740159
0.4626988965441376
0.7117061063689213
0.7408078574313537
0.2272067055641764
0.9053682343576193
0.5595650040264675
0.8352036124659556
0.7651836346250147
0.9655584575116583
0.7236890039250534
0.811554564823695
0.31052266106193716
0.7149820725266138
0.9453468826838372
0.5134813146743135
0.33290746789193665
0.3521048528148996
0.595030083656142
0.748535095287664
0.49055286272898324
0.7783339172715102
0.9573133131065775
0.907675222710402
0.8760479419375128
0.7833060306018361
0.8251966599391888
0.9094595748435375
0.6102040083460831
0.762406472682165
0.9364576599260207
0.83292508362952
0.3273443239181531
0.1803770940632396
0.6158648631358637
0.8270225784197832
0.5716662254207078
0.895614776053003
0.8008583427161131
0.774023152078149
0.8987272256483483
0.7514066398247704
0.5563941735856948
0.7009435654163273
0.12984909457124388
0.8004670173296572
0.7829818822024813
0.746113769809264
0.8841582187459129
0.8008081231972428
0.9103794731333862
0.32891631201519916
0.7801632014669554
0.8723638953736728
0.8891368199435433
0.5091522337209596
0.774754286680568
0.7382351983586893
0.8373273480056552
0.5367961902913266
0.6665062104778982
0.8939340086925592
0.3610121113930645
0.9344688775591702
0.9207096321026077
0.8459927814001489
0.7226867882866717
0.7691664321884986
0.9562441799355283
0.5258632180811779
0.9352329905479684
0.8148579860736772
0.9447679557216434
0.8752411702962171
0.885891885373396
0.6048560020496213
0.8611187519015231
0.48093667907506815
0.8048048608951667
0.9034405898394602
0.6345488781057034
0.9108311334722949
0.41516380917139284
0.7969607614835679
0.6653747799326696
0.9192540779212885
0.9447217316645419
0.4324700909632723
0.8624640230942536
0.7521667564314265
0.8913163968858607
0.7848311153217383
0.597075510451753
0.92153797469307
0.8804372600472727
0.5973233020704637
0.9180015855969185
0.7372504948233589
0.7217972080851778
0.6835836157485419
0.3668626646173735
0.7903719967665118
0.8784906925429604
0.6064091243887667
0.6372544766488281
0.8363021523622729
0.577972787153353
0.19521003146746926
0.9053252509365101
0.9583583791112346
0.7649591451093731
0.8598866325146742
0.7453323138095217
0.5148054997838925
0.891223262372213
0.8729238923897408
0.9395658603081524
0.5876895977621625
0.527378538282247
0.37142451756267725
0.3885676399776839
0.8775206053763657
0.6993910120233056
0.6582569629360339
0.8135905439515291
0.9453660299772315
0.4711786202118329
0.9138412572918002
0.6426940885651778
0.8396206948371752
0.7733968430477134
0.611355995940885
0.9752844073910968
0.8991885911988373
0.9062985737096694
0.7851304064735237
0.4763777330497347
0.758742212072102
0.9482049132645689
0.5635751086511184
0.8484975070411193
0.7573601613044403
0.4510951631241209
0.9265127857063598
0.8977692875119259
0.423779248889741
0.9229726252479148
0.7018459951967273
0.6596610754830577
0.7457863054628856
0.895187468746139
0.31410620793017596
0.8541543149489232
0.9710094465464427
0.7071784657957653
0.9152885023342309
0.5978585363963127
0.5381766142372618
0.27195057774621034
0.28164189052714694
0.8184951501893585
0.7587926371630579
0.7971367541035872
0.7697054761018751
0.8530451679213952
0.8965645260029058
0.4830768027586564
0.5780775094139574
0.5343961604827434
0.9530746200632123
0.8750206715193185
0.7986436743988538
0.8757576284708681
0.8225378567774148
0.9248839522974043
0.8800354341370373
0.6215574465467397
0.6317286986816592
0.876272484463432
0.4770459945582233
0.8750815686607084
0.43306422578408243
0.5529672665280548
0.21240701888240157
0.9052735839752354
0.24179299574334087
0.7847284247276113
0.8665955362125551
0.5191234470379035
0.7614672173783177
0.5486435520642312
0.6755829733795887
0.7702789129389297
0.7189654244779085
0.18618741781289452
0.9361144554344568
0.3416453019452464
0.8009316094973978
0.33385146284559386
0.884596668207461
0.8794396416230567
0.7714593799737767
0.6715664400198863
0.8782521594544581
0.48824607993630104
0.7806948657471074
0.901199684822243
0.9006724692480762
0.9190959503210658
0.8352677369168828
0.9235996936652349
0.8294290595613399
0.8765048781972877
0.5112263029892818
0.8374528993122202
0.1725032478643566
0.5815432400425147
0.8570701549389926
0.8488086672077909
0.34896988637960064
0.847459401855211
0.8708606464903588
0.3750401717855312
0.8755188506820775
0.4759639272288278
0.7233776685677105
0.929832885450355
0.36358212214305874
0.7266701121898856
0.4421145504057666
0.7846328926827195
0.4901843755424544
0.21371601979367977
0.9285643315052917
0.8160499178015658
0.5795088734192653
0.900175661243989
0.8965662663051212
0.7708276457172956
0.24528938614080645
0.5240884995458405
0.4169693005266733
0.2774041535270637
0.9306117255801439
0.5339657762000068
0.8372557800145022
0.4128408092269036
0.2176406831705992
0.48141041658420375
0.2507359906200887
0.7651961231113964
0.4303869766344288
0.25854211662432774
0.9156181424486541
0.6446065547880324
0.9317349571121488
0.7198140727801361
0.7502035518368765
0.3693285312718488
0.9259671104578832
0.7834770868239976
0.6601884366192204
0.7604101779626267
0.8020879818767026
0.27499685433121257
0.5216126619137942
0.8903398330294305
0.8939392693339708
0.7948061893085977
0.923657941934814
0.6701909311465627
0.44384960228435344
0.7867270717339612
0.2905839789010708
0.8795045297278884
0.6074970262661101
0.30233879040252004
0.6957601439515991
0.8513458515233907
0.9190178152174063
0.8848157649946191
0.6011475909190208
0.8684895387900262
0.7387733958227691
0.7732230283459974
0.5366546417729908
0.5689236661322358
0.8905053557151794
0.7402918296002726
0.48047628694672506
0.741607914116036
0.6075571758025283
0.8691224414880091
0.8177489416292043
0.8699314985608958
0.8788558631143384
0.5070886334710575
0.6923742944989453
0.7575294310249995
0.9053275779127335
0.7425745575015562
0.5109761688294354
0.6099296896405423
0.7074211429552295
0.8315537173047495
0.6900388344426556
0.3047631198530753
0.2754257655245901
0.591868868729084
0.6831132571810963
0.9254756960554207
0.8272498651862071
0.6874385811524812
0.7448315558772595
0.30949850756831965
0.8023547308864409
0.5132760003174438
0.2552908284205264
0.8792463666478739
0.8822492467709678
0.8780673905334598
0.5884985083857929
0.5997273871645946
0.7196897651753482
0.7590847190096567
0.8027587456366118
0.8608991431440375
0.9667627153393752
0.8740236959954295
0.9080819419532093
0.7659777773657663
0.7422288191345554
0.9335237339949671
0.7724230296717894
0.8402253132081138
0.8521733562468797
0.4661429401840437
0.5774266201473683
0.5273097528037693
0.6620103837818974
0.843390802475554
0.5686519993821277
0.2500645913415446
0.9343861189989101
0.9158868207282409
0.5403944583033226
0.7580659804813576
0.6223990632642447
0.8870196032109521
0.17718521679386037
0.8955353312082446
0.7950621555113893
0.6215576346632865
0.7749521438912123
0.8069695520701046
0.2732096429379962
0.8146858633695134
0.7719689581094286
0.9053639521935603
0.4611611350333667
0.7134846709057401
0.5415041971361277
0.8577678978951643
0.606558593506985
0.8559685604205142
0.9358056994763666
0.3211473213693167
0.6930162777130775
0.9069945443489191
0.8783946242364787
0.6291281833369328
0.803389069056633
0.8468759145731981
0.9274027274226302
0.7735353840909153
0.5325482962115473
0.9503364319100527
0.6811852804206144
0.7998477248431145
0.8320685105838076
0.7231112108254757
0.6814056717216121
0.7855948144396548
0.4167956462942682
0.19339718655903598
0.5165067241388661
0.7900904397835873
0.45387949810801165
0.84088124318775
0.9108003406353108
0.7002276421341234
0.4233092446768723
0.7472439965248564
0.8720860511837089
0.8310106975384275
0.7737925005670867
0.8690351264682146
0.640085588497145
0.9142631061673641
0.7590586841792052
0.7363958585005732
0.46623625413527536
0.7681698742276818
0.25656207032395634
0.5653672948510805
0.7486530574948506
0.8783869507415819
0.6318827929921538
0.5380949798482726
0.7867477898275751
0.5384956705255224
0.8153822762981574
0.6532975353622185
0.44901971861542045
0.6210788599378536
0.300966300811934
0.8443347804552117
0.9009542406038744
0.27222382942872825
0.3608274826492974
0.7831401105377419
0.4377216701327222
0.9078012110443576
0.7860014902802055
0.781866775833517
0.9703351672827948
0.8030174362635518
0.8979934114014586
0.8781770249144832
0.8583210245225383
0.5862661684720192
0.8982655171882898
0.9405392286588159
0.4562435886487685
0.719924731994473
0.23615682341699004
0.6298804765850172
0.6984457742258388
0.7059174509807002
0.904723218815526
0.6415476429918662
0.8542841623763368
0.5055268957559719
0.676658844616314
0.8885000045376321
0.7983267976393921
0.541117904568999
0.8791263773491521
0.6475317190581309
0.1441236050936987
0.9495595338615115
0.2915170811707535
0.89544387985113
0.8335852047256813
0.7680143760650313
0.7076438600137281
0.64355650810435
0.5563891683864873
0.8631163743315123
0.28184804169820543
0.27882116397149187
0.757723691395699
0.23293172009752458
0.8971750811862431
0.9437072891657139
0.8411870476103239
0.8585308698703229
0.1518309041347593
0.8954917940371939
0.8443600869722483
0.5129010121738232
0.3751378146145057
0.7971977166826492
0.6451811681760686
0.2993189742166875
0.7558341124694505
0.9336994995353497
0.8988293054324991
0.6050844530839753
0.7639974672724101
0.5955041847800536
0.7869161327591292
0.7761075322271928
0.8796581610044233
0.2569137900540153
0.7782704377320244
0.6993343410357615
0.926943964784158
0.34186139931542536
0.8385922831037317
0.7966875778128666
0.8730997597780948
0.6082199409534941
0.5726411088932349
0.9021958159737944
0.7317645007889223
0.7346838617774144
0.08949134425127533
0.7001980507726826
0.6520156001195112
0.39993316105164917
0.8613355291071791
0.32801400186975427
0.5399954773473907
0.6214093589621669
0.8118215863138842
0.8238954937545788
0.37907467149001967
0.9226443267812673
0.8601520074168002
0.7786155369550257
0.8361516629883851
0.9130963074506002
0.656179561444067
0.8722185594224808
0.9142519382050548
0.9465210466460886
0.9140950301578675
0.8445442828483088
0.7882588034035447
0.8907585812046321
0.8287563721379826
0.7701180245905942
0.6769426229625245
0.4445483081033545
0.2718075322681011
0.9176192742316407
0.8604472894510401
0.8707471049578784
0.898914488187497
0.9484516547838775
0.6979904532098749
0.8254436661600756
0.63516489553603
0.7002966394695832
0.6748481924155293
0.8694110848910158
0.8477415370767682
0.919845232597402
0.7956478900738359
0.9050083826931652
0.9072746061494373
0.6709467183482171
0.9514558948345447
0.773829607112072
0.8544620961061445
0.4892879402570555
0.8460191363955682
0.3900050977241085
0.7178598187830919
0.9086886244030901
0.5903357458155994
0.25356621226247783
0.7722292030890946
0.45998658287751715
0.9346887411477084
0.7863898197150012
0.9362787002417196
0.8272730990154639
0.6907295719932609
0.961938538989786
0.9606328519574145
0.7123605396041298
0.29784340276527665
0.7339375107156499
0.9114961500747022
0.9426971808284589
0.7469804335885477
0.677120544142009
0.20979278459901013
0.9051641731011836
0.9179474846252929
0.8019274828380107
0.2929981092191223
0.8440340347340662
0.4999990814637961
0.8851069220335752
0.8552359693384375
0.6717014664801786
0.9010563477539105
0.44255031748005524
0.9247062054528448
0.7138705221499183
0.7687259117857975
0.8225235532443718
0.6772796097876383
0.5013661781312541
0.7565400769442246
0.8563950409418034
0.6749418276807493
0.7289630964204653
0.8603183526261389
0.6540404264237788
0.9385446329446933
0.756151194495822
0.8348940970178813
0.4033726607131588
0.7571985291343692
0.6405447472950742
0.3272080688843305
0.8518562152140216
0.9023778657146021
0.42165630060997056
0.9113171478310799
0.6416065079987764
0.7898180825404472
0.930902523412904
0.6220382864527569
0.9095682492877178
0.7587133621521682
0.858500703574208
0.5123864410382813
0.8535472937444016
0.8523351461246209
0.6274988840788562
0.6366299343299576
0.6166741749121488
0.5676168506970294
0.6007022178278757
0.8274485569760204
0.7439059254125716
0.6993825627990035
0.9060447642823345
0.7376233930131334
0.7080171209003854
0.7780207874312363
0.8628909372890874
0.4921090109911803
0.9284501620007727
0.8906423668575997
0.8720218585574254
0.8947291411617163
0.7069278102604963
0.7617464969236925
0.9263293828869321
0.5831526670479986
0.9210040711559487
0.8515155156746618
0.7635388326683402
0.6207347073909354
0.5582263906257336
0.6756146136783258
0.9252836956647708
0.8870608047485176
0.9428673733457105
0.4581609768596456
0.8873333278596223
0.685033243646981
0.7774849763222039
0.48321648332027967
0.7168327739869649
0.8639996541525633
0.8421151566689535
0.930446065711632
0.5361075892994157
0.4946514339675821
0.8089924513958496
0.7982739401442162
0.7900240310959808
0.9322763608221217
0.9174543007778643
0.7796914826977535
0.7767005077046144
0.7824495061691457
0.06151236251129937
0.6800079856603395
0.49937699345937
0.9248976061430344
0.9602803190449986
0.9544167469462964
0.38368913913317365
0.9505499633678511
0.8782547854349716
0.8117093215432641
0.4695227791640956
0.5879099404111191
0.9333554640083305
0.6991933438798503
0.4978996412879765
0.2842039697698924
0.8199015830617121
0.784277452137088
0.4694211898339996
0.7890629348634665
0.8296226174526308
0.8780563668252213
0.848913080653625
0.2850580826389166
0.9262253301258314
0.8912677081349528
0.8401220697498801
0.36153704856819313
0.6300082046603065
0.5950511704904451
0.39583345956495614
0.31591274132520053
0.8699260780127732
0.8609154744579115
0.9483780256928865
0.905910181290938
0.12892879230054
0.811545260902364
0.5590338075610296
0.5963599236874739
0.5741513470173361
0.7929695324508448
0.8001963695063684
0.889632238543212
0.3408629392946932
0.7829696393999559
0.9107866285024294
0.15071392780637147
0.7831146856326464
0.432050231736606
0.941148204151377
0.9237388505734829
0.9337011442532882
0.8998894680332877
0.745471914586201
0.5490694419073878
0.4312159751000753
0.7569459469777895
0.8314831353045291
0.8223268104385241
0.8622736602065394
0.9140621711435664
0.47138612155233645
0.27534193519190575
0.9338656062633482
0.9174721944162619
0.25747388322450465
0.8122197723306849
0.8424835299998378
0.9388239717704943
0.44139063122229516
0.8933997912050805
0.9480301786929813
0.6943128349773656
0.7263644814928727
0.8017031250352481
0.7258698768755488
0.8803268365061812
0.8090687724561307
0.5567519412036952
0.8880012100432972
0.9128006923026006
0.8020487220571153
0.7605769368481601
0.7271232609724653
0.8266597391507777
0.7352611769370849
0.4194584335890502
0.8672894393126601
0.8070287482596544
0.8076328078800742
0.8731834284533603
0.599249313897609
0.5973601170158417
0.9181112534288575
0.876847481191155
0.8567301518037344
0.48757112136202
0.9420622145231877
0.927317454705737
0.5935927428974258
0.6135326144011432
0.8132003278718741
0.8958372861133084
0.3409824305663715
0.7037648157483335
0.5622390541878691
0.828032702349875
0.19370440698090055
0.5974570306166088
0.8659174083373902
0.9488405034725835
0.5379726488668481
0.8869856156638138
0.9132566184482286
0.45374736232949503
0.3384526955896019
0.22727410371417903
0.3755284077281596
0.688508733213608
0.9591908578401778
0.8876838858992896
0.9415889175245172
0.4668066925575998
0.6614128621420408
0.6629933537640171
0.8339062810448656
0.23297337187608758
0.4172720754954172
0.8707389932054954
0.8701274962803874
0.8717635989666822
0.2682619352880365
0.8701446595950245
0.868908036216569
0.5544822438638273
0.6772098244503031
0.8393801014734268
0.6325765534192447
0.8767809011496824
0.9377839265969687
0.4524605786408852
0.895895783666692
0.38391243829917776
0.8432088748500275
0.70093299005636
0.873647398664842
0.34936169828041475
0.32428639702675527
0.748357456879963
0.8376173841416324
0.8234157168774265
0.3435448918515947
0.4271057489501792
0.7553712924133229
0.952168515423448
0.7172234476083105
0.6988637408493142
0.8936270428819769
0.24456347569037443
0.7359870215702216
0.9135662455430565
0.6802568700474155
0.8487939455096023
0.9154103990357083
0.4110957438457891
0.9355063531630292
0.8549071140033705
0.610284501962972
0.7924756069101482
0.7280529280561346
0.8609789153829683
0.7761967235214389
0.9080789334991072
0.7093132237416226
0.9298780056398129
0.8968360856300136
0.8817000393284771
0.5276317083463585
0.84646664375451
0.9046405665009344
0.3966035466037971
0.8571289496424473
0.6854768754470449
0.46900357073789667
0.7998065752084244
0.9361572499924422
0.896885588928679
0.7105599808419442
0.9362748386125407
0.6292678441166673
0.8847659756929709
0.7144081840913316
0.24146576928048305
0.8917195593180737
0.879202266601182
0.8031237328108386
0.8496838268683008
0.8123423775384478
0.8340665456454311
0.5826961476877232
0.5665079651401452
0.6784907908333414
0.3781591051228784
0.8585267531008427
0.5881171007109387
0.7740981596115335
0.9293371114459177
0.7805706584412085
0.35647982431073566
0.7669791990167817
0.6098598965112342
0.8033362266379485
0.7975215577994256
0.911094502053931
0.9431019228491676
0.8169552771901394
0.7193000227088504
0.8287838253528664
0.32170389805365485
0.9901087363392107
0.8072024814307796
0.6010992445847375
0.778634393148161
0.9128615071139854
0.9356689015682228
0.9208722064175546
0.751237425515023
0.7657947293886511
0.8595663274971451
0.5082400860578862
0.5548772857037647
0.3326507976187579
0.4642152268765579
0.7916825204804697
0.5393769959348916
0.6651374286406804
0.6316754810599642
0.8837911508120514
0.39569429485308816
0.5682826883040021
0.9110902607182271
0.526314532630437
0.8257321719055466
0.9555252686977558
0.6162965723569418
0.7496598793543465
0.7729174219165122
0.8212646619065034
0.6402268476292593
0.5932061676632915
0.5176982367593786
0.2709262096441646
0.8381106156730789
0.8295207710728155
0.8218287006370935
0.7687359023955851
0.8055562389642102
0.7787825621349832
0.536682982712472
0.9407613237577293
0.8217291614637005
0.8707201752614208
0.8240785781010644
0.8198876016010394
0.7471540340535796
0.9073715849742787
0.7645309337405616
0.8510739130563985
0.9309971647251426
0.6347189491462819
0.9250958142864876
0.8838531745187108
0.2801799219653852
0.9049828978412717
0.822071783936628
0.5957337500955954
0.2625083004810587
0.12853812836469977
0.855437775070425
0.7728552955977511
0.8075664905211009
0.8057295896406661
0.583626664397255
0.7809070032428668
0.8881066540154552
0.8576738343104626
0.8545378647676387
0.8340297324659672
0.4298797762993736
0.8687188476355161
0.6460675444001829
0.7303459906910208
0.7516327646620873
0.3912625392094682
0.8254221052188389
0.9020087542692435
0.8184943780131928
0.8341193210788228
0.7190497259129782
0.900991171688749
0.5781572157173016
0.8554984553324667
0.7224642654527671
0.6901452267253758
0.9550610711244183
