4600.366838571899
3117.8471967316327
6950.616571801871
5781.033854980382
4210.136316375776
5118.423744901812
5609.656849705575
6093.91881957367
4257.580963835247
6313.961701799025
8175.759392886294
5696.948001880792
3347.72386667698
4587.014081113738
7254.146179969749
7460.406060676407
7770.758249163591
4608.206506534186
6595.7587525934805
4745.186029075702
4211.364030599582
5740.3425018363505
4306.645916974608
8314.638835004222
6324.178069741415
3369.814055426548
2671.5453695695846
5614.888005518423
3033.1136453746703
5762.417598553961
3496.0011456131883
4155.418651324833
4262.071204436956
6042.710934474946
7166.793209762124
4143.978210954489
8662.051767995086
7091.248145560926
4097.805302610224
4078.055299181652
5713.43871065935
3222.850753281892
6538.037276401127
6649.646748534189
5879.445341943971
5510.841532209759
6603.394668072256
5479.741652636948
6251.013340290213
3911.239390655625
5735.555344783371
4904.761737424568
4946.646235667806
6576.9079396014495
3381.6247851137987
5542.703215151498
5001.747138621952
6397.804067337
5462.479773842018
6842.691030739013
7236.883142359904
6436.554192616181
6410.399200301634
7137.218492516378
7046.458908166714
6309.326191547905
4814.017313208567
7704.329279320059
4283.406008803885
2357.826049380543
6666.948512330385
3754.2742566852426
7375.062073932266
6020.069151695175
2946.965452277736
6599.621531079476
5286.4677422308005
4842.589239336562
5182.390949022465
4588.847490102351
2028.7298908938324
4419.971914919222
6015.0540442656575
5899.860005847377
4423.624318772231
8459.099552852773
4618.69121466116
4811.983424984754
6660.906215566139
9018.03982364248
5284.742450911561
7319.710686675173
5694.234585662774
6090.809370846543
4287.607420595131
4419.9640566810085
7882.334134057511
6889.0161241827545
5298.862188184568
3794.3965621608495
2876.77109763281
5958.873433504154
4438.4919837992675
5852.7511611511
4919.774192512362
6726.2527823817345
5099.4007262353825
5803.665545027761
5480.063536618796
4770.615464108899
3696.419372023731
8736.50272594847
4058.8520565201957
3595.755293433163
4051.1445920233673
4442.53798754582
8305.513687191293
5802.1136155591485
6331.536228219737
10860.68097281186
4116.890058257
7365.232295242899
3227.016341466089
4056.6878594828513
4955.395146604305
6858.634547269469
6392.382832305046
5814.165035268913
4548.852878748002
7209.469691756347
6597.873867198271
9832.671231713803
6426.166485503063
5097.232256518005
7221.063453075712
7555.916399846688
6610.689806744007
5484.529894620751
7428.418856579833
4852.3220664645405
6026.764157985357
7094.245505558961
6643.281397288455
5689.881334678645
4156.944388336158
5218.143397315753
4722.056601683179
1423.2859988527987
5575.750513721099
5255.6307607891185
6902.212710097184
7251.074940897096
7358.866683569352
5163.903261413396
8854.2032360349
4636.02100382064
6415.859137371141
5501.672915293157
6579.91483748625
7013.98083852409
5123.010716824993
4150.0193879896215
4429.813346104671
2396.7052074305207
5929.234666919963
5290.995124482154
5021.283639238706
4070.547721107085
4416.520264817779
6427.575058676642
4403.08408978022
5113.008955123077
4130.003851333194
7506.165035653577
5449.987908395481
4513.333771610573
4732.64974325802
4258.604484707795
5746.394734147785
3451.478679437208
3755.404953053452
3213.063210742641
7061.195021108086
4438.9043475272
7505.272869182162
4765.536087515433
4573.921408905614
5942.468018818211
3931.179339897664
4597.028813535457
7182.091631915832
4927.086856914247
9124.321055905613
8261.004152044234
6799.3279691578255
4817.273233160566
4773.548052200367
6547.28838147759
6016.0417901999535
5684.472085551479
7065.177566620148
7224.840629971919
2591.5210938057417
6175.276777005688
4411.338096052672
4971.328032389538
7817.473906982959
5741.26821689825
7145.11062275421
3902.785622443381
6536.534170409084
4586.072680309409
4835.677835160989
6503.503378064815
6524.314828020367
2595.294784714412
4232.81728736866
5447.591917216063
6323.351106787139
6561.304272361114
6416.230834770602
4964.116365701444
2734.8541947085905
8705.655312105244
7687.729782693777
6620.3424717844
6683.676321601182
6112.411749503292
3425.836332150708
7214.548067266852
4883.776080895044
40.81518146322804
4399.636748913164
3658.7186542334007
3879.560234335219
2089.7179789114903
4268.134828316053
3480.64626708663
3846.653557129502
6791.853699676007
3919.864433153186
3841.808682925165
5173.322315931821
2387.4017074570593
4846.778530940487
3636.833085090538
4837.469069175321
2756.056597081149
7452.011530528478
6663.553813409548
4091.529225216698
5766.656735291461
5822.558277386932
6122.733046033498
5590.805922780267
7279.504372092287
7503.484206946103
5415.092204138655
5041.837005016692
6637.353297337822
5176.478525699708
3506.6547588436156
6238.62283075742
5175.176459223999
6390.129213784071
5368.456326034403
5241.43301498739
4617.612490014531
9032.48713151721
4785.2642251814505
7852.839969975563
6684.413064537506
4539.397535245396
6675.876632869782
6457.922077386834
3182.462810711248
5042.265152221298
8114.113396621284
7510.428936155729
5809.922345036138
5827.558945677189
4463.252910723387
6025.417712552951
1911.210807816849
4951.514483442808
4824.572978644912
3996.2761054361054
5537.802603802111
5801.657992773931
6710.538302420315
7409.007516541549
5467.673514084888
7647.679243531362
6342.725972702267
3127.2882903562654
5353.404089747237
6224.03366956519
3355.8327004874636
4945.502032360238
5889.684418695568
4360.648285870815
4440.1271184056695
3164.975359879314
5052.395514150394
4510.998527814921
3613.684551560669
5729.812119573792
8277.891178650458
6069.190045705352
4735.454212590374
6281.065142295354
5764.67308281726
4522.681343004782
3012.1438053881
5090.506670840163
3422.02137403405
5660.33930406696
7164.465083742246
5398.904808813206
5310.334907468538
4250.138702517294
3864.709344373124
5759.676169704243
6446.170143706985
4776.125408324697
4921.110896079518
3431.273842110688
6758.7781874295115
4328.7801257292285
5115.557519707993
7010.479729470079
5493.074303065479
6858.309618211466
5067.4090035178115
6656.550849547599
5683.963764827757
4666.4637840332625
4644.878688473759
3654.610960591692
7386.544768656513
3598.665274839169
4648.462268902487
3887.9431776178767
3925.753046262273
6580.9071026274605
2843.3020205570383
6046.141732662637
4082.672422603651
5795.6921955002645
3253.1409447225697
2376.1331538158233
5889.492087710278
5250.9516849802185
3916.446713842508
3492.1170921432645
5064.53364486733
7484.149600984901
5466.103131479883
7190.208335222007
8118.323086437108
5195.493103033396
5853.354217356678
4949.0894335279245
3201.3006525242777
6406.542412735972
5380.328075961981
3229.885538462003
6902.553582052258
3939.925576918549
9239.641728761431
6125.028358054477
6406.997462331134
2941.6004772136353
6654.463256643633
4707.969021451696
8189.722119214302
7486.245937540675
4173.428094267401
5418.971847122399
4948.7309437200975
5858.565779419679
4601.769137558553
2299.1430668805842
6691.584002809906
7411.620580169394
3960.8125614947244
5972.489846961053
4788.035756178638
5309.40752499448
5129.299916371047
6561.059572615016
7830.083672677041
4397.202472123831
3975.10305914395
8553.237795113482
4388.360451259509
3581.7135373045976
3953.241082227395
3520.0768598004643
6952.245189679443
4620.623393407611
5533.924295731288
4585.962991639604
5275.962194864195
6974.081141996098
3779.905168598577
7393.7530157529845
3623.9501355115412
6029.7152023773015
5501.152572397789
4386.813666910421
5491.658975398184
5640.754925404095
5929.224044217517
4801.310446640258
7052.965822179656
7775.795947152065
5737.868572549172
4663.2725766216445
5513.039282026042
6117.944106512291
6522.430433305018
4843.331870723012
8074.853926568463
3591.4416563235222
4114.500273976339
3861.2649824283076
5047.23627671695
4750.415140385119
5941.723116410969
6828.852236887839
5023.495793200101
5428.40398958192
7030.174686766554
4801.991789923548
7071.649848735188
3748.5016861467907
6697.09970295152
6980.846664738238
3421.891230393099
4262.0217400624315
6240.810865317207
5707.480466663613
3846.245155237418
6441.282065312431
4923.9102664909715
6236.143134482741
2837.829829519907
6933.269701855831
4160.589461303321
5383.832311203898
6072.0681076460805
8014.685153560199
6077.727195472873
6222.763192123206
7636.209459095877
6956.479496281275
7501.449187070661
4694.421393759406
4387.201978539413
7273.873115494534
2991.273342623024
7050.6047936899995
6715.082218675955
6239.596437280566
2107.601214472542
3314.5985962330064
5763.410049011371
6223.4555175822325
5704.143670054559
5927.068284407366
5552.096647048456
4772.526662741531
5112.816716044541
4775.083757940949
5258.1108653415895
6409.171549823253
5500.826759017655
4500.870148919235
3296.4378230875423
3817.3314861023887
5554.993128021347
5764.890705237603
2692.875445216084
4109.458803615893
3834.8316279420983
2793.4117672300717
6170.778726108534
4957.828855146079
5627.544978626779
4356.739538347288
5273.310853863466
4863.16451156378
5357.045039219897
5110.906994266684
3800.9666005040694
3531.2830082582414
4424.746544455692
4588.900201244129
7062.002269090587
5600.719522381427
4150.060583076087
6663.896956316377
3086.4057988047357
6291.587774686172
6326.0491185832125
4254.742505943505
6605.258741901433
2940.327616640919
2972.99287017071
5241.918897176171
3366.4175955489645
5758.996625290411
4416.04622108275
6454.419117516635
3832.656409575816
2804.6695784010785
4669.356826156667
5172.779859053516
5354.766660676405
4372.519545676167
8128.530837443388
3157.7895877684955
6301.429294804417
6181.588625637148
5536.732032825552
4955.014007930992
2916.6245609379134
7839.4789342923095
8529.636488477448
6604.944821610041
8504.937131872977
5955.727718279657
3529.975307843515
4928.823549131111
7703.50948823963
6653.80830202422
6622.81337027859
5943.454957717384
6870.451488740934
7041.793358813786
9534.14652588207
6294.111975244358
3647.983631942083
4606.020637438465
3613.3629910092536
7493.409806357737
5796.950983104726
4233.367687630357
3341.1788870823984
5902.668909179826
2995.505267401366
4533.079528387806
5099.096473339466
6685.016905366405
4802.288297869132
6404.430340853152
2108.256843327827
4337.731031519387
4428.168167247439
4750.98471700901
4808.797735646547
3824.999597165748
5582.1613294625495
3551.7138712863652
7756.6156356885385
5601.225211642666
5589.305634403136
3576.683730685488
7258.570258793769
6947.586970108047
3687.178447041148
4762.058192345071
3950.371751810865
7870.467202043488
7046.853874726829
5877.362297524911
4624.636926396792
4975.858579466176
4291.712479505045
4725.983242663773
6201.187735926946
5121.840332680626
7124.437560110088
5271.422282080477
4999.943269885627
2580.3763729935754
4525.1592675474
4949.887258181843
2872.388964439269
5130.121961641808
3458.410482619259
2716.714479690919
4035.4539552957294
7688.016328131724
3764.481515511109
5637.56370666326
5574.865063596461
6679.335730711705
6064.505026530062
4321.078848995668
6413.544621830705
3978.455432759855
4480.703348745655
4341.778927904476
4548.676497577177
5371.152930221328
4534.386150455523
4990.901601721891
4566.483361900311
5431.906682244736
5882.207159795345
5698.250059657293
4950.0840462263395
6697.29982232628
5201.700576888108
2813.857305984684
8918.937225902697
5118.668977205155
3203.1232031098557
6608.8216628111
5870.396151037752
6264.981541552539
4149.996098064867
6771.157186656387
7121.740492106769
5001.650702917496
6137.922817635368
4948.705393954073
3321.9968846046977
7024.57474451341
4797.346471503531
3576.07150402708
9186.294672148397
4373.733640418169
3128.3288374989934
2987.0424542108826
4264.989966396857
4978.081789696974
3073.8945831743235
3735.831922627379
6041.201360149624
6626.347789746134
5148.037903262283
6805.1683795100125
3137.906032233355
7265.369057843316
1811.9235039149753
5896.146797927737
8549.778420161663
6565.549766168992
6662.054273371471
3558.831769069355
5785.435233199493
2945.5362763022204
5211.6106692098965
6704.343141877972
5129.415638384628
3570.6127270741176
4041.1553985833825
7117.760244675375
5808.324002693547
6093.682950090721
5734.922983144501
4884.786294619144
7285.210393063571
6302.250583998922
6425.047543189676
7724.962520527466
3616.8716711034763
7004.101719465554
7303.190828620967
3083.0500843142627
3796.7525183519856
8059.401500905384
2697.869481035102
5481.768985830631
4723.7650164983825
7976.980261903617
3199.8945862646074
7639.494636639354
6399.271102642055
6401.065776942663
3200.397589412691
5046.775005337269
6333.1363038936615
4029.391813665281
3474.9380418391156
7246.22420512046
6725.803626408545
1799.6505594062319
6654.519598868578
5794.317475643569
7477.707619709699
6425.98543377679
5783.461329823971
7276.338111508235
5483.639218607448
3721.1288061824703
4660.392694523374
5598.428410853435
2304.699299775274
3607.0668596094943
6497.879593764968
7878.415192040257
5336.255980286566
3865.3591748583917
4393.096289421242
3814.142776739637
6125.825419366535
3295.6561273423777
5824.637622134813
6907.871809412159
4504.838662709008
4767.465179278959
6735.169436227349
4512.080077462459
5735.644115699525
4262.270131453464
8533.652959384988
4691.615467825654
6329.935221110508
5854.7116033554075
1721.401461363352
5995.678550154282
4266.472540740797
4783.282562981621
7922.679980314759
7069.014221700856
4908.513376737173
1928.8593646487777
6748.618078351204
7512.714813900453
6757.387056952198
4061.5971069689576
5389.480237528676
7850.390714514556
5250.417863468491
6640.844308556546
4514.95273732328
3385.045147362254
5858.451822985537
7910.5082047528285
6328.41250440996
5976.517836754783
5000.166229309616
4075.8982869011993
5139.2751937551175
7798.019837297742
5909.259333667842
4445.887880868868
4681.167041861581
840.7185246520951
4722.2518302310145
10122.235349984356
6607.017824713219
3894.79233662988
5528.941403040826
7199.103934198451
3570.8507876428102
3890.2727191375507
3395.4544298186424
4312.503544589551
6455.96611665853
7410.0721215707135
7542.042292445168
4764.854494102714
3747.689137707807
7615.407781268036
7781.068809094936
4244.22415191228
5999.728608204616
5649.473107807606
5385.201295020916
5906.388444178139
6350.021804547537
6985.148486644597
9008.256616730296
3786.815726527824
5029.0844484308345
3833.9648696931667
4143.7069100439785
6609.870912159426
7538.802203214863
7963.304353952895
7150.880761712829
4010.4996154531436
3985.9446906298153
6555.557793274151
8097.879048665486
3198.825246390698
3087.2455230540986
6542.225876106625
3334.2038992617618
4478.0607024885885
8868.984605113079
4437.483664475971
7012.80651858683
5367.74301111135
6410.232936646469
7677.017797447894
6250.578491566312
5907.85211014853
7607.138783029909
6230.367158112984
4822.855386237527
5706.898670954864
5197.041075483244
4761.038653539123
4762.058100432901
6578.159038491928
6511.069637889551
7307.787741529343
3612.411361594678
5180.206712403018
6848.271557340549
9267.644158843043
7347.339504307565
6276.7664095979235
8123.855939336385
2823.328016453246
3673.130697434732
6866.546374319415
3797.832320548127
4138.809413193996
5520.372114290393
5488.495451094553
5585.602070617375
5129.2423627272865
6793.0433326988905
6460.633593816892
4815.867149222312
3671.2507165307325
7007.453845537424
5359.4178655791175
4394.035267699553
4648.028368093858
5223.167344371605
6097.808963013645
5976.939428181363
4863.261394447382
4297.59251312752
5670.327914075811
4682.836368750663
7285.1704808694485
8254.750113041919
4122.435317098695
4378.572764215145
6947.286048478378
7879.050266863601
8119.097401713466
3710.428028485301
5032.547869631382
4211.825957249861
4953.388235441657
6965.659912095478
2858.247072349762
5156.8364374598195
5828.480549808575
6614.89944638946
9712.95017517476
5393.369256818007
4280.154089422673
5433.567515163972
6352.057324524314
3151.7000700348044
7827.524405110708
4395.02443532131
6785.628696723748
7045.1522945758
6153.430779380722
4888.519214974631
6317.433422591952
4756.136547692543
7041.424605355508
6429.935225271425
5555.003473264238
8764.04190062759
7055.24013262914
6484.0697602634245
4343.647050327418
2638.926840175946
6505.459676606016
7172.4813418377
6671.761052988332
3942.4761723302995
4781.245695819303
5949.842934952118
4058.8939555871702
3143.7083406172974
3938.0128422155494
2686.8216250539263
4673.131638566289
6385.905846590827
4997.709186522074
8441.177979297965
4187.700514926254
5298.994648805952
6540.287307524084
4666.753311569158
3260.360610865239
6939.260393093231
6115.690156853195
6710.944023008194
3935.3177629781017
4661.714618058707
8712.087399106204
7253.131072670228
7823.810156940921
3590.846765132299
5898.468225907532
5212.30302979964
6310.16972294377
3430.0679889255484
7991.056252236093
4327.0780277765025
5081.424452749248
6190.89335608796
5414.145031270998
5775.473979342252
5886.759485923461
4646.51609460544
4750.769590490859
6090.814019773077
3335.389366195884
4518.643105529108
6292.969294690623
4003.8477896701197
6864.698071805967
3181.9964655713616
5976.081569404703
3448.5034659672874
7315.640443991338
2205.3725941821085
8281.73312290004
3932.916934010483
5330.248947966032
6738.452692129376
5731.632016947253
5698.387163551838
6756.683868552603
1607.9585243847068
2163.85883787452
4734.918748176624
3330.0239065612204
4946.405784983274
5244.315248944317
4657.738091030728
7493.98857541603
6081.49878131863
4943.86197079051
6560.178423158554
5229.202404204258
5059.283784647096
3297.574755865305
7402.960330962314
6853.2714736560165
7567.765616308225
6976.66463592581
4785.067215768032
6829.0630246722585
8354.482290565169
5085.385564703216
7924.1331995098335
3411.1602857280204
2244.3218395309423
5255.789900360384
3538.587269318708
5315.70956726211
6220.39159128588
4791.169487468055
7042.1595770753665
5162.781765390341
7940.628353601681
5376.488393810965
4207.656159624505
3439.1274026600618
7201.246028671377
5590.689662783394
7174.604609785479
7101.350381151307
4695.578380803765
5983.936879812021
3879.3717365961593
3891.8870159812172
5477.131814507215
4747.730915224806
10439.684452359654
5914.954036712857
5725.936323140241
4054.737886090327
4052.55845704632
3866.382565650282
6095.906001853014
4331.75740228761
6940.975576825183
6622.238745450209
5520.86339830317
4099.1651332470055
2989.830803094169
