59.11861499602023
213.97042601026442
115.01708642545883
124.63019786835262
85.47281711129084
21.873746976973187
41.94154646276906
130.37715598699074
63.54734277134164
125.43961627132393
71.78230852722555
100.5401377031173
89.24430417557222
60.90163624333687
358.7541938047641
306.0720909937795
123.70442619698842
98.19598971223466
98.90022420526871
736.42814835208
153.34874625772696
42.72588662528758
91.0108473985719
3.4853110185814153
76.36567960524603
64.07677352625794
94.6797937098354
182.2367219964508
56.93585756164043
150.08593223855075
108.32985811628019
71.54867485916029
74.9591555036704
290.43939893889836
88.91943482349953
215.2980512069396
88.77801640030582
69.58444434347815
101.04075113790037
1.7551674670887902
201.85420526430707
234.6054074491321
97.94449068667113
97.11416384973455
105.1460454767563
163.8696474034547
91.16730574729125
20.44463277767966
68.92897617858551
81.10178540449908
66.36360134766186
115.91527413686572
4.888450927692032
93.76771345871784
99.39744968937094
133.2705567777433
85.14591284274555
124.51328171629623
178.6874014118639
2.2256543379042815
45.466903446321986
65.94255804338377
195.0909147136234
181.40906029636682
74.5835781469304
134.73671546399316
79.88930787925423
57.21487273510839
165.02750300571006
114.68881194411368
74.10690690283393
60.81449688795183
103.31733780982029
89.95590930404836
213.9435693548434
75.80273177546371
280.41326218866277
118.1891809065277
116.41705555853311
212.51806903557716
87.67017694917648
95.86456191071329
103.69333944639574
38.27462795159578
166.9987370041581
49.87093214691979
121.70830167012902
125.10877917498242
57.65568670890199
157.91544850974094
151.7662151407282
69.85900839123339
61.41138227565316
124.97144963102659
84.68866490714974
155.31259591776896
272.5197724746327
41.337474611969725
87.1746138416991
179.87284432244329
74.12721595183812
65.82326241303772
242.72303344082314
141.16155465117362
78.53858492029562
51.666912465992056
84.87039890823401
6.513254673094318
97.34619746335667
57.78527944300417
271.66192504877387
18.36763753268633
113.06652257632963
60.842227075924086
195.01327583540365
69.47253272310618
78.72905760812479
279.31343702469576
134.32998403921852
173.6510521132477
49.45233833471236
71.99935420258743
84.49145281791006
126.34620469867669
75.80846579370719
61.16358282296303
103.18421420975153
106.40067685032075
125.69984772847839
155.29877958526404
183.2511504161964
217.57878048327697
184.23868225913628
30.473600370655863
1949.8115258194134
205.11861472947677
82.8020817973361
78.73039847027982
68.6823049116506
67.67232269669653
81.34679706253077
101.46282400707692
58.583478130705814
340.03437600583817
145.39757767809053
232.5860121251914
86.88306294482976
13.018994874564235
344.63071332469826
72.4911577453654
443.6278630707398
135.8857765433956
117.7345148973907
82.43698808402416
310.11205795251703
234.7258483272686
122.04163668575804
81.5459901192689
91.0857001454402
84.24377393638125
69.29730113484906
77.16413499010147
66.75515485295965
123.18041240680677
78.85761396570527
152.79663073073297
223.62898493348374
65.76267877277424
155.0190624003734
148.81410639547158
74.87647162535417
209.63828086835397
4.209663968156441
76.29871570324033
73.62366161780622
51.36350340772486
58.69189720353019
188.53388784841692
93.4900402178514
27.57217135795953
80.23248281395585
102.31665685371084
60.861571505486914
102.32394907271193
87.24833426265927
91.21013850956767
81.26031412116362
103.26202894633859
163.57067418528257
223.39696203415198
115.4686675215501
52.59593718137918
93.83097547794522
17.760759087891078
3.4751239271304835
70.30021031020527
50.50279923252699
72.7848461130869
87.00534953850293
82.70229883335867
118.75909802822967
337.86208363167026
105.04015704947484
103.21979324854611
65.61082557709017
78.92954403387675
146.0370773137504
86.58304691821937
71.87580419629214
66.51146537761866
66.07907913038521
82.45220285757111
56.86963189326369
261.62425887334416
314.2603750285526
76.21546498761448
33.082647449122994
105.0628428150257
98.9314010452885
65.810583452751
55.72569297850793
143.55846353698777
76.84962164847293
78.76097727811228
71.49888411339259
127.8960026025255
200.42910336028154
74.92084500883308
60.46199200601281
92.4620644572644
78.96184091208617
65.82525591046978
77.62835042138201
93.74610334225491
82.70795311930138
287.70157519287926
58.33433418062988
91.06527487908482
106.05414644295975
93.85598280474592
84.18936729222922
170.5281399756518
83.09123057746487
188.52347214917432
55.18642597629115
142.81915567584903
100.61276779332977
85.33000181059703
168.21249463749766
82.77535628054187
70.6968517871593
330.4634979845057
173.37619082911044
1.51783723165259
201.49796085658207
39.636750189879145
124.2454692996402
64.62898949203918
69.21241580086786
161.32191539650995
378.9298697774137
277.8269980827743
78.5507127218937
75.37231648682297
197.12901682198364
119.63645740341616
76.81701254480893
158.46012555806539
103.7285206665861
88.98888102916082
162.47929663091932
203.79492794273446
151.1345328392444
227.70024308007228
120.49159817903576
113.54099976875429
235.37233543449665
95.85356231397222
57.99293344864181
85.35363934702413
38.82298939089201
233.7088116053198
97.10968962232879
112.03920659366122
161.42247117457413
61.43186428952343
227.27788391477858
64.92877008532086
88.90550378950314
38.738584411708544
68.69818163618898
84.83038885055363
87.99100109529647
94.24591044899805
139.3518464759816
47.51055304226675
280.6406007856867
60.75318992534442
87.4098715272458
86.78979458874466
76.22849700131081
213.5866254628167
95.61833476251753
157.18903413030344
74.13312272432962
262.4846781108842
73.4686536266892
418.2191902645331
89.63670306140281
107.17420531628119
114.42543264326734
206.15074144534077
81.8398845758004
194.86768902298616
79.20301019237317
173.24317721028126
103.73189964177
124.87383873159281
64.23112557053891
118.05015273603468
82.09302655385771
60.49736492343017
113.69318171865524
8.533616527572379
94.36062738821985
59.144530010067676
24.589624437343712
12.645536796099679
59.50022757828948
74.62098584383652
52.09333336013545
69.55574572917575
83.0999110480058
93.63147198680755
73.56811470950643
86.88651632366988
141.1271387768567
62.91774610320332
132.07184858557181
124.71917161877917
250.3949547464449
87.34358100465025
103.60578737866271
75.3225904592226
116.87366201886834
68.56725710273224
69.23831035473444
85.57615422160644
273.8152019093438
71.96205462091335
166.83451649699074
106.58658206146269
72.92268122392059
198.3137925332455
82.72057656630724
137.0150468381455
65.85886475678278
225.86389412539825
227.6476781187301
114.60372427302248
124.70194275896212
105.54385158338168
103.45832846017608
87.72316087139765
263.63724110527085
97.99658298835173
93.6259540016065
69.95570605193006
117.76265239227196
127.97342459242606
139.35119529627755
117.07166156654986
66.33339193808554
674.8073288447204
64.64673849740595
112.07137193703348
321.4403531531134
103.51201285921063
290.44564976529597
158.2152053369794
84.56083688453529
154.4840018407407
64.92433913121062
4.750342712294051
114.54834273068234
67.46835231089135
90.82820715046434
70.72345160025705
146.39860803121
165.0518051847657
48.955384035577815
69.85856836823072
169.46033278490896
96.04633242837924
125.38820829233954
75.96317418639711
175.81665449408075
89.08902356289474
116.20181529563361
87.12831709274029
143.2414716391093
47.72468209652513
181.03655716404663
9.911350802107886
8.791777130296579
68.33343777510659
80.11797310171892
97.84579651117669
68.77305011784537
67.10105441980043
74.97720065598241
80.77557874365421
91.14309641759364
76.55671488612569
61.57844483133801
86.27413610836595
1.3854676846232654
64.09094567851503
123.53078182325976
73.92215129713041
157.0171427149871
85.41636965756038
130.4956069261879
132.0456410929856
132.5286478851758
66.20511385181652
55.9118139325525
78.77156975121588
91.45688367788395
55.95774177185683
208.43654036290553
67.90637115769485
367.55781190008497
166.0948946543279
72.83022740578909
211.17840728093094
221.6085745367821
61.39034165745603
206.16751359293335
59.67013390841987
111.47407585513561
211.33107631072912
74.21552833318258
67.31978174736449
66.51349091532673
66.01860572573953
105.84727755142671
74.95450770215125
64.85727378367926
44.217336748257125
89.61457975291943
44.33523120334403
83.33693624422857
114.4984921478878
85.81690640856182
83.0839826691328
71.25248777163418
77.13280714496457
54.3313937166732
121.59646974443518
145.9882102863859
73.20510693296845
146.47263355336764
109.31721295429507
48.59182476288652
13.94296165826078
93.20144250066294
135.44446719017193
104.82805575271605
224.27652891050565
79.84552570812966
63.96983647335311
91.88413848548373
91.5683183615802
212.5669523293086
98.02536938093593
77.57224956909273
49.56813432331836
76.80511975919697
100.2507727954186
60.240771792979686
108.99719010842568
160.30653858924325
94.73180568887938
182.38642156396597
223.19449534090995
67.81244915771192
92.32881599657695
67.6217719786123
140.76654976946918
112.06819227935758
200.89080182660814
10.615378372970117
87.89431378828498
162.60262692450905
99.36991842510768
55.8218300297068
123.86929683771041
60.537123402327545
109.29893828068579
66.61941119983292
67.4604427175635
75.20186183793054
71.24529899489477
147.79235779008704
76.60675563592412
62.49331162289003
93.13149294531499
76.70081054901075
83.65368478103292
118.03610958636565
181.35347766939282
149.45548512554714
66.10688009531601
117.32945375942403
93.07424170005791
75.15283188511616
26.483062136332187
174.89685214898824
89.00639749360265
70.50117327815606
176.5889478916708
81.7322759464788
70.13748840776752
169.7773951241205
99.61605444068692
286.6307212199032
94.9633025981404
86.20344897235006
24.18211309793037
8.037970591241555
74.14601596367015
46.708567668529014
70.58007211299362
96.39916195044422
128.17261375497105
10.509068980065585
247.68546161243194
77.06519869593927
220.5739502037655
128.34284021065645
81.13618896722164
68.1905900596224
76.25922619396283
13.85058961594459
267.8209306642403
85.36166541251824
73.78832193508144
290.8899890069485
80.42897999111455
43.557076545384454
63.82975222443591
101.02033082066318
263.69597083397906
74.94432796615735
139.67412800432388
131.86184298440318
3.385383198019981
71.92476999608047
101.88046466699058
214.77483341566776
86.7881420996381
66.363398449267
62.51689060402266
207.23777978029503
184.79010972523417
97.07352153359243
91.63109941206739
102.99178671931516
58.64471554402967
91.2628458429187
94.73174410106152
92.68410758391663
55.440851365412925
94.3439371173127
46.1568581594898
95.61064580594989
93.5168941552946
78.17034719448235
162.80458412100563
687.9125574887772
145.04008036389686
88.80954032689898
88.48124175428013
143.8167566715757
81.63760197797055
67.15318856091196
68.12002085189938
97.10966154790157
109.28715984292491
97.7371318533176
37.66287005724387
75.72450693921247
87.91149385427595
95.75965221669716
182.8751137438239
194.6892720685077
117.16899407059267
103.25123115815558
289.00999453674495
89.52082133074707
124.73767018015089
262.4567106735061
151.6431905812736
74.61804221886939
77.58014682736183
268.3392596097289
309.2723474392387
81.66294085373646
130.18158947916825
172.5112256824949
59.82084037397931
92.54996193730267
46.62907643332059
162.97000127898903
126.18573413361567
84.96982216410446
82.9550567755112
1.0950181512357984
53.22027096055344
86.90818990941138
73.1027798845275
103.83677377232112
118.55752276359387
73.84245023865401
51.16200014888439
89.46127928871122
258.57842049685274
96.61118886385003
67.65297277812842
174.84225944832457
90.61650566697175
41.44191582350419
49.70725084881067
76.00547146264626
259.74487183701217
73.78676448835185
108.51038862132003
69.24478606643642
48.43486907913284
73.99030606223802
69.49783759771898
131.78204697373067
132.65498370800665
104.17349347879255
65.04905662062404
76.75364160133697
312.31570444869993
129.86390834113666
37.28047404498465
114.0496303871779
85.29850360579582
65.02850970480152
101.80916425206452
53.82171131488038
178.59538508361834
95.01699147236977
46.659794597178774
59.26017982007363
96.74823661127766
301.3525411753942
169.2531642366592
64.47960941308982
105.77546789038203
96.28243248876748
126.9293688064535
332.2568957773864
164.9552121237678
61.005008253320796
104.74711070313434
67.14984874890864
69.42443078859148
114.7428270443175
3.867436230780835
255.02135573843535
75.40944689362841
63.130518710877496
70.26880127520698
88.84029888266829
281.25058278848184
76.27051419589782
268.0400627293112
94.08903824609568
122.24106461753802
103.56592877990806
98.28893664717614
236.9625620673786
122.04074270896398
79.69185582374583
102.095113777257
331.77495521777047
54.207854888138584
216.74998602065963
243.98901445065394
243.99152613232428
50.602407257749945
451.37022964568683
197.33253524760087
93.77804108183436
63.039969832983985
146.46147591990757
184.24515972603257
259.48030828050406
70.11040047000934
146.03632437312683
106.7853447662091
99.24878240462702
65.27506401651151
386.1348566668841
180.88890693069015
107.35418140789955
65.35011606203378
67.1707036967741
46.47127501735287
116.74817493672603
98.59396759868864
79.62614080646378
260.68463340980367
58.79028433819394
101.46685360197507
61.7285258535402
38.961437651419715
46.69962581879417
137.31834043055258
107.87405257157549
40.12802888854999
412.0637873799615
72.0832572839472
80.83228616214753
101.67169722313841
86.05953604137187
56.73529110625792
128.08732637961202
280.9544572767607
103.99308567453606
55.50304945268908
70.19718119061368
75.74728591839404
93.81435438705638
76.40156134066159
126.94090359803324
42.44496971538631
363.73131458180416
125.49742494142558
86.21645158080514
79.43693490178694
163.802304583931
7.511306765258135
145.42333100355137
65.15970795645147
130.55925308556417
339.28658605129266
59.85485925607673
199.00482414829565
2.5718646641404574
62.04672116039736
65.44843560367457
86.78878836160791
80.98143770715231
58.941085181952715
61.941654750653974
102.1481823470146
71.67590742106508
65.28579844073153
55.27879400179776
84.56812990626115
194.5255759904513
73.45031947044168
162.9107116704863
72.21690067823283
77.25066262836421
58.64707279827826
92.04422646722283
113.0154193768228
214.79287313066675
84.59536070363369
114.52820303513356
74.81415153445103
279.565873232495
91.32548437316758
90.43823225843462
379.95095313391505
67.99232375864051
290.6758296592079
68.0445888234142
81.01113225328294
248.0086768833781
209.5127758853928
61.99159137132941
59.88218672401604
99.3169746885766
169.8594309370885
229.4256798733124
81.64040541263923
169.92236091415506
98.96994155878598
137.08027063318406
2.9467470724693077
76.51859816564433
75.08643915038265
70.13129114081778
124.30512959734286
66.98102918194934
114.06142732764687
81.79539017192491
86.43184951423824
74.55974574122061
76.55207811952255
103.11930267061693
95.83511790871562
268.6686818965964
54.24571016325183
103.13848187289048
316.1675992568683
144.7733803569836
91.30841744664703
66.1798674299124
93.25910288286967
125.18629855739738
67.08724507668673
115.26828580471529
240.33940466349623
87.320574173132
168.11961009457968
178.69391976981117
63.318632644404126
111.97491553920352
57.1972492758601
103.60862749465483
83.42322496991395
62.980561450473026
118.20488670327795
225.0476665356936
190.00429739846732
234.42808723603184
180.77378904832162
88.67055479974073
115.79379263009055
143.3700468982688
195.30319486288053
73.24951104204821
73.55039739311032
120.91106245215666
325.4106546998653
73.39526961041352
115.10992221309765
220.68478930656934
74.88470101457223
91.34959544949383
161.1667990906768
41.67906690602521
72.35018711140425
111.8504095488024
91.13623063986361
90.8916007880108
90.96740871790033
100.23569584854417
48.72238996582201
137.72360154340473
118.00692256453235
93.61271944036375
67.69059900125018
64.51094338073844
64.46841023567303
65.45953922473781
158.8899682659674
190.58142535364618
61.62070944172721
70.86866387670214
72.09410808029722
244.58099889107797
107.29447369633448
67.70072653369209
83.69925023632929
276.4767106570639
248.5457756596076
101.84602398911788
65.07399688859397
66.37445044059996
69.18747490272271
69.23369663948252
82.76243635841954
177.5115256113829
86.71371478790783
89.72285396858547
113.03003501701194
64.48319865691165
89.08913355220794
51.32738508591497
76.94536246876143
77.2889527441889
80.75309605423583
189.12954813964515
103.8656063036448
77.71766331855211
63.86974863467772
91.46203704810685
82.99839537037047
76.96725812678326
95.17649299288165
2.2903500394009177
97.31906983867711
72.01374519887555
126.31842796178908
59.21047544414163
93.69046061800726
200.78501708486
114.34657608536848
7.418743263466883
143.6390513835416
83.06880615381303
99.93615214179539
45.91045332770723
197.4681856872877
65.39301350004138
76.11380617853126
276.1889258173152
56.91443387507939
125.36334337522493
63.80464042986544
148.61811575716885
67.21142594370367
70.92284806436469
57.147198339454846
114.16648499336985
137.90000131243735
92.99921320646855
12.805194453072016
74.30947321272039
111.60645000340111
270.3897836809712
96.4180287351602
129.74259601767932
24.046530599563848
60.59076993379034
73.70919410420235
145.39393098858488
100.52131852272477
113.0621673359286
181.6918686351828
28.632886229072863
98.33103355714503
295.6410616696865
120.94609103106241
1.1039443582598978
74.65058216664855
91.51549838450525
241.49994016017249
75.67234849704181
72.13181290979176
107.37280621303492
60.25154997308063
104.7078693090215
81.47512411971455
74.09920121846731
96.03345211985994
7.221767968103017
80.39687664181456
147.9265209020306
67.9917227248377
156.6446141156935
102.2899681034308
95.85003643173731
168.89854192218488
61.67970219775466
50.15497944302132
66.57990261309236
114.60967365119247
98.08657239002302
62.22657746697802
62.4435579632119
98.50490135896167
92.44747419273853
85.01399563714082
205.22133154215425
50.654968032436535
73.23961218630416
206.5715356107627
59.850535928121644
61.18040178696153
156.75574023190921
97.62012850658189
46.92866681728003
169.87150565023293
114.02772103905477
109.44974321772254
115.093326260606
87.62965480779597
72.85164667498306
93.25690285862775
77.83384448316336
158.54328176949295
74.36589147624906
78.63825434728032
173.71048590258502
73.27742869225109
418.6454936617061
242.1384767384603
75.74964626342982
16.377400272925343
