18.830005985719794
27.450997492841744
23.8769973801087
76.44674037267583
57.72985491242481
143.28837712027845
2.4388906678855795
101.74419417121842
41.248532812166495
13.033771673491492
17.1364478063105
16.523578195319967
110.50087765284357
26.557591537422322
18.060370612427782
40.65696496107837
15.35195942871475
20.896858756028173
118.49509113038704
23.576484428092883
28.494998756383193
46.203437589151655
287.4603121136225
16.842040523503496
30.6565541398487
56.16581350013312
76.0657271725984
48.2352410468739
11.030641836974628
14.689827819547315
41.690742343593904
7.751794298831429
38.334954944716
22.441695414163227
57.95475903933492
11.676924687669326
35.39757047940157
52.105769019252925
148.26953769205755
13.986262229427533
23.839981091882
15.350527478020469
28.60818267535205
47.48162337945651
13.05147427122711
12.3323260517272
25.154488528963576
24.757731038370746
32.42102831424179
289.3761225833173
140.28369229489496
18.370301077031545
24.81144810369227
231.50089079714735
14.020723409342569
63.34317604173808
15.611693548765935
18.227108678122125
181.62507119572447
53.21503042533397
15.00604589977228
245.63780725247315
60.49945424261049
34.06674961561799
33.729938025883015
98.97033877597161
75.55930191112147
26.85585825629466
42.03809302919507
24.82554736143499
9.385974924912574
15.768347297662595
7.873140128165859
16.24997541753883
15.65016627963912
8.687923014414032
13.79063884038629
125.22296671942486
16.25121601461503
13.402907100769546
37.261896743558275
33.782732238008364
20.98336843346069
28.667600286720006
17.502443122330295
22.897687858013885
21.830331575879715
12.326332694478133
84.1786789986225
43.39275797036036
137.47172979951762
8.478974953138561
29.24326576414151
36.919445359297704
66.37780640554955
9.561609469933563
35.07409174076003
42.78828382259845
38.07021463243115
85.38549337460088
36.298470616946275
8.151711717662844
157.20694757353502
8.037219975166007
25.923519550423006
16.05271976625332
94.92139989884856
11.94479828719776
10.042267131314413
0.5229521589161481
20.720732611816004
46.06432034172018
38.4581536216756
222.30929301461904
37.5937336579728
38.25139599837691
24.315477840475953
23.480116475952812
115.44763982176717
22.694473030844446
311.67864940541483
34.159690951772404
15.282585438580256
14.625039423520679
38.91408743475171
105.74744347034145
51.72308240608146
63.770848476048315
23.589175030131013
145.49151442319138
46.4791675562821
114.6929934039855
82.28431145203763
218.608130143566
18.539417723986812
12.035224412852958
152.64833682538503
20.820515114775503
41.83843425859813
33.00609371995891
19.642114084471068
21.16259137660383
14.983399941925349
270.1511462530395
24.321992839777444
158.83055977859766
36.97966389867764
14.79085388725479
64.40960716077458
30.97930376443917
18.10200368304913
22.227358083882496
22.85579455912337
20.214378181611025
98.48383384230449
106.34615304122882
50.64665874389803
38.6765303920166
48.88031072351703
36.54114276461618
16.800406525634614
23.3893782932127
59.5373752070984
12.14428939566399
30.938680223413996
894.8745629589649
59.92797306900382
69.61920212449235
18.412152382797615
26.311888097329145
80.93203875889417
35.731634711437735
197.63052216069045
25.542255839276997
15.631214594994276
25.121886770552884
79.93991863129315
24.56234500926783
14.21770800055923
51.485264708045065
55.349978323537016
104.24219421889217
9.678932239217461
144.20271548530675
7.803455965188693
14.238337327832408
37.43882589707946
139.11796523443536
3.240357978162824
13.02952096135496
46.489550996939876
26.145519599646374
28.40839741664023
35.03812742907349
26.944077893883495
71.56400467216773
111.92838814136049
3.79639236772317
40.95185356968249
20.220165205910266
119.82418167239577
11.529989224950484
11.743651489851427
94.85379552993409
99.01607148025431
12.768565637374108
35.21132086528269
14.193055046987915
70.0636108524705
1.8618816674066319
133.0611685854166
23.488452140428997
39.66187844641629
48.68127959964401
38.693588960477314
9.423131515867203
64.40178804423408
969.9790865356181
10.9890218407207
20.348591149926257
28.174039524639305
10.287622949238406
19.064043190552297
19.675923361975624
27.080857090520464
64.69839337726613
40.611356221077294
24.49667963609159
130.21205532073722
19.070938301885505
41.833443163358595
15.340287122386611
24.602135233849914
17.549463277225705
12.318813707726624
23.85690696078631
31.715994315943718
252.64282689232073
52.84561933944406
25.53044961997816
39.23099851679142
15.863130970439283
26.262108965909317
101.56053840735984
37.03861524564782
28.880736924262163
43.24222961517734
31.41949181546052
44.189497123253055
41.14693023294776
9.950153933853471
64.3567468348706
17.95557052625097
23.28438378309293
11.00677788585129
10.4720402088772
7.164712283577214
102.24377632382763
88.57770438228061
43.90194455900819
86.42587172592319
40.63472697836129
103.33371072912391
17.842727410522414
94.38286280665966
237.637477949251
40.976389056957906
90.03360169609925
28.264026974330175
18.055406927822204
11.18225306575193
8.928712021335768
15.16349851451097
21.015148025073138
11.876302997800394
9.470205845741662
19.956085152589544
74.93781640705716
112.41055579085973
29.31217181435015
38.54722730142413
45.24879954716278
66.14123522029419
28.17888884257197
108.15606703164275
19.50660960301856
51.879229530666834
19.682005643905725
34.542277739644405
178.33175502760156
49.2191838622601
31.095427351247757
15.403288429020595
42.538105628758686
7.554405769267996
39.914064607856865
61.05475704042867
12.532652883490092
65.84610526756823
102.58207861669767
17.3102614413449
16.142103171336537
30.592311357892722
22.43965596245804
109.03198725418302
348.0400329348569
49.899032478672545
39.768352751170085
80.06802016805985
49.89549137802228
57.302649792708415
23.554110602968308
27.742387372085506
5.8236080474238605
85.33342648423587
366.99068818945955
10.992972967439584
24.79086461518635
85.71315898102928
63.459511056389935
23.10999441012626
278.010339686682
34.019764591208244
6.8081978953524995
26.40535678087942
39.15581283606746
28.042329524676962
27.017678537533875
44.18443954559249
17.73933856959197
110.95380753837665
21.93435427358573
25.406817603273954
50.82488347522021
18.88675748632685
33.20338820280779
70.47185837470879
23.54355696993769
22.62407840439728
32.73649063967716
99.67672743552791
20.03377771848817
27.22286842283455
15.628447663341268
8.873649549113072
134.1275174722741
11.186234489706482
34.636441810276644
13.740008608210708
586.739378410483
25.359833058915644
29.722145421131753
3.144024831341821
36.87396113252233
5.71258796431858
22.591857152836063
38.77420954038184
25.86428516962939
22.28976911662953
47.78757550609919
19.42054880539768
23.18873085751657
21.472792844310515
102.0896193278829
466.2508675356806
1.7521371548892009
100.95954881957715
32.57429889351184
27.277132599707436
105.40142355316694
38.52465613376987
51.27839413596478
39.54120294815073
45.87228251702123
63.72769008621187
29.179181015808105
13.448196263901902
10.807808056602884
22.99338819353679
26.49371837780556
35.059351839814916
22.312592948225664
42.235638731582654
37.78488391706504
34.76818946138181
11.463024803106435
15.395250720304094
7.6388873729042475
83.75909160440617
140.89316654167249
6.907727016981624
19.589062098996138
17.51447363817342
24.293366969682896
61.434729850069495
47.39981134833483
23.971205272660054
29.810330801863195
43.87414427415594
60.14076840125286
28.111932238839742
34.91553160214013
169.77304782126544
29.361227030336032
26.829742627817843
73.38602632264198
341.8613207163956
39.99639425654111
21.87312749877787
13.078085719081665
25.668757022834427
93.72801942907313
9.952616907753372
62.88741812785193
31.74822766507189
57.55550178870138
125.90297040347261
11.813241935494329
14.016936284386208
238.27987624995004
75.30100005992418
23.23931620915439
27.39500987432263
19.881221890124976
53.508580970191915
13.776892924669774
10.214716736316007
44.810840480245645
407.69524341889695
7.920982805500404
32.968933620503954
4.398614282942706
21.00507316628703
15.711714958782439
36.958132431171144
37.85590149890287
40.80929292840058
46.6903826429989
15.319746301518036
10.951066499582433
72.76758450623008
152.9216701170376
18.353660234955804
22.643485005787248
78.3326437685197
6.458875351341729
31.87762404918322
41.876761632314825
29.62877939916359
9.484814002718323
23.329844362575688
31.0421265950285
308.3898514233008
9.29003295073577
45.15530953028762
140.69727927142742
21.976005435414734
21.593582237619522
60.79413897045571
15.77137000901794
29.342735477256333
7.878190481775558
44.852394832791674
10.136499883541688
132.11588361742872
15.345674649956058
27.7322574249369
18.41009994907533
8.928248900950734
45.145395827537016
47.99243079360846
8.953144018779225
12.052638415531572
5.739063185505721
16.975411025285723
101.18228977745429
20.41145483263666
11.255113340765332
55.353771534396344
10.042185762786927
7.448031449629992
197.2243614654663
12.622879168040376
53.62912293807176
36.23530222105498
60.11393224368383
20.50733800840885
21.98678457503357
17.589329617221058
11.604351330119542
73.0462033004397
89.33127342072619
148.7261172192161
88.786886776768
31.232431084335715
30.22313858904607
37.97034174150606
14.397610248208716
17.111985829962606
400.7213131785037
39.50254708230652
210.1572573562081
63.61724907786866
105.62669574077776
118.37715290719434
32.1910080597228
217.8253107316613
53.66072323788039
13.079640894970563
27.699220766919854
40.74637135995341
29.38368484786968
26.459094322704924
40.31707579362608
8.870126952208967
51.253903733634246
24.41060578944285
391.8515006415076
74.4179124992411
64.58021501128549
165.38356786190607
10.280095572980752
24.33099166790379
67.55996554914725
30.061580489651305
42.848600047150946
19.28113710919322
69.22516164989054
30.82178456875527
51.59093012324247
13.383795980232946
24.876793815219763
8.200136729655481
146.13976475930872
23.036539465834405
34.769435610889715
28.232752977073822
6.314915112388191
90.5184777433576
32.929052364827406
6.023463841125923
46.66344444589756
434.15944114803244
25.301352775198087
17.33749845006255
331.9460742534159
32.36830937408321
93.96374318048406
21.499053738214425
11.094705107184966
33.15294929699169
37.00746162734589
250.22125539784372
29.1184775311922
11.540859266930976
10.80836281273027
237.55933744351267
17.03093985287857
25.434057006184986
26.735504832933124
29.515041425019678
485.1533596734697
12.703345461190015
31.02137950687814
8.147398093396154
9.526630931612297
128.70354110669058
33.05030398843756
38.00795104760895
90.65962413280651
374.2266834711476
59.56021694544729
22.574288567068677
31.228070522403026
14.289964833298956
18.442317398240295
204.23100032246052
11.40003429797907
216.87766633960135
154.11978846799167
38.751271045131
14.433278256494635
62.84382943615056
8.098172558377396
27.378255561872106
16.11120900596495
7.327698975428548
35.041589720487465
8.030454004491096
20.769352577589643
393.8559082232446
90.22602679259033
11.836439402046276
15.855854216459099
22.687701660111905
13.06208208121965
0.5605956893742372
4.543635998305362
38.696324002619285
1.9666836008482607
27.840207547897872
55.00094984914362
48.009847013377254
43.24659754198636
129.48027946229394
18.32665605261301
84.53308811138108
85.13775414891455
58.68747827185827
149.06146135594102
21.406318467694597
15.689223997060646
17.485293584801386
15.31388946945755
29.718310273752714
105.85324857340822
18.449717394229864
43.270226600245934
25.866768508238035
35.14863747185489
89.2831908817487
31.017681171247663
38.20662103638603
16.003105675038007
55.218461254150554
27.81762173792306
74.14832084618826
24.717143723129343
61.67095165061052
18.67987829057998
22.48162827970718
9.977683247654243
18.114672689307067
15.086495726335114
12.492572210210765
64.08701347656739
133.41397803903513
149.32118108430942
29.520802064223577
50.04015757316765
13.870313266995502
59.612072723493895
61.474224816719826
24.423979280570336
39.44551194560873
11.32434191918252
38.2357624160056
56.477609609667475
8.319794347756012
159.2135109301311
142.16471042575165
11.184710384992458
14.287145765944526
21.49408440345877
49.26940094440623
6.879945868278478
485.5410889836171
79.09816022095221
21.694870762060216
9.62383673355425
18.255242465996545
60.56885481634358
44.60279473637974
16.612452160981768
16.583636098273423
24.92499363589493
66.5539858850772
59.658555919371835
11.275772828504438
6.090451336042473
166.74177681482487
28.65330450859234
46.36695780231975
403.1905067363423
25.800364570980438
27.66917082769825
86.18321411488199
74.40911737748668
16.32608881685115
18.170122834641816
949.9297444456026
33.409844980073494
59.59516243894634
77.6500011770299
11.421567818877875
81.69310794935055
9.552676249093155
151.8004922446387
52.963766661933434
11.04686870881231
74.21812819081008
116.50658546256011
21.662667943831188
81.91065200121545
33.13860933980279
18.57127623135698
16.333852788804
157.498446435606
14.694775063541575
30.695809228386565
46.23695517204145
27.882424326271277
3.1047022858606383
23.403577866030844
8.266781581304746
9.358135406466985
14.486160572426689
626.7283425671985
42.23636473035221
19.92399597474872
97.05843751253902
47.00196316641938
79.73142111478676
12.231536783589275
42.41901265202693
9.450830865510978
25.73245444833084
63.338108848137644
73.9244483865668
9.609939357458757
32.1992559968589
54.73960126716502
632.9454515323387
18.89547456531495
22.420123155976178
36.814506108806356
95.00911512910076
43.879580931778335
55.49170773249637
16.24782987122172
11.821346601433453
5.602367394878667
24.462079056843773
57.26077408764758
180.7525841267306
201.6375881135819
22.774414858212236
23.221204914926858
28.323975973326604
24.4610929734232
47.620966536869126
10.710661128456753
146.10496115242617
8.857325913512815
12.314758489903458
41.36518446302376
11.47821436604192
31.624564874582216
47.04904617742165
217.95964612713857
9.450292865564105
51.00982605915582
151.6660651493967
32.33821891363131
17.40316045017195
147.0352875590442
19.10762588701575
123.06345016881103
67.66873593373393
41.763359795773994
31.30727126683748
27.067124138389815
10.613989040165908
17.27997082285353
129.4401903303206
20.016021228756617
25.849067022671264
11.6493917568738
194.45769220393393
55.216121480872104
27.46696033369825
59.16596681128003
16.927104453607072
177.7708244553222
69.10714525238976
21.242803178091066
45.02203418219737
131.26039213325234
19.5177538084036
16.65940894639357
61.3500801200421
6.31915910356353
7.719995071542557
33.801383669783725
18.08718685024121
114.97542638751587
16.271407408169214
14.458506386916396
11.957410585156099
16.84922247364907
14.54051484237183
111.09534529080572
10.503843093201871
132.9027757038478
13.79297196202083
23.708182896267672
7.764552708475151
9.544483396632316
14.099802215661466
9.964427358534433
25.20742266498329
21.762115119478437
238.77907948908026
46.69307667421657
69.59523520507214
33.77495311796
26.22616270340149
22.681145369865018
97.49344075320558
121.22906670360837
15.825222056616864
310.548749705487
95.15245950811133
11.377326148106812
43.91762533415449
25.596708454302178
17.041492261787248
17.544486387742683
20.40962818750622
59.26556458718701
4.149370007701693
484.8461260011482
88.1206393680943
23.530888306170784
7.856452869833624
117.80614665665662
8.745460958068662
16.853013644489515
35.76322405784107
21.97479696728695
165.844937119516
49.340050994616135
131.466064644892
27.518386996533533
342.84668685614673
55.16019695265588
19.085056106376875
12.601973213584968
19.999842662315398
82.03020247511293
103.61713730257279
107.89665427358032
28.470161139961295
17.39495252242146
33.03511194045222
22.648060113796546
32.14451231519722
41.75948637689826
25.886497003790655
55.22508593026235
10.500125665353817
43.03340939167936
8.152239723705025
28.32153582864238
11.898589252462394
43.362396346881354
15.700796091641378
162.92206702103158
810.934039349195
12.390146640137871
23.17620036789455
76.56039227371954
12.469483050865867
21.009388682356832
17.68916832965794
11.455624975776253
22.408184382730795
10.43719395892556
147.82439968358304
8.872682398281544
34.90104900267906
46.30364080242239
18.25668663367478
9.749183477666046
10.68595923737515
44.01701179469715
13.091333707628399
17.43268095049389
29.116291527847615
8.575593633711595
49.93389095859384
19.076502671709576
17.25291954920675
9.835345735238416
14.689327251959396
50.83194091584561
32.843872579647424
36.96440180771461
55.20881066909326
22.42456433093622
83.11454815729623
250.17001487557798
20.533684013060405
17.144503411147117
28.084037338225986
211.3380896840819
30.210359626495674
762.4456606626474
16.46162349141228
25.05687088782245
16.127776748705102
70.7639003480675
38.56926746473673
12.388945058758175
106.62927375068706
87.56905704187854
15.431057662974553
240.2514426805511
50.835155325365776
14.01809442400311
23.6324968715937
24.1732469003653
183.37379899053263
56.92850686476975
9.177485955984807
20.758998874889425
12.781167143762119
68.86837500795599
74.83097413723061
52.977099096560856
38.29955986691888
46.653776449069504
80.10429526193765
12.768110973661683
45.870023532443525
48.833113856415366
6.835879860717116
42.287209955325324
15.083437473395655
50.058874134953456
17.20062448436495
260.00268546177415
83.56235372809229
32.62298838952928
33.44730507546533
17.851682359221016
31.104100230368626
71.72130220368058
14.375051589015165
25.58051948173167
8.613149687433024
39.98757361657862
26.23886726880896
8.865267048919227
23.667050854168604
46.26537311603832
126.31623199620186
21.73403848741833
23.091472460135158
8.52558825427728
11.936049931114626
27.03077337774112
12.601312993830511
18.3262077189089
6.373327960643386
24.480245922011406
9.51802231625239
53.75801787871386
51.687784605040484
12.15211522971423
52.91060326927212
57.2783023018218
103.54305249399555
13.48592837635777
37.2143417669527
178.7604158715172
30.752839736808262
81.93712504011084
26.921524870863696
313.7808385830129
21.788578570496707
32.65190515481126
28.2864263761686
415.5726060251121
22.48447179200851
86.00559808818635
198.7849347500324
8.507042059348077
296.5348427599707
19.51371263274278
84.14298857881025
24.105346829301435
30.151150364620847
19.257870426285734
16.649803456514746
58.301706479886555
59.2436196217993
23.475657043665777
19.0827224806342
92.66200689886703
71.02133051946909
15.937472182396288
18.36374628843224
48.35842171865927
29.301137913640275
39.227518505544516
27.511563411729995
235.96529979325894
98.14603223461951
15.104538776740986
