11.819414123084517
10.819135731675766
9.581518626018887
13.104961392847994
11.386043075856174
8.875044739212408
17.589278982987526
10.791051475771031
8.571109462415254
8.282982799306348
15.846986874489993
12.34513413328625
11.883481837541154
8.071904616984142
7.514674224239181
10.278788108892051
10.998418923679816
10.45492476995671
11.592648731795482
13.700272330875325
10.634027101041317
10.526947483622536
9.758493439884871
7.4643094309751055
14.5958208061595
11.857226669342277
13.615219867104905
14.768865729446388
6.783304245754026
16.912673864202084
14.513535058493098
11.019247376750297
10.31340323734949
17.68485531038167
7.460131379728614
4.5584895765463855
12.713481281680515
17.576443843476085
15.875075008678296
9.414867440265356
11.1776364888614
10.193956219132568
15.384970745552312
9.356962106816363
4.100103068668144
7.7084552276944915
7.768904861171737
26.545123612529856
15.41352728747546
9.583187088033684
12.344590096222737
10.86905583717199
7.929243881683019
16.010193623278838
17.861962778830726
11.511141008426485
10.378232972918394
8.197349036906886
11.909682966676803
9.515233624659077
13.557412540209432
5.998694039903685
11.993139124741344
10.1331938041183
9.872547560819072
7.351950641842583
11.276645156729634
11.971766803573766
12.431809958170088
13.921377760697077
14.801149930594715
19.98113160471849
12.98100018761741
14.358919549452354
12.306240901061162
13.647978632511908
11.723960598052338
8.83475509436911
15.027615816696281
17.271564173800986
17.128919283106736
13.270433806210084
19.953643388104297
8.373809675119496
28.313404509501886
14.292493034240502
16.799391222492602
12.307948437429214
12.660202970367635
9.821998686154883
13.446557468010544
17.19746108184065
9.881317687586728
10.719740175077348
14.737831582749514
13.897051973474019
8.378193312610486
6.9583361808191375
21.238067580436834
8.715503828200527
7.780921805110656
8.249850807585894
14.232584802614246
18.56028761244097
5.967962143037228
4.3096508657966
13.579082578370397
8.88274233646704
9.540869842256374
9.765799454985265
7.875769375305678
11.851401264496547
12.952507958049093
9.304665763866765
17.67772808913698
11.98118470112986
8.437734343769732
8.12943111231864
14.267793509636695
9.241288421040684
10.872976884792461
8.310098790536527
13.274501225765531
10.502390587620738
27.620927910096082
6.951663484605278
9.368831030407971
10.098517775953681
8.636189267515263
7.686559006624036
10.898452847737612
11.344984570678601
18.20212257298891
12.620385988563841
9.546201061995882
10.19591170172199
12.8239368786344
8.307907192066752
10.863128179345523
14.159203382373676
12.106640947305705
12.127637669621551
18.96882799694178
8.326310692836687
6.075981231694878
8.521202706871202
7.492210795248615
11.878010866329626
9.348889350019496
10.85808345753598
12.851069761785432
14.286582543412104
10.236929112743905
14.763418590065957
21.30804419596676
10.001763886491297
7.774844058489333
17.965276836393357
14.026218272141467
10.341647821426362
8.87554415892994
9.406911747381248
7.049184931744754
8.75842507040037
14.131268910883264
12.052490019196448
11.610893968054315
18.787237599554626
12.2937574929637
13.507103230069015
12.725236425172584
17.062990544898504
7.5476616248921555
8.79828790496161
7.866774678654332
7.22232482736281
10.091250464960648
7.516361047493168
9.310796663300247
9.061536990452286
11.724126556952063
15.722424944394545
12.002915397607286
12.426697347615972
12.564871049479718
18.72763869214275
10.308535472521687
10.099934581508002
11.976308848368205
8.20871968741083
17.69303751382211
13.433319284517744
7.489942370575432
9.616034060122763
10.138032427300582
9.012484907606678
13.773694541539236
8.084279759601461
12.941077937905987
6.425139751628051
4.684771690668312
18.74334598525544
6.519839757436625
14.944518068594709
12.87781821943915
13.974787155109318
15.996785235329158
14.828603602098154
10.152669362941515
9.669593020725559
8.120793306068485
11.73506106141476
7.167949408672136
9.78983075553995
15.29502951685534
16.634050675756658
9.89960051693999
8.848049907663341
18.112057299401815
9.999767433846783
12.675530158279894
7.517732203459372
14.035361747232518
9.125427233723398
12.031417022720415
7.948814006846129
16.450450081592507
8.471670300650505
15.577354148125917
8.754946148294307
10.763496680794827
14.439764693774187
12.30346277396121
14.177726609965635
9.914510052131586
8.749833960978652
11.16662808992947
9.83383109961504
9.822167345284594
12.284230177754496
16.186416781430264
10.9834948114552
7.6379621638210065
14.894299835899924
10.856370607904704
15.151670169715684
8.780087662349084
11.089715250257973
17.429264094384255
9.642767199653962
3.8137709982425676
10.26986048810544
8.146027280991655
12.55782143042813
12.095306896963956
6.828239042561016
11.288808289835332
9.845373939750838
10.680307397319787
9.094272356464021
10.203781693615039
14.443184129157906
6.307496186284002
8.136557755072666
9.673977863533251
14.748525804795623
10.210575477077354
9.913779102164005
10.83574033415682
9.725533114005673
9.422972891958405
7.95315792840333
5.9979025453315336
12.049049337694525
5.455897569381509
16.17045430921895
14.351383054353539
9.7692157206835
12.773488344385129
9.873188365587614
12.136169409907342
8.330148816793029
12.745411168629095
15.71261721568463
7.457981437908036
9.957735315475915
16.855188473953273
14.22762402105417
17.460159180565554
9.321003135026068
11.908010135770827
9.31325904986037
13.233125885875456
6.393025462975485
5.917603864463842
13.819395229268304
12.924830094959052
11.397268035145725
11.487384171182164
12.4970558883086
13.354630501137192
8.437312932345344
11.853297301074697
7.201597538363755
13.164728485592637
11.817134587028189
13.357072999972802
14.704417634020611
9.487546831938122
10.908805221685347
11.36852458939857
4.511220626560791
9.736354607573844
12.214560891651876
18.34300269063841
15.852526920998928
10.891078898693943
8.917393953490862
11.23309414125736
15.325475427363461
9.194454557457641
9.834462446243764
15.092618586898402
19.3078296176699
4.6380698777039635
12.933615853486556
10.806776070664583
13.091322544332458
8.735142404173082
10.191729008850952
20.829551405837208
9.357229248533622
9.737930380169766
13.365114762067645
14.592254922505756
13.131987934304066
15.030780679673889
11.59726204271856
13.33838267215803
7.856263141380992
12.913321333159306
7.788705426301314
8.786026942402273
10.697232401480823
23.485799555627306
10.100598372695982
11.649412727841849
7.474606758232775
8.402819840291448
8.92615629179336
16.765387625818875
7.8049921341539505
14.92122160163116
12.875115201466883
10.188811167048893
13.73289356567626
13.975208305430085
3.8895309123028188
19.503426741799778
12.70159500231744
9.886062882401449
8.628620242178929
13.469148704084478
7.785772125798344
11.488094706014309
7.654277717537795
13.853845241831335
15.518719730600035
6.017440642702121
10.7664101725563
9.817499937792581
10.176834100160757
11.517155142604533
19.964928827290844
11.057721296388204
7.820927301791758
7.76103289320571
12.648148724781034
7.592608138440904
17.30366737554567
16.609883882345486
14.95392873602409
4.166224577841603
15.273709575041936
17.947920258452314
9.758882710067383
18.429777612305283
14.99627259031749
12.828860666705319
9.620243885285046
9.77644199108159
7.682921009229808
15.321292425607107
8.248779765329626
7.0926299296820075
7.861957586135203
11.845924397672425
8.851212630224195
15.666616658333046
13.04835075807672
9.43457193797283
8.692333227690344
7.480863699468881
9.255249789324019
9.88980174592693
19.124603902720324
10.753564707379756
9.426850608403528
10.068114227271938
12.360598948403796
13.059040158097869
10.439694852005912
9.594173942944089
9.612407936483743
19.595349515013876
15.807989048847617
13.534655257622298
11.061651389978257
13.12699953671555
11.086646855457364
14.434241505558555
12.94168818031973
7.859259899827357
8.236348627271502
21.739307493986253
9.770264624412958
19.442316718928662
17.289358836376312
15.289532394455247
10.045614578414854
5.146504414827844
14.920435847930092
10.34850579143444
8.708063567152177
5.800364155650635
9.390110314608135
9.669613899092178
9.167284396778477
12.152483167993212
19.42335180436879
9.57010116130089
7.0079112536321055
8.712147653704777
14.245722851940084
18.64558092390589
17.628812779172502
6.511313689717829
9.72288884915788
12.025161159198879
15.288401576036371
18.316665936088196
16.084841461797488
17.287433221996096
7.761053869335243
11.929113130775882
13.76149802372428
16.383517964398663
10.222747906208532
12.396030530598548
11.664864867888557
9.360086102864553
7.673524683612919
5.574380349287028
12.293332827602633
8.809254811965232
9.943618175291006
10.062427189996841
9.264662888459927
4.0000003836872375
9.963971789985793
14.912847811226804
13.255540500899482
11.058881906825047
8.8764787481364
8.28195814804292
17.2934788094938
8.291713880064384
12.885838388553976
12.037161460098313
4.868036717049505
15.144835995552144
14.224161364597505
14.019035250999153
4.268656550956489
10.296805852199382
10.60513614860594
9.582332159708841
19.231507195587835
8.282754759667148
9.410863542757523
12.435969995719901
12.578704052436981
8.450334724928886
7.773659558022429
13.769841418063526
10.203768080894793
8.116573313395483
16.93019773384325
10.047976236367084
13.116536249062005
7.871588110298232
8.088592110569426
18.29813156132388
4.775539125754519
11.176884714143487
13.500742089432343
18.09964820384323
13.415768158717876
9.546424408825791
9.605700591161217
12.04944322756967
8.466735791779705
9.526489100119061
10.242856121482452
15.815767734497129
13.157479529257323
10.688191653792899
21.86810567700443
9.755562356916439
8.35779455318398
16.090600768303656
8.563332379094488
7.948272670722957
8.723427816391402
4.610255521380274
10.698321434738439
12.381468571647382
11.951155782621763
11.20305203326294
8.600865868057506
16.498044227634622
16.043767195633475
9.278801492811345
10.311587716805198
10.700077821011167
11.072576825140445
10.171208027573044
13.333755413193323
9.765417736190232
13.305561802894221
10.548710269684959
16.815711212768278
10.005358756854443
4.542470045226924
14.081673513560574
10.160804965367186
13.360956804880493
10.747697035067237
8.526208681176916
18.847228470023055
16.86501445930191
8.383530669686278
15.622899725898314
9.721062502013906
6.075186771607031
15.050515384137245
17.71666695894723
9.396736964903589
9.763733879612918
11.5504639685409
9.084145509645683
5.676594386589275
8.363186342707706
14.731709726519817
9.581281153070995
11.65463621374067
18.35077166806032
8.291599883128638
20.674684087508943
11.308519446861522
9.187082036725624
9.50651572638252
15.42236586119431
9.217060108896591
14.280051942047592
9.947035437108003
13.517129449623043
4.883210885479642
11.501118624728518
20.228787892727492
12.914179193297771
12.939081955823367
14.313666965068833
13.265021603997491
7.8724713266937805
11.28947964150004
10.205991149625541
8.26435637256849
12.237343988324415
6.2898836220251475
11.115482472565557
8.055309614732602
9.785319400398574
4.391675815242282
11.364036437886252
9.37353315193732
4.2794800875883885
22.282304350743296
17.454483497057737
13.266839127971364
11.809663418769533
10.019493705379336
12.616094939433989
9.139868570600132
9.235329924583754
5.1650344557305266
16.837097003156657
11.330691599210953
16.821107024655475
19.3701132328681
20.63707442832499
11.86573901559179
12.148174388296027
11.33786710112608
11.648890190404234
13.235201723707988
7.735275343451782
11.556652010654721
17.196921494563924
11.23020237673045
4.969294411791721
9.619761349893247
13.21824485000028
16.294231141548266
9.046764419142141
7.569345947843494
11.889433077000382
16.77166857475059
7.285682072166084
6.490067185719426
11.870302595701498
5.854938282618133
13.474972631716483
10.01434204410104
22.925790252800834
7.395938327084703
9.377629148048939
11.180784064894526
10.252484118483226
8.47399836705723
7.600113292656911
18.30616175568376
11.789346222824477
12.956425872473652
7.704432443543457
9.993624130821665
13.36354048057139
13.528149061960677
12.52264734719897
16.500629726474667
7.668207789157513
13.147576044486511
19.733245865748408
11.904546116061171
7.272060032392407
10.562950929181316
8.686743939098687
19.956138993559698
10.641658763919617
6.864133280735263
12.54559942746967
9.51732345284945
17.770397882226845
11.119302574343248
10.70475939554904
9.712025711900885
16.55645426563867
13.002224483994464
13.875637692791063
9.298073298627049
14.472330760206146
13.064958658137492
4.354221733290478
10.882784849463246
12.304044738202666
17.073268337388015
10.963538058494514
15.111115125436996
10.445732800935522
9.647569441833916
15.538374832957969
7.816824123884099
11.999182884466942
16.26997100492196
10.897837960169662
12.237939981114431
10.227265598400365
10.284308485985562
11.517349474095674
9.682547224145004
4.266030677727222
11.617793722192921
9.467695732489661
7.880144011155577
13.510552663900688
13.556185338580795
12.563110349084358
7.6129137672370835
10.866302500658003
9.015722233254907
10.639050614820258
8.772812121933574
10.770318072688259
9.268312675623093
13.6691139289585
14.373486000415399
16.3243971472749
6.869464622438569
17.87402955349711
19.438283289685856
9.572594803543128
15.896893997144861
8.561597813028015
10.701810145526855
9.802101353030402
9.290965112154261
12.841005366553437
6.5811096417462105
8.515191256517358
8.590351643315778
18.49101707088647
10.9387553260208
9.022946701580265
8.804093752433602
11.233250132151728
9.291231544966024
14.031982468787152
9.923416150432494
12.92507899587234
16.299836780367166
11.145022856443134
12.865484482133645
11.271951055793332
13.061081042880055
10.600406571365511
11.817178820354808
18.203613851310802
10.898181707131185
12.383001618667118
10.168802861865803
4.011241869145917
10.949440472770641
12.650198925686391
12.964900656964787
19.754452691672633
9.094104225367413
12.532913723607521
7.6576105722796335
10.739017775042301
16.223797899195613
9.861405418869477
10.848053043374621
9.062416499127833
7.523355941164036
11.851297218127035
12.987915245035431
18.025027083330325
7.193214532937057
12.943642063258547
7.85001898555434
13.560424981801406
11.616640263361457
11.851100000582084
8.30508632891371
9.434117783165437
10.72270238571352
8.700496044064701
10.194098967277483
9.798491275178781
12.1648323303614
9.631397443150043
11.165007273539437
12.292605119388368
10.921418753035637
15.389176012174271
10.350549476614434
11.016632971796408
8.328122280489703
10.644474208961157
12.232113492345658
8.822187903657648
10.14075805769556
9.692378093467024
11.155262076678943
14.898659667853405
14.563359447466821
9.592846176747196
7.3117087545480155
8.750974734668873
16.593256035747256
12.965570537701677
11.749014328190226
12.271941284823061
13.820142773730822
15.041733195380143
14.51191726207707
12.68652540227559
10.401605625681631
9.907593557068674
9.890597018826735
11.821159826809549
16.32723233566089
9.037023798667636
10.230651989729488
20.462597191638935
7.859857553126295
6.700343750389334
12.778694689709637
8.003518263510548
12.73561695409569
7.399748083956744
7.153285175085652
6.396871205411551
5.023437463889485
6.020955206583028
10.745583949056845
11.337633989497768
10.111773796939321
11.623897641163097
11.9469684245345
7.341783063336425
9.891176350989166
10.015673973005747
14.27794499179689
15.53395883651293
12.65056316565769
9.487452261364831
10.092542405290168
11.318823523616862
8.993635769086474
9.879758004081095
11.576253667588702
8.844962563871954
10.871476212490693
12.940163982659845
17.570124479448136
11.15840645575412
10.071229041757551
11.772810960767318
12.475350368038162
14.046746127845632
8.915943404187509
13.34307973187871
9.73269528529073
8.044889783340443
8.965155414280101
17.685912367174975
9.391784897077958
7.222740257769559
11.536890370665779
11.526457570413937
10.720624653464721
15.547485325183155
15.734693178040052
16.55897724009768
9.58352913118807
14.771506251252795
13.045684947285288
11.129913149346786
9.705713709508789
21.42698429151563
9.170713726659175
13.880348792157623
10.601056760622809
8.191723696043999
11.852866978081915
10.159681909837193
12.184913027725035
13.788195772091347
16.011947280452983
12.273025855651381
11.228997730112875
9.623207460722696
11.157958707243397
11.32527816440369
11.6439369353178
9.39927272692858
11.159003888021825
10.229828194255656
7.081941471650583
4.750787666580801
16.21596889482518
10.090689289527292
14.059606628320727
8.357313309043256
16.505570640140142
9.70026657072806
9.1294149742621
15.005914764683391
12.972163855686276
10.308659877125345
12.492339262419668
9.2149018874662
8.449056126755643
15.992148818805395
19.20037693011355
14.742924397482291
8.806912959841817
11.637630805611275
18.85934746750227
5.235172015315924
12.059764957328431
9.649375483585336
10.761888384839546
14.583779478049157
11.95342759934875
14.11300745248163
4.809649714536833
8.064041682010807
13.400521425903566
7.541437316596301
13.934643328612422
9.627013889022958
9.850799557770388
9.841478111792174
12.331359843262934
11.422218615876496
10.10108489486669
12.247461453483432
10.263831029671662
8.379879480674598
13.127809447406134
10.761771968985729
13.732069219101863
8.172508912625345
9.402049056618324
8.721196363951142
4.111012070986019
9.467783925044275
10.18171144768287
9.53504500631454
17.186888724099397
6.558441860827676
17.371250629810866
10.53701359973082
12.535976874011359
4.1782964786421415
11.693695094997405
10.389948537055863
9.402425230674911
11.913714302629183
14.524136432073078
9.026041024735243
15.089376276922668
3.9469865632743066
9.073014829384041
11.226195301572535
15.842805362385675
13.928316368885241
8.65108978826935
10.12754434122835
11.92939362308184
11.322457490090676
13.367343051188337
7.590118162283331
10.014913511614818
13.480481371052043
9.659353406072361
15.011989707197243
10.823879120275755
9.94409272983173
10.485047203897958
14.764642790398307
10.593458472240814
10.051016726768632
11.188565693873537
13.212105572073169
9.455499393125534
11.257949993955604
14.402223396694334
9.78318247039208
12.079460686860827
13.157678758715106
9.99359099797977
14.138768481373262
9.986892796899044
7.429267301125246
14.519092064713774
14.711368125232557
14.354437384799967
11.705135075108997
11.310957554006924
7.446812595045377
4.526792518312758
11.346631788249478
16.9256468748399
15.120970160025596
14.587559369314173
6.484090773013183
9.978786686282225
15.990846022396434
10.49964390603428
10.861482574200542
15.147981716654545
7.44215478749226
12.147731175857576
9.312854774694513
11.50347822885412
9.121000964890523
12.781213468812659
