7.220073599383871
6.316466856319592
6.385351129946068
9.44759765598489
7.720225975901432
4.417585775425397
7.059129007400304
7.508307286879304
7.913218859550101
5.0031250911092355
10.18486268722661
7.384573399884581
18.18351936078948
8.82443121848272
11.587290441944342
6.3974557423567875
7.310709594025428
7.67373242486691
5.909887953510332
5.8552993652255125
7.382236624990618
6.338415741066334
16.493329442266027
8.720568437688895
9.88648085481609
7.861220398343637
10.306740388262758
5.083057194862206
5.5572877977381125
4.009887996348936
10.297988204112091
3.310618468321277
5.961003196723521
7.122309244056955
9.920457317558736
16.893022032029773
12.614550297180454
4.899554805880273
15.430289108161027
2.719924819249114
10.388627443892467
3.3671019174203964
9.91940635198399
3.8200669286652715
9.841315964028041
5.313472786744601
7.507347446663057
6.288933521196918
9.713209288812735
4.6999921273038385
9.863257880790755
9.358542633029822
10.385750017071796
10.953581895976457
8.266749530218362
7.351912777954746
2.7413178440447057
8.638226041441934
6.584137261792541
7.958515115840948
4.713214893022002
5.7903518625898265
9.428710415572663
7.0414283359874155
3.6426912995976606
9.277075363977756
8.106030334177186
5.672725626893656
10.446932267137695
8.754971493012723
8.975267791314758
11.82695532758471
3.203534839452249
2.565845733631275
5.45692920539995
4.374010933381265
9.618696537807171
4.088390298574783
7.012067820157565
4.232306696546528
12.222116651447372
10.02495365022309
8.460799673076734
9.311945810368014
7.253473928742635
7.396956195686995
12.464195087146802
7.024441997165417
7.887125882496715
7.971496467339301
10.022304112215709
5.6860846778063365
9.912522564601998
14.988704212443515
7.042986550142212
15.75349201942462
10.1414773001136
6.766066896875937
6.252923878911033
2.9826595363595567
8.562088091214514
6.060679055748628
5.518780009319112
13.182487269454867
11.824210130470647
3.3931443604194054
9.773946629337777
10.648613177301895
10.139976321971028
3.209874197885196
17.575042483710373
8.366904975178585
10.675715537157346
15.066727392918812
5.8099687140469065
8.491914743970852
4.699405179156409
9.431244157171465
4.49562860841427
8.606117056176307
7.429416043808944
7.0131909570360875
10.14628764638806
3.7597408747989354
7.400095515171922
5.658824535993947
15.441813820211658
5.97896331129886
6.420597133309143
4.503864558173667
10.84808322301889
8.185307873464055
6.935181868723742
6.245331832651807
11.563679676400294
2.637388771444109
10.074347564062869
12.064033123889741
11.255647518176447
10.36529773425004
7.805272085666478
15.101641621374153
5.429975276948894
12.050914104357863
7.118912622018893
5.901646517509763
3.612196203663458
11.048164526558109
4.177456871744354
8.460084358513287
12.258012816830398
4.913401997297649
4.646539487687616
4.693158644617449
7.1350739313152465
7.697681035283931
13.5042727798841
3.693347417106724
11.710423011014818
6.277471721865618
0.7134389620912192
4.84806226994308
14.514923039086572
15.063903587961928
8.598267265283104
4.073928192594255
5.6589195076772825
6.960784874895917
10.610873436679004
7.674540638452452
6.805924066728709
17.77371669601423
7.7286682188324445
8.969989186723042
9.499713374125724
4.019586099336164
5.820548738564717
5.110149679519111
2.83715401449893
12.527749194008736
6.192673900970109
6.6467257444870675
16.520451641448854
8.777912740200762
9.973336989188695
6.822943102496327
3.379704011705304
10.268444657625603
7.060363695249877
8.003019328019617
16.446970641995527
8.243378414189374
5.677532078086304
8.197220162922704
16.397664296048383
5.631841778585441
5.341123443117578
13.387760073943161
9.9365490412213
9.991398450318338
6.342506303422725
11.137764873845356
3.659664456496814
8.893845324333556
7.683832941200243
7.462236378992195
3.8842496585335664
10.812355762655114
6.966913206788528
16.049174806363812
7.136965783805837
4.660033714549155
8.421964746233245
9.952517505766055
15.56434339210382
14.582027935964991
4.764124062679339
11.19461965709925
7.991700163236844
9.958477754156371
7.27508383648605
5.493091373206036
8.707135325121017
12.859808387328881
6.538175343437297
10.525387180064092
9.70375387028762
10.482320100576494
16.047586685985173
10.380748211897451
11.857245259765593
10.326596093248318
16.0500753536696
5.229089623809951
14.687838713390418
7.977102193778294
4.7996874276336765
14.013786886840414
6.54509949053201
7.775940461704428
11.064858928669215
4.976726672728834
6.585209478261928
10.750958673276484
5.928564927600788
3.802397263890844
4.00682827014194
6.932464918635353
9.19732922134193
5.5341261750938315
12.510721186732338
5.9593504511947595
10.030863137788934
3.385191268454097
12.904083887533174
15.367981875055984
5.367003282277554
3.559528535850776
11.325150041619445
7.53806170891734
5.359526420700551
11.415496610195545
9.612874592469215
4.3104540224546195
5.65832387773502
3.5451726502190155
6.970903557261965
15.528972498693669
7.767955859275705
5.732055664634637
4.381291952737329
6.709186814691815
5.284456309587994
14.832392772311275
6.990574718498473
13.059596120576249
7.263535293632229
7.433316574456657
8.18200544849611
5.418213057626753
8.863808802841755
1.968041867516759
4.744102505877488
6.082604067183791
11.818152055425958
14.86200072582716
9.932304291236672
3.0487360488409365
7.865566347406701
17.080362452552706
15.734810598610187
10.406412678910781
4.703489354363463
6.087705258904992
18.104512456165594
12.744682439452848
6.073318107214378
8.103111098047753
5.934805776214385
8.81872716938961
5.919224660460732
8.143720037209524
5.864289848929884
6.881824736331884
7.53911657029398
8.348397407266068
6.383335303444767
6.2007570973944635
9.045001677620748
8.273679604264888
11.665403136473223
5.566071086369987
7.309323542392883
6.743417722561461
10.894214036767648
7.116542618740969
7.067784271502971
4.193395202907101
14.46852018010081
10.777049061045991
15.130206086030874
8.536014448636148
6.075942747518969
8.495295169331298
6.021981742230691
3.670803312842966
7.85019833207702
2.6329143869800253
11.132657928660644
4.53232438520971
3.0664776423840867
4.261244973734319
3.3568698648299446
5.293126363516683
8.441284762965092
7.022158498760303
7.301625524418829
4.117509216471625
11.133098760280886
7.887951537848226
7.785064042632171
2.5466321333201103
14.291265943479369
7.436039129090311
4.7768522408709435
12.288671779956465
9.629300232930342
8.720830140019334
6.561394369298742
5.698773501637026
4.961025808545435
7.174772109628181
4.7217488381361985
5.265430184194291
8.316712784137737
9.467502822216893
3.133432688588199
11.776738584474463
4.489430580578782
8.677126521986168
4.856819188421266
12.279971706178012
3.9846182080154646
6.259247884211285
8.06508297664981
6.924760227416804
3.632663729916569
4.218266884647209
3.688414447173116
7.824864832185592
3.0786830888408554
15.324564592891925
7.801920213469546
9.197227905317567
6.244228058535058
16.040836655058197
4.832142221285618
11.462611718443698
6.1097629618850755
10.35988180205419
7.622109135025931
12.727489923272813
15.699712375017366
3.3778456237518095
6.739723107513465
13.703735450479403
7.627586327849396
16.5429558686648
7.459336073179271
13.134799761282562
5.019376905721115
11.150307692079455
1.4761868509894782
9.395381444094495
12.584891717554132
7.592316354922981
10.162498281900934
21.21434235351209
6.290584015159933
4.023057502517284
7.275291935851897
7.076185641481384
10.21072719028163
3.148184167858924
5.5235450379614806
8.912126418410898
7.122137983178571
7.648971352846339
9.207119777883516
7.773957243376035
7.872436251480645
6.163874698428923
7.855291443805918
7.96665335259216
15.219408111952536
10.158286059681453
4.635694153092924
9.725868983054443
7.012871711360451
15.59452483809413
21.42123746097322
2.8593801837705155
6.800331163881221
9.52789487126944
10.621519461559995
10.812466440545414
9.15503773587748
8.17771780362123
8.644550078105325
9.845703472504727
8.873575565229034
7.019055266477173
7.970997380850635
7.956772519876844
3.131565958082183
3.9448208150068287
5.393948214572483
16.156476547134503
3.5957001419454744
16.18967619193361
15.411414306770284
15.116293578024848
5.998735311020367
9.99890215197896
4.750619220549446
6.3292317224675845
7.370688987617527
4.129069138114074
15.186057182059056
4.242068486834565
2.5180583280138986
7.0735890127399035
8.977298308947821
6.132719773733836
10.787802667968307
9.123832474108768
4.377057096898405
7.275755325107351
10.202136088262602
9.26052107358708
7.55815147126672
6.409054226034079
7.403977352091965
13.275954169637394
7.400700431402276
6.7926386058145285
20.003359372676833
8.996688814997913
2.8942758525294145
4.93201926005895
11.509588343716151
6.571957318218386
6.629135077513598
3.9118165949098924
8.117971282249224
6.512199058012759
2.000158704873606
4.762340768325975
10.46143805770185
9.653817902062565
3.9245996089088666
5.3776874313637535
6.739833463254844
7.474151796353754
8.692524543460296
7.50052147285652
21.147184568973017
7.617976742206758
13.06894723196314
7.4129755843206
11.909887514856345
13.78543942363692
13.562792223414574
4.350032225991629
6.092295643493381
8.24560604401886
10.088310323641362
2.659209575322962
8.550245491424324
10.95569864145788
8.006698888283573
20.294875630555236
4.442472118831754
15.224516645718321
6.39448151269147
8.403760039154088
8.240939088240737
6.881589159802765
7.144019564179837
9.114523013741254
4.625758873278228
11.94144426282458
10.060483922480463
5.8799139987812
9.518524692225839
15.842456678859309
4.519394531420791
8.655594313667649
7.289229173646881
4.145278985257998
4.108629870540539
7.9858482971003815
3.5052251102353047
8.165671087033086
1.9984925382021974
18.017788554447762
6.751300524244904
6.7017262713827215
4.92108659338473
16.101401992860247
9.11512704718608
10.491533456428725
15.335975551520285
16.88049910617545
9.673091066831619
10.523290815878026
5.464779748069189
5.697418164265803
5.182852598330337
16.797084393232268
6.69953141361126
9.680509220404982
11.420882715442957
11.263379014539163
8.514185691931404
14.396612897974201
8.208049924509748
2.7248473032923757
14.708284704454195
6.788054756446582
3.44967890670726
15.147373826575626
5.014049579450437
7.561759691474306
7.324605996634484
18.006048577922993
7.853902119444999
11.167553531610428
14.776566861264966
10.21712142560247
3.9106182227462187
17.911434011151
11.442858402530064
5.801383959888739
8.845056097369453
7.291254784663891
9.892572852481681
5.010090469879639
6.1861279667853575
14.261413194012784
3.879467573602967
15.754530122638268
6.32128273711848
13.320062408407948
10.94590723231285
14.929756663042163
8.08453622446379
5.716002225057461
6.08638330756149
10.766843110474317
3.7573680848648787
9.670349628994572
5.537254510240613
9.57779025887925
13.454579667179651
2.679053774832982
4.781399778922951
11.216868899537152
7.9346977419323625
14.131066107337192
10.469875946864814
10.014055419825208
10.152118091822754
9.080881208456931
2.901234582456786
5.595286265071162
4.447955822783908
5.962225755390343
5.3227013332321285
6.195397125362195
6.719847141978688
5.04275098713938
8.69913910594768
6.107403074691152
7.010561088428773
6.244283860687151
6.450799426787447
10.402660516010833
7.946330455213362
12.850477567326267
9.470024021530195
6.284374666217329
13.697823531589078
15.89910371165472
8.141355174544751
11.462954869271762
7.655378472312093
8.364323693457072
10.658456480784903
10.38632417586749
9.481475906710363
15.017992042968896
8.775474506210038
7.768731018655726
9.173251641967452
4.893646511995162
12.087912490983909
7.138758212390511
9.039275832512066
9.753867913952593
15.502583462539972
4.014614961970499
7.463200281401563
10.325404367757516
7.0290711181568275
4.301577153411553
7.851631220407486
6.21552657682808
6.902605356938088
4.546159026719935
14.084602360887176
13.242194828070632
6.930531144764567
6.597992672048515
7.147926598630123
5.281492704604809
7.856041255622369
3.3098148503408042
6.182752596140984
9.240254199405253
4.230095221650341
6.832245501035763
9.611659307387846
10.332826484324656
4.0852000841608564
5.325745835873546
7.219883782361519
7.877085065440729
6.778128458692713
4.868629107853661
8.416769482907636
4.136712037421935
6.5548214289720175
2.64158054277974
7.947917964323485
4.733594739145153
9.230617072848677
7.051030885730646
5.658242068428376
6.642758819583896
11.234028243258999
14.29331342780886
6.3611734274218446
7.175941275887153
7.220472214762412
7.014417087571428
6.768249461047395
19.42075730170286
4.115791312073107
6.071425469930925
4.742660025186876
11.393978106930891
11.330681686190939
10.75923865833106
7.846834419168239
16.357917123093177
5.005625311828168
6.963767806442581
19.81851492225385
10.39418259449253
6.836475054409379
10.045567233616444
6.737925284397065
5.935653911716534
5.665256954528591
8.022424617562178
15.830781706767878
8.974934371493944
5.9050463637784185
9.245214897332845
16.128738970918562
12.733557277775462
9.163605785255593
18.43705118318597
11.180702542825841
4.312551424238374
11.474050291263339
8.574659569038872
12.858523539095446
7.068435377640474
5.4273074332549625
5.842491660537527
4.429018286429098
9.13083839029659
3.230212166527393
8.257004035909112
8.764277346901784
9.086164695238116
16.46422272676599
13.170349065140002
13.753972207624548
9.384801796523053
10.196192325756193
3.2513563377384678
6.363396733370074
10.798907970406756
10.830529419562353
4.825604775569522
5.567615415553533
6.381365490184967
8.12098006642185
5.8510473838626575
9.75447809601336
12.514494707299608
6.536190309710171
2.560399756193195
4.522209464891673
7.631596525461539
9.750193131689908
6.240924878935232
5.75349984097128
8.974682713162176
10.635324216714736
6.541836291080102
5.870842683951874
4.7578939465377115
7.918857832486054
6.598641439613355
6.4498385707989945
7.974439277285268
4.228505500384785
10.294484960921737
10.040594093548052
10.096550374044355
4.182060470725096
8.591196443324538
8.454081349863904
8.1068316985437
12.87758074339234
5.485037721271028
6.350155918066686
4.749426780899406
8.26159121114122
9.829909489977135
9.753403748757885
9.965173701859273
9.697081310050907
11.62976772522143
6.101644053779055
13.86168688143131
9.52611699405532
10.699474470938412
9.128289612213374
2.7333447457835174
3.8830876381249895
9.346065354307333
9.892926660192527
8.338562865825677
4.43357961272457
9.55018790214401
7.577477956333743
20.435490394649946
4.306478538013512
8.481186481121005
14.174155562867245
5.455094112954607
4.770233542746591
11.41277680096213
7.028470106509613
5.273375317616542
7.76151086768121
14.747159662558497
3.029135282307325
11.424209257872372
19.310783906760104
5.949519887840625
16.58189826908524
7.981685455398349
5.835931608029471
4.787501571184628
4.238862788176
14.891143956132765
6.669344917706688
5.8605582688405855
7.347906080955829
10.08015736842793
5.102519396601832
10.949486870688402
8.915905481195498
2.9253305622380448
4.651011136144325
12.315014769106984
9.321655637038376
6.598316912461351
3.4134619692264434
8.082816423517093
3.0853729252354922
6.665594727198402
7.213024838805552
10.764434448123376
10.848680572847098
3.8789549262331633
3.8923636977584093
5.5702978026173415
6.220548490266387
15.233642244159629
4.785534533965894
11.981574861404384
10.775180575221956
11.046315652553115
3.3344094771120822
9.392037957026957
9.518064388800159
6.812670938586903
4.946580218789189
7.775285837157373
7.091721449188055
6.338864250676813
7.054123253158105
5.691574033124676
9.814322644350641
6.7606831105081975
7.160160969074021
17.19717806927349
9.893260330408307
4.623515385302227
7.8262458148810135
13.415618940464126
6.913960843654543
6.774195695110153
12.613725684210019
14.128651281176907
15.575585491892138
6.46193874703457
8.290534355881436
8.985399102417787
9.906682785212803
7.550287211182186
5.033614848357097
6.542989579995865
2.616135111229895
10.033427113085844
3.992776745528161
13.336806811523182
6.6238119470084005
6.345177652782138
5.6717358131499855
7.199562867470736
7.767785010687327
12.557551367228553
9.261769917441425
19.023921996475547
9.280691981671648
4.647161038825556
4.830319664963812
10.307928768967468
8.61524709099539
7.036868598592794
5.203201633814217
6.151698332450963
10.461334480926851
9.366332043205592
10.548602707266348
3.9459986276387045
8.35014786245131
9.789315872226389
8.270279994030247
7.797788158233477
8.680685655943057
6.371410838481057
8.752100163836351
4.401439158914025
10.383370936392273
8.860190061215544
10.893851859983428
10.15104491247184
8.761376362150846
7.382161444162328
8.649249528863262
9.422252142941987
9.615133928544756
7.0608038209289
9.163922253760576
7.305973216782334
6.586901352635813
7.923086188786915
7.237070982533293
7.492568438520939
12.515832743655046
16.063447659039625
2.993662427940561
4.521822903779563
6.810376663582898
4.021489967839746
17.648137760398477
3.147657191049827
11.9957490796843
9.239685041877394
6.850780563058219
7.842750863299227
4.814158117968903
8.230890986295075
10.051747047859955
9.52924824514047
3.7372114862456614
8.67087940477876
9.523697779797672
4.336568759256377
9.288169628390571
19.15133608298076
7.563622846271265
8.978218520872105
15.834913581407228
7.714265190475572
4.370416186296703
9.320863150702023
5.597677840939719
12.939229888410257
10.084811595268441
7.9986534870692845
6.921410730891887
7.209188947095655
9.314225855980638
7.970577047591043
4.062984339484339
6.886000279762107
10.143674425115451
4.692177448387202
9.127708254786688
11.57148263848598
19.042213345422663
5.27498317221084
6.604392171197018
7.184786970626667
5.358600143107203
7.350020390467216
9.98037592228802
8.377888621181704
8.782714727627726
3.3990388746357376
6.418195975984737
2.7665442429338425
11.403319393518204
12.150851209646786
6.09556580423129
11.218440142824216
7.12751786922774
7.968868708199689
16.44672760291189
6.675874783910379
17.680690033201042
8.482213786481868
10.06168776809326
10.449095536771612
7.834412743217201
11.392593910141297
21.66224221718843
17.96632569935136
10.163386025734495
6.547399453492152
3.8430511161359333
8.08602360334993
3.0054362097690603
3.5956173103351343
8.944610672607833
7.294473775463019
5.676919341274727
6.732887162082632
1.9431645463275338
6.744319727380216
7.471300997154095
9.220164031445533
13.979241344501151
11.814777722247882
7.453713366832587
9.449795901012013
12.537200014185624
13.023018639458064
7.103496489624012
7.257213424688
