13.953773316030656
24.112727346199183
14.754271380939496
16.7397185358025
56.53643146962929
44.510737427734576
20.879753914671944
17.145807367325386
47.426053172238845
21.859788465593578
19.655645783694887
68.62939152250392
28.91766551910042
6.622429176267695
18.505422424658924
76.85763112112267
14.091937188475852
13.706923697746328
10.604119306634772
7.887138789641787
14.036720432157166
24.429006190630894
27.7658978189478
24.580992936689842
119.22975215745154
31.87469800608016
13.032874657342155
18.598765949237645
101.46442267350275
8.647181506188904
14.827984465326242
26.3062365358968
18.866058311098683
54.82351894920733
23.66284526049079
45.136071920217134
88.50868849467108
12.973187434374058
114.26331579866695
2.8618394470351043
17.655979009517168
50.77140158390676
15.697580771270239
31.339909740812562
93.07116503446909
15.862180873241055
110.60519149544086
33.09786727394928
72.98386627823702
17.503480955016318
13.691609149425165
15.876220151619293
49.290450407819826
136.03933160282364
18.62951012721242
25.486615492043526
71.9649414471851
42.710293644492424
48.92493187671147
26.10488949246797
135.3502087161736
35.559917364343654
34.96187171929584
148.83200605020733
37.47055777942632
65.51143447852303
3.6116124711173803
13.287570994494
27.988838402755256
27.97360403408463
14.763931433683402
15.570580969730637
53.68063657359228
78.76307202686509
14.224637526977443
15.090514022716993
14.585585931344404
117.1978798126966
6.432294393957268
103.9286675053857
5.1919026849041945
35.628261726842695
60.74149323511078
20.45342662301945
23.348469060635697
39.158946679532605
14.13487625116354
13.875326455244752
77.3908731012691
44.19553984131226
11.725557365175183
25.373290519600484
63.20148958649376
24.41397269160324
59.048799954984965
23.611365516617383
111.77085657603931
58.32737156750656
53.10589132657146
19.248788290364793
16.26755869151238
13.44519744576481
30.083774449704777
25.986578745061244
56.39232924854951
69.84595723187475
40.96298590896377
28.928845849532337
12.019915652578865
89.31933143978739
23.33517701748714
28.252511184059877
48.84346189144731
271.182212776765
28.4931536647447
34.41577795006149
18.654728369090908
9.329813075279677
28.49451853146232
76.78494550241047
43.658722666777514
14.362505862751103
15.200793027693106
17.121501811377023
12.619660438451392
14.559456552229646
25.31595191514986
21.668587308208036
11.924294750586327
74.03544237773994
20.56175400091741
38.89415534701522
30.09852571061987
110.45615284058535
10.004234481124143
50.523545015230916
10.148367909954992
72.65317959054127
34.29936960282284
11.066514059239704
42.10826492151387
15.271109601736896
21.641677632998196
9.229659225694498
12.781325363214211
68.4349674979475
31.180811453069957
5.341023684410568
22.394185016446606
13.827154248396939
5.685323762215587
42.82542260730283
82.48957854234361
68.07691050806747
12.576865671008472
74.61722140805126
17.891483219329224
30.509587578204677
20.305259402941264
23.090180058255424
17.894542553411164
27.344597063192662
48.790571550020445
32.21877445306992
97.3434524541829
15.373474770229123
39.795694171560065
49.79567961718082
46.920243639875984
19.38657605352787
13.01530539396044
10.62309887287731
41.17253760909008
19.272129465783287
31.595224274248352
1.5591897741886294
112.71857502183214
34.413067479122795
135.11806127748514
14.013527340223687
45.88096149966152
40.00579378110778
99.79754929795115
6.169970299459778
109.7091941922014
33.80957922089763
68.20127641863655
81.78311661327325
39.93357800769152
13.584921538355479
42.109924693474035
16.98613958166943
42.534764722942285
53.98629013860869
19.752624700764116
52.55465931283203
7.95790647670541
9.218387735742809
19.808184289460883
56.467025111763924
71.7946255857577
14.106104269017885
11.293555031694309
13.748738206435686
39.606294151752614
9.775698849223435
25.231650553410272
12.756790217806133
40.61059859234088
14.873145284813877
38.19809938401061
41.09621586048858
23.71134833194615
13.306108711929456
62.77265097517348
213.28112668121219
81.09014662898544
163.01497293303916
14.76339649618279
12.204224608407868
165.8686164579959
15.894779499654616
11.221950618296525
14.164170416381209
12.378299908022742
24.833523639194794
20.982390225302908
24.642484449022113
24.809853856346532
120.6733606753695
20.443755592853798
9.68637668193681
42.313703036293056
65.55994089082641
30.313363672215498
4.158392287435196
33.758769275688536
11.246640056055021
12.000617911275473
110.63316433231759
16.529906717702584
67.27792505887574
28.035640107433824
15.465801038679823
32.114961724791435
16.984742280868122
11.298393729651538
27.770678896187036
21.258026148324003
33.77236573930253
14.96920704800314
10.503809074952049
25.621729651655148
19.713070907360162
15.323602387297324
10.917274564125247
44.05920323315295
78.98612090446576
24.68749044722022
77.55391668105759
20.863705187187
11.546936942566056
22.925397524550206
8.016035255694009
12.589774109078775
73.66782989347293
27.893208392034563
13.324248414795466
11.493237714797953
49.58218693958969
78.18538054146832
393.2563831423796
44.88540131418339
103.57755766574097
28.893244550174746
54.20965064064709
16.402297423838945
9.256451926371543
27.63968390556221
38.39307678797986
22.333847185827295
74.46302321115891
41.6858122011422
31.409022237528085
131.60182445693542
24.034263621677894
22.195620038175363
16.716249198943526
66.50028446914894
15.406061574863756
16.82687042017847
14.785341368941475
89.69050728017642
14.066158516836893
138.27787413761422
28.5942907872697
43.61690172901557
24.516274111531402
36.9443156156161
22.690403522494176
14.615294603047243
97.8886317346646
68.68652200131788
83.15721949536511
13.6574307600872
34.22287473554056
21.685207890644172
58.276930252144815
30.011386348570195
44.07515518885009
20.993607425447692
21.13939804980432
41.04893242433599
17.41233976421915
16.38860870228214
20.677503108374232
11.513104108924761
10.834983430335297
31.254190665968476
228.7786633222116
44.49041408194293
46.643597367315465
98.59185167003966
104.92210855351773
40.94509732643837
14.460181151420924
58.246104285561906
86.91473020296092
8.233437139602755
11.858190118605487
21.8345631196062
21.83377113178455
11.116252540139882
53.74453223430398
17.724002266864307
3.862259568804942
16.156385902939313
36.699499979975954
115.64553923594168
73.38224988845454
110.25402634073279
62.32041238359364
24.431535589759175
22.630686184173403
39.45013059325631
46.19482224370639
98.19729140335454
38.36116503789519
34.414908774853416
20.965050758925834
14.188725531149034
23.001506087231938
37.12004250330494
29.259719575502928
29.488972277856664
18.960877922455712
52.043438391186655
26.26060338810474
63.37715465424929
31.054816903136356
32.068922943763994
26.256564794255496
116.38524068517077
12.449167599264081
16.939952238701355
11.7814006066501
9.730189921438708
49.78378836401255
41.40403690774796
18.81335873611289
30.279840839077018
80.21511753056629
15.681127917401879
25.650549060696985
7.730939920698311
51.43247382096426
23.322254873559544
5.522647053290913
25.66560149409534
15.48225342924534
16.499451760652633
51.35812633537874
74.72973610606243
193.45560460062865
16.39054601854429
46.664117046357774
11.297177047410646
14.510597128030648
55.864953395846065
21.487907434539913
67.33635530639472
96.99938386065692
16.903474742313886
35.45086986496566
170.57158340582194
9.255335649367073
16.761758702642936
52.945392449702666
51.978307179694276
16.141421079846253
30.333088056387595
15.189378107655875
14.101258839672976
20.752386767072643
43.84612836696908
47.535423519245214
24.037787170963156
9.691582476117262
23.53083396272827
18.686702396727313
8.739477615299343
55.099585790470286
53.58557919561903
71.3967504889577
52.557621304312505
14.805235466999559
83.85382214681661
29.393535844767953
177.9613859976393
31.75946409011172
54.7337519738511
40.88205537382706
42.85849909566813
16.583841902029345
30.998576801297386
54.9763034896532
15.828904572899173
66.25620806699501
29.017320301643167
61.9096382441205
107.59239861963438
15.728487150710011
23.232168045136493
11.578704357502042
33.093812379247254
56.04376521678731
24.286915839705635
129.34825209527162
34.88575440426003
131.1257355556882
31.529447960519327
51.73469725238356
14.026597785807455
7.966688366359513
30.54613755436919
13.754684500054005
40.64505964745319
10.628659170230407
85.92493620618968
46.46854678240719
22.83089614162037
26.023349658378336
19.548630097343917
74.1423796134255
71.28746286454917
19.896478722630803
55.15033975640863
9.247516574761512
65.93051712186227
26.29008743530814
39.26692553351954
28.692195592071645
117.96406568889135
34.36297399868733
141.1750473253103
21.980713253770467
46.55467213369901
73.0338333583083
33.54043377785089
12.39566415294114
64.36404938287644
21.035920979065413
25.36635198459646
39.3093022767668
27.95001032163462
37.283480404926365
48.93709841913274
11.541649841558122
59.140249155356614
97.19617163934876
20.56160807245483
1.9885063239654954
13.171100338061528
14.409129244327735
19.318810386867003
27.50072176189178
41.00150989743311
54.124472982792305
138.3906602520848
18.19105075267933
14.246429899931652
112.31981618609599
39.7456028191483
16.11418750456116
32.30199711624182
57.39409111912181
34.23857641787009
12.718633409668666
1.2135242926065863
16.22261506240455
8.396352558513835
140.35828511116136
55.97941920072973
63.79747589036261
18.487659247118085
37.04706600891732
30.661742493057616
40.85225742300499
3.8062206768719795
22.8907966904047
62.72429834340245
12.031020153090184
7.350105866516603
10.460772289417285
36.495482082774146
23.205908444788367
20.81664552037764
51.146775055663866
7.841220733269999
4.908096527882969
32.52289277989115
115.7210077262739
29.80501636955911
20.001250849533957
29.187237620233574
32.45196901359381
110.91211709080414
17.040812025948423
17.268691542442614
22.562390072431363
25.445195957608846
176.39349676467293
6.125465238232381
22.693953051559284
18.51857499944309
24.00414387266948
10.462119572047609
65.66290436576574
7.956829781409766
14.480156893431072
33.25343346596362
25.150037043532286
16.539207323772704
30.77852990307145
17.88537876824188
18.776308565834277
38.258941857158526
6.596682350539818
49.44080664461023
18.539316495037415
17.231985263996876
7.435818668646271
34.227920561705574
12.18433997992935
25.508727568212063
167.46218660217463
46.89683472365836
85.82020655358504
76.22013508816114
69.33638194518208
47.286610205028374
13.408523240971839
37.349627200522455
12.644702467710868
28.7549059757785
95.02087011646877
39.29744893085052
19.380655731164257
145.46856005175573
14.276614350828641
14.06496066000879
88.99838481113397
72.43434518303695
76.88040066633044
18.474438659656318
80.8061972184429
23.080023912683863
10.496418959855143
11.223775734199299
43.41973660788039
90.81817260475799
8.845287461453212
42.937128595673094
163.06240539425286
75.20924210661403
10.20639410446549
69.39454635385322
49.66943880068065
4.430763102833517
28.791462149557347
11.096741338690489
15.175553840726739
24.128511874898876
96.05138271973462
21.71874871714748
40.033700268827594
48.651224527298545
38.54744181376595
95.88621186333637
71.94948547748041
42.65922088368368
30.287779214590664
10.672454468484057
13.503449237276207
17.40110482357209
41.41369336784764
22.667461899222186
23.419964655728446
55.92133854045704
25.162917946494446
198.47998378846327
156.86077486027065
132.86826700112283
90.99363224775188
17.806385086481836
22.25347178557778
40.1579987648867
12.537364087250316
38.51977538670819
34.11121000081259
8.717243569494904
21.285626418008285
52.24374491905397
18.817557442236446
30.66617428276724
46.38460625367017
48.77995721360942
12.696393133531206
45.851810625746424
35.90375982416328
98.42301652998933
12.077590898627587
21.776691581478993
144.09394704400702
9.28368482391346
27.093770348976822
38.46225925837476
21.639077385664173
114.7247183766336
8.232652263433312
19.456402198738495
71.0110443885187
11.891846390960724
121.2242887042482
13.73440933127285
7.396717806504409
13.694108064068795
47.35190579204694
32.00780030303163
10.53959773802532
1.4134945966360286
18.25478992291317
123.95226859295848
50.00617261525696
32.651283129867814
19.0686002979635
20.307104652457305
54.16910058940488
143.87155502807667
61.935339248356456
25.386908494347498
17.64510931335526
14.643259354275836
18.31826683466509
16.06760563754472
43.86575728065565
219.40170160338712
15.199959192776845
16.25762462058324
24.884099907697525
20.15800829439249
50.69038979824121
9.285349822258718
19.48158229823144
8.086026083595486
36.24266492356664
17.8040950624736
34.897334508084896
11.14600164142619
13.142828480864555
130.2475627339983
106.98786942056212
37.52572569338734
40.854636458623844
22.890716973129333
43.41350699005952
37.466534541397415
13.401786673895067
38.55843951682088
13.561122647211683
39.273305215619146
28.204202198492972
16.043025588029515
36.36849083495547
25.011537138454084
5.387764698342371
30.295683431736425
16.25053483391688
20.94982524249122
55.38816411116392
19.77103331211974
29.915061663183543
127.67802823622209
14.274015633407956
19.787804955222626
42.26211818040285
64.17869290389146
31.626401658038855
103.2602243465807
15.927314280337356
45.03869347615713
16.882643064804785
20.404246531720105
20.854696613080847
15.277730034198056
1.5106629960010853
20.76365653866375
18.33485956345754
32.48009871202366
19.420123207898442
68.59778430342925
30.86482453116492
62.58716492383337
14.91658524770333
276.2135355424808
16.012950841503606
21.45215402993801
31.63495397884468
17.87015815409388
24.484698308381326
37.14710289390331
65.85050376559428
10.229244900472784
58.34276885436245
24.69233900173356
17.54269739919592
12.616170424327201
44.9199259555392
37.616657471124185
16.77680642307083
18.011306737892127
91.22690011929278
62.69388019514475
71.09268400981475
14.85376297178261
42.53168861874674
13.453701461924027
18.01256232128101
18.929720172280312
12.925466643459645
38.78537235749981
178.01899943097206
103.20641357214892
22.96949554486922
26.29268213069349
24.896614619959625
23.2220508809407
23.211195658698262
56.35467483957536
174.30266847073264
37.27031772920937
34.29219524771764
31.60613916581138
7.807565992935075
12.48538586440792
4.917855985012404
14.777464461324817
17.349763099174307
111.06182708803485
37.320230213448085
255.34984606919556
43.54953001611523
21.291362452038666
112.38381248312594
19.902061189157276
21.13772318870922
11.502873997838572
15.511649371495757
47.75736842834426
52.80440383112216
6.829344628924693
12.630632775276258
19.14793257435646
108.42984116644911
6.40391069211275
9.801645671014342
46.60801473829115
7.813692589433811
7.244373146995112
20.80369590277301
49.48711823436717
36.15491131807072
38.648190349055405
42.22756857405285
97.52920523565047
72.99914501894114
40.410637133377925
23.81201671691908
8.15831899732656
96.62975623684335
18.698020824238167
60.95270355281189
26.116908628067723
14.298789379200752
12.481437542991419
42.52509587969377
17.04699848130347
49.23795222432608
97.2733327108356
22.721839169818228
19.979062595299528
42.67998190964578
26.518350222924603
10.82648668967521
13.959059369711131
6.727845264357897
18.087747772403045
15.7565299692111
25.223764461850003
30.018726809565187
26.67336852844313
17.99076175991048
19.62595510870323
48.172781632538154
39.61549599195993
51.39017436930631
35.46553932527267
68.77305522998353
117.66353403511295
25.890400066454138
23.922508645212858
15.679210969584831
43.95758865458565
17.404585214649238
30.01767739420625
13.153746007193497
23.240883612304163
20.641678122600055
20.7793373484853
39.18119562887109
41.91609480793661
12.399748317364661
21.839717898558263
6.568843630074225
100.72365678865378
13.053746022929046
44.750622950650026
10.131592616070877
13.578313045689615
60.61153603771675
33.924579405240664
95.63720266043453
10.574888946142504
32.13598021779605
18.293209521639767
107.10441998619714
31.809095467341955
77.19091744506666
24.5229215807683
36.36688504859137
10.63736926238742
44.83357456815364
9.336146149198886
5.216237658555266
21.244785315232015
16.251461010084117
33.4031266207487
16.49154443974432
21.243553936831255
15.319206099956265
17.405485387046838
13.223041532521806
33.75124330062883
13.883534061757837
61.0133077417286
22.824502165761842
47.54246396156007
93.51630960799804
155.57743041775504
47.44660681169472
46.362560665180666
67.21090644593531
35.65237944041621
3.0859735671842237
20.1085412463858
8.667380310628705
23.00532317591563
55.55514773278133
82.45107888585898
25.00853929031744
10.83824996945033
53.549586286619316
63.87551513237732
19.90297859834583
13.613613514679178
9.008913814724526
102.29520192740348
67.55594739574515
13.64469763314472
31.089981923000355
94.76234506932603
62.48376343299197
52.44476383251393
14.332184605425867
12.39423017535989
35.42613427361345
29.374848766799467
12.545320064736384
11.226986834746125
28.686905848070474
249.4941594173224
8.286045272200658
9.43087555162848
52.05752451287551
25.95676043096179
64.8062686544445
17.564341900334174
81.92152363854784
175.77513545649543
11.755239512068826
29.515653125082675
19.98794805957861
199.62345934907032
95.31432259576113
13.5305505800248
91.26382257715616
52.5555883690396
25.266042208369992
18.921510431641888
62.25878162543787
82.4606283044856
40.181705980467434
51.068811711027244
12.596322568933466
26.132276450192364
14.320263024501902
5.5655248493491944
22.228720908695006
23.691543239744217
13.931431830919989
31.226451765234437
130.91867181259735
71.44956410241898
13.052874574453831
39.09615311621195
26.881077122844435
30.528403629068816
73.82551391413247
7.395311154074064
32.98966005353584
106.21704175078166
96.92756014660702
77.6882668343571
25.091751986474137
18.444306161490378
19.910691596134285
13.280436152348273
7.284516749201306
10.394878135434581
27.73294364243096
42.96291187511429
229.35403481764882
12.252981224286053
26.538255607418456
40.7162151285824
12.29766574182206
39.332086993464834
11.081083748233288
91.6013858574432
10.397813281335132
33.37564360484
6.712850960479023
42.50393025137562
15.9737439894866
11.949289611449624
79.95376300055999
111.06819363189422
13.64165047714194
12.158889583395368
8.522337062816327
76.58391797227512
20.105742675017368
14.14482850750414
13.863060428388776
95.51668808390345
154.85384243082277
67.5942434054148
26.052547871362457
63.10161845582261
3.170131079256599
243.16429773153035
17.191869155744577
66.72639610976434
24.664142735731513
22.874664102660166
135.03831926488598
117.54074566315995
177.6443796493275
31.03460133573803
11.290585343592102
