289.2104383488668
375.05983122850085
338.5464488354574
235.21967464854893
217.3337938354184
319.8290716025782
213.2594631581358
271.0083890279304
126.08379148164053
374.2666175582295
144.33253561097465
220.32456017521946
218.64602492220385
213.5005854277772
351.50556033517665
246.6515967690259
217.68967547226066
260.9592988526728
390.38806306153197
232.2707068205669
206.29846176505367
226.5983935800865
201.55609319115925
219.3335725034298
394.3342368524414
159.7066665230812
282.1730773079148
255.37498041714832
182.67366314970562
296.22333596802014
291.3065131096189
211.49746305050033
180.83798809728614
262.46818504567415
226.1025800439952
147.9782674016112
317.3193801152894
265.38600749102613
439.5640415540281
152.5679400875264
207.93604033679952
204.01264430208172
347.52098660172936
69.50817666464873
274.6324313059606
192.27498341677435
217.17256295886344
245.9363182045094
215.81334701247
174.0111097502639
257.8429648165742
218.56114503961615
137.09993900309306
248.12053877462967
287.90072970008015
257.19507656276045
263.66769414087537
240.05974106963612
143.31668987253104
223.76112579009842
266.0494449611002
278.45075162616024
312.34876630341427
242.85545273205315
186.59740862744937
276.204141654684
257.9080610728087
256.9396502270388
243.813864233072
210.4471086441021
315.1963959811908
201.56446172425387
275.25985978849803
240.23235162605664
257.787146834312
211.0964362012361
342.9951118035562
381.5494267661758
139.50010178199176
263.8027388261956
27.34975639714251
278.0154784778391
160.73468956918742
146.65179941987876
207.19604995317275
201.55347537823886
280.5928001272884
307.52501048438603
244.94925294463502
137.5109395686255
198.1570907540143
314.39037715530316
180.5943525816564
317.78786580501634
260.43391287323743
240.79703970418842
137.6827080930899
305.7516023879442
276.51021603554415
254.7754522419594
270.14424400786265
199.4637845824993
218.96089080057834
255.68991543360312
179.13535741029182
213.51184140816412
247.00621636249255
112.94199783827275
330.90249841044374
254.32926744026227
191.9866695436841
67.60702684446312
213.28485210567632
243.60864405190787
150.22980467865239
337.05774156753563
74.22620736849761
247.8441113464808
202.33504390574788
304.53214727905413
228.09427350110874
220.17368966571485
189.1112387486166
165.08864435475354
189.18780252098153
274.6285253808107
218.5669167135743
246.88073636148528
219.34550570421362
214.36217944631736
314.96421669778573
199.88554048710765
254.7618579585068
257.0741000458136
172.4776584516174
287.07493555865045
235.5347134507798
368.4984225515065
218.03431820491437
157.9261473295662
180.9291671742345
91.24043763764786
179.75888877532543
172.6964110315002
179.01198875918988
333.84372468463624
342.0694281821808
281.9700863868038
258.0698162935267
336.1042669044551
286.98789323298104
207.72382374349095
326.0878015309867
251.07184600953877
337.9953822175493
278.8620008575651
182.5049238734186
253.72370858117745
334.38747209276676
316.0658565248763
83.4401319096448
364.726155364503
246.73741286369435
160.24393005206574
257.3177772987588
223.49140974891858
277.3277535642488
252.03898143020356
47.872368300767654
273.8195847772949
189.3085411993693
326.5189720012394
87.41693732470156
153.14700478204915
253.50997289836562
211.08458083133223
345.77784077500695
216.95218078122008
199.44639234428485
139.64384459544735
253.62669414501286
198.88566571615195
103.07838441166398
241.26107229814644
210.9294725735984
181.91612990495437
195.08075782166932
226.48434357603014
289.8558492277275
231.24832764997046
170.77786400296486
225.6962151677179
356.3565381426219
160.24246706218725
190.39090561945764
248.07600277782623
263.869290023182
220.36201671814922
371.3168006316525
286.63240969317224
311.1219948653097
288.35729310955105
237.45936167980386
33.3133418154973
261.2104844105683
335.83300228411963
284.55782338413195
317.9888630782867
261.61205728496844
285.1659278138527
163.8504929044649
234.6608241337485
273.55749186661234
227.77523667434505
278.1779442484919
282.05006790136895
200.41960495575802
235.960386761062
292.5167744727309
168.09472162745192
263.05400558516465
218.54517128726553
257.29082529710166
186.1880628345117
360.9218057330933
187.51138761331202
181.88042667544804
164.88091849242508
314.59661555586007
229.55287855012332
380.2082772297103
381.9319097356924
93.5119929955389
93.62749814377145
259.66343571962443
192.7183395772617
182.17182833875395
202.1394437960457
168.21023492743163
256.2179176044611
238.68306871261018
10.74820325497693
216.5356154497751
311.2322025865723
206.41334811813056
248.81242393677246
230.8595937366935
349.10963521220395
279.23966194727393
162.9448468185106
294.7342796611191
211.80221721677898
199.3200895169895
183.59334311883512
259.88711966951837
276.0147897082525
108.05895143178226
208.54712528261794
268.3282247195091
79.07724145382657
277.2842371037525
192.29955168373397
126.20981169389044
307.9669959856873
311.7915439064802
247.6587856397212
212.10219187512058
204.57669525999236
353.3965550394808
156.4314491236552
431.91041547216815
231.47497766129393
253.4118676969743
217.66632549550016
238.1167544228105
308.3031485080412
249.31128090625617
188.1074721782651
233.88018046254913
314.993067802553
225.6560795105181
317.87576424358696
254.5856578091761
44.16305185378319
198.98566362664366
187.7728644916263
193.90463911498992
209.29735485121594
243.82089106422606
204.22629172852675
215.06392989838514
150.01168006311713
171.62267002870107
220.68557507842473
135.95189307199382
240.93123229861854
135.63309613392673
146.84124514478938
277.7263769226705
248.474673956678
266.11827232432313
196.58138459824346
205.3225424994096
148.69608129150916
114.54693775055533
250.28339639845416
267.7183544600976
214.79909994857945
269.71524321878184
235.05992488094532
156.21195093622867
242.57228463253958
243.39989447472254
245.597905947806
278.7237834919612
200.4519426771827
341.1396641653541
241.91214512732296
295.48030034380173
121.04634088966637
75.9375114438853
232.8554976581596
216.3498630837997
258.06172583728414
307.18324944542206
308.5194558557597
325.5384044720302
242.6893627401217
142.32316293871978
81.80647874459201
200.75486214014302
250.4071738506074
185.6150936678944
114.36392166783895
255.08986973756703
300.86123318005576
74.71131845372902
340.8465951786807
308.2316603190497
225.8486531402283
71.66354221275256
232.13567040915873
221.90912373483542
371.91583394218287
82.1616121677535
406.8901750893515
201.2678672939229
216.7762277500779
223.8518125574454
293.8416496283746
103.06228575242316
321.22421661245306
216.25055175548593
171.50594258736993
150.36543184019422
202.36283115383645
126.23941328787805
283.4079185431774
289.6984525473173
269.35133385655644
320.2048390002992
229.60064782397734
209.82868860229345
224.50471746738089
185.57063076854303
261.3407627821111
413.246452624273
203.73530455049357
342.9092059415243
196.0468589386435
249.79749551602012
226.986309187398
302.0002257496704
199.8531422755528
198.59377928572567
224.9492983032558
205.35138780393993
232.06437987476468
214.05556381800707
354.4204457206675
296.26581175464696
218.27335432963454
201.78550277087186
192.83215901481904
244.30208648436835
219.29119074510567
195.04587852750214
120.53129655386148
321.2244075088695
202.06197865404755
270.08432769693104
371.0266317831394
200.95607262890945
205.14498618556465
286.73955780117893
249.80040026645247
317.91340492756876
231.04726270356971
494.7529203437078
208.7638992667375
327.18576804895184
234.60425074091964
250.1175388717624
226.31781977965022
156.78669614610126
114.55383008525796
50.56693178027842
229.26915680596335
163.64685451474116
197.92141126186672
226.46080276622567
286.8253166005365
84.28141418127376
243.81850025375616
180.2298797852572
192.77362864107232
275.8337781892515
355.3521199107404
210.6624750587405
191.1664777100382
270.91579991825137
244.27052648564106
137.6096529637999
174.1001675009147
144.58931233972484
268.95791543803017
41.008404615597556
321.90894849098265
197.506765985947
185.86899375524834
288.5241806841309
230.0162423236421
192.73387208644715
337.7173377584584
54.90343547371596
274.67018141668717
316.6044159137054
357.72778938835836
247.61697227944603
130.88641024842352
201.19632652179422
21.060179027550312
347.0177849413876
227.27602324723995
202.75826238835637
176.77122015066064
164.5352400571305
18.443305112968638
321.69132745486087
274.349857336387
228.8835725082963
278.92768193467896
195.3801268263561
104.36091380066875
303.4508044318523
183.4530157721299
275.76749331500895
240.94884685716258
243.54381442117324
273.04799638023513
355.3904593551863
268.1345568200004
164.29043118327064
315.67957344756684
305.68874358120917
302.52407663275955
321.450238896249
228.07440302838043
267.7551790522867
174.6666574906913
316.87522116600843
186.55406264326604
53.73229141962803
231.14461963530076
286.9367864471512
233.34160953101195
284.49404448117014
280.933192331795
308.8344863061392
302.5427923313613
291.8628515426447
187.16186210798125
32.725697275659904
238.32790025804104
162.5721934758272
210.2065396611021
258.45147013922633
190.13181659193174
218.45215144387433
219.6961309961982
330.4163682299227
260.7023770586776
222.57700179819443
182.14230966640093
211.47039575809487
233.3208180205438
247.07041621439936
212.15966620270103
182.80612033233737
240.83131867789612
229.7459791900038
194.90340030636878
330.09998564715323
9.545909925257918
196.1709719449209
115.7554316957505
263.2604022205512
126.72246356849557
126.45323725989215
244.86357134053034
334.1669592575644
272.6886819006465
195.51655577233484
279.963719739275
248.68505867658845
225.48210172847322
215.8680000900411
280.7867547180038
164.37124365441048
404.0201957052096
254.3930380852618
249.40959467580308
273.9087995970527
208.02198771085213
143.81522127116975
229.04436593801094
252.03588192178117
268.7055043946651
175.00202365664688
253.75079972830977
190.707068818499
147.5248954655987
285.704257678385
300.2950999483043
253.58407136806596
289.1546107989746
76.1994653058256
266.0747767780728
194.00782449112683
196.0690833107022
71.4344546365692
236.3456895024549
224.31973249390572
253.379543313323
290.8588947408602
251.9836497654082
343.58365180603994
299.39449811296834
223.0954690948616
226.12433134387953
272.5511356292421
212.79314536337375
227.69684780217523
254.14532843561733
268.22854241943594
170.6661878782597
252.45237934934735
281.1058612296827
235.19713709660138
211.70508508261628
156.2160294563966
188.6564745770843
217.03869843104908
281.1356288663888
15.003890644383933
154.2532368750551
427.4887166432876
326.62653207976604
136.17951973954476
334.2384597529508
374.4301851112812
132.05451084516446
198.6795734802147
240.485241236471
305.1796696799254
255.81252152115943
285.9337176872614
198.23621544320613
363.0127828089881
243.89525323865604
32.70283481519339
257.3375770584073
288.3220324685066
196.0189114061815
134.65136134005954
261.2158926857028
344.9985167472948
294.1561315068448
299.87386877546123
235.48698547295317
336.7239735214208
215.1251952649202
289.8461484433887
429.2710209014647
266.6278231591559
235.40667794523645
234.18705147191704
193.4459618809733
178.43644615523556
317.69434000750744
281.4434019410662
250.18470599809137
489.30753488784825
175.89859050050114
258.35999617393503
99.00624623230011
313.2881129537352
210.3298365301563
305.1978922588806
347.9506345851263
184.49000891100502
275.7945691340022
164.545610770987
224.38851697520303
291.63885787178384
326.78080226747375
251.35681719621581
216.98714253671403
225.13818931483937
268.4936510087506
81.98495660654496
178.69882196513913
215.99491235208927
176.99279537229506
227.58642970383852
162.2904557617654
385.48251561539826
52.47255031659269
310.96135184796987
125.83159283012598
171.29803696714592
367.9582339318503
216.60715837440458
305.3712342263269
232.22168051308878
163.51508801534163
183.49710832287573
123.78812457754998
248.5479888499867
256.429767667605
289.46148038816074
354.9264155646546
13.369214099701146
242.45140555196753
199.0626385120345
309.09682141880126
286.66352255174854
356.4749412215213
232.412820213715
231.66111574813232
285.66550613358606
216.8718045048512
267.47069407016437
304.1322005282955
350.8516754533328
138.8724589499832
256.97510974431776
306.7998635070272
232.3482357500156
267.19374129728016
265.8887177663188
194.49069272843494
312.129371905954
121.46278598879309
172.38077826810863
246.54098468528605
444.93362107065053
296.00374332340004
279.93504134308034
245.1145215809591
317.36167172525643
301.2986239248774
244.5550531869827
206.76680720026837
53.50444106546431
229.44463533229347
253.86455487041417
328.40388049668326
208.33528558695912
234.3749606498988
282.16152414328377
7.130130916872966
243.27873905244002
222.1322773913376
284.06867946452365
193.50924145452123
263.4629554837335
98.30020405328699
172.2812758709568
262.4015873760643
248.0408295465891
317.8442397156904
246.77843919227553
270.8032573292833
236.65856267513163
191.33459941503057
285.8314613463187
163.18005660633844
166.52454573781893
326.69400242574557
184.447590654885
270.97676893335733
230.49918560250822
184.8399387928499
99.90746856624172
212.89143499742855
206.26823567570452
331.80774663488586
225.0156729804005
258.16572208364687
201.69463699600146
181.73571290093642
136.9794707810759
271.8047933302282
238.53783311982232
273.1362438673507
179.35552763622854
294.6841402528592
235.24040930710362
69.58350426640257
255.68691319823776
313.41372902244586
244.99838927921422
253.63294060560233
245.2093509861326
181.35665164404466
268.9264381197709
252.64552219597212
236.00010995423258
328.16910440779014
313.9219372819168
251.40001941572535
338.615754328533
266.13883992692047
183.96368334459765
220.81194979108966
300.83488333128395
144.02013611320314
292.3263344648578
335.4344524966929
333.9951202939731
232.69638771827243
298.64672631876476
270.06525217162346
208.8534672797848
237.44286117547708
222.4746676615153
315.6155939412798
277.9604944669379
239.6476847223905
205.22594419745334
334.93391161989996
192.01219425406455
267.130985350441
138.09453283481378
220.0812228333386
282.3550201458639
227.60371931064708
200.71352283468008
184.36194853437468
343.3058660359941
183.18859340038904
297.26933063420245
135.0561237835291
228.8457385580934
249.80217267220883
270.807615523982
175.97762342381216
288.4959785837622
274.0802511705324
193.8344986716075
217.38250868922086
283.38606208448215
234.16853340188817
321.40788282579376
254.24422676067795
269.31374063375307
33.140554047792804
236.53875944110004
206.79260757089574
270.16019442242424
232.63982113355695
182.6488977474408
306.52106713423296
220.32910883362757
283.89124320965215
254.95961550120916
294.94802639350786
256.44852821233104
313.5269286858141
254.27781513465993
243.38200053953966
252.0948156720617
259.9536619591947
244.47944985900676
270.66728731465116
264.2589290449618
262.60036634812616
239.70993016091512
221.74809773293944
246.3366830989108
23.000410744914824
216.8333381161901
265.11042096616717
232.08179811207927
233.60273558036653
182.70539109467109
218.02124060318695
207.39096600833128
123.18028824601289
233.62389760053344
198.83214558214448
208.546942231561
291.12065594670526
226.08685506589987
293.4986756798199
245.45529375012129
257.0367335421484
415.2520558457161
133.02630058233404
257.08369610364093
35.16523255680252
310.7679466591015
225.35731045306076
149.88554698961286
246.10279425118696
200.0461004980357
241.68325848013453
45.10668557999798
268.936157538313
195.21162325582134
243.15959700704934
210.29913215361157
357.98446594656593
32.34778197040616
168.8616338215479
260.86879058837053
223.36949913491532
228.90910694343845
177.2581794982044
259.8959443264406
292.4184344231294
212.1814504038876
25.06663338221733
181.86550947764457
96.66540224359287
254.5106382207765
224.1363911648475
150.06242126867826
196.46764805473214
23.745662402191204
261.24357026544504
309.16960566039717
152.24611799918506
186.1272557040972
185.53659050246256
345.0843713492123
291.9292611773094
177.45634338234325
301.03212740119085
233.6179081727784
249.03440458702093
193.79715219420106
207.3793280821041
237.21786467017964
203.7527479229739
231.44396291475863
141.33195007735438
264.66234445920344
303.2902887976632
219.96554453750332
236.63997674943045
264.85732103041414
221.3895322922369
225.43881825812238
83.89109474346849
267.1163123635398
254.00851915591687
213.4540523446529
157.4269952669745
186.59876146606143
168.26327799723887
258.769407184486
216.2818498200508
335.2589543359104
291.95157154161257
300.46211282627473
249.17478087823685
183.72582266348527
270.43697378920353
163.83234958456902
232.10553126821645
238.01867728112023
138.21677104951752
276.3787966040227
322.99031603726064
234.1088230684753
226.5348474851822
324.9628657546426
231.0666928859938
306.8063472042655
158.5416470015141
213.4617740173172
274.01128891100785
225.8560017128011
268.99349857009685
176.36357622172534
347.3213609319636
230.69133870722067
246.1417479290212
279.72448955656057
220.7970237040149
202.8848280633894
98.38135668440692
232.41355017854414
284.28087687889627
224.96295172355437
175.6057745574588
13.681136828250047
243.38186193078374
212.31944011164342
299.02127536932716
427.69222142678893
10.429388537213136
221.35480290526317
215.70010194386796
290.25886116173297
340.23396716771873
260.12290127468265
198.85061081243876
225.2577494045872
343.15357194708116
290.69541849308933
307.12246405887726
179.47799755578356
207.72656893120015
327.22975070502184
189.89158567875663
336.66775292129955
3.463445433891608
234.30516209595694
169.2035962401141
187.00749217632
261.560336244891
206.25163838269938
317.6995418240943
221.67892528488815
24.045755259049397
248.61386847921446
191.0293861926135
312.38445188780946
274.9499526316747
297.32553325725826
277.139226095556
206.08588847228782
261.83959938049384
226.05760339049982
209.58358028916342
185.33019203462703
133.0689455824575
130.59462116535423
213.60106320803231
224.87538659531188
213.3727119010915
289.04932560191236
297.1368527425789
177.63235501727542
223.45090513585657
288.5639469176105
349.37863874177
241.40560783600785
204.22222610220027
240.99794819094328
248.99411172157775
310.100704550307
344.8292897748432
267.40489745350396
311.1336466485139
230.02613553845106
186.26409008012772
273.614516683951
273.9949878400134
343.2587401714806
210.4187486789464
211.56760249855063
192.77222028302816
244.70653206580815
80.51524664817704
255.46631197819022
273.71013374553695
259.32726266578135
243.9565776186423
209.00975880868594
129.00244123890093
172.33691178883262
254.5907295237809
141.89139894694307
257.5500361204218
237.62325305359408
224.00419144818923
