108.7621841430664
108.48294067382812
120.4848861694336
108.3435287475586
110.55172729492188
160.94984436035156
116.94866180419922
103.55558776855469
114.57769775390625
117.42699432373047
115.84971618652344
122.97584533691406
105.61090850830078
117.125244140625
101.03800964355469
117.21295166015625
103.94974517822266
117.14396667480469
120.41268920898438
104.10725402832031
113.94768524169922
112.56484985351562
99.4269790649414
97.47457885742188
100.31838989257812
220.0
130.5972900390625
114.47500610351562
148.5
93.57611846923828
132.53701782226562
97.80026245117188
97.52537536621094
104.24400329589844
113.16731262207031
104.7840576171875
101.4477310180664
107.7081298828125
120.80634307861328
123.93993377685547
101.07315063476562
94.42991638183594
119.68720245361328
122.9681625366211
104.30989837646484
100.615234375
199.0
82.83792114257812
114.6587905883789
127.78026580810547
98.451904296875
128.25836181640625
107.16971588134766
114.29714965820312
91.87908172607422
103.92127990722656
108.06463623046875
130.61328125
112.95985412597656
108.1875991821289
113.50047302246094
90.44773864746094
107.76643371582031
117.90621185302734
2.2947652339935303
116.26671600341797
88.45556640625
128.65284729003906
122.30322265625
87.90001678466797
92.9544677734375
162.86386108398438
69.5409927368164
109.21379089355469
119.76492309570312
108.56385040283203
131.3355255126953
100.68299102783203
97.77994537353516
118.34764862060547
99.0847396850586
114.81159973144531
115.7176742553711
127.21956634521484
99.35254669189453
106.33122253417969
119.54694366455078
104.3157958984375
114.5877685546875
104.73109436035156
96.40425109863281
93.20710754394531
99.0199966430664
144.55674743652344
98.5729751586914
86.88121032714844
112.76671600341797
103.49365997314453
143.18312072753906
108.14602661132812
117.3061752319336
100.65635681152344
151.6090545654297
113.05371856689453
115.96022033691406
123.66105651855469
116.2402572631836
115.35214233398438
133.62557983398438
95.01213073730469
101.2959213256836
112.14080810546875
130.79360961914062
100.84920501708984
105.75337219238281
118.6327133178711
105.2697525024414
159.05584716796875
78.91710662841797
112.7960433959961
112.36751556396484
125.7662582397461
128.78067016601562
110.09149932861328
89.29054260253906
108.42864990234375
107.47785186767578
96.37110137939453
92.41525268554688
106.51918029785156
115.03227996826172
115.66170501708984
120.80485534667969
106.54273986816406
112.24251556396484
109.54412078857422
133.1853790283203
133.06646728515625
76.92581939697266
115.81634521484375
126.65254974365234
118.59691619873047
107.20830535888672
117.42469024658203
111.38754272460938
101.55511474609375
127.22704315185547
113.93106842041016
127.9245834350586
98.95816040039062
132.85055541992188
98.81192779541016
91.96333312988281
109.56798553466797
169.8610382080078
108.02178192138672
102.09587097167969
86.78607177734375
120.07965087890625
99.50890350341797
123.525146484375
105.53954315185547
115.693603515625
104.22245788574219
130.32095336914062
118.30062866210938
106.30595397949219
123.09562683105469
103.2286148071289
113.86168670654297
102.94119262695312
100.7098159790039
147.0701446533203
105.36469268798828
111.8277359008789
96.27752685546875
30.1893253326416
97.13086700439453
120.02302551269531
107.28870391845703
119.50511932373047
110.15593719482422
106.04231262207031
96.73605346679688
121.91203308105469
100.87277221679688
124.60259246826172
105.57125091552734
111.14163970947266
110.48818969726562
123.98706817626953
84.4174575805664
102.0038070678711
121.81848907470703
101.95951843261719
109.45153045654297
98.54507446289062
97.97676086425781
106.4198226928711
166.4665069580078
113.79671478271484
137.5
109.49542236328125
111.04019927978516
116.540283203125
133.93194580078125
110.93753051757812
113.85997009277344
109.79965209960938
111.64013671875
100.484619140625
141.87681579589844
64.35435485839844
140.2349395751953
105.34586334228516
116.70256805419922
121.5
163.55624389648438
135.24769592285156
127.03733825683594
88.24496459960938
124.7087631225586
113.30522918701172
96.1965560913086
141.44969177246094
118.11201477050781
112.12625885009766
104.30963134765625
109.3151626586914
117.55322265625
51.98446273803711
101.17911529541016
128.61026000976562
99.30825805664062
113.82701110839844
69.18742370605469
202.5
133.38497924804688
139.67811584472656
114.83055877685547
103.65874481201172
101.66387939453125
106.93090057373047
105.99176025390625
112.64392852783203
104.20355987548828
104.53123474121094
146.09042358398438
110.33554077148438
125.21670532226562
147.10850524902344
100.5989990234375
96.64508056640625
112.85526275634766
111.28158569335938
127.03034210205078
96.38603973388672
107.55733489990234
110.23188018798828
119.293212890625
115.5057601928711
134.40145874023438
0.4143754243850708
102.90300750732422
136.8280029296875
110.95527648925781
101.92808532714844
108.82982635498047
95.99713897705078
95.4393081665039
103.80116271972656
111.767333984375
127.55770874023438
103.80077362060547
123.81132507324219
100.8141098022461
113.00761413574219
108.2031021118164
122.81488037109375
95.76380157470703
141.939453125
100.64952850341797
153.57273864746094
99.23673248291016
96.31451416015625
173.36175537109375
113.17790985107422
136.37770080566406
115.67919158935547
113.06517028808594
107.76759338378906
124.56694793701172
110.24730682373047
127.18962097167969
127.08698272705078
90.61866760253906
101.65127563476562
216.5
104.63372039794922
109.45480346679688
96.70590209960938
122.21163177490234
102.86270904541016
127.36310577392578
136.17578125
95.4542007446289
101.88410186767578
102.99944305419922
124.24465942382812
113.13553619384766
98.24029541015625
103.98941802978516
128.3756103515625
112.06917572021484
132.4766387939453
115.17877960205078
109.20856475830078
126.70061492919922
116.27014923095703
113.7425765991211
107.47058868408203
127.39291381835938
104.26431274414062
133.53546142578125
112.92418670654297
108.59894561767578
108.23672485351562
102.7354507446289
124.06989288330078
115.6346206665039
100.57276916503906
99.05403900146484
108.0243148803711
117.069091796875
99.80301666259766
112.34273529052734
129.54391479492188
105.94459533691406
134.94931030273438
127.75879669189453
109.44400024414062
156.2384490966797
105.13665008544922
114.98865509033203
92.1281967163086
100.95040893554688
107.54853057861328
136.16647338867188
90.40017700195312
125.82585144042969
115.59817504882812
101.12825012207031
113.80823516845703
121.86692810058594
92.21611022949219
106.32025909423828
116.89513397216797
83.9565658569336
101.05934143066406
115.55250549316406
118.48326873779297
103.29487609863281
101.77645874023438
152.63084411621094
115.33049774169922
108.42366790771484
118.83475494384766
109.94639587402344
96.18363189697266
112.07071685791016
109.74673461914062
102.09011840820312
96.36985778808594
101.80699157714844
117.86580657958984
142.4930419921875
104.14165496826172
100.46702575683594
111.06733703613281
99.95346069335938
44.97666931152344
117.97554779052734
91.7367935180664
125.5683822631836
100.27362060546875
129.37350463867188
90.44512939453125
115.78947448730469
259.0
248.5
108.10701751708984
104.65253448486328
228.0
135.58460998535156
105.91098022460938
93.67601013183594
103.57137298583984
108.68865966796875
94.08560943603516
103.5702896118164
111.09465789794922
103.4552993774414
99.65483856201172
128.45010375976562
138.31832885742188
103.25292205810547
99.1749267578125
109.88579559326172
121.03023529052734
105.8445816040039
51.90058517456055
113.05266571044922
111.88219451904297
111.46483612060547
134.9319305419922
111.83654022216797
92.06453704833984
48.184940338134766
138.47369384765625
97.49879455566406
102.16656494140625
105.76563262939453
108.99661254882812
110.03714752197266
115.07339477539062
152.56494140625
92.5126724243164
120.2212905883789
100.79930114746094
129.39736938476562
125.60707092285156
103.55628204345703
97.3411636352539
111.73672485351562
121.833984375
95.79572296142578
144.6765899658203
126.7354736328125
113.40343475341797
105.8641586303711
115.26637268066406
142.24913024902344
103.35604858398438
112.90522766113281
113.92252349853516
112.07685089111328
103.31961059570312
94.51747131347656
97.23181915283203
104.46871185302734
127.78116607666016
106.33971405029297
109.93630981445312
100.02684783935547
122.20416259765625
99.14810180664062
95.0374984741211
105.10498046875
149.1826934814453
112.07752990722656
123.05976867675781
95.75828552246094
99.49893951416016
117.49235534667969
113.81885528564453
140.7392120361328
101.97785949707031
122.6169662475586
115.99002075195312
122.03717041015625
111.28134155273438
103.03546905517578
126.06390380859375
155.14903259277344
111.2215347290039
108.69232940673828
91.73158264160156
119.93916320800781
98.15641021728516
93.95647430419922
137.30010986328125
112.3669662475586
142.15557861328125
109.92739868164062
118.05509185791016
93.05826568603516
121.62828063964844
169.0
114.11495971679688
114.53467559814453
143.92218017578125
94.47080993652344
108.92388153076172
131.72015380859375
126.27814483642578
87.87959289550781
43.91990280151367
115.70397186279297
146.87188720703125
119.73054504394531
99.03430938720703
131.95523071289062
117.71776580810547
101.25782775878906
104.06891632080078
105.4799575805664
124.38764190673828
107.9434585571289
105.72236633300781
111.17596435546875
126.14678192138672
109.57605743408203
94.56079864501953
116.95234680175781
104.30863952636719
120.88539123535156
92.56865692138672
102.17597961425781
101.12601470947266
94.98231506347656
97.27865600585938
119.06112670898438
135.12213134765625
98.86468505859375
100.0901870727539
157.02708435058594
96.40377807617188
125.24441528320312
116.97879791259766
98.63090515136719
105.4161605834961
110.84493255615234
96.16007995605469
107.83125305175781
101.542724609375
114.04761505126953
110.68824005126953
101.2640609741211
136.3837432861328
131.02499389648438
128.06573486328125
101.48443603515625
134.56446838378906
125.13522338867188
113.64601135253906
107.0640640258789
119.31416320800781
102.13434600830078
97.0042724609375
108.1023941040039
110.14863586425781
96.89314270019531
108.44098663330078
139.36569213867188
127.99818420410156
91.39372253417969
101.32705688476562
109.16371154785156
103.12544250488281
131.46554565429688
100.83924102783203
149.0911102294922
117.99412536621094
114.28875732421875
112.71852111816406
113.4114990234375
94.71424865722656
122.78225708007812
110.17108917236328
91.189697265625
96.6412124633789
159.06344604492188
121.2557373046875
120.96295928955078
120.15067291259766
128.5653076171875
108.17203521728516
124.73439025878906
111.24846649169922
121.04873657226562
106.02513885498047
92.59626007080078
108.01374053955078
139.8992919921875
125.37725067138672
95.86549377441406
117.5
116.8167724609375
108.9335708618164
102.13518524169922
103.79103088378906
110.56327819824219
96.0810775756836
107.79163360595703
137.9154052734375
108.94083404541016
110.63980102539062
125.70479583740234
98.4106674194336
139.9039306640625
94.60018920898438
121.10999298095703
93.9060287475586
109.8304672241211
111.96219635009766
95.02342224121094
96.43336486816406
164.39527893066406
106.98475646972656
109.41728210449219
100.44471740722656
143.4615478515625
97.77503204345703
105.77770233154297
159.7886962890625
104.39949035644531
106.08856201171875
128.5582733154297
105.3978042602539
95.97074127197266
220.0
115.98921203613281
102.95055389404297
96.26715087890625
104.78264617919922
118.752197265625
110.77533721923828
109.27244567871094
124.63278198242188
105.71002197265625
119.94193267822266
121.9493408203125
99.49539184570312
135.24264526367188
126.1644058227539
134.67864990234375
103.71552276611328
119.70941162109375
104.30746459960938
93.1921157836914
109.79011535644531
109.39689636230469
112.87128448486328
119.27360534667969
138.49847412109375
115.40902709960938
112.62416076660156
106.51953887939453
109.90533447265625
66.51051330566406
107.88396453857422
116.92611694335938
96.81694793701172
117.7520751953125
116.10858917236328
123.36341857910156
93.89376068115234
69.72982025146484
103.94438171386719
96.54364013671875
111.80841064453125
116.0048828125
107.13094329833984
111.3806381225586
101.85631561279297
100.70234680175781
115.03231048583984
135.71356201171875
96.8408432006836
118.11685180664062
184.0
165.33497619628906
115.4454574584961
108.51948547363281
132.47232055664062
100.670166015625
109.87389373779297
108.87818908691406
108.6360855102539
116.06512451171875
108.17322540283203
137.51596069335938
103.3353042602539
105.44571685791016
107.8454360961914
132.98904418945312
122.59929656982422
165.01913452148438
130.1881103515625
54.57763671875
131.6251220703125
119.82449340820312
144.1351776123047
109.6604995727539
117.18692779541016
101.98539733886719
120.7256088256836
130.69505310058594
111.05232238769531
100.01348876953125
99.5938949584961
117.72724151611328
100.26191711425781
131.98550415039062
158.84930419921875
107.04731750488281
115.09677124023438
102.8532943725586
144.02224731445312
104.23014831542969
111.92556762695312
90.44612884521484
130.6007080078125
158.0367889404297
117.16195678710938
99.57866668701172
119.22362518310547
120.35978698730469
126.36457824707031
142.00621032714844
98.07717895507812
112.67203521728516
117.67864990234375
107.65031433105469
117.63471984863281
105.4026107788086
110.12017059326172
97.9619140625
112.22021484375
132.52487182617188
118.17588806152344
95.7696304321289
107.88296508789062
143.59011840820312
131.74928283691406
103.38639068603516
127.20526123046875
102.97023010253906
80.53545379638672
99.60333251953125
116.20637512207031
102.41504669189453
115.28765106201172
114.64104461669922
97.17245483398438
111.05255126953125
141.38937377929688
106.72791290283203
122.59886932373047
108.51268768310547
116.73151397705078
110.88133239746094
104.60523986816406
100.13483428955078
102.18878173828125
130.03884887695312
114.97956085205078
123.20561218261719
156.6706085205078
94.60568237304688
115.54428100585938
116.96171569824219
101.70404052734375
129.683837890625
119.17877197265625
111.77781677246094
108.09095764160156
107.58428192138672
93.57962036132812
133.22506713867188
116.5570068359375
127.57312774658203
107.88700866699219
106.01318359375
92.5046157836914
113.53736114501953
120.95111083984375
110.7780990600586
102.00263214111328
121.60396575927734
114.24832916259766
92.24007415771484
115.69509887695312
123.05549621582031
116.58182525634766
94.2267074584961
121.75477600097656
162.84205627441406
44.09981155395508
133.79396057128906
110.6312255859375
103.28605651855469
121.01643371582031
118.72013854980469
115.8874740600586
96.6521987915039
128.57748413085938
93.36380767822266
103.25375366210938
119.97685241699219
134.20806884765625
93.42540740966797
118.90726470947266
124.84455108642578
99.35711669921875
99.0137939453125
93.8917465209961
101.2060317993164
91.01644134521484
108.35655212402344
108.56595611572266
97.9371109008789
140.55519104003906
93.5350570678711
102.04164123535156
107.59780883789062
110.49686431884766
231.0
112.93612670898438
121.71841430664062
126.56499481201172
100.05224609375
133.53009033203125
117.63609313964844
107.79364013671875
119.05070495605469
119.94966125488281
129.08372497558594
127.1768569946289
99.35617065429688
105.63025665283203
122.764404296875
68.56930541992188
112.99539184570312
114.52863311767578
113.60617065429688
118.32193756103516
90.52040100097656
116.2577133178711
99.96747589111328
115.94900512695312
114.72587585449219
113.73334503173828
118.23150634765625
112.82109069824219
124.0213623046875
124.35707092285156
91.94050598144531
103.0210952758789
91.02555084228516
106.83641052246094
72.35702514648438
127.26956939697266
131.1204376220703
113.64047241210938
110.3918228149414
112.83875274658203
112.34114074707031
123.53627014160156
100.75336456298828
109.73124694824219
110.14551544189453
113.7569351196289
107.2962646484375
91.11249542236328
137.37448120117188
128.7827606201172
125.46611022949219
89.83354949951172
94.76314544677734
115.3088607788086
98.64044952392578
94.3017349243164
124.34947967529297
103.67594909667969
112.0
101.07364654541016
123.91691589355469
116.34369659423828
122.22339630126953
110.10952758789062
121.89278411865234
119.33357238769531
96.16830444335938
160.47164916992188
130.44046020507812
114.1246337890625
116.92082977294922
96.69351196289062
117.14395141601562
97.7005386352539
107.69447326660156
99.29405212402344
95.73689270019531
92.88887023925781
135.1859130859375
108.12018585205078
129.78675842285156
94.0925521850586
128.58251953125
136.8953094482422
122.31314086914062
106.88451385498047
85.8593978881836
115.16905975341797
121.79010009765625
103.328857421875
129.39108276367188
124.1864242553711
105.31929016113281
118.6438217163086
104.41648864746094
117.57469177246094
126.53148651123047
108.31626892089844
103.761474609375
33.05900573730469
101.57949829101562
103.87353515625
125.86958312988281
111.49510192871094
102.51851654052734
114.66372680664062
108.87460327148438
129.35287475585938
118.15087890625
118.16040802001953
137.3577880859375
119.10176849365234
106.50204467773438
116.34139251708984
113.2186508178711
94.64302825927734
109.89275360107422
122.95726013183594
144.73968505859375
103.1163330078125
93.99486541748047
110.81063842773438
109.29662322998047
116.2081527709961
98.11375427246094
108.85321044921875
115.08000183105469
104.59982299804688
101.03406524658203
125.87739562988281
123.86497497558594
96.40857696533203
108.62979888916016
97.3819351196289
108.444091796875
125.60751342773438
98.51155853271484
99.88190460205078
111.93437957763672
135.11085510253906
112.80236053466797
95.26813507080078
108.5101318359375
116.68478393554688
138.37240600585938
106.0717544555664
111.80382537841797
139.4173583984375
105.61549377441406
99.34934997558594
106.95088958740234
162.08535766601562
110.78681945800781
108.92456817626953
119.36137390136719
101.98780059814453
112.65350341796875
95.27055358886719
114.69110107421875
84.87403869628906
136.0
135.92831420898438
92.06246185302734
107.79366302490234
102.25006866455078
104.55321502685547
114.92398834228516
102.81322479248047
115.14170837402344
130.46261596679688
101.93926239013672
173.66661071777344
125.03410339355469
90.63003540039062
109.87631225585938
101.31460571289062
51.30079650878906
105.46320343017578
113.8748779296875
143.4555206298828
109.81746673583984
112.74519348144531
115.75785064697266
