0.9037286722780036
0.6132766656939654
0.7822726753960465
0.8722044826778864
0.887029454370665
0.8680184765625989
0.9054885809147781
0.8027821221220677
0.8914665982271326
0.7614933010119453
0.6533357159502163
0.6500077133722721
0.8979607366305289
0.8352426609696268
0.689235367052335
0.7860806604272297
0.76734970204753
0.8900222084858731
0.8186264419989917
0.8398789521908561
0.6864990061274439
0.8455749332798561
0.7068193504594524
0.70181006528877
0.7681691493163958
0.8438010012012371
0.8292123521017258
0.8839053535934634
0.8602065635044807
0.5344695707134212
0.8881317872326027
0.8374837876254732
0.7540872975442163
0.8299965692691422
0.8269015259590109
0.831344824609666
0.5940320483782974
0.7879723231319946
0.8365871114203373
0.8707829277132471
0.6628724645634245
0.8684455162692224
0.7866087768966331
0.5791917226612966
0.7588979223688896
0.7983055035912947
0.8861916256498166
0.8722770705402213
0.7625793818830908
0.8976493817558555
0.8112832777224346
0.8636678261850734
0.7720743781720985
0.7307832977214375
0.5926331961345708
0.7986300450359798
0.8756929920284181
0.8954495231004381
0.7597134011881321
0.8116720469193861
0.8482834181633071
0.8026229681162155
0.5421245320176242
0.7579889603838575
0.8237667250243277
0.642571421088396
0.6408922491205653
0.5291697976194195
0.8326880763904227
0.7419677344323714
0.7945272139134502
0.8332710731956618
0.8548892335797245
0.6562886695941129
0.8106423700638026
0.7450565050350061
0.6740094646156615
0.7637696274814006
0.7413691092904258
0.8614706548802009
0.5523186658357604
0.709700939580016
0.76618671107203
0.8620375949862589
0.7501313107475577
0.6896062123524873
0.8449024081805122
0.5090598849590996
0.8505263514369285
0.641571956003865
0.8725286378146572
0.9061138350989137
0.650449950192117
0.8414852813416704
0.7284837513648192
0.7689576925057362
0.8372519597609462
0.8379692025303614
0.8868077424312422
0.8448888834746484
0.678551882391887
0.8571650494927665
0.863755937952255
0.7761823259542566
0.7903935247167231
0.8766725198349767
0.6108960296520005
0.8575811700725732
0.7875639659043994
0.8424650119313112
0.8351646307523233
0.6687673736601636
0.6768307631874947
0.8280403479768381
0.7688027955962298
0.6196075400779462
0.664565304594312
0.7179884806758445
0.8487636398504763
0.8501993599669835
0.7816261715656874
0.64419841750555
0.8751300191673497
0.6977497416439138
0.7541495679280381
0.8051056296745271
0.5722974561190101
0.538829116423102
0.6345003841510436
0.6742479912197106
0.7628927409076973
0.7775260381076436
0.8464964727721039
0.8472029186707841
0.7607620473449634
0.8442773485708023
0.6852063702491235
0.7843449586116495
0.7450250258371035
0.753272810735327
0.8683000089825833
0.8167641180041464
0.6769886770604123
0.7487511380663171
0.8041966163698482
0.8506219049555084
0.8313360951307347
0.8838612822962504
0.8613627523387473
0.8178750790421492
0.7821861338149951
0.7304295084949147
0.8821381493877454
0.8379617650099322
0.7394652739615113
0.7357033226086239
0.7942206458875636
0.653822586320246
0.7886116682607893
0.6740435482897613
0.8540684202606508
0.7047540439616274
0.8932702028374269
0.8993623480219268
0.817760806634276
0.8510708408945225
0.7948122990047197
0.850072735708745
0.5414635682808897
0.829306299385834
0.8455656973400001
0.8718010180012037
0.6919793854945476
0.9093259305878438
0.7288796105935361
0.691552887419361
0.6986297719045481
0.8092325838739668
0.8630485717867105
0.5620451053023151
0.8347919053265263
0.843964760826586
0.68879621300204
0.8615103415018782
0.713557475751851
0.6848362860375727
0.8349342092253108
0.8398494258485371
0.8519750114731026
0.7731251730923371
0.8213603844261614
0.7131579062609055
0.7639555595645113
0.8744574820583333
0.8512449796031425
0.75612819133758
0.6778137996206897
0.7928472902054278
0.8672323632333747
0.8145299538580918
0.7141315523397853
0.8692852348163281
0.6666688254715414
0.8281590106914563
0.6982344850099809
0.8340928280361769
0.6218528338810224
0.6580581297932815
0.832743003347135
0.8567104457643542
0.8891518210369935
0.8264312177755813
0.7944285752957894
0.878754342090633
0.8258899157306974
0.7792067534215338
0.7148421470741535
0.7548976420092424
0.8169322844001339
0.8963437850242252
0.8974388222428056
0.8726794827254785
0.8332186771875527
0.8718936924159841
0.846235326680085
0.8674363480580954
0.8250813563243464
0.6619885590971747
0.7681491302101771
0.7468986418176176
0.7816960826404981
0.7668797309349347
0.6872535635974446
0.7433374522002008
0.82483207699038
0.8358052055804623
0.9079431968764602
0.6783130299535552
0.7731213108311181
0.818051887111293
0.7048704562545854
0.5697722193552729
0.672127326105207
0.5464707429344352
0.8223556179101412
0.6494278542042337
0.873186432692082
0.8446501476353871
0.7261160407820726
0.5359423517264301
0.8419434709680522
0.8929313742662792
0.8175702054236528
0.8210832516371206
0.9036969342686998
0.715476347254564
0.8003957592501232
0.8293461268439786
0.5914248438016732
0.8503765896578198
0.7952620235186667
0.6442068471589116
0.6858649686422184
0.8342575465373159
0.8777548054041644
0.8158012204665015
0.7914831936988656
0.6654398104234956
0.7977849199210374
0.8465678227347169
0.7002446485571012
0.8764567847228109
0.6150747831952695
0.6416493554108702
0.6817075560957953
0.6234551037334314
0.6365519390543267
0.7515826153545577
0.8351079443582415
0.8788236663195526
0.8075486545035927
0.8359931986923543
0.8905109148372019
0.7823941452465927
0.8404134240847536
0.6610131252216108
0.6033926009987921
0.6594148575417831
0.6374094732572304
0.7466961844585775
0.6319434964527454
0.6180658435582094
0.695459384023582
0.8376592668837135
0.8148473314337366
0.6438597742004993
0.7547717683183487
0.5413667130421294
0.7605162655237225
0.6766196068933877
0.7976745419758269
0.794978104824829
0.657496424502545
0.8067480683063357
0.7631165816491039
0.9050533558429977
0.8249216743339745
0.8642391766303668
0.7342149621858778
0.8508842628071983
0.6375325833135707
0.8460695499270394
0.8790126955493033
0.7877594710036393
0.7490545444444777
0.6531199913075392
0.790378687655283
0.8292803359965961
0.6780288164286254
0.8885433471112381
0.856376777584275
0.8242650757887373
0.7671020928715762
0.8491296730341066
0.6396165701392351
0.7143978976203597
0.7004388794158581
0.8462804990729945
0.7934035493797047
0.8387345226671907
0.8448704621434897
0.6826716011905097
0.8585622129927539
0.8881732299758665
0.7211595807831641
0.6791340037239679
0.6550392871052759
0.7252990902919196
0.8473755473661084
0.5763345637115221
0.8369765146520347
0.7477963129255101
0.6394562296565364
0.5927757715572416
0.6567470756372182
0.846408210161527
0.8685854325910461
0.4726655223111175
0.5153563355111636
0.8197512676757535
0.833140376574312
0.6975069766382591
0.8527510756844288
0.78043500389946
0.826144242466321
0.8708946160215992
0.6402088235748892
0.6277511879051573
0.8646758858445014
0.6733597880409873
0.7949870592504718
0.8571274183857327
0.7582659077479836
0.666122212267595
0.8564550632763578
0.7619915795366532
0.7718974685876449
0.875787198038809
0.7865690375306913
0.7896642289791995
0.7980846401900095
0.7983753934446196
0.8775392755908172
0.8416649997475076
0.7496045293347197
0.754835150782948
0.8389853246582661
0.8401437630085521
0.8446709223117304
0.7985219944365101
0.8727808262153401
0.6795041197003258
0.6899337775903708
0.5869754993533146
0.909930331258552
0.7883513900410994
0.8578643378440974
0.8864066027828681
0.8534972412861656
0.8299775776444096
0.8167617684418897
0.8452381135463469
0.7722255687120114
0.6988082530732952
0.7527477057957912
0.7301203225786018
0.7762120206748728
0.8846643765028579
0.7338516416270002
0.5582141651094652
0.8439427280799588
0.7866397147053685
0.8248317531073597
0.7396698030275466
0.8179461610851059
0.7414162437178592
0.8136024089674742
0.7665471859073013
0.8311268567431176
0.8447915146302949
0.840558161516868
0.6625766264553535
0.8746948485137771
0.8430042005415972
0.7413809421434763
0.8767911041652608
0.893633162509896
0.7819609396339311
0.7970024434467861
0.8739117356795172
0.8085039108110605
0.6349279840595446
0.6604221378290852
0.6753395987156423
0.6435739039487653
0.580130391606799
0.6931547268208611
0.7678507562147129
0.6719271407159683
0.8681520321805934
0.8423987321503157
0.883543424942698
0.8048115392820931
0.8261067270888892
0.844587632142833
0.6541153871712836
0.7744297020929775
0.7078786794195318
0.7376968522250444
0.8410306977321552
0.7146792792804605
0.8499806731252514
0.7695619818567714
0.8389132800903759
0.8015936559342667
0.5968825509563978
0.8364786059244609
0.8953001656237105
0.6673323217386599
0.8463264585752743
0.8587937984021772
0.853651005080153
0.8508626590566091
0.8621154849725114
0.8363394479140989
0.6906261314966319
0.8468496622401498
0.8528806642427351
0.6907618590044518
0.8262748875934209
0.8237876979458187
0.6888160385132741
0.6257424011731656
0.8114481144153853
0.8494507194492533
0.8246308668122586
0.8706295252556522
0.872484491434603
0.6782415528102668
0.49509288325725875
0.8236185853989471
0.8472830358218704
0.737469018759492
0.7776549881555788
0.8712385302122977
0.6496945823187872
0.8559126822241583
0.6294938129057392
0.6273019481763555
0.6256153815434401
0.7202361715913431
0.8844578566129748
0.6919787059798866
0.6023203610086671
0.7555555867688636
0.7727340738775257
0.7741180166898249
0.798101654615897
0.7608335736559622
0.7174671096099691
0.8146648178073475
0.6893684935626891
0.844488793797516
0.70366254651638
0.729339657753229
0.7612183367939216
0.8014720387573107
0.8456941860121919
0.8222466334159115
0.8549218650031973
0.8514038122745892
0.8084820881415504
0.7573628399039158
0.65935253411545
0.8580139888245242
0.8087929415095764
0.6147901275603157
0.8767961272159696
0.7979184135745718
0.8349730794341457
0.8546790140061398
0.7291707731746861
0.5213531765488527
0.7991013464079495
0.8280245670384554
0.8224483871493343
0.7191863612280297
0.7749904180135293
0.8260345881158373
0.8224215630788207
0.772539320165331
0.744918171290873
0.9006823038114495
0.7297490693050657
0.7893445388869913
0.8479845656787832
0.7278111313572743
0.7509630684493616
0.8296771647999741
0.8205516623817912
0.73147128750671
0.7079249468237784
0.8890735805087975
0.7678612768677873
0.749120213070845
0.7246533114337415
0.8189313493339894
0.640165849227345
0.852943527880436
0.7511444751224811
0.5665431656592737
0.7408489865388279
0.8601518459439589
0.8616149997640179
0.8664974514808119
0.6883347617241034
0.7795291929782565
0.8958679219428813
0.7962746985170991
0.6329358085572386
0.8535044685538858
0.6119122245122051
0.6974666775384208
0.6055706485732997
0.8664890770267524
0.839314594910392
0.7073672065883579
0.6145796600422012
0.8272520882143222
0.8695438517030899
0.7982494256189736
0.8545558160228852
0.8374446805885317
0.8267552387345132
0.842788426724639
0.8673142062402949
0.6144318492587887
0.7209557813601213
0.9101654626683706
0.7536115042228895
0.8463349366311211
0.8404704287190026
0.6319478567176344
0.8648309156496826
0.7857547545564216
0.7984122354574695
0.7330868426568151
0.7189085290998033
0.890841349534296
0.827568128845229
0.4285870158864183
0.7974480754208021
0.43880495874646264
0.8041905361268258
0.6845985315926865
0.7743102163282718
0.6592895690948062
0.8161039183646119
0.8670949758790909
0.818096274334347
0.861111577435162
0.8420069104949028
0.7957962703115852
0.7747094188204136
0.6925537358879864
0.7854624371817732
0.7924596952930558
0.6668655622286596
0.839969914056564
0.8388612503695109
0.847573681326661
0.7024697483731359
0.6295709958593522
0.6973706924333218
0.6331797073041834
0.659742186122311
0.706636728708095
0.7480140025820231
0.8416278437176175
0.9049094037352752
0.799486266997659
0.8420846674919353
0.6233516566664565
0.7433778452071632
0.6635765394506585
0.7297959869979818
0.9032141547588024
0.8633359674117915
0.8672107049104635
0.8427606340093112
0.7717051296140068
0.8614792454113511
0.7425465217220493
0.700248674946674
0.7463995110040519
0.8098692216129579
0.8767398660949024
0.6956549031992247
0.6740767230727429
0.7444402121893876
0.8425148765092706
0.5457066605837357
0.6909694091268495
0.8858701210539435
0.4880208746289477
0.850271406902424
0.8176960653385952
0.8783284668841274
0.8005512717034717
0.8320691644341696
0.8768678171584745
0.8328481957654743
0.8653222972494203
0.9043687786070344
0.8764747723660338
0.8935920748404725
0.8748338763097319
0.7194551038437019
0.710426015538034
0.607570951630561
0.6499826418268774
0.7515362382372772
0.8477056621946394
0.823142145860865
0.6858170377904893
0.8668560385850165
0.7914788274800697
0.7602521182822566
0.8584065161525136
0.775465692090826
0.7447094234740934
0.7937056528582553
0.8982860842136697
0.7287689683256688
0.8476839786364777
0.668182336435718
0.8826569449548884
0.7196356391040889
0.8889856711874642
0.7437346353273067
0.8355948266729998
0.8464996584414404
0.898456297351869
0.8558427969822788
0.9021716327746535
0.8779749008634551
0.7976633157839416
0.7288817401773766
0.7569299376006628
0.6687873072506529
0.8563718845608874
0.6668429482203351
0.776200609137232
0.7638633209830877
0.9064387191511963
0.6006006153585811
0.8510806061416706
0.7071678695616861
0.8562260861386459
0.8593905442610827
0.5555342944840033
0.8861558626624245
0.7836071850927184
0.5184714415598055
0.8462535461317469
0.6375284198081079
0.7731766848477123
0.8001532519607906
0.8143573466468238
0.9011816449922097
0.7773831313175275
0.8715937742099418
0.9000676477995122
0.8438625245762028
0.7167811720771964
0.8524784470339185
0.7060718980948264
0.758444637511204
0.876650772513773
0.6505767636751432
0.8685946894618634
0.7914642713899852
0.8475727611494215
0.795615806596192
0.8494631563736822
0.7129385764023652
0.5868437976649696
0.6496145884664477
0.6078948975082301
0.8748325254271005
0.8452643717376649
0.7352361164895314
0.7401626337859486
0.7922496746074996
0.8223955720881944
0.7602246887729119
0.700054059291565
0.8744265828860889
0.661992609280325
0.8877117593211465
0.6580705051869328
0.7425705617735269
0.6318329746473542
0.8631865172296154
0.7088513230764897
0.8126040988092718
0.714532865977393
0.8258980212982615
0.7364623977118031
0.83960366913968
0.7414868641743435
0.6863867984714802
0.8798911312270247
0.5810904392711599
0.7526476039952391
0.8737749280344537
0.7082910794919995
0.7347338825853639
0.733366991398421
0.5434087397710208
0.8031559098101001
0.8084760329364977
0.7616502153710804
0.7278596575404839
0.8470314198702493
0.8943685984785099
0.6764836420399198
0.89837708298945
0.7311099272729998
0.8524480574544446
0.6890753195650432
0.6937167843435061
0.7374715642827973
0.7974034567786741
0.8561010060973289
0.48529282995070455
0.6882577270128116
0.8231752206552787
0.8424672384361916
0.8226857175829512
0.7944762096735052
0.4834011125819505
0.7090342631860664
0.6570701768487324
0.8194262959344119
0.819031540767827
0.6603610519708719
0.8599531081040286
0.5441646489457014
0.8811282398412001
0.7892807782662801
0.6110016758210517
0.8303446320541332
0.9134046460246457
0.7937359990465525
0.8572218462267371
0.6503244476773231
0.7457735271442854
0.7222870430920112
0.4402542113766304
0.5201906862800388
0.7856693762070854
0.6139783080477855
0.7558980667237283
0.8631148762260741
0.7586491878993323
0.7885121293125597
0.752508854536754
0.7650128501598474
0.8223835376051933
0.8834162385773983
0.8255125445200282
0.8710640539273619
0.8093981863677174
0.858094582160839
0.5610401751545817
0.8345153220097252
0.7197634017670546
0.8273471520416683
0.7861483031919434
0.8994490875134945
0.739291746528308
0.6731579297241789
0.7984611661496206
0.875662391402998
0.8783414780141928
0.7047697410512912
0.7864225441806753
0.7758556852974006
0.6577575253824861
0.8866801292098401
0.6246980954134965
0.8532638661104998
0.7663691291222984
0.7584314032480484
0.8763764989326849
0.8687546276076199
0.872874909240958
0.76876555874605
0.8994047445505395
0.7500972890555244
0.8706013892497093
0.9041930820065299
0.6320714976519121
0.7516301403731069
0.7650995835629635
0.8602968540854253
0.8498066047679564
0.5738349905069628
0.8020597926101536
0.6684666385046377
0.854957230151921
0.8425313173697996
0.7882041839306807
0.8413411671735557
0.5465501359434323
0.6879509888656803
0.8573014374297956
0.8629997352414767
0.8023890027299593
0.6578399901536455
0.6847817832120755
0.8515347254489742
0.8811101984644668
0.6977805445297267
0.8509125380158209
0.8863441116465514
0.8628843755936821
0.8161924197964445
0.8075310859388407
0.8445879128794601
0.8588993884895411
0.831407439805607
0.7821307908339353
0.8425012690306887
0.6597644639432744
0.8663585258358939
0.6982917231597211
0.8408451934727708
0.7362672834017593
0.6695393864183607
0.5998790407717507
0.6440322817950674
0.8385018426389853
0.8952400139024438
0.9140473757559138
0.8557111403071788
0.8743661156234133
0.6148672383422232
0.8631049653511085
0.8000199832940655
0.6483327531200143
0.8957180889138637
0.7715772474354896
0.7243301533698314
0.7989467438312403
0.7736749038938029
0.8689642004112448
0.6159842930121734
0.811363641017975
0.8661401043759425
0.6892295356659862
0.7579786107003067
0.804175657557002
0.6542300077920669
0.849715742571608
0.7482162766687374
0.8564207281856104
0.6346240899397131
0.8026397350319353
0.8317551302955175
0.7688203805652734
0.7926896834267723
0.7353023469277942
0.8337902623726205
0.7125076074500618
0.820415801619012
0.7563742985712644
0.8405504907012566
0.6126535040039327
0.8866934105379456
0.9159541438238923
0.8468999782096096
0.652931400861891
0.8824795276852846
0.766296214770446
0.7533987444892551
0.8007801354187549
0.6658633192766616
0.8321472237272766
0.8334507063562476
0.8993251574985839
0.8792726358652168
0.8184972677841964
0.5381481674409203
0.5835440629505457
0.7937873304285774
0.7752331572504083
0.8083522278872562
0.7769852861946063
0.7934915934894625
0.813753910110316
0.7444320410307308
0.7470252081107508
0.7361651597342074
0.8378233921769535
0.7720611034778619
0.8225996295096887
0.8703122650191404
0.8250607918237938
0.7088059089325622
0.6376369760493418
0.788114588723119
0.7309754502719863
0.8751705117393616
0.811806824787656
0.8064997713693398
0.7898298806164805
0.8563896278227902
0.6997137864076532
0.8631090221377541
0.7653041071806352
0.8757455192887693
0.7122008677300229
0.5080879855127218
0.7585098132980623
0.666965107485837
0.8579574953357703
0.7810060216483816
0.8780533670536008
0.7729297147918663
0.8660253699115945
0.49070164570868074
0.8295840281317455
0.6776878476531522
0.6990411425304031
0.8547501811939929
0.7953132931741121
0.7541626954988485
0.8459848727864716
0.7847345532627349
0.7953266564919654
0.8077045938362127
0.7003721808695447
0.7105729173282689
0.8666883293171512
0.807824910820798
0.8309644168315989
0.6495571935645322
0.7124620416347721
0.8269578674072577
0.8315110290446974
0.6240327843759401
0.5985620902853279
0.8685847695156049
0.801796720661829
0.7038052381398928
0.7315075594925909
0.8796531240452662
0.8436840857945527
0.6354592804665085
0.8107226609330542
0.7461825706442197
0.7908149944078822
0.8249223297275414
0.6867970928036926
0.7944245411949107
0.8935037327033624
0.698057408420848
0.5706373238081475
