119.47917175292969
96.43252563476562
121.44796752929688
110.73247528076172
145.21510314941406
128.20065307617188
108.58610534667969
111.4298095703125
95.61971282958984
113.88127136230469
132.1270294189453
122.70316314697266
92.57691192626953
100.10417938232422
78.7950439453125
113.40892791748047
92.25203704833984
113.92375183105469
93.7513198852539
116.65522003173828
108.45381164550781
105.99412536621094
98.62838745117188
124.51022338867188
63.106815338134766
98.98664855957031
116.68196868896484
104.94680786132812
111.69374084472656
110.58213806152344
100.42985534667969
104.90501403808594
103.01365661621094
122.26668548583984
99.66720581054688
105.03311157226562
95.33106994628906
96.90545654296875
98.69419860839844
95.16099548339844
103.77366638183594
106.54263305664062
112.68317413330078
92.63667297363281
96.02436065673828
113.79759216308594
122.77201843261719
112.68450927734375
108.15512084960938
14.765154838562012
94.95238494873047
114.14691925048828
125.65990447998047
108.23148345947266
112.98998260498047
102.31449890136719
95.52066802978516
124.87429809570312
116.98905181884766
122.072509765625
100.76040649414062
105.08980560302734
88.2186279296875
125.18419647216797
118.84159851074219
110.31871795654297
103.97319030761719
114.80481719970703
108.34329223632812
98.37640380859375
114.3806381225586
99.97398376464844
129.3221435546875
85.51769256591797
100.6075668334961
107.15403747558594
125.908935546875
136.74203491210938
105.76936340332031
120.24247741699219
128.04873657226562
92.87783813476562
91.3169174194336
113.17109680175781
91.20816040039062
50.9583854675293
98.60379028320312
112.5359115600586
149.18528747558594
136.70797729492188
104.34747314453125
90.93065643310547
96.80695343017578
98.05824279785156
90.86046600341797
95.41011810302734
111.14573669433594
96.01643371582031
121.10322570800781
118.9630126953125
107.66885375976562
109.25154113769531
107.07400512695312
126.41497039794922
115.90116119384766
99.5653305053711
115.92225646972656
95.98455810546875
108.62786865234375
93.78358459472656
107.40106201171875
115.8752212524414
114.6784439086914
90.3182373046875
112.8726806640625
71.41311645507812
130.21029663085938
126.63249969482422
103.04981231689453
129.59686279296875
100.3338851928711
96.20256042480469
109.51530456542969
125.52465057373047
99.33293151855469
104.3987045288086
102.24838256835938
142.39942932128906
100.35304260253906
94.49044036865234
138.2999267578125
104.11585235595703
123.7912368774414
102.2072982788086
116.76846313476562
37.11396026611328
102.7000503540039
110.39193725585938
107.92777252197266
98.55958557128906
107.61984252929688
108.7522964477539
94.3017578125
117.7077865600586
106.13636016845703
97.51366424560547
116.95750427246094
113.14596557617188
95.0500259399414
128.33685302734375
124.70526123046875
108.06725311279297
112.99103546142578
103.53319549560547
102.10797119140625
118.32633209228516
110.98336791992188
99.17959594726562
82.50759887695312
106.49211120605469
104.24128723144531
102.0777359008789
105.0086898803711
113.8216781616211
95.37992858886719
116.31515502929688
109.1489486694336
108.96563720703125
134.97177124023438
92.07636260986328
120.89669799804688
108.81105041503906
127.92196655273438
108.98821258544922
107.25264739990234
112.81320190429688
105.26519775390625
124.00109100341797
105.16635131835938
102.97257232666016
103.12613677978516
106.2823257446289
107.5538558959961
137.7196807861328
115.5172348022461
91.00782775878906
116.25618743896484
86.17267608642578
96.70262908935547
126.8114013671875
103.97557067871094
132.39442443847656
100.72860717773438
100.98860168457031
139.56204223632812
105.50845336914062
117.7298812866211
114.53048706054688
104.2381820678711
97.72877502441406
121.50102233886719
117.4101791381836
96.62211608886719
126.69429016113281
104.61416625976562
93.06787872314453
100.20161437988281
120.32626342773438
124.9443130493164
105.80521392822266
121.20135498046875
99.93524169921875
124.6458740234375
91.79129028320312
100.73127746582031
108.7268295288086
137.2635040283203
118.94659423828125
120.12493896484375
104.2382583618164
85.2125244140625
98.73670959472656
88.6473159790039
107.31204986572266
96.21308898925781
90.99796295166016
97.76160430908203
105.73388671875
132.78225708007812
114.37610626220703
131.63595581054688
119.36341857910156
95.45861053466797
99.00402069091797
94.8137435913086
116.3929672241211
105.4140396118164
110.5440902709961
111.9415054321289
99.9766616821289
106.82939147949219
93.9564437866211
123.46195220947266
98.8246078491211
123.43291473388672
128.7360076904297
101.58441925048828
104.73660278320312
105.07238006591797
113.56494140625
100.64436340332031
95.00120544433594
93.60790252685547
119.87359619140625
94.70722198486328
111.49562072753906
96.76565551757812
92.80367279052734
118.6589126586914
111.0582275390625
104.83085632324219
103.027587890625
110.73414611816406
136.12266540527344
86.64573669433594
97.86447143554688
96.71956634521484
103.89913940429688
93.69085693359375
103.10615539550781
129.6536865234375
97.13843536376953
104.57872772216797
113.95366668701172
108.08186340332031
99.07322692871094
118.14469146728516
105.08187103271484
89.47616577148438
106.31584167480469
101.24480438232422
99.35657501220703
124.68177795410156
98.09626007080078
116.5
95.82673645019531
93.59080505371094
116.73408508300781
106.78894805908203
112.45779418945312
128.64259338378906
109.63511657714844
91.25110626220703
110.69217681884766
102.71517944335938
120.00865173339844
95.10040283203125
134.86563110351562
105.0494613647461
94.96529388427734
122.45901489257812
121.85979461669922
113.46668243408203
41.34467315673828
109.36209106445312
129.822021484375
117.34220123291016
103.55780029296875
111.51414489746094
89.89616394042969
87.20037078857422
118.70516204833984
86.86138916015625
114.17745971679688
124.252685546875
92.02632141113281
110.89192962646484
90.97639465332031
92.04704284667969
129.85720825195312
107.21221160888672
93.08621215820312
124.34087371826172
91.7548828125
113.91936492919922
93.96370697021484
98.1368637084961
99.62008666992188
94.3958511352539
104.47975158691406
107.13754272460938
104.44075775146484
113.8649673461914
105.4068374633789
112.06535339355469
97.44979095458984
114.61599731445312
109.10033416748047
108.11676025390625
101.8744888305664
109.6754379272461
102.42028045654297
115.73436737060547
93.89875030517578
99.4156494140625
103.36853790283203
118.6610336303711
116.0355224609375
127.04914855957031
92.12056732177734
106.26969909667969
95.93059539794922
136.672607421875
119.07720184326172
79.17616271972656
124.31878662109375
97.97761535644531
89.7594223022461
103.76042175292969
122.90654754638672
109.21297454833984
148.65321350097656
110.71142578125
108.89898681640625
100.94365692138672
117.19313049316406
123.15277862548828
117.4000473022461
96.21304321289062
2.011885166168213
113.71710968017578
122.24575805664062
187.98468017578125
117.00432586669922
95.91773986816406
97.03895568847656
94.13607025146484
115.14314270019531
107.57829284667969
104.86105346679688
104.81714630126953
111.22808837890625
124.03343200683594
111.98091888427734
116.44174194335938
93.18006134033203
114.59242248535156
95.12055969238281
95.131103515625
96.98271942138672
101.78228759765625
122.93567657470703
100.00106811523438
125.56604766845703
84.23958587646484
93.52070617675781
120.13648223876953
132.1578369140625
105.75836181640625
115.58644104003906
116.55414581298828
112.1134262084961
109.65355682373047
116.86480712890625
102.44142150878906
101.7747573852539
99.4376449584961
105.28219604492188
116.72364044189453
101.69275665283203
112.54090118408203
111.86297607421875
107.04119873046875
118.5154800415039
105.8087387084961
99.17146301269531
86.58056640625
134.54632568359375
96.99742126464844
107.07969665527344
81.24092864990234
99.15251159667969
131.5843963623047
126.32414245605469
135.22665405273438
106.94113159179688
107.28443145751953
150.39772033691406
101.90894317626953
105.05821990966797
116.736083984375
96.91631317138672
121.27466583251953
100.53345489501953
109.95337677001953
99.40914916992188
99.11945343017578
117.21622467041016
104.7413330078125
122.98991394042969
115.585205078125
118.59611511230469
116.67748260498047
107.06712341308594
109.8118896484375
92.942138671875
109.56962585449219
112.1336441040039
114.63350677490234
118.68706512451172
117.34866333007812
122.60745239257812
107.68379211425781
105.58104705810547
93.0364990234375
110.3757553100586
112.82769012451172
105.33432006835938
111.9197998046875
106.7081069946289
98.32678985595703
97.43429565429688
100.14893341064453
170.1702423095703
104.47779846191406
110.75099182128906
107.65355682373047
128.46942138671875
95.6474838256836
103.42118835449219
97.09711456298828
94.60475158691406
124.84735870361328
108.2488784790039
102.44384765625
120.28610229492188
159.43548583984375
104.50261688232422
93.56659698486328
102.15380859375
103.07411193847656
138.2423095703125
108.7729721069336
106.56556701660156
89.34391784667969
101.1394271850586
116.35272979736328
123.19181823730469
129.06387329101562
99.48664093017578
124.41168212890625
139.32920837402344
108.76466369628906
109.43741607666016
109.45510864257812
125.76456451416016
109.99462127685547
95.81809997558594
108.86079406738281
103.36260223388672
126.14897155761719
102.94747161865234
92.73149108886719
111.64507293701172
112.84571075439453
117.64530944824219
129.592041015625
90.09463500976562
123.51287078857422
99.21601104736328
119.17688751220703
126.27835845947266
114.8288803100586
120.85438537597656
105.78900909423828
107.91618347167969
127.32797241210938
121.8414535522461
100.61449432373047
109.10993194580078
115.8081283569336
124.07733917236328
100.57524108886719
117.5453109741211
135.92422485351562
63.59053039550781
111.36131286621094
119.88955688476562
142.4664306640625
98.09488677978516
96.5823974609375
101.73846435546875
117.72508239746094
78.17138671875
119.02867126464844
108.14060974121094
101.00127410888672
121.98140716552734
137.20071411132812
110.65442657470703
122.66462707519531
133.686279296875
104.7660903930664
20.715206146240234
94.29876708984375
100.83197784423828
84.56538391113281
112.72500610351562
95.90242767333984
111.5408935546875
102.79326629638672
103.67652893066406
147.21397399902344
109.48545837402344
94.73811340332031
97.77198028564453
110.863525390625
114.62287902832031
96.66516876220703
113.6728286743164
103.73363494873047
106.97489166259766
70.47481536865234
91.73609161376953
114.9794921875
119.73664855957031
105.73626708984375
138.22044372558594
65.85808563232422
91.03398895263672
105.59198760986328
100.9686279296875
110.17583465576172
93.62161254882812
95.33613586425781
103.37049102783203
108.19953155517578
115.23304748535156
93.6590576171875
121.0824966430664
118.50193786621094
103.18075561523438
91.8907470703125
94.03181457519531
98.67711639404297
131.98358154296875
107.25865173339844
94.45562744140625
130.09104919433594
100.638916015625
102.60511779785156
122.73748016357422
98.4441146850586
115.41653442382812
108.12710571289062
105.37403106689453
101.400390625
120.5527114868164
93.88079071044922
130.8377227783203
98.08792877197266
100.74383544921875
128.40573120117188
121.78101348876953
120.15478515625
95.17554473876953
83.10665893554688
100.12940216064453
109.92352294921875
100.2696762084961
107.98043060302734
135.2744598388672
101.71739959716797
94.49544525146484
97.45126342773438
114.55711364746094
113.18045043945312
85.54946899414062
88.55726623535156
103.83589172363281
89.31965637207031
102.82323455810547
125.22061920166016
105.63945007324219
119.42035675048828
115.24504852294922
109.46134185791016
129.9672088623047
124.00418853759766
117.33143615722656
114.63829803466797
109.75634765625
100.00784301757812
173.51437377929688
129.98316955566406
121.19708251953125
105.48957061767578
86.80911254882812
98.204833984375
92.65900421142578
91.89274597167969
90.73748779296875
103.7510986328125
99.6689453125
99.51699829101562
124.33995056152344
127.53681182861328
124.34636688232422
110.28031158447266
104.0265121459961
99.3006362915039
88.98695373535156
120.5077133178711
89.64715576171875
102.13548278808594
135.17929077148438
104.64152526855469
110.09937286376953
112.07611846923828
118.54954528808594
105.53105926513672
96.77728271484375
48.97084045410156
109.23170471191406
101.09558868408203
102.74901580810547
124.2742691040039
94.76414489746094
100.61814880371094
99.3069076538086
96.60833740234375
134.92376708984375
102.99358367919922
100.45421600341797
115.04627227783203
95.97586059570312
100.4334945678711
101.90345001220703
96.02794647216797
103.6258773803711
99.86859893798828
95.72412872314453
121.43526458740234
103.28857421875
119.3711929321289
106.84623718261719
101.87702941894531
115.75669860839844
91.66436004638672
101.03055572509766
127.39046478271484
97.8917007446289
173.80422973632812
147.7274627685547
112.39366912841797
138.04234313964844
98.26435852050781
96.87574005126953
145.5828399658203
86.853271484375
121.72168731689453
104.52068328857422
104.14176940917969
116.65580749511719
146.41233825683594
122.8818130493164
99.74677276611328
97.30831909179688
97.94924926757812
102.54633331298828
97.67759704589844
91.15670776367188
90.58296966552734
88.720947265625
109.42031860351562
104.01585388183594
99.61849212646484
107.89239501953125
90.59577941894531
94.43339538574219
96.74335479736328
103.57984924316406
77.08766174316406
129.8585205078125
117.94012451171875
127.23590087890625
109.34617614746094
113.72225952148438
123.02056121826172
105.54841613769531
107.49547576904297
105.12188720703125
113.15935516357422
111.23981475830078
108.19286346435547
112.5
111.825927734375
125.00210571289062
130.3856658935547
84.92753601074219
98.921630859375
91.14806365966797
93.48591613769531
93.75723266601562
115.60292053222656
122.35113525390625
102.02287292480469
94.96019744873047
99.8443374633789
99.24308013916016
98.31185150146484
85.64115905761719
122.31529235839844
105.9070816040039
103.3931655883789
101.03169250488281
99.43252563476562
109.34017181396484
158.86416625976562
101.50074768066406
97.70943450927734
119.34855651855469
82.46121978759766
103.06354522705078
99.00239562988281
111.73593139648438
93.88150024414062
104.50080108642578
92.23843383789062
111.31416320800781
96.8915786743164
117.05303192138672
99.52387237548828
96.47716522216797
113.25588989257812
91.41448211669922
108.71897888183594
111.92937469482422
140.01507568359375
98.96691131591797
117.41522979736328
71.13140869140625
110.64818572998047
97.82694244384766
85.42552185058594
103.15567779541016
119.91801452636719
120.71992492675781
107.02435302734375
131.55836486816406
119.08643341064453
112.75772857666016
110.04219818115234
121.59221649169922
113.9670181274414
105.7711410522461
106.30936431884766
99.38140106201172
136.21817016601562
137.9842071533203
124.09561157226562
100.62439727783203
97.05887603759766
121.37763214111328
109.73812103271484
102.93517303466797
96.54064178466797
148.49398803710938
141.58551025390625
90.7511978149414
117.37898254394531
112.11268615722656
108.86177825927734
127.61228942871094
98.28658294677734
115.73724365234375
131.28749084472656
100.83788299560547
86.1697769165039
101.4614028930664
135.72586059570312
118.02188873291016
105.19953155517578
120.26773834228516
139.87574768066406
102.09249114990234
112.60022735595703
106.30313110351562
61.45084762573242
87.36244201660156
133.20529174804688
107.66157531738281
102.4772720336914
116.87384033203125
93.26313018798828
125.11383819580078
88.86162567138672
92.93072509765625
109.3683090209961
106.2569808959961
111.83743286132812
93.20185089111328
117.7295150756836
107.77388000488281
99.87477111816406
175.13021850585938
90.82379913330078
111.3181381225586
121.23798370361328
131.0213623046875
99.05486297607422
95.0793228149414
96.2782974243164
100.433837890625
95.51912689208984
103.17786407470703
131.12063598632812
130.81982421875
91.02227020263672
101.34925842285156
112.47325897216797
124.57225799560547
106.64246368408203
101.04082489013672
99.0411376953125
123.16407775878906
99.33500671386719
103.8027572631836
96.97853088378906
93.75799560546875
114.35195922851562
116.26583862304688
124.71878051757812
110.88511657714844
97.67577362060547
123.58872985839844
101.4094467163086
105.29949188232422
91.64013671875
116.28412628173828
126.95962524414062
103.59268188476562
114.99756622314453
130.62289428710938
96.90727996826172
100.36019134521484
91.15380859375
121.57838439941406
159.517578125
112.33905029296875
97.66265106201172
129.49835205078125
102.1356201171875
88.00304412841797
101.04216766357422
95.76734161376953
111.9372329711914
101.71837615966797
101.36112213134766
103.51016998291016
120.26428985595703
97.45453643798828
99.14579772949219
149.12879943847656
108.13749694824219
104.20158386230469
103.48930358886719
102.61978149414062
104.7947006225586
147.9219207763672
98.68922424316406
107.3629150390625
135.11349487304688
107.77035522460938
98.6266098022461
114.06047821044922
110.94155883789062
86.84565734863281
116.06737518310547
123.63432312011719
133.19285583496094
32.09554672241211
139.0586395263672
108.67428588867188
96.32210540771484
105.85391235351562
124.21211242675781
107.0571060180664
167.5249481201172
116.51499938964844
129.74609375
100.171875
96.36732482910156
119.39952850341797
103.50487518310547
114.43574523925781
133.65728759765625
106.706787109375
110.083740234375
125.22314453125
104.05540466308594
103.36820983886719
108.02525329589844
111.83939361572266
122.75971221923828
108.85978698730469
91.96350860595703
112.9756088256836
107.70619201660156
97.25933074951172
100.47651672363281
103.56952667236328
86.39901733398438
98.80390930175781
96.17511749267578
134.03933715820312
97.09171295166016
107.76782989501953
109.6863021850586
120.65757751464844
91.81575012207031
110.6272964477539
119.26600646972656
91.13949584960938
92.14128875732422
131.24099731445312
102.50788879394531
117.24744415283203
106.24784088134766
213.0
247.5
126.15247344970703
97.05162048339844
98.54935455322266
115.55329132080078
105.16815185546875
113.44461822509766
102.91975402832031
99.67654418945312
98.92398834228516
118.98100280761719
99.84501647949219
120.55068969726562
99.52455139160156
111.69868469238281
98.58660125732422
102.31900024414062
75.23077392578125
119.02708435058594
122.642822265625
109.82659149169922
149.72805786132812
114.04651641845703
94.11743927001953
109.60372924804688
110.3138427734375
110.1091079711914
107.76956176757812
94.64409637451172
134.815185546875
