21.95400047302246
23.16071319580078
7.269629001617432
18.169599533081055
17.924652099609375
21.79648208618164
36.57386779785156
22.872913360595703
7.195319175720215
18.21346092224121
18.978925704956055
20.484251022338867
13.433920860290527
21.09090805053711
19.01284408569336
23.1190128326416
28.194583892822266
17.892532348632812
8.646434783935547
0.7756078243255615
17.95334243774414
20.306133270263672
22.613243103027344
18.423625946044922
16.89892578125
17.815034866333008
19.59632110595703
20.441692352294922
14.382967948913574
21.21470069885254
19.625038146972656
19.32562828063965
20.002002716064453
16.828781127929688
19.600360870361328
17.579687118530273
21.546422958374023
32.636024475097656
23.05104637145996
20.478681564331055
19.43875503540039
20.162044525146484
19.077075958251953
15.738733291625977
21.085256576538086
17.621715545654297
21.603757858276367
16.63630485534668
22.926687240600586
29.914512634277344
16.840856552124023
21.621265411376953
19.635334014892578
17.804767608642578
42.78742218017578
18.560199737548828
20.378047943115234
19.06688690185547
20.099267959594727
20.776247024536133
20.418399810791016
36.35270309448242
23.653017044067383
27.275720596313477
17.82935905456543
30.4990177154541
16.147533416748047
14.825379371643066
19.95206069946289
16.840608596801758
18.396541595458984
17.355064392089844
23.713632583618164
18.999420166015625
17.839754104614258
16.186567306518555
23.725894927978516
20.532499313354492
19.19077491760254
35.55434036254883
18.80965805053711
19.830778121948242
20.99651336669922
17.55341148376465
26.604862213134766
14.326912879943848
22.56781578063965
20.944761276245117
19.483118057250977
18.541963577270508
20.65441131591797
16.865671157836914
20.05890655517578
21.71669578552246
16.5330810546875
17.57871437072754
20.765884399414062
9.262653350830078
28.28062629699707
42.87065124511719
18.36342430114746
23.365205764770508
19.338542938232422
20.531450271606445
20.539587020874023
20.48273468017578
16.660097122192383
20.505420684814453
21.884008407592773
15.087202072143555
20.305221557617188
35.428401947021484
23.71377944946289
17.764314651489258
14.627957344055176
21.624834060668945
16.678314208984375
19.51194190979004
19.218883514404297
18.723304748535156
21.272825241088867
15.548909187316895
33.41206359863281
16.488189697265625
20.375652313232422
21.80048370361328
17.919328689575195
18.326858520507812
17.316646575927734
18.69668960571289
16.947790145874023
20.365341186523438
21.375503540039062
13.39625358581543
14.186026573181152
18.086538314819336
18.76207160949707
19.193082809448242
22.077619552612305
21.02715301513672
20.489137649536133
46.27857971191406
17.110952377319336
22.211259841918945
20.490699768066406
18.166423797607422
20.095094680786133
29.64571189880371
17.153797149658203
19.6712703704834
18.422548294067383
20.466690063476562
20.01700782775879
18.488666534423828
20.70655632019043
24.396188735961914
22.146711349487305
21.663475036621094
17.972509384155273
21.760223388671875
17.35325813293457
18.21666717529297
16.3258113861084
23.53506851196289
17.96190071105957
22.204164505004883
20.771024703979492
20.683584213256836
21.990699768066406
23.07659912109375
21.700780868530273
20.612131118774414
22.35784149169922
30.94026756286621
20.73520278930664
19.77420997619629
17.615827560424805
19.659608840942383
21.23565101623535
22.668853759765625
21.52832794189453
21.74809455871582
22.22304344177246
20.555368423461914
24.148914337158203
19.41905975341797
23.362455368041992
19.24677085876465
5.102576732635498
18.263731002807617
17.18443489074707
65.92965698242188
18.69290542602539
21.60806655883789
16.7291259765625
20.54229164123535
31.636781692504883
22.330673217773438
19.160619735717773
21.783700942993164
18.823089599609375
36.119224548339844
16.700021743774414
16.988561630249023
24.630329132080078
20.289213180541992
22.948896408081055
18.879270553588867
16.78192138671875
21.767501831054688
17.526195526123047
16.88133430480957
0.6476458311080933
20.407255172729492
18.622995376586914
35.261348724365234
21.44507598876953
18.162033081054688
19.828182220458984
19.14566993713379
17.176029205322266
22.43185043334961
8.123594284057617
16.0369930267334
16.335493087768555
22.827396392822266
20.865365982055664
22.23447608947754
23.813644409179688
19.336885452270508
19.00433921813965
15.875099182128906
14.171932220458984
19.091001510620117
35.843387603759766
18.81863784790039
19.11101722717285
21.4301700592041
19.23528480529785
16.306440353393555
22.55393409729004
18.500268936157227
17.807369232177734
21.342891693115234
21.827726364135742
19.871660232543945
18.625825881958008
23.42119026184082
18.48639678955078
17.607383728027344
17.887475967407227
20.792652130126953
19.319862365722656
18.37117576599121
18.48834228515625
10.236184120178223
32.39026641845703
16.683534622192383
20.899185180664062
15.915921211242676
19.741552352905273
31.514545440673828
24.25017547607422
21.09621238708496
17.952383041381836
24.529205322265625
14.710488319396973
20.836048126220703
23.031164169311523
27.79697608947754
20.396221160888672
22.12076187133789
21.978458404541016
20.099939346313477
23.83462142944336
22.75070571899414
20.169269561767578
16.31818199157715
19.175312042236328
40.08708953857422
19.15398406982422
24.327312469482422
28.30947494506836
18.011714935302734
18.31624412536621
22.052915573120117
21.29351234436035
20.131324768066406
33.89826202392578
19.051511764526367
21.901762008666992
20.184297561645508
22.081375122070312
19.046964645385742
17.470870971679688
15.45594310760498
18.803646087646484
16.60506248474121
18.595937728881836
16.999372482299805
17.994342803955078
20.128665924072266
24.395706176757812
16.339738845825195
20.404380798339844
16.896617889404297
23.080263137817383
22.155033111572266
14.544825553894043
23.18707847595215
16.190921783447266
18.61363410949707
18.920804977416992
23.237154006958008
18.19988250732422
19.962356567382812
17.621383666992188
22.07637596130371
28.61697006225586
22.530319213867188
19.836788177490234
18.64044189453125
15.710371971130371
17.650285720825195
25.274625778198242
26.25004768371582
22.02979850769043
19.171409606933594
17.340587615966797
19.940021514892578
16.606260299682617
17.988285064697266
21.247264862060547
21.39028549194336
17.822471618652344
12.293463706970215
20.853252410888672
20.401113510131836
21.104467391967773
19.750165939331055
22.127796173095703
19.38935661315918
22.97922706604004
22.307382583618164
28.852336883544922
19.678890228271484
18.931385040283203
22.835432052612305
19.586355209350586
21.066831588745117
24.806726455688477
19.393814086914062
15.486936569213867
19.60520362854004
18.859004974365234
21.227455139160156
18.697294235229492
18.91680908203125
17.141786575317383
16.33783531188965
18.194332122802734
18.5839900970459
17.551376342773438
16.855911254882812
21.46749496459961
18.808982849121094
20.867101669311523
16.6058349609375
19.812318801879883
21.27669906616211
18.320995330810547
20.568395614624023
17.67229461669922
23.26652717590332
28.269006729125977
19.00812339782715
21.904586791992188
30.103517532348633
22.40673065185547
19.06540870666504
26.68655014038086
18.84116554260254
18.841447830200195
25.637910842895508
16.252756118774414
15.510354995727539
58.15343475341797
20.01679229736328
18.300931930541992
22.35626220703125
19.52320098876953
21.78609275817871
18.264270782470703
18.026737213134766
16.239238739013672
17.101499557495117
21.44359016418457
18.765953063964844
17.254337310791016
19.222957611083984
18.521682739257812
17.93132209777832
26.88017463684082
21.095449447631836
21.963930130004883
19.510604858398438
23.68321418762207
18.146724700927734
20.632198333740234
23.43059730529785
20.221698760986328
16.468496322631836
19.181028366088867
18.225570678710938
9.484063148498535
22.629444122314453
19.017925262451172
29.790414810180664
20.813152313232422
18.932554244995117
27.796905517578125
23.432260513305664
19.665664672851562
16.75664710998535
18.186567306518555
21.311113357543945
18.403438568115234
19.533918380737305
19.980928421020508
19.47136116027832
18.862947463989258
19.842256546020508
30.76360321044922
17.249244689941406
19.764741897583008
22.242542266845703
18.074514389038086
21.694503784179688
23.25029945373535
15.021614074707031
20.059953689575195
18.06340980529785
21.053180694580078
23.418292999267578
23.325105667114258
19.896068572998047
20.898836135864258
18.569042205810547
18.660554885864258
19.514482498168945
24.382810592651367
17.8199405670166
23.09271240234375
16.57305908203125
22.090593338012695
19.537614822387695
20.340715408325195
19.834213256835938
16.441129684448242
48.3887939453125
18.1309871673584
22.550724029541016
6.7206292152404785
21.256694793701172
16.97014045715332
24.16005516052246
16.48863983154297
23.506986618041992
22.503400802612305
18.731130599975586
13.973164558410645
32.08881378173828
17.160898208618164
21.757535934448242
20.987958908081055
18.921627044677734
18.907506942749023
21.703218460083008
19.422683715820312
13.285511016845703
20.096681594848633
20.51529312133789
23.21268081665039
15.904619216918945
22.422452926635742
18.768829345703125
17.99063491821289
16.725831985473633
21.334707260131836
23.536678314208984
20.56984519958496
15.99942684173584
15.969131469726562
23.609514236450195
18.047534942626953
18.906110763549805
15.977559089660645
17.36713218688965
18.634723663330078
20.56756019592285
19.431612014770508
32.188270568847656
35.7672119140625
22.586734771728516
21.631059646606445
19.153060913085938
21.11446762084961
20.688278198242188
19.310253143310547
17.0928955078125
17.2955322265625
23.283491134643555
18.91246223449707
18.216136932373047
22.167348861694336
16.511987686157227
18.029579162597656
15.557502746582031
22.300701141357422
15.72999095916748
19.458824157714844
21.12051773071289
19.10236358642578
20.96910285949707
23.043537139892578
36.93964385986328
17.164518356323242
18.234155654907227
28.1647891998291
21.917781829833984
18.69179344177246
17.80389404296875
19.52053451538086
19.146074295043945
21.787738800048828
16.398521423339844
19.222820281982422
19.33378791809082
19.188730239868164
22.527210235595703
21.202861785888672
20.072492599487305
13.965699195861816
16.6531925201416
16.2408504486084
18.2724609375
19.314842224121094
18.921098709106445
21.80927085876465
17.790151596069336
15.113303184509277
16.00177574157715
30.520320892333984
23.412939071655273
18.96236801147461
17.290069580078125
21.89633560180664
36.9532585144043
17.28797721862793
18.83823585510254
23.97629737854004
21.895545959472656
22.638090133666992
19.53591537475586
18.89405059814453
20.075849533081055
19.888071060180664
18.97492218017578
16.74674415588379
20.40946388244629
20.4344425201416
33.28287124633789
15.475491523742676
24.150094985961914
16.790578842163086
16.68802833557129
22.462175369262695
22.376550674438477
19.72101402282715
17.972026824951172
16.532032012939453
27.457387924194336
18.11321449279785
17.399856567382812
19.307729721069336
26.582807540893555
21.786081314086914
15.818748474121094
20.553504943847656
25.284639358520508
22.4800968170166
22.161481857299805
19.898746490478516
21.122121810913086
18.153852462768555
19.475852966308594
16.83221435546875
16.98278045654297
22.25187110900879
19.127941131591797
22.040843963623047
21.538379669189453
14.29206657409668
18.270950317382812
18.80853271484375
21.811246871948242
17.73157501220703
21.156478881835938
23.662044525146484
28.719837188720703
31.09368324279785
18.49979019165039
21.17338752746582
21.47603988647461
16.304330825805664
18.966936111450195
18.71639633178711
18.342792510986328
23.603797912597656
11.060331344604492
21.68149185180664
18.61358642578125
34.53463363647461
21.23770523071289
15.835311889648438
18.06507110595703
20.06665802001953
21.214265823364258
23.343568801879883
22.66118621826172
18.162874221801758
25.583293914794922
41.47760772705078
17.113672256469727
18.601909637451172
18.288414001464844
22.7611083984375
24.097898483276367
22.948871612548828
39.91767883300781
23.83844566345215
21.706018447875977
17.812808990478516
19.045413970947266
15.448305130004883
18.60616683959961
5.5201592445373535
17.964067459106445
23.108205795288086
16.467159271240234
19.682279586791992
28.19790267944336
15.236661911010742
18.009946823120117
16.841415405273438
18.69100570678711
19.36365509033203
19.02473258972168
13.35583782196045
22.67803192138672
19.59847068786621
21.046489715576172
18.70830535888672
20.18967628479004
21.455900192260742
24.42226219177246
17.467350006103516
20.131484985351562
19.937837600708008
23.13513946533203
16.309263229370117
17.114633560180664
16.10137367248535
19.237567901611328
17.00490951538086
22.387662887573242
15.955185890197754
21.950149536132812
21.505666732788086
19.45268440246582
16.983003616333008
19.80902671813965
22.535310745239258
16.961782455444336
15.7442045211792
24.138086318969727
20.054170608520508
12.53174877166748
17.741626739501953
19.844419479370117
21.18077850341797
21.99359130859375
18.521303176879883
12.19452953338623
18.762283325195312
17.19155502319336
20.263713836669922
21.001441955566406
8.982306480407715
16.721925735473633
19.012372970581055
16.9566593170166
34.14451217651367
18.45307159423828
21.339208602905273
18.26333236694336
20.161340713500977
22.745302200317383
19.081823348999023
24.656543731689453
19.797365188598633
13.302604675292969
21.568506240844727
17.399192810058594
17.449304580688477
20.980436325073242
21.297449111938477
20.637470245361328
21.14065933227539
20.536476135253906
36.58030700683594
16.9471378326416
23.88248062133789
19.587453842163086
22.711950302124023
21.73231315612793
23.301132202148438
20.608753204345703
23.205238342285156
20.72936248779297
40.53422546386719
24.39974594116211
14.420602798461914
20.706485748291016
21.624473571777344
16.040212631225586
21.710371017456055
19.33580780029297
22.3775691986084
21.89985466003418
18.180397033691406
21.180511474609375
17.419981002807617
21.494598388671875
25.04276466369629
21.792583465576172
19.973569869995117
44.869483947753906
19.321460723876953
18.153749465942383
19.619728088378906
22.095684051513672
17.59286880493164
18.698118209838867
25.254343032836914
18.13625144958496
30.719478607177734
21.989261627197266
19.801799774169922
15.715652465820312
19.685155868530273
33.57806396484375
45.658748626708984
20.293216705322266
17.515174865722656
18.234106063842773
26.05990982055664
21.682275772094727
20.19021987915039
34.47966003417969
21.78058433532715
21.792686462402344
13.215519905090332
18.459474563598633
18.409059524536133
20.497495651245117
23.885852813720703
17.73276138305664
17.142391204833984
19.59930419921875
16.798864364624023
28.258647918701172
19.351083755493164
17.423093795776367
16.101606369018555
22.595853805541992
18.973743438720703
11.348873138427734
19.033292770385742
22.069534301757812
20.31785774230957
23.659772872924805
10.111326217651367
21.057205200195312
17.62609100341797
20.385286331176758
20.025775909423828
16.684024810791016
18.3275089263916
24.866056442260742
24.108081817626953
20.088987350463867
22.135520935058594
18.2930850982666
18.116125106811523
27.888294219970703
24.36927032470703
21.07962989807129
17.764087677001953
24.789382934570312
18.68939781188965
19.82223892211914
16.001859664916992
22.882200241088867
23.816781997680664
21.650527954101562
23.046977996826172
19.46019744873047
17.7531795501709
17.654226303100586
18.31777000427246
18.466169357299805
20.13489532470703
20.082210540771484
34.93937683105469
23.34503746032715
22.532625198364258
22.5540771484375
22.09618377685547
19.178733825683594
18.94613265991211
18.896970748901367
45.49647521972656
21.876970291137695
18.29564666748047
17.36866569519043
22.267776489257812
19.424467086791992
23.419841766357422
17.860788345336914
17.83726692199707
22.166574478149414
18.73447608947754
19.403928756713867
30.903900146484375
18.15319061279297
35.44281005859375
35.23192596435547
13.685783386230469
27.43512725830078
19.975290298461914
19.792715072631836
18.086767196655273
21.61996841430664
22.23529624938965
22.39535140991211
21.618364334106445
20.882341384887695
24.060657501220703
16.412832260131836
21.12595558166504
22.07249641418457
14.447680473327637
26.305421829223633
19.279525756835938
22.369068145751953
19.12649917602539
22.539133071899414
20.520349502563477
20.616981506347656
23.267311096191406
19.44037628173828
22.603620529174805
17.119277954101562
18.589567184448242
17.08237648010254
22.687122344970703
16.10428810119629
17.032352447509766
18.62969207763672
25.136117935180664
19.973731994628906
14.892778396606445
20.566997528076172
19.26401710510254
23.70828628540039
22.272686004638672
23.13667106628418
15.438508033752441
21.387022018432617
19.991167068481445
18.114360809326172
19.587141036987305
15.2476806640625
24.135465621948242
19.160608291625977
24.267314910888672
17.85466194152832
20.138423919677734
20.94420051574707
18.083532333374023
23.0809268951416
15.96811294555664
20.841554641723633
20.523921966552734
17.415809631347656
20.087961196899414
20.60309600830078
21.872304916381836
18.921268463134766
11.066468238830566
29.742103576660156
15.474559783935547
16.739316940307617
17.5834903717041
18.829368591308594
14.905948638916016
19.407712936401367
21.53553581237793
18.50607681274414
21.6324462890625
34.448455810546875
19.086193084716797
22.54501724243164
18.240041732788086
19.431547164916992
24.803909301757812
16.879745483398438
20.240144729614258
16.975975036621094
20.015989303588867
20.841957092285156
39.409912109375
25.386613845825195
20.354814529418945
19.946874618530273
17.319671630859375
0.6027623414993286
16.933609008789062
20.7835693359375
19.257524490356445
20.938772201538086
18.804550170898438
22.993480682373047
20.45171356201172
20.899578094482422
22.718814849853516
20.48379898071289
30.892854690551758
19.490400314331055
17.930814743041992
23.432098388671875
20.093143463134766
19.34063148498535
20.631275177001953
21.32245445251465
21.016386032104492
35.97209167480469
19.412525177001953
20.05158805847168
21.946365356445312
21.20638084411621
22.261962890625
19.298423767089844
21.504817962646484
19.90863609313965
19.51578712463379
21.717695236206055
18.207725524902344
18.587345123291016
20.009096145629883
18.365047454833984
16.55332374572754
17.13568115234375
21.10515594482422
18.491498947143555
20.734180450439453
18.8851318359375
33.600067138671875
21.509342193603516
25.304000854492188
22.506437301635742
16.121301651000977
20.68601417541504
15.354713439941406
18.48939323425293
16.76108741760254
18.915668487548828
15.220953941345215
20.250404357910156
16.21875
18.509244918823242
16.885751724243164
20.50467872619629
16.407760620117188
19.48018455505371
20.493297576904297
17.731477737426758
22.057613372802734
34.944236755371094
