0.6403115939331586
0.6109124894576083
0.5681864453688285
0.63593988667631
0.6280546358725243
0.6098425137247778
0.6108593281508405
0.6902511726509486
0.720845481627464
0.6188276069934575
0.6186394084612018
0.631338015392102
0.9607333382934653
0.6372765085123216
0.7165776172059044
0.629919449209319
0.5482183120178746
0.6572738830220368
0.6422324441566358
0.713814360320782
0.656001449905971
0.5754699612043237
0.6914103912611306
0.6576357209883665
0.6401398476615242
0.6266166850663192
0.6937194520120784
0.6468523769995267
0.7202623839199902
0.5245767229651404
0.6309989069374518
0.7203231453793639
0.5965534505188544
0.6446936025365837
0.6575222145951198
0.6676475165696392
0.7916184753764095
0.6358267370048885
0.614542871348977
0.6347545897834495
0.5875825856230783
0.5668168741261479
0.6129665540905539
0.5482728607328224
0.5326035478573024
0.6765603451079286
0.6182371738704182
0.600225728608355
0.7092361578491588
0.6850020085126136
0.5456896246266323
0.6041848964545329
0.5544938132364747
0.5762454071785862
0.658386403969866
0.602525441454891
0.5849313714727896
0.5064643063889771
0.5646640526233332
0.674670935900872
0.5747829577356237
0.638972249547175
0.7178280918438815
0.8334442913535054
0.5998381004298681
0.6023839522106487
0.7138707347292704
0.6858573794056664
0.6720406424480009
0.7178897285762568
0.6796825223163322
0.5992043635168616
0.6427292531604533
0.5481571377566794
0.6553990019718792
0.5920179004226023
0.7349249203375718
0.5986868826037758
0.727158239176639
0.5903104948137655
0.6580431693730762
0.6248414317603356
0.6865315090197694
0.5581887789024226
0.61612332950727
0.6192294019203961
0.7235958024934522
0.6658917629681684
0.6938398257055298
0.49709390202767123
0.6836454523956377
0.6444758212188917
0.682801130220363
0.6738044641918102
0.594336001203222
0.5886746110453547
0.7542584951826459
0.5696801904877979
0.5616045946831689
0.5758236676586286
0.8150848711437977
0.6873372402681298
0.568900598320512
0.6650303582661068
0.5573562247031416
0.7025809407799886
0.666251591265506
0.7208174371586454
0.6193419762248458
0.7314201348319916
0.5918246742623305
0.5852496817589342
0.4374023475238633
0.5652090719789309
0.639018525686657
0.6331152795060508
0.5931272431939165
0.686927979714095
0.5829289286302952
0.6313285078294971
0.663229826015167
0.6956581014531699
0.6268303663017673
0.6296175761992451
0.663076096237884
0.7218955211937059
0.7052014347086891
0.5825755393511152
0.7132134958543135
0.5923802992579579
0.6383833956136089
0.5594230515094354
0.6594911247169296
0.53585900679105
0.6346008385575673
0.6868456516767316
0.6194131155436458
0.6376370904171296
0.6612416567489134
0.6731784326764184
0.6130558541254207
0.5773119927615307
0.5839701765336826
0.8255313841534329
0.6001067042414368
0.6508902205956747
0.6262510295935376
0.5711543492761338
0.6920351585675673
0.7738003312124786
0.6108020760670665
0.5699126853060605
0.6180429745334155
0.6095651723046046
0.5885082943006416
0.6440077667941575
0.6211698137233449
0.6137060085511801
0.5827203494322565
0.6177354587455779
0.6579943104986382
0.7457964150238889
0.6423078911953305
0.6826146397069688
0.6119553912749891
0.6148373378887357
0.6051329702027192
0.6658888539309963
0.5617669982969292
0.6884379512928174
0.6498728385138104
0.44869907029777883
0.6567004851720945
0.6163327082270113
0.6612754074733012
0.5520338599513658
0.5791239373790109
0.6721319723722053
0.7527989688982927
0.657638682814414
0.6234911723943444
0.5727762618879028
0.6773861216149133
0.7274767110771341
0.5906828938646262
0.6579393527142354
0.6553508905132329
0.5804285841250526
0.6540026742704919
0.6820115521920671
0.6878861742384274
0.6327428291614376
0.7209620244055707
0.5833274050480981
0.6362126590375035
0.6645806708052616
0.5974720441488497
0.6973952012931295
0.6745057270686432
0.6516016894752261
0.6178686550402931
0.6257964325498794
0.7246089312536401
0.6253503670390597
0.7052610726681552
0.5377837351454451
0.5981974914132613
0.5528111164683743
0.6836864847566458
0.6391488172662312
0.6159037312600539
0.6124796357114118
0.5795769258153297
0.633867877525487
0.5922023454620045
0.5777890327365444
0.6686878483444759
0.6408100354760159
0.4967480643752166
0.6926835548860332
0.7405701836481947
0.5607644245309957
0.5912016031988834
0.6859304380898132
0.7496817410942649
0.6390494734038267
0.5665943487160665
0.7001990262427438
0.5989859618351152
0.6996880343513007
0.5809013120778426
0.7542090496258662
0.6729232308943736
0.5508735365646804
0.548079123157314
0.6415098071511218
0.5556356501256112
0.6078626613696498
0.5570712837709191
0.6326147289602055
0.598553298669878
0.733980743056627
0.6174205294336421
0.5495455688345025
0.6503998431905857
0.7070141016935254
0.7011082024647908
0.6527208711007688
0.5701212951802325
0.6379109937047341
0.615936514099724
0.6388012346217374
0.5923364793982424
0.6793576784012278
0.5860735857685359
0.6418059517243855
0.4869430073693046
0.6698947872205858
0.5522407101836306
0.6256860200497313
0.6969045720442014
0.7079561063756058
0.570542494573303
0.6543140861629637
0.6438580928356352
0.7190193158870902
0.6351772612729042
0.615850524489371
0.5939211586664659
0.6005371330344861
0.6895236830626188
0.7629256530891164
0.5749820424387071
0.6387917633106173
0.7117441776694359
0.7270072989286149
0.5609081544907693
0.6402066599799205
0.6178993676135834
0.6325198688050168
0.6819912921073101
0.7728880345150569
0.6555418159540745
0.7143536487119533
0.4975878729402913
0.6330541700904844
0.6898370305061593
0.6045160071877841
0.5794830675099119
0.6664939359890708
0.6226044509247164
0.6205195132406018
0.6395884108333783
0.5706011912579243
0.6186023318695499
0.6677837265395534
0.6316779657000763
0.7359757957504246
0.5914354428437565
0.5620160561074485
0.6682418073904081
0.6360126739844827
0.571994003476463
0.8081472858828298
0.6346224996070753
0.6608776247641371
0.5826875662973828
0.6982620050576402
0.56443625651794
0.5714851502949067
0.6554856574231231
0.6079491907424315
0.5196864509141504
0.6050774741595921
0.6242046851907543
0.8218679746888481
0.7509405776499407
0.7609412463263758
0.34601710073372594
0.5711140201974213
0.6238209812369121
0.545373993336819
0.5967817891916162
0.6858135742462168
0.750596999775486
0.5458859318425231
0.5407279655230401
0.6132069243334755
0.6983684596335992
0.6814630981310806
0.38187961750914656
0.7121663905345572
0.7360246684160772
0.6926968899539141
0.6359437048375303
0.6685718084931415
0.5422507199356049
0.6267798417758847
0.6793214820492476
0.6189394645908339
0.5391442143202162
0.7100179058146958
0.5527118667960731
0.6482627047145098
0.6276768595466269
0.6558203764335024
0.6060962464017272
0.5640677084553297
0.5998602340744077
0.7376203212250931
0.7596386454748294
0.5790084926874312
0.6433582724946718
0.5797461131512187
0.5355253836911481
0.6638288284568414
0.43823391912869464
0.6823937087098378
0.5649385488307213
0.5561786065408653
0.640739339590278
0.6150752471782842
0.7793686974964122
0.5994904246603295
0.4998873461260759
0.6346198852615017
0.6531084640564395
0.6133920931956066
0.5713658554114676
0.6401677405952838
0.8045588084282178
0.770781274457689
0.7128339697906813
0.7303326537846468
0.6238086803948715
0.6242827119929654
0.5594443791453684
0.5928363211788915
0.6072693109230037
0.6704012366663007
0.6233291091608676
0.706032339220371
0.6028028419066108
0.6393967029492904
0.6419031842055158
0.6056215228712464
0.5454842872241017
0.6380490913385521
0.6034254283034513
0.7109396096017895
0.7086092882053263
0.6239306182974254
0.5237137404842529
0.6312950133695355
0.6281163447887672
0.6467207790918458
0.7151898259812965
0.5475939664547889
0.5219882517507926
0.7441423013783394
0.7004305876800029
0.5414539804688707
0.6010943285032211
0.5801093569026339
0.5799506501308944
0.7025338446269406
0.6147110522287976
0.5965552515482065
0.622803657089464
0.6630038894998195
0.6266036914383668
0.6641198264681145
0.6861561455778752
0.5924357850497581
0.6081269368180243
0.737584091587476
0.6795361142953057
0.7098044683170293
0.649489810264802
0.5009726184492782
0.5556565244931149
0.7243344382660964
0.7089035049500045
0.6493411697331134
0.5743046481598757
0.7351313569085223
0.7056990009471006
0.5336628602377707
0.5825294202007367
0.6954391309968563
0.6518355279022767
0.7078265262247785
0.6946871372301157
0.6442430776204255
0.7423168885685203
0.6237295238529368
0.6306930205416634
0.6097671379380898
0.6144466255194391
0.624050869286593
0.6459417432591118
0.6339896669685696
0.5560429887257404
0.5453036140433862
0.6039267696742124
0.638042693785619
0.6711891992139492
0.5969899922512852
0.5951899040330073
0.5301180015636244
0.5657731900810024
0.6075065225241388
0.6475128364040714
0.5542483689381363
0.6251945708952965
0.5718536699320731
0.6703176328290602
0.6628366558176726
0.6525085156914923
0.5547048405710739
0.51129674819746
0.5883952043325462
0.7012025619722615
0.6131494701738629
0.6456335780114912
0.5997517994887455
0.7281541952419445
0.6605733093586198
0.750748607177504
0.6411956225664421
0.7087851540714751
0.6039219784324518
0.6001033269886556
0.6197965821501205
0.6220123466048824
0.6261412406796634
0.6048104271209832
0.6630034578054713
0.7016276593076813
0.508903937518624
0.5746581612198347
0.5897980558043805
0.6115935843894184
0.658787119911954
0.5476779704393943
0.5803595814730936
0.5902335028549681
0.5748058932750603
0.7106928948848178
0.5587745407862598
0.693246442276591
0.6135962072030563
0.6075661666340152
0.6968763368025324
0.5266249776093521
0.7520213094437211
0.6628395584877923
0.590671341648177
0.5849626313227507
0.6878071420648728
0.574703042099661
0.6250560636221216
0.772400402398915
0.5877677139657989
0.5349801518487852
0.7062620397351138
0.59614724472034
0.6662412605683474
0.6467593365482155
0.5721859308194492
0.6672023297242304
0.5976465968041476
0.6024947138205383
0.5702323987254361
0.675422892204413
0.6190096138665069
0.5789240486113941
0.6042851444867195
0.667542384926287
0.7067157920343312
0.6424965567814444
0.6914999086798511
0.646149652820794
0.6302378875251138
0.5776954067934832
0.5812275065148423
0.6428174725166795
0.6016784256637835
0.7731637729621501
0.5170754894309085
0.6186039394473125
0.5317520270938366
0.6063109870325892
0.6277517303324004
0.6472437153447211
0.6727758478608481
0.6327541171298798
0.5625280972907646
0.652328803164134
0.6155092626875787
0.6298967509811377
0.6387029758688446
0.7483315099893627
0.5965499341777384
0.6235021165532534
0.588543129353087
0.7248770663259054
0.6757645564192609
0.6299191474443638
0.5437977930434715
0.6042013098648723
0.5254464613065974
0.6304349478409814
0.6047563822047182
0.639613226834614
0.5619626713932185
0.6434399095846932
0.6349594384387324
0.6112649416357193
0.6502213459087633
0.6301140139921189
0.6560839626104545
0.650922847267466
0.6196416685424654
0.5541832789022973
0.561194977321015
0.6045306851093366
0.7234730786456745
0.5890086556127854
0.531183052224861
0.804418440630863
0.6820775625122275
0.798128232505601
0.5972055421540489
0.5838695422966834
0.6166753334482818
0.6290569236225252
0.745656271500513
0.8026181545007771
0.5686874715531828
0.6308137537655643
0.5583012845979978
0.5660002020265029
0.571684633849778
0.6228389499841358
0.7398401632631911
0.49685899801208483
0.6636041342419534
0.6338326534086368
0.5644888737974281
0.5940015194176834
0.6680837244177568
0.6485918555222068
0.6190387821098242
0.7206541993870348
0.6795063025758585
0.7824706444631249
0.5865218513398931
0.6294990101818159
0.5241860385227691
0.6599663559892205
0.6862291728426697
0.6327340414395443
0.7302156194927877
0.6496614522728551
0.7006487779525892
0.6155405803383567
0.5865186245250433
0.40257346872847805
0.6110230724764429
0.6015840466726861
0.6959757023420686
0.6653726816130743
0.6380626700409323
0.6850064782767633
0.6103953421262469
0.37926569471865934
0.6013633867208087
0.7015180355229329
0.6835345917682263
0.6848464692814795
0.7583001015064386
0.621972403918436
0.5699916977290884
0.563226554111937
0.48725802236918914
0.5344059042316734
0.6608829947545541
0.6939392976857947
0.6961642814311518
0.5891693640823804
0.6708639299653513
0.6816818871454928
0.6404590041078575
0.7661595055104877
0.6464235560227147
0.6692555008600591
0.6480743813406984
0.5986993530294414
0.6989734997157322
0.5564321546613085
0.6547125392552413
0.49766034087946204
0.6294792535952736
0.6645673775502156
0.7107237490091507
0.6368044881174112
0.7121424879382894
0.5336643571984094
0.5675505688422375
0.8122732096980523
0.639724916430356
0.6809921345546869
0.8206682742091447
0.5513410009620701
0.8304666650289226
0.5750157876853177
0.6184123958057673
0.6721151816905258
0.6339813573649822
0.6714797793083385
0.5925506240643748
0.650203741428486
0.7185052870440204
0.6679716184670497
0.4938926165017263
0.5753980884962959
0.459683825395644
0.7035008869363228
0.6532397932837193
0.7336248270114957
0.6469357401454404
0.6616934756372655
0.5484161516581578
0.5648881776590224
0.6304285226359656
0.722286629387876
0.6038971261293842
0.6348402515841378
0.7731739323744024
0.7572141437795659
0.6062610457440152
0.6467393374973751
0.7694867190733343
0.6450705361672335
0.56133783697126
0.6051417981439629
0.6824998053419428
0.6528293592537313
0.5098726858730596
0.6654253730108997
0.6028703301015443
0.5194821072487357
0.715988882944148
0.6310407681622774
0.6139339887429833
0.7826480809216072
0.8294365657906653
0.6132028313131437
0.6943146104343033
0.6799339727531346
0.7285316125445359
0.620806438529007
0.60042904230231
0.4441173065794597
0.6118783505923531
0.7134422573228286
0.6589473238685163
0.5778742256229529
0.6053408773505179
0.5537512020760478
0.5648367655156228
0.7968645238348783
0.6868043110214306
0.6296610310613566
0.5298096043011842
0.6508845915496345
0.6095257944897792
0.5652577818142559
0.6443013309864617
0.6982380443682192
0.6637195314213189
0.6352562227087272
0.7071267964358935
0.7407716719415991
0.6650416247370161
0.6195088189644535
0.5549180204610931
0.583899902676928
0.6358228265526745
0.5752726417251453
0.7204842445354854
0.65604189209102
0.5503525425410618
0.692835392744432
0.6233336157598572
0.7807959183943176
0.632393016338901
0.525788934991974
0.6521996969595343
0.5973524632757152
0.6990772526782629
0.5788919765236784
0.6648746876599003
0.44324956955341055
0.6426829297245811
0.6048801471017347
0.30810399682289574
0.579385621101424
0.5983924569682774
0.5408372705158064
0.5240931790879895
0.6549842744793485
0.7468688139673305
0.5896175798540663
0.6858007268914651
0.7413790072668859
0.6356542888445589
0.671011854111358
0.6187557059151294
0.6137918310194383
0.6421286387188798
0.6721331672493769
0.6414713262951434
0.6720527740272058
0.7652390814544778
0.5644541416128003
0.6846721558475111
0.6586916355352088
0.606832357797052
0.7062022996443256
0.6205300284067599
0.5978394633822811
0.6087460440649685
0.6240881250540531
0.7040166453209848
0.5874779205812759
0.6323468091144742
0.6046367887355018
0.5787210181650363
0.6314376199358849
0.6337232533590333
0.6704176649296756
0.6738474207159189
0.6039769557795085
0.7549198623397108
0.6754367815208311
0.6734662307163913
0.7322846626980116
0.6269734519918769
0.6037126656807825
0.6153402751496811
0.5938434583538537
0.5152609073715821
0.6284026897277158
0.6573311033854411
0.6074184428723992
0.6762538841630035
0.6021011405448814
0.6293442927353482
0.6960372209294361
0.6593609896589498
0.6307212942079848
0.6759688235974299
0.5688389017021853
0.5976549235571277
0.6665017724051715
0.5921225986324223
0.7027760739745814
0.5777593419300484
0.5522700992848997
0.6651672372415943
0.7180053262755767
0.609978846068636
0.7158220359811667
0.6617367009068025
0.6092367700621152
0.6103974297763911
0.6347205102839597
0.6257613244112431
0.6955538399121893
0.5734149245377521
0.6596979726816903
0.6246386522961053
0.6185226935149041
0.6217945620543283
0.608639393086081
0.5688449357348342
0.6851598234715786
0.6752769811827715
0.6544418646096523
0.6455678240398789
0.5932259918610273
0.5883229424940914
0.6720129096592428
0.5441352925614288
0.6237977863207815
0.6925909754449655
0.6015612129141488
0.7110037008372578
0.726367193204103
0.6613329264600154
0.5763781316160596
0.6016445172832532
0.6241791295509548
0.7852782533516264
0.6230379114606379
0.6864453263308747
0.7875725234141657
0.6479319525336967
0.6732246561649567
0.6757435611604614
0.6067644360949996
0.6413013796696192
0.5592817610915253
0.5455766851998982
0.6440561972126145
0.6036540369607508
0.7610110342741735
0.6253372264476305
0.6178273291935146
0.5890373985183426
0.5644902133965246
0.754570872784094
0.7275627587960156
0.6146150988383725
0.6374931237589144
0.5965622255413636
0.5403586070871831
0.5473626089353842
0.7054181478926096
0.7049481629897335
0.5743224197477581
0.6560754495141206
0.6697864427784117
0.5429395687571159
0.6926722280690654
0.5825306464721068
0.5547120090698876
0.6484858517667644
0.5552202610314194
0.561290716108886
0.6099178213302613
0.7384412815770782
0.6266665860085054
0.7619571746389935
0.5624572546771291
0.5459433362926087
0.5871746144078692
0.6960414703371087
0.6281760576942785
0.6602046954705002
0.5609578421828402
0.6685442558702019
0.5556657926431484
0.6328549704159986
0.6976966351086129
0.7283810248835254
0.6577676289826135
0.6065936961143645
0.5539679074478115
0.6409674684607599
0.6714347979933748
0.631350171735097
0.5340353140445944
0.7546286599534766
0.627537164928644
0.6403314392551154
0.7014844610723585
0.6719135635952511
0.7404114561563779
0.6276692672287635
0.7548920556696789
0.6939034906140111
0.6050866838970091
0.6085540087850514
0.6344415728199341
0.7467261940769914
0.6913716335689093
0.6168643254919551
0.6752252535162163
0.60100280658247
0.6204343194071584
0.678007253234976
0.5899941252733202
0.7149089225076055
0.5884570114279423
0.5262034362077992
0.6289714779819091
0.5575649601099835
0.6518733913122627
0.5595245658119128
0.6539616365330955
0.5305249816886514
0.6169198422619525
0.7409150182272604
0.6396447916380233
0.7162529286018888
0.6184254167497769
0.6142780304842586
0.615001383116389
0.5978420832606142
0.7180119506136746
0.5922272100979538
0.7023723451512242
0.6246917655950781
0.5792825582938838
0.6666421003597813
0.6625261521728822
0.6792052092077331
0.7256177875245078
0.5829085405580683
0.6835730121702503
0.6484590557535812
0.6262269282275182
0.5556776137512165
0.5291304646205802
0.5935310604760966
0.6458071541382202
0.7482107239303536
0.5724342089706642
0.720723286074216
0.6862061359238023
0.682693830320555
0.6471345235336095
0.5872201996495159
0.6756907239994613
0.6080226798952227
0.49089769901681846
0.5802697067536084
0.7566828789872733
0.7032391654076431
0.5682812391916752
0.5723116269107931
0.6470912994676984
0.629322928921599
0.5849272990122693
0.5420878462641927
0.6272152461735034
0.5749312050968121
0.38259651235793135
0.7710391435927695
0.5882290313872461
0.7483336362856181
0.5900886164250357
0.6179256230738008
0.7427956336700083
0.5830323140245584
0.5850413249744639
0.7333310602400084
0.7014986125945599
0.5951479447071186
0.6011290578990363
0.6507068086669292
0.6105166182389798
0.6392203363075625
0.785788938879735
0.6603362242613109
0.6175689669941105
0.6965319423278635
