1163
746
801
164
773
742
1131
771
741
952
965
775
1038
600
1086
811
857
703
775
937
622
1161
663
871
922
795
961
1123
793
684
636
779
670
739
991
712
782
792
858
568
674
575
711
1108
769
1280
889
764
719
951
1177
628
826
956
467
667
827
1312
1147
842
785
793
1072
805
575
737
790
904
803
970
935
866
839
125
1013
769
884
714
644
706
794
876
902
915
755
725
818
816
860
807
753
927
744
675
700
783
893
630
689
1045
975
797
696
697
488
1161
1242
670
922
773
1067
228
846
781
1070
740
799
794
978
796
1043
594
771
800
1022
926
867
853
720
730
1143
718
874
704
1044
765
955
1003
858
540
1172
900
729
824
1189
739
1194
666
771
823
560
864
1167
919
826
632
764
792
750
924
760
627
1083
842
1018
748
815
864
723
742
1063
951
826
800
769
713
798
708
752
810
767
742
518
972
895
819
767
823
1009
789
718
1160
765
516
691
1005
1058
852
1018
941
844
873
814
629
1020
699
882
906
1038
682
1135
717
750
1030
920
951
803
485
806
928
730
408
763
872
681
801
734
785
783
749
1171
669
790
573
776
818
804
814
919
735
847
827
973
739
1039
734
925
772
816
810
758
609
895
788
778
921
856
796
874
873
769
983
1145
860
761
1057
716
548
809
766
756
864
411
537
715
1144
869
731
458
931
747
752
911
813
778
727
743
861
583
751
700
1284
1055
834
642
845
812
928
1130
846
613
907
832
545
715
1028
943
940
839
73
784
791
889
797
840
887
1001
875
793
867
901
1133
807
609
1159
942
1036
50
750
959
1012
909
795
885
503
840
832
783
872
1125
802
822
642
1225
863
1094
1041
744
723
807
754
516
703
691
699
1256
730
825
841
986
839
970
646
466
1048
999
1199
971
957
874
820
893
873
897
722
595
1129
779
861
779
569
1075
1026
556
1093
826
1263
852
840
1001
107
1255
1141
887
732
810
782
884
757
778
1147
1207
791
705
870
847
796
914
1078
882
795
726
855
856
720
762
786
966
1006
813
803
773
1118
1073
760
730
1035
604
931
935
706
1195
835
776
691
790
246
936
871
766
842
800
791
1065
677
686
881
775
1245
567
749
894
1057
1068
917
769
860
1064
872
729
839
804
437
808
781
723
981
787
989
828
1158
503
889
916
589
839
680
812
636
710
1064
733
878
531
1127
981
626
1005
725
829
642
733
850
1009
774
844
1057
783
802
201
1109
1138
751
690
907
1271
1049
780
889
1014
741
937
1214
852
1181
800
722
781
727
844
562
820
655
838
854
891
826
815
838
159
741
777
783
774
711
1127
676
801
949
1096
511
939
806
604
877
753
153
916
861
692
948
737
1042
729
678
1065
727
876
705
1061
1107
737
846
814
825
701
1187
819
792
593
1401
811
793
488
800
971
1111
738
745
733
826
1013
790
781
1030
1108
482
44
754
838
983
991
983
815
319
1084
760
1410
806
748
686
456
736
842
633
780
743
836
978
1020
702
1312
1137
958
1031
806
726
822
925
928
827
745
881
778
730
817
789
427
719
807
1160
1017
906
799
682
1002
904
849
709
935
880
784
769
819
717
994
1341
956
924
721
804
1084
1033
952
870
775
914
788
758
687
1214
1119
853
1025
802
1010
846
787
678
492
575
903
1104
923
885
814
736
755
512
510
718
687
851
771
1163
780
782
525
562
881
1213
634
968
753
914
922
503
984
878
995
890
841
714
829
956
739
778
915
796
822
810
851
829
863
997
718
322
857
970
841
502
79
805
1101
766
757
757
758
1224
930
765
822
1042
492
340
770
769
739
227
986
904
1023
1093
841
695
818
1153
1257
1165
774
709
832
835
992
969
1265
1041
813
832
993
772
655
811
601
1101
798
1023
957
1241
590
747
672
803
1091
741
842
814
642
759
707
775
763
920
713
889
812
793
855
1175
1024
717
631
1050
797
1117
831
678
666
761
1146
835
800
913
685
994
586
1046
659
671
807
822
810
786
661
836
837
868
807
1099
725
750
724
697
193
1203
226
1043
1006
631
797
1277
1091
468
718
859
635
770
767
775
827
891
751
267
782
1078
1128
521
832
711
795
887
1125
742
876
1238
837
948
594
903
916
689
669
1138
697
850
670
867
723
707
630
782
1016
749
713
664
818
787
718
595
1024
752
849
806
800
714
682
676
1227
48
871
828
1032
877
676
852
1261
847
833
1216
520
883
649
968
842
564
1032
772
820
837
1109
762
859
776
872
752
724
700
808
832
860
780
1077
1065
1117
992
791
840
751
851
746
792
1274
623
455
102
781
863
786
853
876
355
862
662
823
760
862
816
484
761
752
687
582
800
787
1071
851
747
736
912
745
791
857
581
881
775
786
880
761
784
595
936
890
677
1016
764
816
948
989
751
1261
1015
874
835
767
940
806
810
1224
750
832
649
774
787
801
1007
703
754
818
808
891
