106.96877097974753
139.99507324769021
154.65132215513444
198.63538696457042
185.11250874042454
256.4987988991212
209.47943619941555
114.68141091890993
166.69813323057178
1.9266436288138666
199.2781414357634
155.13567696946726
187.99499549007336
193.23556313720158
3.755553546972197
28.32981788187549
91.4412560020004
170.60673359003658
7.4974524830535145
208.0325289837395
253.93343922707047
238.3954428389074
252.68827469827045
192.11351217175775
144.41025451801417
124.4882328253914
151.98744527223138
162.6927037537207
159.83133075700576
222.50145784518756
229.3173056199719
3.885139007955405
8.494105490302616
130.60223753147386
209.03184225364393
183.31266648351863
198.21092215899418
335.01036926402065
256.6812683690188
172.92009227714226
93.02841481128615
225.302742818524
232.85141983787076
194.66765616087307
150.85346780708247
182.16599259720616
144.20821876010228
127.45053482637323
246.07113267737034
294.6787169410677
12.649810326816882
118.29199725907296
166.87135154989645
246.1517664958025
3.903305572653865
169.23364897216308
5.009562796354685
349.073866763628
44.07244222193412
125.08267782448283
213.75142817245398
138.62466277380622
230.00225505346555
7.955152670319058
259.35234882498077
226.39790521610797
251.77849993778065
258.9709079828624
161.4480777714354
148.87477432211008
227.1846013910562
222.5033235932517
14.286774463455014
210.6333615418556
222.63968795124796
251.6348175859639
75.10121726376715
256.06167388664534
181.32378237280813
103.61471567873438
144.6046965570077
11.657799682687056
153.70039130656133
178.08135674829163
111.78857259769038
159.68321222441108
21.035813294532144
213.45411793052395
181.47617670326636
226.64999327892588
135.86765234998728
17.83971632732208
5.450012767373708
177.9784786516546
107.97751777505464
180.74581373692135
196.5440313940539
135.79728268695519
244.9527104987322
4.243362501650405
108.44696806724973
308.30140440098194
10.953887858283904
121.57936584354594
188.66563971611518
188.8428613364275
315.4448352358213
138.50197631325514
103.12065872206855
148.48551897352368
291.8270035953243
3.23089900358154
5.443785189314573
131.26887078732963
77.87245461082257
167.64506979777764
155.5661256474727
131.88413530254547
186.34496120189286
3.766182201264758
130.52154096437874
381.86971861703347
3.0575109847651953
281.0242629969902
191.76700208795248
9.691300974299459
7.630400586474495
19.153532463327597
168.8012124038593
144.39991163853685
182.25712683795155
244.88026206289723
278.54823285710023
257.5234339514653
1.2471716900041602e6
101.77213137452691
158.90657342463524
173.1735186827578
117.09695857484644
168.97155273622275
147.31554971182547
50.45195015479645
4.278188034828589
5.157904323379688
49.729137129790274
95.53338613550292
187.3219872908164
195.58284470106196
251.36168725707648
275.41566237895023
160.56993545101565
134.59100731107765
322.89898740608913
212.56654844707495
196.4206985048097
174.8336146246603
199.64948290850214
229.93773905542147
153.76100309365194
222.23142766911127
55.01863179437856
509893.75942890265
191.97279359092488
7.160907053427806
245.32149835794434
160.18912651235652
230.40190391660497
194.88612009635114
34.550765948149945
162.87413875463125
154.58619489144456
201.59402186558148
143.1844155599644
168.33723502490207
387.1329397998467
168.95643683149302
26.213137870066515
146.26748252660005
240.6690520142283
317.06619188670373
149.90933873782703
170.67352505965272
222.19598744061696
203.6900637653953
241.68808101855026
159.95859686439928
977.7887390616428
119.68105884355298
241.77215980674808
10.197464869265403
114.76944541245493
261.0442236117791
194.97222064973514
149.50614885232955
711.767173985333
178.62084722532825
264.39657726673113
11.818987480342841
225.4302510862122
166.979347576466
11.680481415614992
80.65688576030577
141.6380848474173
144.24342997738026
241.7366768362281
157.8044517309713
141.39771105668262
287.09239168404963
197.9229567419786
1.9269711805396926e7
201.607998570551
221.87294184238874
96.24307645665293
279.40471673510496
295.2454276371551
116.94610947498491
221.72022335778837
188.7082833569085
252.04166368170635
289.29654912763453
432.37285770000676
280.6403640148224
99.71568636150141
123.41562062406092
134.88285955635044
236.14623167942307
77.50888617031892
244.74625800552633
218.90807423115368
177.40762703638313
155.03498309061607
110.1063016726936
158.44409540261373
73.62353900078662
321.0409553173431
201.77239740036654
240.4625810007066
159.030283230202
16.952083425290525
197.34926229472998
99.99950981162175
7.3876703944802875
257.5688561161668
192.29726807814947
456.1838171858708
200.34619890229382
107.5661381277847
172.3546650254053
221.54117942877534
3.935141331288365
11.670051075692829
141.4790782834966
183.3217460160255
231.3370319569583
20.245008645290177
305.5367196421411
194.14349587434162
231.34148977820783
210.20774716670053
72.90350531709439
183.7518566214626
192.7582920917226
167.17069555851353
61.22559429718836
250.55050647397522
2.76456391305443
91.84453966966727
287.3549754599909
186.77850268277356
9.156177918847806
133.70914274859211
164.73655821830096
130.09840311656166
216.6280079814802
222.18207176269533
417.68324364613613
175.64003907227635
113.9670142059895
185.31801801072385
197.09913397635412
558.0807672202202
127.22111647106041
5.324959282908407
262.5483792249377
535.6114264890743
66.19813491356555
110.66272993302391
133.13774397279198
56.03005067962844
166.34866834287746
102.29527878678124
352.05165086524306
224.36476462580558
113.4746253729284
178.60205660434758
181.673294205377
135.71495796009162
98.0375942234417
107.52141488000946
4.117176284133696
111.03545557030657
89.58734317519644
168.85712564957768
177.93867918201406
265.26536810222217
236.84095588820927
171.08979886769205
159.45472902996042
178.30548821621178
269.57096978717357
143.43447737152965
131.21583295670945
92.61880946418103
139.49555253866802
131.12649828819212
116.81553379889256
179.07724314291565
160.2416469718954
195.63497523095174
279.1370899173732
262.023010889733
99.0902471347034
277.2422724477159
20.47844772025099
174.67017072586293
180.79924780797174
176.62104900312735
185.88617608180724
96.60741721145872
197.02707640378935
303.50719897614596
178.21927036428818
143.97934912612422
474.82640034984223
13.762510065387643
344.7514338970699
162.51335893350802
172.78489122375126
102.92502681026481
224.0088506081674
301.16649207140193
176.84663560186726
224.21067487753774
130.8066626262776
101.6479705264164
27.352932054181853
187.89706523470602
154.71554164222437
43.36777224108738
285.2404120686321
119.99304808878013
155.96709805934896
189.62441969004811
87.00395963267559
307.968646481136
147.21142676379412
133.87634537216326
5.662073521995825
209.83285695448893
476.1601124882471
282.5266092530378
250.46300486719227
158.68159399679726
236.6599906315067
312.83248200345815
133.3679049012712
270.45619541490714
18566.74713355675
87.7718809072683
403.95990798515635
80.72666232569975
272.5507062593536
174.80711647645307
489.3592909926656
241.2215905642049
117.73149707835526
141.04294696874047
98.99008755977174
121.67685399924584
80.13369357559395
172.90811048598624
128.93993683122486
235.04950242871487
2.903029278520783
2.4611707660458135
319.5285176276683
133.01451019527607
156.94490424579817
143.0361905721535
257.7804822998521
245.45490989573838
3.367754636085909
190.93568199733903
6.949309547495044
564.8287363087726
150.08793137186646
161.05470446770198
174.4275645828914
185.8186309012397
158.45148912608857
413.82794721838104
297.0781103342218
209.09998998311346
278.8046337448016
286.99288712754105
154.96731399751675
190.54067712207632
234.19657844477462
76.03423686782106
135.91144682666567
261.14482307889483
345.46510481320684
2.5358412288915386
182.22600531798088
209.96758648312263
175.95100899863093
255.5543355377831
142.5099502160684
136.4570108984455
89.5743985693213
158.35343157096958
251.88085675578677
227.70072239010662
256.66697118784424
174.18990305954196
10.326900619731726
137.17061675796293
135.87410779433017
254.08084185447873
463.0598364469642
158.51437300490184
147.52446168521405
368.31129470861424
130.4282241053922
190.63959312775103
136.63518352777191
318.6887723127953
132.59609525704312
211.54771893941037
236.0145281983327
42.52014625390721
1.9676566582836645
180.99314485814463
8.379311499299558
166.52599037289875
3.423309025869753
117.50263368106923
194.8176719584634
20.467561968067926
101.46528718730254
250.69166962127994
261.3124400552599
190.80716344555765
147.37493293542104
15.513553075774817
165.942872105306
94.52855695898629
286.2352047289694
217.18675443728858
229.76016064366655
160.64200412604382
3.426970273208554
110.5120304408915
143.7364634889843
4.790824681353242
128.48504958419562
2.931693030005671
94.42047085883645
171.20746301605342
175.48928884127946
116.12065766656174
165.4732336617278
385.3201634551165
160.25745168120446
135.7343999948065
14.358301484378568
128.24742296402607
117.20992074182323
323.164531039178
9.607928638049186
3.631587830313315
144.32114484389163
189.92371367646973
4.379368276639824
165.79484235503085
126.65252495283917
127.67062160569827
197.68030210154882
115.87796054909637
107.89765903819918
120.91759192786041
5.298178176813697
125.93843215168508
254.8196396292673
324.6227150278789
23.406290563150744
239.83743474713327
384.95831162574063
88.01696750620434
123.75265195171359
184.21409024046497
181.37510759086697
134.50084323046104
176.62448465696144
14.691429320484811
81.43115362257848
22.928053288544334
199.65232663729685
129.37993109046818
108.62423603064927
196.60248262565685
131.67152425640566
156.03029419309115
4.542610002108387
320.84617887549183
166.85101172481245
193.0168734761079
193.2912312358961
128.97231088977182
97.42778884262388
257.14747476127036
8.344578324007202
167.68860219872104
148.0182105023799
180.68987272017532
616.8665066125275
215.83231026791515
131.12362396639372
15.17248527445093
94.49516320317937
5.517725034636063
126.38713657529017
139.37889572317664
160.7154342374943
23.737374765624462
265.1646041527136
177.49201075061393
436.44790822465797
145.14585675750934
304.6302840836661
353.1014021084101
189.07259838144262
234.22451398238772
188.23758667833144
13.45640517711515
207.49774911176175
114.77121709660615
166.37784743056747
283.66415222562574
118.13102408236405
261.9176433549184
336.76394673490563
142.32865090989023
123.49196287504262
12.08444018306135
227.0662211624682
12.838425234273021
117.45925380133315
154.63114815362545
191.6390948889318
277.1934576014026
247.36037527125922
154.66196202699734
149.64984717378226
255.5261077182742
138.11007957855492
255.7021884048667
8.80334175047785
110.90576566530383
212.50781367027852
234.18167568134854
12.733153196039712
461.20196033485126
257.17975197872545
5.647435044464568
3.1853177479238606
57.014821870429884
133.52510524198232
235.22000161353174
4.9267701661616705
164.35783172191216
138.99381254991775
226.0836736700675
244.35964548791347
232.42557809977268
201.10273446263014
146.49166869860656
203.64402599007542
173.59076431824258
148.18076962033865
167.00687809233375
167.43634791804834
203.79513827636038
126.35551601626604
293.549322426755
149.4503245138331
210.3547564751629
99.16464782757039
131.17087648130345
11.773320392907678
162.0726034591399
193.62814235343689
241.55952909157503
190.6276194595591
193.53941611164907
155.25246447037844
147.63288046876582
189.15536053965403
145.8566581956669
219.04386757525668
8.749216175764692
139.94276143761675
223.85796410399365
226.06608183429378
224.05249831576364
112.50746854219436
172.52067727380867
173.92948490329925
130.7107142964498
106.09939366385419
122.69037020541394
9.440354221143272
12.77482716713517
211.43754787064734
138.3220771819778
209.72170724361052
148.09585445691067
126.18410202145427
10.285224273785484
127.71917099814056
327.9407602967098
736.8531357546768
112.68513143799537
595.1531646264314
153.81386654017737
166.68989264018674
302.8338466533739
201.96466974871885
8.17101310568355
326.33438325389204
267.42604662812806
167.20040288267555
200.54692496296727
9.492859825253854
213.75685163388601
346.8715163750206
264.05272595626946
164.91495877505542
69.79846356177858
148.03489296253917
276.29315104412194
14.13896074320247
347.1373804003496
152.90661253897161
181.98944681660933
202.55220392494684
152.52215395371766
106.26916510054396
5.08219414820122
245.05963307710687
244.47299196598485
104.57657979030104
131.87189662377838
159.5023140152928
188.9683339157609
7.787700328140554
174.0482020417724
197.34410862118148
250.538546178586
285.04484965431817
193.70180744454302
164.90166686226718
47.007729065281886
237.9600823121182
205.87030737181306
169.8769916777618
151.4611037866911
277.0232561928796
140.68770262324114
194.45909464769204
163.91639578520434
270.7021669884951
10.961313330827489
198.63559695864907
75.50219780447918
135.0205665867445
146.9608406569709
149.73902109756975
588.5790956507681
199.65856171325643
200.81111917275788
95.56079724401316
147.2203760440155
101.6761929086345
3.9183165577724437
198.89836146653386
5202.751558449905
12.033164411587633
7.37714293061323
39.58338784602712
187.88599615858215
378.31697074920834
5.619361822210014
154.23071729277646
154.34702216674245
173.50573316319708
297.31840067906467
165.43715210120592
193.69853872226855
64.36115245192605
150.33698980076196
204.39289406546413
123.95477725476225
247.2894146009709
131.41247478853506
136.61417291037495
205.00308181059307
211.704568642364
229.48267855763856
142.0733741069732
231.63305930757488
216.86810155318497
191.70090312666682
202.8766407841323
230.78483598789956
5.264738941908114
320.47251478346095
201.25122784540633
377.6842500319022
171.79243400267237
141.33996641537976
183.49691406177112
184.8839365498034
289.62727965056814
476.9929995062221
212.42111428927882
212.75305002202126
196.5005566679732
221.47019765958783
152.57291447091117
117.55783531755355
249.67950747608847
221.13400281180478
177.71958694464996
7.511663642305824
245.37383361857155
228.28294488367894
8.682539078037987
267.5666012306389
104.25048660378386
111.61310963247811
215.11304667633385
243.29131306087672
156.82297726066878
63.78003960218876
180.23413649836814
194.72788157620386
131.71832057711197
112.36107612488291
132.5423640954571
97.45661022363093
293.0149650949078
15.255485617892196
129.9387738308399
147.29036248064503
5.667364995974361
227.25294192732903
171.00354488681808
158.89540766319908
203.51034134620923
186.33601147068754
147.3044817385415
246.77201777236183
129.0799758407274
131.04280620024824
5.376366588149577
125.79551457014689
4.503674789270485
122.56935087371565
40.57653542564995
127.25698572968308
212.66938479994724
176.03991023114645
157.00253565194302
173.01162867640008
120.91867865077161
197.30440122209455
131.91183427043984
242.51786826417086
228.7890511733741
397.7747794806453
138.59655911772327
4.2413170739566475
3.2452734853197147
11.434637067805141
161.27894166344856
89.10556585299462
136.75620876247987
186.9716177435474
154.9155898174418
248.55605798635764
155.91597865504625
218.61439000336009
198.07073001306284
237.42905627260595
247.45611014763156
127.50327542173304
206.52971851264095
203.36917101121364
146.74030636476513
262.69773367348216
226.1878034242967
192.55777579255778
7.111051461927738
201.18846867899333
174.45820374528674
153.30484860548873
201.0271036223229
187.4223371899307
146.3083748821792
146.51227608238133
147.88031266226704
160.69793314080226
192.30077571602956
149.15651875389685
225.26661037210548
2.304545823959679
120.48919605150812
245.105535239987
131.34831443086165
220.0374836356104
194.33873518818766
183.73891603198703
325.72604442734837
163.30292875542813
325.12553435381517
239.8893635141672
83.66367190656608
42.7748982999931
104.33473065070855
7.395158088651333
61.57080121151106
356.83448790508396
99.853528726132
192.30694413976147
244.06984050887002
134.4993034010521
647.3702112436428
99.63620080045271
114.13366965387345
128.54036868871103
102.1885308469992
221.03447096944777
289.1831064175005
214.08404240552326
78.76665368181153
142.88323464323065
128.21479232259705
100.03860069941969
213.59727162456898
197.89541752796637
196.60985511473777
231.27493376459176
332.42245308377846
186.3834936754865
161.2009647789811
77.88446168150834
34.61189584562028
2.9513338612878033
533.598299033544
442.3642295449278
116.03411278682577
171.5834191972759
120.3378863343663
221.3455794746408
179.69027383918373
256.3443588527463
132.79527319070735
8.731392500698766
215.59164165779507
177.9452724883641
74.07767885185243
1281.7484401962831
150.0711690167315
253.06973618341758
133.03813554875913
211.30566328337324
299.15351835812805
109.6022259852544
152.9936418825315
136.45289943134404
106.55690184268899
545.6132519968088
176.37367347279678
243.42522755779427
183.12146779906598
116.38292435947847
145.66725988442147
3.386559849632005
134.39397163731127
206.21623340637592
101.17700192541996
261.86933076076286
156.82847872694987
3.789206314154467
2.202775023173134
193.81585649557985
156.73471232915904
159.219720800928
262.425646457183
328.9908621157681
106.02078156845565
126.93633653805713
380.86111058457993
223.48844962833573
150.66505314358574
10.599096871403018
3.335848391794901
6.778979621759605
93.34792156166834
58.10022229421141
156.24070412928356
221.95251803587203
116.85292606472846
138.55916295892348
49.52384416075683
192.25376263271096
121.4081467740457
404.8093987483786
181.0024319066114
188.3787753922002
132.49316394108118
15.481654307049523
140.25944380809258
202.61358136622417
174.34054354330075
246.6001167789187
179.28384425528685
134.4389964567723
203.93917576884377
293.537022789713
161.375005617162
156.90770168327114
149.4588452270953
160.9877430879656
229.34590947593367
88.91119730571808
294.8553448962167
136.70007820017054
134.61007154725166
170.12574900151282
180.20671982571994
150.78495464859827
4.4069459493425045
230.19438938403547
150.48659102135858
106.546755972487
304.80019727357785
346.31785899681785
5.516515211603606
171.00929556803715
216.65647976473738
218.60181725853622
316.6898510648438
225.0440597321563
139.1693714067462
276.8270241494259
247.82335919489026
43.626437723638695
3.6283440936451945
123.82508295061875
131.021124220662
244.7510472489922
322.2552133231215
235.12017755409795
300.22264777676
179.34288421817627
1.8342674469692484
216.86531923487064
193.43933462461595
171.56341553030887
110.78857848991943
69.3416076859807
37.88182523656113
155.1240847365027
225.80889083307505
173.7043343141558
221.04978101078746
186.1330922204668
183.4445359017667
135.04062777285935
9.15835989798363
245.7794137813591
122.79458052849432
