2243.6971108429007
4285.045051765319
2774.562531352257
3929.196793937103
5232.006974997545
7605.0817598727035
2912.2707807672905
6645.867824343164
7562.616377040366
5680.875023075541
1305.0662209301881
6767.467204923855
6124.114603677247
7488.714700967524
5439.211162462277
5296.788045062851
8075.3857646698725
5445.4099223451385
7358.912650965344
7265.3631830450095
6124.418115256506
3770.650058507233
2484.261399084957
5258.089254619378
3507.26384419617
5782.153947386448
8973.583548583116
5605.488935409964
5070.2421452115495
6132.913693499333
6592.963473944575
5467.12516751525
3570.7016035790584
3732.742775884025
6657.087721997628
4654.987790138042
3458.300355302931
6124.771253045394
6158.520532926133
3897.258577923243
4034.7955857862294
5861.871044761053
6514.880402350967
3927.9346885822606
5194.039598834995
4556.676203712093
5144.652679951939
6013.587072443306
9365.596530142082
7744.823742754339
3353.5290418395493
4870.76874840046
4367.9356097200625
4182.843109149587
6330.1616469458095
3727.3450697815506
3453.1189923602847
6659.134673124839
7334.308138453769
4264.064045191356
4278.72692018456
5176.80028389473
5812.190628593461
3767.046691899141
7039.729585501706
5236.4468022792025
4206.736801555193
6064.225261000426
4697.713053213322
5572.54109425504
6977.9847780175305
5023.372795311774
3852.769782303527
5058.5968412734455
1459.8317682485072
9176.411784380181
4446.08428584049
5654.452829035234
6487.641995814665
4749.857477701269
5028.156451325931
5483.356552757533
6658.271749667927
2884.556010313648
5020.77270510954
3682.5750613887203
4837.4096626752225
8080.360157654474
5980.258133640101
3636.5940706630004
5572.2562526026795
5445.932451430784
3651.063790306304
5332.1915728576505
5698.974561237966
7108.863224780054
5589.389972342891
6666.958362637503
5462.824003141746
4642.031555211593
3257.1992894730724
5921.108653620255
6149.0428472555
8125.8083353077645
7001.167014190978
4477.063162877423
5663.383825620336
6054.901945383513
4913.550624346246
4858.075267146819
9256.185412486462
7074.986085248274
3722.240157618014
5828.363828467191
3840.0672689870025
4847.754813506793
7062.478815763403
5740.690974156328
5654.561295204025
5151.859825746129
4449.234299853829
7019.502264799662
7628.549980986561
3366.6980065674293
7220.6410512201755
7172.509021791344
4621.36759759066
6243.54743611414
4789.891774527353
5244.629160264842
1950.4506406123064
4954.241027203171
5180.615896054665
5417.175109775589
5931.621024413225
5165.101790294597
5152.610784287207
5096.118719069348
8737.101256775046
4864.472344103358
6955.286898027119
4525.951874441425
7487.130279468092
6683.830863989735
8346.929743010676
5999.70994761079
8727.469106881283
2622.4964715978244
5040.390896206864
4020.9027175086194
7797.31043373493
3734.628110260707
5284.532664967144
6114.230136570135
7165.430198031551
6842.204184737267
5157.33649285319
5419.054192232331
4783.630253908571
5213.163084187321
5780.510347515741
3788.372203037546
4058.786175195434
6744.243310148713
5725.995874383691
4330.22512030201
4325.749572030863
5473.337846801468
7302.024858450656
3774.4468533809986
5573.186781423413
5674.568506298932
3373.7971280575803
6278.37849100553
5866.1378546702745
5764.778732029996
5328.557414136836
4471.459555992449
2876.5177389592677
8025.996185918655
2788.028840588853
6104.496907866926
6512.051164595914
7336.34807630298
6123.748845264395
7533.266907070159
4189.284239959359
7541.9301435807465
4423.070532660926
2651.1335777512013
5668.339740576913
5124.440686323853
6788.796288078553
8779.325435555123
4631.651555915218
9306.942400500131
4460.361310990909
7802.304063482099
6873.513915636037
2840.450698763555
7860.293779680578
6939.210468623331
5551.627722739786
5782.3748760039225
6090.8743835131045
5485.624202604698
2929.2798411010835
4235.82261414215
5920.5281693488005
6109.489780698706
9003.581339807675
3547.30227432384
7155.876883420666
3261.3544371385456
5640.774368288326
5426.448811469434
7334.216770700968
7201.328124246255
3859.6915835005543
4998.017483133596
5822.289986473839
2700.3916514092302
3773.277050331666
5108.296999259143
4396.371590459367
3031.1086811585055
8264.98922872135
6605.007767697256
4106.746991923466
5612.043572077218
5460.106463192112
5120.883966139089
4324.9606878400045
4868.422611677119
3851.692431152766
7186.673441574473
4200.364327141665
4536.883329497263
5350.501603310898
6241.75073335628
4881.92662910235
6077.561969587606
5197.866159406529
5103.336133255564
7258.297411502506
3565.93402917245
5983.638430492934
6343.845813157364
4104.114451193274
4456.458606496653
3597.1358542951507
5886.50844232413
4835.662204136499
5840.18538964639
4288.03384425094
4951.030848069696
7299.52136104578
3947.949127768351
7036.78090635572
5796.165883611813
6049.66623804042
4913.448262438763
2494.02709718277
4483.428290314314
4600.82216613195
6841.761382973314
5126.456886507542
3583.001711769197
7415.424937574757
3673.886667018134
4041.5549716829028
3655.3095158401675
3465.4280574700883
6926.736135382656
7077.897952012752
7341.724492937288
3727.3934673732406
2702.361751368179
3239.7708764131744
4791.349479258053
4852.601237347598
6268.365163075649
5197.341663211277
5469.430598711161
6192.92247082694
7095.20291775618
5809.31255664843
7813.768223772829
3415.8743730300957
7146.930520639213
6253.2205661267635
4537.550818813972
5479.308951428902
5149.686194419357
5506.300403382811
800.5536722010185
6649.491632373922
6418.794988677239
4213.044549419088
6492.647577922015
7757.39007646044
6399.210533867977
3443.546741885107
6284.210436809419
5800.293571020136
5636.903786799227
4010.674699314771
6806.432036735052
4691.452368535813
5196.90616363081
3680.1563094120643
5216.105849543765
3898.4382195474986
5595.337094843727
7029.135381847529
3156.212205029442
3236.1028152573913
6743.468510081447
7430.491456150781
5525.6704707486
6554.091728417255
4145.643026472721
4291.267517760859
9576.48514924369
6560.496376085157
7536.74989676141
8227.38982433909
6680.610574183303
8430.863061827598
3193.752476792276
8170.969998852131
5479.265895087156
5030.029246635001
6596.315183165737
7756.455890116454
6001.368251732107
4751.0051861295915
2352.4771946762876
4706.441846319217
5719.208335680711
3724.023950271734
4849.928256301995
7686.5262317679135
9319.730302525144
2669.808012799037
4441.715919448738
4931.079723546921
6291.263958229389
7911.302225612433
6389.987103731056
4756.13869821402
3133.8372851661866
5376.791688512184
4973.318493349028
7490.535926923273
5051.470138848927
4789.2839146417955
2782.9851245219083
4210.18133791733
6569.7989473177995
8972.310786674816
6494.6963607077405
6034.528259759688
7334.124920492985
9112.328921725923
5398.010668546177
4149.6713069544985
6744.901555027059
6228.619068532446
4057.370445866752
2223.982833786719
8791.781966261016
3251.200062175345
6038.611223987182
8438.351440336659
5695.470301573295
7293.066843159396
7358.338319380211
5169.097699392276
3918.0594076203056
7888.501757002988
6377.3362400550795
4356.186948787115
6829.925322841344
5071.969752409901
5926.671344104897
7151.867454381656
3730.9673278854693
8481.780472203603
3623.8734256798075
4142.1759219808855
4704.074467097241
5678.943330285051
5813.800289078449
4358.859744996308
6425.8144180497975
3236.145687317085
4186.101713828684
6182.187739290494
5002.33242834129
3989.8646269942874
5524.578290512881
5811.592009116907
5470.860111924286
9146.72632738889
4313.21719551013
5775.064635901321
4799.483774890423
9173.002221193721
2813.5243814913047
4165.139767463345
4578.546903452339
7134.5028766657215
5429.601436491117
4433.116860452957
3433.854305039748
6192.945510506075
5013.40191936339
4585.659343057726
7877.3379648072205
4647.549762041468
3950.5575109157744
7662.64935268996
5422.056320714259
5120.169979281891
4069.906022670456
4384.478657077163
2190.441966946686
4417.452491792476
4384.781443704732
5208.262187809457
6227.305241144267
6049.752313766388
4812.1146919603625
2095.855288273103
6399.68559121313
3722.9190336013958
5060.936274433426
6609.086047092284
7629.499453695796
8764.455496846724
6599.433411366648
4494.8831959953895
4299.763780766179
3788.4218889984295
3686.4702684820345
5301.356891291659
6616.039285228308
5555.568620707918
4383.120864180501
5489.697553834324
6509.6054568551535
4053.1048039044417
3427.3395641558895
3872.54212211192
6383.780384416951
4779.758226765182
6669.811050483191
8071.953811920012
4080.2119281845085
6301.632723794309
6817.943920141481
3361.279548082079
6232.579765404299
4802.720971968086
1574.8947081173774
4358.013626559485
6220.089087368958
5628.879977124506
5185.687175079602
6573.211046329342
5202.149666523625
5325.4250659375475
7229.366742255004
8029.796890454019
3908.0129185820692
5586.664701412006
8254.027648425299
3576.8716632389232
2985.8564341708825
6209.697104023745
3069.0054079573924
5107.493389153303
5096.296540610113
3808.549072864185
6026.227599550183
4530.17823433239
3608.012193137661
5564.756563280066
3878.6916882847977
4112.884656941903
5756.634469960915
3811.831619458157
3839.525069093987
7920.246923617629
4507.201981469272
5482.8933759966985
4643.957965688494
7866.018655688775
5515.950154745111
3664.4289122149216
2865.7100615572263
5417.2953037391435
3635.4774402466805
4071.72091042438
8008.505684526133
3565.6823062031576
4342.976771332096
3772.0724929339226
6552.265906734971
5165.652174782873
7587.735990858393
6107.61195920597
6235.662116626906
4300.073246562553
5711.965520322976
5704.156133853037
3264.9410770522454
4571.6822684165145
7080.155961605749
8790.584163253232
7213.4902412375895
4866.591639558568
2421.2623704011835
5518.918735294268
5228.448908768741
4926.501247944703
2089.15691768434
3985.3747949420535
6751.468727857393
4284.827692418624
6146.008773385264
4278.3495182283195
3750.5950863948115
5446.500991374882
10661.534970468882
6075.9396514987775
5735.517179553291
4091.411436060284
7239.336666949481
6056.712366360718
3771.940102824198
5385.111371364382
4135.510116320357
5066.068022152386
6614.308377230465
8085.768300316357
8564.741335496277
5287.48219224995
3768.3556639276844
6211.09913401624
10712.264713486133
3451.6030369496934
7499.164192655657
6699.993652783095
2758.4971491116867
5142.437351893439
5523.76469196909
5155.634856062678
8004.22917022039
7783.242318705939
4512.384974863998
7548.048989014136
4952.997586524086
3403.174801817435
3559.8441838497783
3393.5915523475082
5236.210904541661
8182.635455089975
5923.869209038216
5424.405617945745
5319.117333377923
4829.79491519598
5186.782971249067
6560.188460181679
7071.386820089922
6752.00606533272
7640.2075823351115
5207.3130790011
5065.890471393756
6443.050423024388
4941.4587306404
5803.969235671026
1315.527584839621
5399.308111410662
8665.120186050914
3170.271442736949
8026.588183785649
5646.101605692078
6814.307060203647
5142.407792210429
2739.178135565332
5458.041281842596
3356.4188278954584
7477.102242163578
5252.317648602045
6866.162407972786
6750.987895869276
5894.405785547662
5069.653525582146
7895.102714623876
4922.835473193386
5633.392521165967
4163.615863099204
6073.0298692468095
4316.588182058911
5551.582804944754
6570.42369679654
6651.574225763446
6813.002476376128
4583.90726901887
4675.733422168432
5255.798246534372
6328.092198325843
5314.002353716257
5272.039451430324
8029.484827175528
6256.181367566693
5257.955232247489
4632.143730902602
4611.50078224455
6321.381843398618
4860.526282660675
5732.231651708853
6014.010000759964
7742.623234611397
4935.2276713003
7158.587885887817
8050.3697420641565
5627.413716874119
6134.886950433499
5269.411283775467
6844.001104516027
4460.596478165994
8220.618274042068
5929.425693537933
8717.248367989523
4947.887800093713
6783.228602081261
3388.817597466018
5103.352925000271
3734.383336579063
5239.673889269951
6940.248320418522
3531.617700838475
2592.204110248466
4472.7855453123775
3641.319440548597
7278.080609261404
3099.552980409851
4454.714621835415
6256.066918996322
5321.08733286483
7812.517967446002
5266.428152055527
5322.194840097768
5230.685470573299
5788.468954978672
2551.1314717086834
6485.898614741524
8093.66645324844
5598.338205511724
8099.740247101932
6286.658947813164
5582.43204766115
8831.60670636246
5276.503074817043
4191.158737610072
5713.383531489564
4890.984246856187
6970.212661082157
5368.784616852943
4947.138052208177
4085.7465126960074
7013.637039898581
6715.656702900137
5622.362076690388
6021.709763036313
4471.077957806819
2451.321803240202
5819.092579693633
7829.657452324127
6206.846096059599
8192.91879384395
3808.505542339583
6549.878080174128
5590.85782232891
6673.782642070299
5101.104332482003
3341.041012230149
4654.73021662616
4496.806233845243
7087.6106190884275
6301.944539137139
119.40661520918005
4355.676382251887
6238.618765140963
7023.5222214914365
4971.907006212254
9197.4814521693
3979.626066286737
8246.267763959639
4437.81964257142
7314.973063385299
4428.834487232021
3621.288866719829
5247.067597856849
4229.38754184711
3135.731291362896
5177.682935292309
7156.460363296427
7908.6950591891355
4766.10577985517
6803.172354027783
6151.352822043199
5738.521397039499
6880.563576651651
4599.605496420879
6588.9886727220255
7044.642798296596
4338.555813125678
3919.8519159522025
5077.99563789688
4913.729633267482
2395.504295930258
4570.529590961068
6717.33130776422
6390.307017926539
3643.1500945096022
7039.188979890613
4863.394825275981
6063.983298007854
5771.2022183800345
5125.266702732735
5261.468747455099
4227.996998288014
5190.838941186525
5808.087355484014
5799.761767027668
6874.3290226869185
3777.2798842519264
4573.643932713596
4991.8860098173855
6118.754222871956
7677.699074633273
4492.721510831447
4131.652869463111
3560.221431818912
8186.927345707533
5091.551338615957
3250.664173146939
5432.117858926686
4465.234314241711
6802.94830915979
7212.6111381048895
7601.9482198305805
5146.409672835349
4200.075971145328
8633.282804164613
8463.486123322009
5448.301735155598
5898.651838106683
6124.554662429367
6349.419966349171
6614.549143862908
6435.999466002187
7339.792607138123
4167.6159948061195
6752.937409616326
5645.443636325515
5076.870462997655
5950.041653849335
6322.807963927058
3324.425507037271
5045.729759918283
6231.319536988888
8158.836536665218
6150.683733048584
5360.609650458922
5760.956733773077
10490.559389131899
3935.98283533368
5690.033862996475
3179.795508852383
4987.206781007263
7137.256608404656
3017.285952830471
8386.938008649951
7248.122767685056
3644.0143350374965
6498.16118330476
3016.050460776488
8388.268861345952
7604.772626569462
4126.589621330935
6113.15895116325
6432.617839661949
3384.8807948981753
5209.4015758931055
3463.0746179612674
3655.703285724538
5028.673291391568
4385.464273823974
4816.081017003506
4211.592698451431
8321.450932703188
5984.676631907379
7854.683862499829
5656.623817761287
5296.221035443066
3405.9847186807438
3533.3883873128166
4319.998533380817
4323.407645234189
3147.998578821599
7314.820038768934
6487.973098101404
4195.0716307304465
10820.773045849368
7573.1063648498875
7312.13008332861
4476.875397414493
4349.96740060396
4890.189569194539
7995.27839526638
8298.29729789934
4278.407736580063
4883.978806206329
6684.40140743102
2776.2366950586625
2814.7920536560937
8198.097938475761
6274.249818029979
5911.296424111777
7457.624409774683
3346.5764928354124
6754.384250691127
4049.6236359458294
5457.382984204158
4262.935389332434
4552.755293529542
2864.0493139424093
4662.209153181707
5276.641308967418
4389.435448886979
5042.6864688968835
3419.9245674704507
4053.2693744640114
5256.468277048321
5768.72882697718
8821.813497254168
8031.964600294252
7291.377907432636
6634.427040920744
5274.131022335822
6695.4953051793955
4672.91517372323
6012.374082633754
7360.888738433146
4836.315434550702
6587.355287997924
5699.834429489605
4992.486072122427
5315.201459470557
3113.6055289151127
3023.4336792633476
4331.028250238796
4659.0332437226325
5000.393609357229
5073.734441465505
6626.462750407286
4871.960457612665
8015.568044220425
5434.914468586013
7060.286852563282
4372.193844475353
6308.5876750080515
8503.097902603226
7189.022045562748
7454.828210561248
4734.41092162673
4057.5468376307767
6342.957590391002
7488.195375205775
3584.984476245471
5705.305661825273
4645.611986995158
4666.210890533662
4041.028602187737
6400.380298435317
8417.013636463025
7120.74103382377
9359.619164186011
6678.5937952920185
3946.5193049352238
6330.834284032763
5379.288632083349
5086.944314402628
3927.484911468317
6576.175504140569
6017.709659752996
8338.069962854657
5926.94402933084
4705.5901233825
7835.347574314783
4415.660267249885
6111.88700175931
4371.612775055239
4565.133570649309
7262.909928202221
4121.152109772866
6768.947185990969
7478.428529847796
4858.645070948933
5239.668098059499
4355.171569880976
6751.632019967493
5796.789027459374
3666.3014978353663
8565.035529027602
5206.687989452284
9070.262614989319
4753.096559917216
5617.150844806536
3734.640999999037
6300.980084491029
3457.039347746337
4581.557965144332
3937.146630284448
5109.064085023097
7528.665061644385
4226.578392043612
5204.428517857373
3929.1367119202514
6469.272091155933
7373.712849910992
5290.237408352417
5255.88317558788
4548.929980496136
4460.113669589768
6462.596319735497
8302.498814607761
5930.514189921803
3902.9583937528046
5372.686052900791
4299.273882577861
2180.3610411149125
4974.372946806616
5791.059591644805
6050.178054224913
6755.761994177137
6183.973073072076
6546.799547175843
5890.091341686916
8744.278298358453
5765.592064153381
6848.390146135706
4551.434691966997
3627.6236355946426
3069.322816051268
6994.078250978228
4027.7928171169974
5139.572783455248
7870.47254228319
8329.707797878214
4760.352690775765
7164.817637333523
4808.481651119413
6647.9663492914615
4583.730985102952
8463.449202399905
4695.186809751508
3372.960926873484
5270.1653053730215
7304.412847228688
6365.839934897026
6129.542775033903
4833.489965498371
5625.770907435023
6755.61447520514
5612.373682438754
5108.162393135638
4249.499172867246
4948.833975672742
3382.078065948534
7739.83696189422
5448.812368364315
3195.015659657198
6524.274554429231
4523.878249523184
4272.176504825742
5301.694851923404
6243.271653913999
3643.023040609488
6607.485711233936
6494.157367971271
7038.269587893935
7774.512313017443
6793.615364728605
6872.27894289498
