0.5684451886869123
0.5353611373683318
0.6229196613490252
0.5368870459071085
0.6426384608992816
0.40872361946356517
0.5633514216692668
0.6397230831581757
0.638635504395481
0.5330274320835882
0.5353499917675473
0.5066881372956679
0.5763372307761216
0.5815440520455097
0.5484827853892884
0.5545351469464052
0.5605027107941545
0.5241979508609675
0.5308211402028675
0.5764232192752969
0.57835861460297
0.5735163408180356
0.5282036038317808
0.5310915400939682
0.5837844276645663
0.5897374977557656
0.5216334683794219
0.5682272635863184
0.5068594263819245
0.5599445631283996
0.5669202661305188
0.5950472552161501
0.6326008782008444
0.5192200931123336
0.6305046073844193
0.5196895005926884
0.5903656612783159
0.588427371906337
0.5363081456224329
0.5525971736386306
0.5115325132466092
0.6123234964606399
0.5481067611362935
0.5791333024646252
0.6591971505063946
0.5775714136752786
0.5956488918821815
0.5325451318549401
0.5433152960000218
0.5870394545993867
0.5880284752422452
0.5749545199993473
0.5025622506274018
0.5388494056297574
0.5777038405394479
0.5265960833849053
0.5834593887079663
0.5211691525815821
0.563964022666434
0.5919053358900028
0.5457142026471347
0.5439591708100587
0.5444855323595229
0.48103136927582
0.5583064458305781
0.5686524289794241
0.5338040437180026
0.5536512642048699
0.6068089995988165
0.6157148567178923
0.5813847488417414
0.5152507962057262
0.4693988893838474
0.6480393020091074
0.382395407541282
0.6754310406559451
0.6190283862104418
0.49949526876579936
0.6333357128768924
0.5779235704667636
0.502229357342375
0.6502980117438527
0.4986150323103094
0.5592488170418352
0.5867135267593698
0.5869914182620039
0.5972712750933545
0.6150750253062324
0.5472743738439979
0.5296789966133186
0.5340537744985645
0.5206305628038224
0.5848855821495388
0.6146529986003995
0.5075233367271244
0.5600004912648824
0.5738890126290247
0.573557753844357
0.49771676737312165
0.5207155852344492
0.5574473468030479
0.6023509409423384
0.5867476381426884
0.6624798146365177
0.5682038339465607
0.5303330228279293
0.532603692659916
0.5976583931167094
0.5885330014206123
0.5657711849680734
0.5636954720050917
0.5775960405850675
0.5561531979357027
0.5092626611030354
0.464594179471438
0.5922748014240474
0.65356442617253
0.498081809170445
0.5563369548882544
0.606207857236329
0.6124867412910241
0.4971234110905369
0.4913081138018488
0.6617672096669133
0.5531204175785106
0.5197058790084417
0.5655750306111704
0.5119306131899423
0.5169873755964787
0.6116269156413454
0.5468809461138131
0.654707828668774
0.47736720390620213
0.4831769849084494
0.49077887497846384
0.5394770252740598
0.5127187885557924
0.568302497717863
0.5254423874829857
0.532034054062617
0.514965955896521
0.5125571388314791
0.6589121844063566
0.6453592665990964
0.5882164188256277
0.5074801963767447
0.5579760007051066
0.4874864168849581
0.5348647749232952
0.5639286491527254
0.49741825775790255
0.5939645928986905
0.44263502795659737
0.4888120540933002
0.5869602026854037
0.6083474077764507
0.5556726140032384
0.5593540444014856
0.5593571500333007
0.5734372133791912
0.6107651855955069
0.6176229511389741
0.5200789065223838
0.5671463990546075
0.5934528199425801
0.6559093362032802
0.5292882117105241
0.5724349856574662
0.5521520022911182
0.5989895680718136
0.39342612090068724
0.5837766569687362
0.526792576616507
0.6676533709574464
0.5355641812296437
0.5399690490514956
0.5672979871251267
0.5730888477680232
0.6906979507122775
0.5353725366816886
0.5468475640235472
0.5539741290649511
0.5585860684471685
0.566439273075475
0.5662034904189874
0.5688099368051929
0.6871851238917788
0.4750459139790638
0.6144664090222863
0.5129535713149477
0.5456046511882117
0.5422346284608793
0.5984101615235828
0.5290191845417003
0.5728802809737162
0.5463653019528072
0.6231412136074732
0.5187617495568391
0.6127805302887848
0.5464827575357005
0.5952933613921966
0.5574304124626612
0.5513721859839193
0.6345970766352858
0.5100180405976694
0.5530669199322661
0.5847562378757805
0.5758395034964013
0.5496620739009098
0.5806656207148535
0.5575321935722057
0.5623324559344963
0.4249835892759909
0.6007912356326486
0.5846565418120722
0.5429036328636355
0.4898731942794954
0.5460839841895262
0.6028585301998295
0.6047805579867462
0.5523038789773358
0.5363064837858633
0.570961142223497
0.6344531038542284
0.5480638093885228
0.5501827193835354
0.5708463024632882
0.547203309576988
0.5578246945621059
0.517798298398952
0.5022713023189578
0.5500278394823614
0.48175226026033724
0.5262999488203983
0.5407295293190111
0.5148825005696334
0.6241602733530217
0.539673604487459
0.5442395276683687
0.608158062125076
0.5636950590056206
0.5650974825340788
0.6219130141020017
0.5233566909447872
0.572834847684043
0.6406182999037706
0.6205746052738789
0.6145090048812676
0.630045448970715
0.7111577815360826
0.54612544285964
0.5831652171767703
0.5773999704678272
0.5853912325494264
0.6479725351066759
0.5912071353470829
0.5328144782238775
0.588962661888476
0.6494504357071702
0.5420128490275141
0.5879655087441008
0.525678718994602
0.5309037927784968
0.529511532336017
0.5731500727165002
0.525583345262285
0.6287309937358141
0.6423253016998651
0.5224923812799948
0.5963841556372104
0.6292705453369116
0.4660496582519506
0.4974503822278806
0.507263624418099
0.5762875065473209
0.5831533966621876
0.5083854362336906
0.564880519952983
0.58308943678767
0.6214483260567566
0.5722325240347752
0.545224889801577
0.6233785121493154
0.5266521579180783
0.6098263917279545
0.5085754846110293
0.6107920405455021
0.5951191905139697
0.5367971225481711
0.572425864193928
0.5538457130348033
0.5973585945228342
0.5276712010466083
0.5462086511858759
0.5436161558596537
0.5588857318918884
0.568342502296208
0.5537103808162593
0.6112739442533774
0.5796206419735118
0.5354978364444101
0.46850960426308486
0.5968788966223102
0.506164535947142
0.6061529559741021
0.5459777370539532
0.5913241114993766
0.5652722111113165
0.5737991102320299
0.6042090096365175
0.558666823628466
0.5887145131696997
0.610513130668715
0.6092236455277844
0.5025776945476343
0.5142158689130414
0.5583151741437278
0.6200367009716596
0.6277015868269019
0.5695942522127541
0.5191208530986589
0.532288084654081
0.4608625133998211
0.5562468575377217
0.5807190404368233
0.5025721307508395
0.5330555940701119
0.6137336866230807
0.6264467954898068
0.5688926227798651
0.4887388733155684
0.5511938465945377
0.5366663135189433
0.611599015635602
0.5231846100516951
0.4967043346076887
0.51197754988268
0.5591042598649093
0.6234811583491765
0.5913900387749539
0.6143283961580022
0.578141382341598
0.542228620349907
0.5951745914974722
0.5800824488346009
0.5353359923684438
0.5101697014249119
0.4428478383404853
0.4805498221407289
0.6471839900245265
0.5756118184945664
0.5535051949185537
0.594402554280681
0.5382684726830899
0.6354237255819366
0.6002364571412251
0.557734903213709
0.6185636003717401
0.5725805134093769
0.4932521627839997
0.586637148953256
0.5688354340681485
0.59241641413706
0.5889640743983279
0.6118280358874126
0.5201940232198897
0.5054110777202435
0.5772834757276482
0.5101769464181547
0.4677435956817476
0.5010251532102575
0.537748494413031
0.5147281560743809
0.5494801525633278
0.581018233941139
0.4945995016709305
0.71417452460613
0.5981639338466433
0.5512855657863561
0.5501540516983539
0.6688941269677695
0.5875913055691881
0.645950295571068
0.5342728671249063
0.5214468666138448
0.5849449691196037
0.5631027504121892
0.5581405088543459
0.5951677641503113
0.6004954902660553
0.5826006744898165
0.6017037825800065
0.604106923631024
0.48182655284272097
0.5469866142134756
0.4872238231296139
0.6191031366910719
0.5650031664099014
0.5127880376529736
0.4889539118423858
0.5085100010725482
0.5808338182391954
0.524665528813911
0.5798595460132727
0.4951681987780404
0.5453864391518182
0.6041742495747054
0.539981478508124
0.5720327029446952
0.5725474869778051
0.6419697048325462
0.6805387977694722
0.5904671067213153
0.5341189038369116
0.5896604146375906
0.6133145655662346
0.5289140703448021
0.5500305494438446
0.5853000528330645
0.6281745090899857
0.5580936734767192
0.5590154857088158
0.6010312757925828
0.5396313401644335
0.5405428810587746
0.6254480096431388
0.5793182816141714
0.5484130376032292
0.6678076922207163
0.6192695707658581
0.6445982918992776
0.4405216320804399
0.6337891917870923
0.6335721245677888
0.5868958643043239
0.5588586867290737
0.5169126569995985
0.5236195851568055
0.5291112178853173
0.596733496902165
0.541009016052878
0.5897561974579508
0.6317567130292367
0.622838455745364
0.5356781034361402
0.5624448480794992
0.5385575655346226
0.5404030670694533
0.519346858182884
0.6032226099346045
0.5799309296850923
0.4907333717513451
0.5396244711068069
0.5606065785659938
0.5824062682279973
0.6203999862268683
0.5112939277635111
0.5566148315549396
0.6186976589685357
0.5163957871859559
0.5143152537593159
0.556850645376959
0.5227490849996337
0.46530842778858655
0.4681600900356219
0.6751949552815311
0.527861810212299
0.5988572153054716
0.5040123237717103
0.5092649490965158
0.5493584836159193
0.5267607199779432
0.5277914735536299
0.5604502360042224
0.6401960067738452
0.5760004062291431
0.583156673255857
0.5028997842897385
0.5508572827130062
0.5316059151030452
0.5802546531014375
0.4782431165603472
0.5760175422418967
0.5347284601669566
0.5441542921950012
0.5425153592914727
0.5640191978604178
0.4529182969222064
0.5139395289799591
0.5279792994958942
0.4930758731483892
0.5185715982308767
0.5441988427907988
0.5437629310280709
0.5908103698422847
0.500716759801464
0.5787963886930368
0.6252069393585593
0.5972889381408404
0.6224339537510539
0.49396926946059755
0.6410332329750204
0.5852524781387496
0.5389082248726239
0.5270484655380065
0.5157085303920164
0.5565701883343818
0.6446411218923566
0.5702474817485891
0.5728697046296843
0.5384146111938656
0.5920975880359183
0.5408029316990518
0.5392239819400276
0.47984820547283746
0.5295158121733405
0.46946591917929387
0.49104596539878453
0.5481271118200184
0.5585476988608866
0.473041858102933
0.5614061399423222
0.511607379292733
0.5458281735483945
0.5845006424910131
0.5943687281921949
0.629765238673003
0.5332601924478523
0.5997496837693979
0.5676788233931894
0.35898526172652
0.605659242017087
0.6038542528977545
0.648481839169835
0.685518517062398
0.5795879289639184
0.5477263871344515
0.5321178399473597
0.6014079081508852
0.5187575980052821
0.6477071808344708
0.6233979591590273
0.5821283477496446
0.6196512586671178
0.5599277004913379
0.5642305747521889
0.5035936511858518
0.47363021523694193
0.5646297490988916
0.553379336306094
0.6051942109749961
0.5631222047603011
0.5708059360360395
0.5524129651228117
0.6318547489459498
0.5539369674171374
0.588496462710416
0.5201357108812723
0.5739032348918632
0.6514724709478433
0.579120707935257
0.6042648873825524
0.5444574804337153
0.5639623679129333
0.5564956974385235
0.5621771663722452
0.6385209502614804
0.6037294336369483
0.5285981612745113
0.5956807968576701
0.6030651096394946
0.6895089604757618
0.4914363052333621
0.5199206568028981
0.5678839166394769
0.506885585746164
0.6478369867415079
0.5046836421392408
0.5838270587800478
0.5884107246213421
0.5427069270262239
0.6088981201951741
0.5472033219368038
0.6301306812121126
0.6113255695490114
0.5991569568266922
0.590631324017767
0.4948660395511807
0.6682517794949535
0.5441381083213515
0.5723764262010068
0.597479330174163
0.5485212684587102
0.5586421917437652
0.5640614634945668
0.5100184935064387
0.6265094131624589
0.48094084993981934
0.5761317705554321
0.5264921618405656
0.4808881289453837
0.6100278995823701
0.5132849769105355
0.5865026282138238
0.6542546099747358
0.5055347995897913
0.5650736952228851
0.6480258580174661
0.5116226464447539
0.5940515391763455
0.5767274093038272
0.5021146976562763
0.6229412875682007
0.5177800251567166
0.5661142484779227
0.6315595773981029
0.5860038408871049
0.5560673378824971
0.5830376346543922
0.5997222733300149
0.6065164902652502
0.5213678412751153
0.527490419403476
0.5589391557362179
0.4455881975836118
0.49295151472825993
0.5671464107029425
0.5563152774224756
0.5644055599468945
0.6309943132969387
0.581533199188141
0.6033756609778409
0.5236312775327603
0.6320995156279251
0.5390488490094723
0.5269187686348684
0.4515874979500989
0.63133279541537
0.6285573306840025
0.6164382881622531
0.5527574009524758
0.4855097676718364
0.5520460306058769
0.5711870736060061
0.5342019768283723
0.4193467989868511
0.6494698732713762
0.5226760625084526
0.5896113360041517
0.5830183031969927
0.6257007287361213
0.6572829346313049
0.726341865554646
0.5059771518083307
0.5886445196765452
0.6605826498857607
0.5856333687635815
0.5739553132855997
0.6484193296480472
0.5930669293283983
0.5301614599501531
0.5582862025546925
0.549443116644944
0.5203791063771626
0.5819797325107566
0.4900249323066054
0.581002448892012
0.5150615343383734
0.5735679222508857
0.5643323796751045
0.5562785496248595
0.6277949274107232
0.5348083242117114
0.6754906066291024
0.5118220092687857
0.5067542889465515
0.5987332363879514
0.5523590163468801
0.5326904525087618
0.44886400908306967
0.5670161819371402
0.5015877413214007
0.49228450513953625
0.5470782496811231
0.5367262632105347
0.5216038315475986
0.5082690312772131
0.5819633367231417
0.5679720070662688
0.5529793483547933
0.5777614227096473
0.4663719527719667
0.5283038191144283
0.5890758731295287
0.6160265189334582
0.5312786376935379
0.6212247462594542
0.5268327586186292
0.6272475529061577
0.529343284344561
0.6138152191686392
0.5625627784265638
0.6170284200088092
0.6907487138544746
0.6282467021451844
0.6114250772673822
0.6205734734874069
0.5261282556255417
0.5519123826103242
0.5902636121304056
0.5952618525793223
0.5405984722419745
0.5794846191743368
0.5848603485291934
0.545595394785775
0.5738592631954049
0.5844419431865198
0.4959247181102461
0.5546915260619913
0.5449023096899452
0.6405433486823242
0.5579472813863208
0.6062223753613698
0.5619187964713483
0.5612190895110472
0.553665564986778
0.5058320654903846
0.5909327626073181
0.5623802701464058
0.5917856062843798
0.547733760714787
0.5191449526425613
0.6541170489838667
0.595551588147199
0.4912826024750257
0.5554507717390157
0.6199510085437973
0.5124770324029033
0.5385050820713582
0.5942760858429714
0.5349588526351168
0.5447981999585065
0.4940187250316276
0.557164569109149
0.46665369623637853
0.5003388457915611
0.5561781393650933
0.517359494434355
0.5598993451782164
0.5145729258118785
0.5328395692535242
0.5179327595917705
0.5443420770864827
0.5356665169121683
0.5257055021989063
0.5822536645593297
0.5797549255857262
0.5806478813567059
0.6308428099095833
0.5584210082065113
0.6259441095241517
0.5485817335027352
0.5594012616847338
0.5487185587977204
0.5229252761089167
0.6140891726132095
0.6145243289611731
0.5120173375493229
0.6329528894479537
0.5693401157204966
0.5276669940280754
0.5532303210775382
0.5377589461638139
0.5745136235888321
0.5563923788769504
0.569493521184544
0.61657605417689
0.5729210600820335
0.5604498141244799
0.5684854054125008
0.48910188156309187
0.6463091848062443
0.577943425902639
0.5792157267923663
0.5763385596311995
0.6141516444410042
0.6228464219435055
0.4663368992863889
0.4900586996047589
0.6072391150122354
0.5483077491422793
0.6141733237888096
0.5219469638791439
0.5469226586553247
0.6534718200764934
0.5657841806583556
0.5778910595979712
0.5874133504452062
0.5130477384330946
0.6056099472162771
0.5531560755011209
0.5350038329118804
0.5042643391511176
0.6100689393762246
0.5747863391525472
0.5100241095564392
0.5034253400588284
0.4465554577923909
0.5318592692064292
0.49662484894272285
0.5057366756457738
0.5780764119583421
0.6268220309519468
0.5662814266052436
0.5552344379263358
0.5604856532325643
0.5380069078187051
0.5908308332674995
0.616825849154137
0.4779423693558188
0.6134661171461345
0.5050718374716731
0.5140398181395457
0.550380284954055
0.6281976211733094
0.5581945323931065
0.5964239012478824
0.574503772423121
0.49718256657295656
0.5579305747914507
0.40971011305318805
0.5323616720308915
0.5096772025849257
0.48875051500715205
0.6075734234799384
0.5624197035401435
0.5166557419257903
0.5653841341389503
0.5747644427482702
0.6445186515762122
0.5365759014946434
0.5170049284987652
0.5427427269536946
0.6395118637866578
0.5567212245573212
0.6663118419298387
0.5788614609508632
0.5303653329595837
0.6014281784760627
0.585669133469827
0.5598117740601007
0.5650779596160054
0.6594772509706643
0.5107644623517135
0.5642239825786377
0.5576024426465789
0.4850914609439698
0.5074456278753632
0.4912434783868833
0.5503325062498772
0.5729347012673478
0.6350582612587259
0.5851088774977535
0.5739423105585084
0.5955657463943304
0.5418723120011111
0.5276051037697782
0.55457602328964
0.48737665449897305
0.5363441660075865
0.5104487121560873
0.5767989029583298
0.5325961338318794
0.581097334282661
0.5886408789984956
0.5171720697043216
0.6032563016529707
0.5861061988232746
0.45592127961728435
0.6055627573388671
0.570558726394871
0.5210711044996927
0.5901485722430082
0.5958346035784529
0.4719597788348585
0.5915685044921812
0.585549180296894
0.6191455480264948
0.5167269715009766
0.5824132864282183
0.5760212122972561
0.5561337276245895
0.5329617354688704
0.5787236537529334
0.5286431819197894
0.5717033496204006
0.5761314291254209
0.5372808769149562
0.5781767256691563
0.6082958764718935
0.5374900829303043
0.5412016551195924
0.6118159412543656
0.5305629733264692
0.5727619890944327
0.5261470474380968
0.5972671346873325
0.517083677399627
0.38315550314311764
0.5310761105948
0.5426181006871003
0.6270014756976461
0.5747443479329807
0.5676978675305971
0.6531017050418578
0.5748418995656395
0.5633587161413438
0.5158753734166428
0.5753597381326208
0.5413905679574832
0.5627214917542724
0.6357326069996272
0.5788866653017631
0.5389917192213518
0.5216870668586535
0.5335748829083902
0.5278934514136973
0.5793965296139088
0.52799021462422
0.5604359264933675
0.6026968364003211
0.5352442149238448
0.509763230967877
0.5515538110925756
0.5984476855270515
0.5486885737532589
0.49549021532616855
0.5473040842583033
0.5641248708805925
0.6630172330032005
0.5052794750316331
0.5858860513558335
0.6069722867012574
0.5570633471597138
0.5553316988334235
0.5583553566312756
0.5940568370405075
0.5340230851039292
0.6283935054252052
0.5056803661322835
0.5130780843611273
0.5504180006048156
0.5138551620346365
0.5322690405943518
0.5491734461125245
0.6106580956115215
0.5992217228442936
0.5675520635881927
0.5730420551839855
0.5429137284843866
0.6047103154119197
0.5878226778582557
0.624131607998613
0.7062641108410496
0.4708254896934527
0.5871972300582027
0.5756714085772274
0.581745952236198
0.5711104979513217
0.5299049438861931
0.5785878417094716
0.5830153885482279
0.5561949265149648
0.5845080724546381
0.6023211472229875
0.6160649208886096
0.5370465914055881
0.5406131375210437
0.5649367468418344
0.45441485539483806
0.6421176053253316
0.5852126319127089
0.48979206696765865
0.6500893672009396
0.5745315898775474
0.4282734988790122
0.5383043264710398
0.5598765593718315
0.5273533563979587
0.5777375988822192
0.6423850474732815
0.5712573675685788
0.5490719833938067
0.5197053407060677
0.6076791118167957
0.5605925682476124
0.5256920653291166
0.48151501205064634
0.5532356862716103
0.5324570069695704
