189.27905373028662
142.51493217696571
156.86077111927935
161.61424969327476
80.87382792011992
177.6890638532726
166.21026045531974
338.4396308282647
31.548069976564708
185.46169215294262
307.98032950671364
50.91303837875552
100.04637647643564
100.36643984227797
19.180543699627105
3.148638881095306
208.380420246091
177.99799250787856
61.560097812292966
50.63293164990421
250.84557453182947
88.82288496492436
208.84794897025824
153.3995773283355
727.4331388661251
112.22631647428987
9.943896300271698
169.7658040297539
54.17533089499375
49.141272976271054
496.54644713789446
38.80295409682847
197.65031178840243
55.01173452921082
11.703134325719738
37.42821837115973
63.47900729465056
29.551986604342915
1850.330062452842
61.13011386421617
851.3357357039607
68.42183186272857
101.00767443087273
29.25377908889674
17.378195531453642
128.05748109368062
58.17044828849587
64.31238272663725
10.913949197673453
91.35681766237859
38.32781517155676
802.8997514546788
350.178687652448
381.20158438391115
40.36345409908081
117.79297142757935
214.85128008286952
43.004071836823044
270.18373192899276
23.288773376602222
52.378108653762084
512.5869396240819
114.96885418386593
80.91815126750473
400.95462363051263
73.75809431275655
223.58793077673587
38.05406385562013
37.64220165803783
57.06009371656354
75.83975162776105
44.328998138601115
80.65109117086656
22.525187056051287
115.0574539383039
188.89249946587876
56.1939146527582
256.35571655464855
58.21438062351882
18.037373878015927
271.87445919947237
56.41616971344538
30.094376236770373
59.67135235116653
30.421962685727674
38.16075983428637
121.80866785506653
84.63221193971735
207.98467345067402
53.02464074835651
107.67281156576591
21.562189570662927
-1
43.60761915039554
19.955258108859734
278.13358120235773
156.55359945082796
106.20944672207004
23.27126034611948
45.76372649316646
222.1852295415073
117.80831597216768
18.396358936574664
47.07535363765782
336.7738726893209
33.71451137238238
32.03305851798758
46.217151475229315
212.15539216135795
16.31220832284099
127.1411674727655
85.59568701848514
42.34978275289544
54.4516525401742
94.7983677564942
162.06627166170864
79.96262219977514
27.48532343623371
71.48106529762447
104.40865861913814
90.36046544800685
51.62554823156926
358.33714948724065
8.241323727287327
40.33950599486467
41.09600155088246
141.99681675389985
303.53368250050397
54.55989894766185
283.2677814953447
25.229323906986597
24.694747855021458
36.1934324278595
151.86172579826774
244.72534753556877
86.72392595319461
515.7937641181093
321.52275068785593
39.37085665481863
41.394753392672094
11.118420460156315
301.19519211937995
18.41039658393974
249.3735537016983
74.28207226870434
28.89497622838763
177.18130274089404
89.5162952845408
25.638469519781346
810.5754282994185
32.117890371069386
211.1285111574622
94.96762181990175
98.51042139789448
79.54562516779953
128.74059850727556
2273.5502928482874
214.04097971675583
36.613955537324784
13.599058963455237
105.88399448450967
81.8881559387607
351.0860352183009
49.18314381442899
128.84291539382176
17.96914972219234
74.99907888074095
64.06427159862818
84.07998237616411
3.0283542132925425
119.69135875795857
971.5321059889142
112.44501672586611
221.75919378038606
115.30131214835606
5170.618227251513
52.20687740930043
98.39865424338426
66.1277968661019
2054.3053874393527
129.00783550063147
100.20470071110717
34.91810648824049
470.5735795588807
285.59554033132235
112.6616752934485
84.32141212460944
5.330120083210998
142.4069015285572
67.17363346963207
53.34146067434571
708.9749161452572
36.95531107011131
69.53322722221183
33.79413778640956
66.88287968160881
36.8272290543875
127.49019859388751
133.1565292462716
28.340643660426398
12.800491604571317
60.00432677445502
54.660280029064516
66.90862073092946
99.8638298294548
262.7804049500516
89.05551055514374
213.19023728744355
64.07886287507714
370.44997622780124
219.4195193992356
83.38191459757074
191.08421140941766
26.067245405450223
221.3708728342104
152.19205656523505
196.0089143801033
80.3652123353638
158.67174460603732
120.1726580191367
27.594904144266753
54.028926766335175
49.61409899999379
104.75010411350306
81.22147397563872
119.62687199362222
123.39618315758298
21.782724065366363
30.161611247285116
45.90588010651993
122.56363135360941
16.238026001508945
512.7437234141555
95.3826104661341
154.27270068159837
37.66380796545873
181.77595787348451
60.26234578128174
34.6262941959573
40.096501743644495
50.111213145448694
146.14685446327653
21.110032807792823
112.83255332254559
204.70583633788797
77.83138076797451
21.585485201307467
78.64409543598039
29.12201894988773
8.420876548498132
152.33103999797575
40.94956194988296
77.87048622018233
44.463480399559856
51.650606189084634
54.26638396055358
107.29684210014912
57.786578290296305
53.16606518818121
84.34290390542265
5.607477869312363
409.6767948207011
64.02527276109352
-1
34.912873221910715
74.77585169843697
65.30907159818283
290.87186408013645
343.34692250679706
8.811681310203765
20.264727940897362
61.691546684215204
336.3495845501185
71.16979220476989
104.58102317742463
4.02904019266859
70.2911063764121
67.2612519263619
62.14593481083681
102.90121770681208
115.61147259095914
39.11912313124905
99.73592909553264
267.0240846336616
274.80233974094733
168.9788793011049
37.251359679905796
111.74700325739684
22.21748778487918
27.85011477024005
112.5154867482049
244.74059625021962
80.96489974078365
3.2088376214794607
99.08372518327931
470.9987518866636
99.52801360654286
171.07167899368477
110.99487283041057
209.9855418819374
20.50739454187406
32.81705036390466
162.58923879260715
97.72179137421502
29.769825908297285
1.1302506669923382
-1
106.90177186425923
53.03213310412976
38.338899756468905
129.8938848480125
53.54843131269516
50.8312612756402
68.60144017988014
102.95581814521083
105.42217627629852
18.57502877468323
90.65424402132967
65.1219335463167
115.55357549454152
165.54497533528064
78.22494259142891
19.076343160490858
675.9585596814956
20.3258865571485
56.24651701007962
1.9831077397947678
107.95532010863214
36.05977793941154
68.48750958229583
126.14315285081213
2106.8418648580077
47.483741228819625
46.640248233938166
122.18670000703646
868.8050708475091
169.59732350456153
249.50307632722578
59.82240649763549
104.31965899627514
58.23878689411561
46.65309268874764
128.49592924270496
52.68759512538258
82.39598960375005
21.838184060329247
321.22678319191976
64.8211419049377
83.55195520262593
165.80813023300774
197.92436547812264
35.24718680793389
60.52530780340018
17.591634191624628
36.06634968294241
170.2325574410502
93.85470883463137
6.771437059642828
78.20333913695633
41.72492923467779
115.40452249847708
58.86869118433667
52.48839440354469
164.42377017095163
285.11290583046696
21.583990332979482
85.39075715693512
63.88472335342706
31.04554185519983
45.89956314023909
80.08827200915309
66.87535605891968
121.01974327752187
58.29316034432539
36.91759690351313
85.72514765098795
611.4210132977271
48.49475022853859
391.4581881362239
22.819758721031416
217.68231287973447
43.594228473433404
28.45831953684446
241.35012210114522
228.15137894128085
21.743657455788885
62.99569656863454
126.43917263449605
61.524361701913364
11.75517360950153
65.92161239997358
256.14641728768987
14.754897856661634
41.82509363407902
56.65707522246977
20.319905520365587
156.0556044203984
96.87200768802619
63.42524740701453
129.1649430332563
99.00941229522178
29.22267701200012
3.325393892491692
169.76546394096243
99.40437646324479
106.20879602962287
130.4099496863719
24.86007060077707
40.52041580084201
174.1346460526481
446.1824091966401
74.26222199687463
159.6897297101003
72.18766952542778
55.74634406517044
36.979793456262186
119.00135103312628
197.19408317369255
5.6627942712611485
127.97902353741881
69.15858303987963
19.35074901623075
16.640718281993767
26.1476666302733
138.05251902006137
31.66536793146948
8.852712288431743
32.297243120245255
64.07101729745031
35.90561438956262
9.988843208311945
33.74682974635638
59.54760918137888
92.60525252529347
31.104635673171728
12.669721647753402
51.414178221451266
478.1809339906809
85.21269548401911
159.99497715603928
42.38758516727005
40.199676709123295
34.16559580176673
27.631763663043486
84.81325046322601
273.3843541676999
28.29583589964168
123.55810972284203
150.6882835539868
361.37157765837065
94.79740886566378
22.297632483202097
423.5037099928966
87.31285336609581
20.315386022273064
47.9726905744944
82.10557274619262
81.17477161962717
59.61661550247834
153.2679337905117
157.7279924109859
298.5261076284916
148.58864889717924
59.445582817680254
59.994770254478375
71.80061075105529
30.95502818542274
62.35558975059114
40.00664018700548
87.65313142861793
5.887075917996126
102.84558085748907
115.28558420847779
65.6066405508439
44.452608292590426
78.3853135645116
117.82629457677811
71.20227555975849
35.79961177930358
91.54502855674399
33.14107336966246
31.9299459580034
10.561880596549745
194.40245979798425
41.921742524413624
61.45228191247917
116.71814674529557
32.65764566160273
124.28603723680301
245.8470985218772
181.5560393362123
88.24839657047713
100.48957914666205
82.16775667639351
65.34184453833466
420.5550728714897
75.64100263356964
146.2749389054357
85.09415994659162
70.47126197436076
69.27088583202713
-1
68.08714872158538
75.16183507137522
93.06192727548802
112.29738208443813
233.430186711023
62.88805577880125
18.921774196383073
14.049172234169793
327.28120476744147
77.86993410835908
19.40101893261215
183.16622658223673
90.52973365396595
37.68508039144193
73.37486401424947
21.793095663232577
125.58617509293552
134.04576674910157
167.12938459939966
143.22013366320977
67.57089985533659
24.21084750069529
97.13578932883362
109.40617529570382
98.37030488755225
43.53785042420536
33.733164781949334
24.11190296411279
57.01588765695815
15.421483125150525
222.78983016039123
111.48968647721367
72.01500486756368
27.530548687810054
104.51935221675278
72.1482998732835
86.17981513774662
218.76149062032292
56.42810957904057
70.90960574342313
35.10941261259975
589.6515292139752
245.0554442646532
55.991881974009054
228.49463812187622
174.72279297967495
98.57483169644968
54.525140082793286
16.092439770100828
37.249236526765934
28.664812368641496
88.72216479515112
70.60062509250929
59.25809313415876
232.17013147407022
82.00947119927925
61.61343251121775
61.630500392952996
48.89334857899342
144.69059474573785
156.0408276078949
48.445694307347644
74.68167246246227
204.34895378913777
543.3880720468144
31.73939415391234
58.052782589773024
23.992118181007925
130.6159259794705
13.405653957361647
85.98319091758357
39.992737182327865
44.99805803362698
399.2303395725249
65.28196644140162
135.77735954076414
88.22724786788692
25.244624792556344
97.6060624396472
221.08674705249814
44.17519906239465
99.54824920058691
70.41771763418173
224.1247015018825
149.57634454611875
36.679591285881195
18.555465740632734
41.18713414441544
168.07052433761234
44.33615701737771
157.56262346269727
76.90004858659188
25.464995932903324
66.57267800938898
116.45818904860522
84.70665082201826
129.10056185954406
51.21979045376731
27.277905155442713
221.7309079978218
460.58449843827367
127.64515115053622
58.320002239914416
215.91745071470584
83.40992474578626
120.9108684323556
30.32955845753126
21.84295397139953
56.42092745195657
159.41503683203015
119.25619628674912
138.89275795157678
71.54910077554055
37.43741991539659
162.27548523684723
61.76553950365727
46.135200150265014
52.599277602845426
718.0949389010216
17.549924512193034
16.705762924476403
214.76249243220062
33.693493925462846
107.24342544493845
159.83089936585048
240.2989873462176
85.90640883487275
278.0467181339483
0.8490019501292498
12.693405508929924
100.78451581953863
33.02340413629764
57.43132135031861
60.08262369133966
137.762929597371
21.00879420595946
789.904915513887
227.8768181824563
202.4241766890782
122.85326366069357
109.9893156467154
31.44546608239657
203.22223893935026
130.207333605033
271.29625575731257
103.09851917921085
10.251520068212029
33.99428628878032
135.4431498439002
192.83638279535745
83.01536765744927
92.05438793365151
79.11749081559826
38.562888475603195
139.94689663928054
27.320282132800465
249.436856681146
263.22749664150047
280.11619686483107
123.72322190398145
75.74355499674277
50.54571498558743
138.30859630805767
21.406986538133076
137.0486040151473
52.68253061005158
90.8232389318872
47.73795861278182
97.62920738473463
120.14428159342646
169.6632331615375
743.1877950558439
25.34393776924377
221.65120821256713
463.4025857192959
451.15460279490793
134.69752392570263
2.9259517335868557
14.457206674738167
60.872630554095714
78.00996564674769
71.94788040786183
103.18619481837945
46.00161541323749
169.07094605269543
61.24632138193246
83.89636639727789
128.78849488223548
10.732246025061945
87.23643775231018
44.626056936668505
79.97071562588651
112.00040309781265
106.48573968305416
55.27791067149467
4.591993477489024
41.1453220361987
280.1992695604627
39.91544172036908
129.40919814565225
62.77465132437948
65.29292096866493
51.043335000166664
105.17678307534146
366.73925399330534
171.6025493673077
201.5924614624361
73.829321491586
20.807685901599477
49.34804044561957
50.14242042919449
41.58489931523902
59.90817728799356
65.1895804433703
192.25639763561415
53.10687766738639
27.983700576345758
237.24340636359997
29.430569001288863
384.3024957381134
39.75995257874981
80.23152057406617
58.18047171395336
78.70573108616163
18.4851194475213
10.845452977863749
86.20185388497357
37.132509674031844
187.42326635027212
277.79923906872256
98.52557920276132
388.1706287415848
268.54148047712215
103.54385778703197
65.84464393792234
198.7432061847001
65.9370047799725
222.90981760307363
45.18009370890052
58.10808855154478
3.8396323913120973
351.0233075305361
210.4889564053134
42.440096399939506
46.38361624376591
84.88917708971603
1801.9262816136595
40.36729820206122
117.5679026491248
386.1933832880544
21.81457359703916
150.98887964077363
67.18674137862874
30.414698562500547
84.36454254498467
42.73697194753798
172.70504780199974
94.11402974790106
46.34896871732712
212.73310042567738
518.6601775052603
136.12319550787907
148.33483976157504
2.004387473446979
912.6558169114403
63.083996611139646
50.80260534934465
405.462341618994
49.19686597334009
36.87202627257327
37.908271421927424
94.0183226795732
99.42086087530608
73.30510010700522
74.1299138171367
195.80803991745864
243.2502905362993
47.56752179218816
110.9664409301316
79.5460000489048
254.2903665972012
58.52631865095656
153.9100906854775
100.20854993003245
521.0463351128814
99.18371996898027
4.274713895849756
22.693074487328573
10.570802708157304
23.265333551813285
83.73019609187456
196.07697140312666
72.06203713966137
149.910289786356
397.1360130750307
52.70906185401946
27.84001666205954
135.26821814432085
165.4383791217928
41.14737056703709
110.67084290084013
-1
93.29072328430492
37.431743824092585
59.98736236317935
52.527966567354234
19.356353676812077
47.570338457008106
39.68658243414205
26.653587655511483
33.48256170507455
39.211093925243304
645.7801063521833
31.042074163931723
131.02019055104816
153.15522671107067
35.342477217500715
82.27727272698438
103.01807129996597
163.05408082450538
141.01760585283483
71.5481193758337
63.52695454115583
81.49026947102156
5.449374354715966
20.37581550559447
74.64537787911199
164.7124936295565
153.6675983036153
84.16478738595262
205.5472255171138
91.52494767173077
184.19736908664535
25.990526720523192
7.338747301842135
28.72188254474024
45.25721879911907
218.61450997666162
53.566751243075934
42.94350797259705
123.50477932596249
22.79112452922373
136.22341265845736
89.01402322321158
105.84740199140778
49.15475482540456
256.3952133961912
74.67589065876554
57.18085516668801
55.1077697396966
31.805570433613592
32.59898127661153
64.36985769579228
258.8708174141776
108.20408490043455
45.03782106783203
65.98342702799009
51.427961881205604
90.67716498687595
46.959217877068006
23.257246813522226
404.29549225115153
36.89135945181211
155.30366243498563
115.13504175102426
169.4137909162865
71.89291150059458
40.9062159258532
114.36717327419564
118.66265774404795
18.710421650405802
78.87464545277201
1541.9986255973963
42.08027019990119
76.67507300659211
314.73181212640947
80.3957961418335
200.0677052998895
207.62858974859796
91.14133525525311
151.03013418592707
79.85360542295703
130.66392820020215
82.45885474520749
178.5054323937968
49.678405726038974
244.87327188659992
162.2429120708904
199.65776742422452
192.53219412766845
32.20835359503383
22.22792069241195
766.9776786537753
41.229015503021145
22.156274135243127
60.35225367979354
448.63989449480044
1374.231381911938
68.13817373893944
13.453559543231279
31.209660133035587
109.45728692300591
39.91814875507747
199.48416262561724
195.8724249363352
147.2792530966272
41.22179825583018
56.686321343111295
43.65045062694176
49.952989275806495
104.56257948615045
7.837292605461267
49.887059056164276
52.80178946816131
90.0218298525548
56.678920911396425
283.0220544656267
20.580730799703748
86.6341358747554
29.802386332751702
227.29087965100527
25.075970257045533
721.793846413265
35.84502319589192
55.60245929250959
230.11770336390308
313.40962492147463
615.7185813947041
33.166800075973825
96.40671692800485
80.41570535619134
217.94722646023877
226.11354915395856
63.789015586053694
79.44608986380145
667.199972865607
48.84247118536978
32.82501021044158
26.662596486480744
90.04833863017029
41.472980013820504
19.855426109998145
110.30506171685988
63.8548014296381
227.4947235082243
30.535901567522764
161.82138420563862
233.30830175700106
211.64252451449835
178.30712199767004
122.03597455962559
89.87013723016719
85.48437586075899
73.67041592772925
89.80627783310952
425.82968464000106
239.9820605931627
141.34751935228874
279.1409938204209
32.65303008926945
182.95597457894797
35.957770157093854
99.38085487013802
39.1302228237608
69.16859619778552
28.32441983697111
90.73351003512249
75.17545886321103
77.38296982087216
339.27337234411294
27.087078830370643
26.193685200568684
20.1611999060475
32.843216089564116
87.75107922070407
89.93840734905558
135.13914053193812
35.18396710589434
61.11364214888603
88.94769981997989
108.21018372706571
24.515678888225683
245.08188377279168
45.27877820387655
46.715439335670844
16.914147173286477
284.6442956773103
180.8155129654281
140.65006247778106
154.13078597004903
212.20381924635365
111.90203188871365
53.52019377266036
23.6078164756363
129.69564650754654
70.14462452202496
69.18931168740485
52.10553758378861
