0.015301742434653421
0.02213493220010428
0.01683639308293439
0.02603105199728619
0.01400228800454445
0.04189628809895542
0.013633559086957547
0.11553167328175414
0.02064953864992885
0.018419808779754295
0.014025312062192045
0.02150457008894424
0.026258047615892673
0.017890380656958103
0.016646015969907512
0.022676650753948945
0.026955271073392628
0.01695325210456469
0.020084210508684447
-1
0.01765080654561361
0.026554987701257478
-1
0.021011138385989336
0.016137036513043813
0.029101270784589135
0.02025695162191371
0.04747573480690782
0.027689520065301215
0.015433201082095128
0.013925481134974061
0.02122176014708244
0.034491788356953094
0.024354825544793145
0.026612645076637943
0.03016217216784734
0.016991960732077517
0.02021172912538554
0.012028283396797214
0.01908835508106498
0.019253034595573766
0.028542839721052517
0.028954272767080805
-1
0.022585346532944472
0.039485426927938744
0.01413798836983517
0.028219820910143655
0.021509195039974546
0.010925303354527212
0.03590093763574913
0.026299566616833067
0.022514635827374885
0.032102849579740335
0.021446740630308703
0.029693227229287623
0.02228754884760806
0.017274952746647164
0.027238074503349658
0.02422734165258679
0.022866582969287105
0.023457459622414994
0.04532248358016458
-1
0.02917843161286768
0.04036679221097831
0.02105025551428035
0.016652849016913565
0.021870798622702862
0.027020718886107672
0.03271102731019342
0.023841968540576006
0.04758669868115932
0.01174967762786832
-1
0.013414660201782898
0.02334955621710819
0.024887149493274457
0.028345869476075675
0.023728051231908905
0.022396215791734335
0.019322053876912056
0.019696777267487
0.019524483200578566
0.029360627593644016
0.02043512114615201
0.02470750316647885
0.019108558659021047
0.018671541992194438
0.018182094988463293
0.020820978639982425
0.021668904909626294
0.028207733559134023
0.014494957273293299
0.022337927216585843
0.035869178595115424
0.016240366418902415
0.01892141867146245
0.014639539295342435
0.02170170753684866
0.024163481796625655
0.018302283376806276
0.016250063881814478
0.02039963573120739
0.01922485326441313
0.010266597003241302
0.018078031935608637
0.01611406166718521
0.012183565889009698
0.02651547591952417
0.0197739541231454
0.010544172288937894
0.014717204072624291
0.022469654699596445
0.025729647694748455
0.009924883644801775
0.03167910249019685
0.030110872247953016
0.02201217567481504
0.020466801315957232
0.008583569873148398
0.028358919175900943
0.01824682671716248
0.01637954397757867
0.012541774136914055
0.036579802190728955
0.03196004658588296
0.017480107859730046
0.06857714756957027
0.02837738507160433
0.02848595655560474
0.09045718580138842
0.05977739590360162
0.02310562875431271
0.028503116037199867
0.015014438885369272
0.01756693955687213
0.010529374621929093
0.030157621736770487
0.025031951472370927
0.037924406336419365
0.024644276278074913
0.016840128442860567
0.019212172176534165
0.014223980766551798
0.014059582425307169
0.025413857476203693
0.011064025357890259
0.02581145089928585
0.02640619615146134
0.024263421671944858
0.02634070566519482
0.018364949859961666
0.010750978362830213
0.013178963050785803
0.02780923040130102
0.01727584394674053
0.024528959263943873
0.011961860341565779
0.019856919102526856
0.022129112550916843
0.014110280870650646
0.01698971200523144
0.028971865695237083
0.015075853808735782
0.01965148083450444
0.023349429267863753
0.011191896529846814
0.026783983455261697
0.0171494053672717
0.016385441357407774
0.04407998179084341
0.013032850001724843
0.015134896103668206
0.025026351884386577
0.012175152792944377
0.03579605516125977
0.11516073699796046
0.02103667829805995
0.02831961977741487
0.01665191540838863
0.02761111659281906
0.020946595799564826
0.023566738230925355
0.008792629287086524
0.018604773514403334
0.03613784014339403
0.013109070003062924
0.027229133265952464
0.022746645207572105
0.01980073665706864
0.015803450591614233
0.032558748537637086
0.022281491430973476
0.046018063578798736
0.010762830200616167
0.01031577771665442
0.02542029753327246
0.0145092532123746
0.02759011881629783
0.009519187066936106
0.025172547508483908
0.0159379035309724
0.023921563730438862
0.013838306085034
0.017728725227417814
0.021314739943773812
0.04020449734928752
0.023910400875811866
0.01495905187905213
0.028414778667539217
0.010762922404369159
0.02645113197607672
0.012758455897554854
0.029714212067644134
0.015682377766568806
-1
0.018599170967775677
0.027362886645532374
0.03622220917286457
0.022591836909651473
0.01700848265820979
0.012787360987592422
0.01723491425675189
0.012575844628504071
0.01650853883193727
0.034870748373122394
0.016785435059413444
0.022392337570100746
0.025236953542556558
0.014930112986177014
0.021554302720353018
0.02036396782411582
0.026751710057850573
0.009635748375316451
0.02026404720555937
0.016059163056550824
0.02857675903941914
0.01918775699503472
0.01675264089828416
0.040051601466097764
0.017219025405243196
0.017449183740517148
0.01844963849851912
0.02366157664245073
0.026487966069756633
0.02216758324566004
0.04172338548957056
0.027209662186117638
0.028944633140289524
0.02637199724509672
0.011530746668624867
0.01366825271046053
0.014664484746347135
0.012134920133041712
0.01809663984492527
0.023089551687269682
0.00973779618594118
0.03876987366120593
0.022551597099599637
0.027949907177803428
0.013116973729663962
0.0317196147750853
0.01761807947358782
0.013975758772248142
0.01273512565810349
0.02427659671759225
0.014975595668362866
0.017343340846456237
0.010401846137406773
0.021121490284186483
0.04626324199659514
0.024317503902617662
0.031326969890878534
0.033814067615431515
0.016009182675051876
0.019703129897437457
0.015000919152969156
0.027423303218668427
0.038414266972883575
0.01307396486397173
0.05777873217149783
0.035990335605801595
0.009399678599290702
0.022743295558474316
0.046670081262123415
0.037630653766842895
0.020053140650917775
0.01770072251792371
0.013131908661966677
0.02068130377866778
0.01913768485988619
0.026325484884208415
0.024960348685083053
0.02270748951183394
0.019084939545704713
0.018676548077418642
0.027747401369111493
0.025028874408162233
0.039394634228430106
0.01580069696103192
0.0137154921362272
0.030032128653295062
0.08623792287585577
0.012324014639778707
0.015420394884106547
0.009176732144657652
0.03027943191982407
0.00872973036344562
0.021431259547873324
0.024916841709365607
0.01799953697857388
0.02329420040013079
0.011130817249985402
0.009363039917464903
0.02492813549956777
0.015187880543792552
0.026781988834001916
0.03853085703350664
0.018612255249325284
0.01940308472098118
0.01939139289969061
0.01662497374159446
0.011870183306475754
0.010144260529199485
0.02906608258225661
0.016772766088390203
0.0250776294978101
0.01868099944203749
0.02080817604321377
0.031796802584490184
0.027101065114042262
0.025707113890019853
0.025610260721760626
0.012671473298864878
0.025874164233352266
0.03979545325534885
0.03173436268298652
0.03287396419133478
0.010848053200522168
0.03721493211917021
0.014814180472447307
0.0227767733487377
0.025116691222702155
0.01832711018305071
0.01581097225806073
0.016377356211480294
0.009745865993287948
0.2463455780080181
0.027222244911314652
0.020097374064653756
0.02142339315612002
0.014489639092959304
0.015529898857013889
0.008499836631300491
0.017211717493399784
0.025926592772947434
0.019557415611558764
0.007472205376603523
0.011534939097352584
0.03111212773988929
0.014645897823226823
0.019619432451891496
0.02287699401707076
0.012180165232606281
0.024418448313712378
0.02190603971228941
0.007652082656636592
0.020865739423963945
0.034338343464741836
0.03372370518821499
0.009655789700554944
0.028462160799193528
0.012193794351449048
0.022874396392566006
0.017495962547252882
0.02139071147231529
0.013053568129460048
0.01592586712323913
0.025783173982804004
0.026513503405121434
0.020641160287152214
0.021920711783898834
0.012156127907199783
0.022824507225998592
0.011722826803750013
0.020177735893060066
0.021441873411072416
0.013281252415152012
0.02636082528569082
0.021660017717103398
0.027300927879083947
0.022785651532547392
0.03168439035736181
0.01429290380911139
0.01270732272157328
0.006817637213872247
0.024697378757175342
0.019170975904487447
0.02251572779173714
0.028397477973925497
0.01477805601385325
0.01349679970495775
0.014865366698195033
0.01855994409359723
0.024345534385627227
0.01695445997722517
0.043899452011258604
0.04577221541300238
0.011654142094464658
0.010020266387163267
0.016541761084044922
0.027047954328729102
0.017737674919754347
0.019721484593459713
0.02545253694627497
0.023354925433610032
0.016393205542845686
0.021406224413881556
0.011940135937521544
0.016800614227488967
0.03559888333234023
0.014901698933575068
0.014450695477942949
0.03792615727539087
0.024659654981098424
0.02170613738712091
0.020352304156414584
0.03727588752856987
0.022453493624081024
0.020509960484471283
0.021254814503325534
0.02575299507305776
0.030348568709460663
0.018566034810993164
0.015429662298972002
0.012910032172268238
0.02255061336183865
0.008264269170760223
0.013096060541227098
0.0230058996535696
0.014023388597223296
0.022449999478921064
0.015532150263549276
0.005785427821959725
0.014681507829218005
0.010634257076337451
0.03234523199010902
0.01428145200089512
0.019656127820465764
0.013018774062810533
0.02726101414286388
0.014526914132093045
0.024478604795093662
0.01881454719654122
0.010478046458475769
0.019841271195076223
0.013696884880015806
0.01277936880248756
0.025409294462196804
0.016590853925397896
0.02223031059724677
0.02631491681051562
0.012177232503122129
0.03830946745528351
0.02583616323156854
0.023956104551959203
0.013892066063526505
0.013234971048920185
0.018134593555830546
0.017367491297290778
0.01647616049049482
0.019582530755173848
0.024127718271959156
0.018563854763192375
0.027311030305276672
0.01602430339490006
0.022095167075378012
0.02564627161875659
-1
0.03604304671305745
0.043372037810301106
0.02829767429458594
0.02185395395447745
-1
0.015750617334687685
0.01162863289973702
0.027366247167522312
0.013509006303120484
0.02286744574634624
0.021461753341403312
0.01382785615436758
0.03550913434238721
0.021601330746535245
0.04163112146098056
0.02364492068487453
0.01625019515738727
0.022515920355062263
0.020388811882401502
0.008444464428125787
0.019596300042816872
0.03483145841593768
0.011026613734407251
0.02312267215588748
0.014579082499771915
0.0304349539395097
0.03001475473311722
0.012774274797603517
0.013224352409970497
0.013915359897965062
0.024807866860714206
0.014941346581946409
0.012298685060792389
0.02068189520809559
0.01968161744235727
0.0206090330328783
0.011450323207845132
0.026918235354529335
0.01810588209573458
0.023436904957515107
0.03880104157920212
0.021177214262584843
0.013843881552325778
0.019909528637259345
0.018567834049382736
0.0470065486897045
0.007765934207485276
0.02443150199757042
0.024489402873774636
0.014069654854719043
0.02545933095483667
0.03798249004502742
0.011905845423390588
0.018222599177692957
0.019748961902517227
0.020436908408984517
0.021305491256458312
0.01615227868587748
0.012822390770725616
0.02915695372737264
0.01749885410637976
0.06830585663501272
0.017872232859525956
0.01937908413032729
0.01462282412674965
0.01911732472432127
0.019437425122794727
0.009224447815116972
0.046305295884462735
0.01985553572689036
0.017147497102371276
0.027482946590346127
0.01600529900355682
0.011198608807077525
0.02499424500802396
0.016117815025387096
0.025801067299694252
0.02223034842919392
0.03455058728798722
0.011864630995521762
0.022134537548746336
0.02628547623481106
0.027436923501167842
0.01862453350544429
0.012716999173423588
0.03216503142515082
0.020101861778192166
0.026211979021409187
0.017600845691358807
0.01990351422433581
0.012131123675271622
0.021091944475985072
0.026485382441586977
0.0124528396735613
0.02649719756682484
0.021472505991986898
0.013457654958124819
0.024097459301266812
0.03509263833766198
0.044196800935818445
0.017920931773431452
0.011586108776022553
0.015155931808056373
0.02115087840363234
0.013581729570582117
0.029782630320457307
0.023234830341978218
0.01483632040415238
0.017681280543880226
0.01906115003414122
0.019155006484574428
0.020042153060118015
0.013592758746399265
0.019176594173284923
0.020527554661991233
0.034292958955148035
0.013592864273049324
0.0405106170632977
-1
0.007154326431450908
0.02109054601657158
0.02132427060363815
0.03504375012047416
0.009112072957881514
0.015314066700612685
0.027623542509180664
0.01823455685765241
0.022754092648978392
0.01305762396747189
0.025531562906345926
0.015181552160367972
0.017481523809843195
0.03514726527393416
0.016430365111112486
0.0448752519528844
0.03343176687358023
0.01510142732797181
0.02503372154844307
0.05381154584664492
0.04168200531812491
0.026372326627981668
0.01821798544755014
0.01674144917602474
0.02241074699224155
0.02216670560607386
0.014749557036179431
0.01127264472350461
0.012790756778190816
0.018389041292052388
0.02043389937630733
0.020922801439810675
0.027540280660208596
0.013105352645894287
0.01648563753499483
0.016285711619776863
0.035446200117880425
0.022668449968312143
0.010208724246730375
0.014608026746385306
0.027744006616804717
0.019122683151437975
0.011730397072546476
0.02958514823120214
0.019751319766731227
0.030896504964477458
0.024396438614265478
0.01975785416354162
0.026447022869227527
0.03454730794989668
0.033541664452773116
0.012640261826867328
0.013394883747156108
0.02758141221840083
0.027179733652264164
0.01549646241452466
0.0288015826462482
0.013469230712572566
0.03637519046746442
0.025704210295587743
0.02576652185466752
0.026095787709174593
0.018289102573625312
0.03255628919392287
0.014770012065446073
0.022070769835860253
0.014849008379624051
0.012735367314034364
0.01413612457496284
0.012805759164157795
0.01704129618983214
0.017226763918685658
0.022416192412111673
0.015717710701640637
0.011305964530570908
0.01560202450076349
0.01437513831029378
0.024071778320411005
0.008166181658957149
0.04420307728183835
0.031199169538136378
0.015858721674666697
0.04176842775048074
0.025264866814972642
0.011161820703237582
0.033751383290814875
0.036811734440316164
0.014240163067342389
0.029721220628216638
0.021650102563184493
0.025297392311815766
0.020325831158136666
0.01287714102900728
0.017632261390220918
0.01903528041262146
0.018327041845803683
0.01803962932138504
0.010818294277664196
0.016834506505775507
0.00453790203528904
0.016071706086088388
0.020821226007401057
0.022153940515954224
0.028045709222344496
0.014635361507201142
0.021546024349382124
0.03575542380743456
0.021067578115459187
0.01971032697431871
0.0197338869174658
0.034704427414054724
0.03726519073465125
0.008910834529722208
0.045071675370836936
0.024957808499254584
0.020877400886787603
0.04776049631633933
0.06093058019173807
0.03436089563106235
0.02618251025511281
0.019624947110769942
0.012959697281856279
-1
0.007854199950428091
0.022821686732183818
0.015290558885104394
0.009679790101293674
0.0535121643567586
0.025898749873230105
0.016842001680825495
0.058254487140283306
0.010645707359210955
0.02150772891140088
0.016395990196409662
0.024344580677789857
0.01730756372027348
0.02786004797611215
0.015620678029095478
0.027027195998605202
0.021009844934466122
0.035164237258853724
0.02567979498635636
0.008536650345325657
0.017306739750868053
0.03858715954171275
0.020135922195749403
-1
0.017812371798227193
0.018875300013687556
0.013836882995429768
0.03339630763383393
0.017749679569532054
0.00725301877258708
0.015379509603063722
0.022182292277352644
0.017868856694336185
0.034702820425445036
0.018301698713622947
0.011903045190047099
0.03447156694646006
0.017543333611571208
0.025472185439763727
0.031005181688520473
0.022897017194131845
0.009589246655518571
0.014651777004174516
0.022501462930160147
0.015713437045538958
0.014356476898251404
0.014416718575594765
0.014006606520473842
0.010224460383183741
0.016717930690390025
0.02219506579427735
0.009818824609516814
0.0075352469540821455
0.02318829319215264
0.044520371156694244
0.012489030758938644
0.01485411445366864
0.018160926981574357
0.013411318687669458
0.027302267535422173
0.025232226936099566
0.011970461219358752
0.027452113776511796
0.02052361951178972
0.018970422891455178
0.018375411755973323
0.02476867367399718
0.09001340851710463
0.018213238747083506
0.02713708825112281
0.010771050656649668
0.033970151834482216
0.022584701538008668
0.017695489772012445
0.016043113451995036
0.008931859351786373
0.02189723911253781
0.024203234690728274
0.021551364777675767
0.04378647745803062
0.011211419234495196
0.029078203971603895
0.0161405547138422
0.018671800890322283
0.012629659351866874
0.08359209850610319
0.02153763297236053
0.01800351685418434
0.11581837430777961
0.011486391501532028
0.015874739692008616
0.016532963772116157
0.019530086566248
0.019566590001411213
0.04209517507031875
0.057222947821024654
0.019010727356309987
0.015814046093434505
0.02215408675914006
0.027807780904843295
0.03254947829999186
0.023333289125770488
0.019126313977513472
0.013538390666364456
0.027512356512409207
0.014366264758999776
0.029891530418634255
0.028970961286446835
0.02813847885668843
0.013204494123181578
0.015598344104520196
0.02417739175690726
0.0058124341156852305
0.0203739763850524
0.029006876772988185
0.025175380000287347
0.032862416770479894
0.02727948604263113
0.015376030439138122
0.008728633818856241
0.017999006148347395
0.02085616671619268
0.016712310958430683
0.04138663931903452
0.01381688371358498
0.01218705830040269
0.024204506035456118
0.015265646976070508
0.023329861010827742
0.025155425993704975
0.17305142685675798
-1
0.03742819735845611
0.06437136270294627
0.01956171097621219
0.02043260038526636
0.03851400151966259
0.018366008518113208
0.012633532260421644
0.017414363793546092
0.017992030403625424
0.01454967981496128
0.034103467653852484
0.011263572697531159
0.020911492188449742
-1
0.013057250620864751
0.05862061734397431
0.01642632567034723
0.01599260574366283
0.013196738854768034
0.024515052184778754
0.02504280499102676
0.065649043208292
0.018597887156997537
0.01766952826070432
0.028833950218720244
0.023865938592038973
0.02858237753193886
0.013388985433621358
0.022289442665203475
0.022626955217752258
0.014867184066288857
0.01651013805232108
0.04230855143564096
0.0391845761713257
0.02079713824569971
0.00808860309482441
0.013366119961242944
0.02082882091080664
0.024938409358484508
0.014877055180827176
0.0292542516289616
0.018721675444053763
0.030903545663736307
0.016477119423030977
0.031222383549928432
0.013469776302839291
0.011882279398968196
0.020581927586767395
0.013269665517980573
0.02126586385869716
0.01768098206361078
0.01502146811336608
0.013248550004022057
0.01220900080281983
0.018860774419403665
0.026159419416397912
0.020559382328283513
0.02357439744453243
0.02321563559004095
0.02062603257407605
0.015881940140540698
0.01285801035492869
0.015459701102384546
0.016183503031613
0.03420676681793731
0.02544656928519585
0.018102073916215617
0.008495848086462915
0.01899462579759962
0.018738618918928227
0.009972740795808701
0.018294203389285682
0.024763530060572636
0.018973300736566525
0.03139579725253494
0.026428795213521067
0.0373561118749095
0.014052946888646996
0.019478481551688673
0.027453428118582732
0.013479188817382496
0.04256426920046378
0.023012174438909145
0.028842530234091616
0.0106717022612509
-1
0.0301168918126461
0.03466848897023504
0.02339164415466231
0.017930078057375086
0.02322960096446983
0.0264275341674967
0.011200699273855311
0.01345913480025062
0.01580589352332487
0.04394092490962369
0.015544912421936608
0.03005999205288809
0.019982753494157495
0.022599677416511726
0.02642894665161118
0.02985256221120682
0.019863841998662965
0.04919626637012679
0.018953076356862372
0.01727259458319195
0.019623830439407013
0.016899871933825743
0.017119460099731993
0.02637771109457656
0.03170269089380386
0.023131693490015294
0.019210433514683076
0.012545507220222704
0.010547462884990333
0.03777092770092253
0.03612011866219091
0.01974130513575864
0.01752125871231022
0.014104400405666547
0.01742765606451077
0.02992155679101381
0.024380186709529697
0.01939659215385226
0.029056236023013188
0.017762498935773526
0.06317572812598417
0.026822291822191174
0.012147529025016932
0.02925344427488432
0.037511035787094166
0.03635854654957446
0.01686036272520132
0.009562896231475057
0.013622524577983602
0.014919206735290808
0.02390433816601257
0.025696400958895204
0.012206304124388008
0.023795453170329432
0.022243082897461353
0.012876880323846943
0.010328460998296212
0.029911817337092323
0.03841298797044522
0.03255115086286262
