1605.0811739374788
1875.9075683439698
1796.2179682327808
1740.4083733204332
1352.3695512403165
1482.743404968505
1606.5027410925486
1683.810723562979
1632.8763307065085
1920.3043223046188
1076.5787189643454
1391.1576506889626
1646.4990278381863
2167.6115174091283
1797.6911985659806
658.9781696503283
1321.2303642556174
794.6510511158035
1780.474239704398
1346.4129417128609
1203.17653740616
960.5697761510111
1363.874660808568
1580.615238740836
1173.532762271527
1673.0563529540077
1436.4764607609945
1622.5118329814857
1257.9066486388117
1062.7976974669102
1925.6840078735004
1332.9047767895495
1864.834565709306
1888.3913319022706
1597.6200671339739
1299.2991208452759
1483.7866315412932
1726.9842674193712
2126.7045974253247
1578.8454824493954
2084.7844126766468
1306.448730274998
1431.8831858464266
1602.6264960501474
2163.751654381058
2313.4093857213898
1480.1704799493987
1704.310961135673
2043.1569608033326
2050.509176495695
1522.6040905023478
2140.5025268599825
1477.002275503871
1748.6408243852131
1221.2093395378743
1400.7928156399096
1584.0458987293323
2045.8494382035162
856.1973805427597
1504.0842706280962
1429.5050233517743
1453.602894220566
1360.5102268714602
1465.8455425213338
1162.8027147898763
2388.3756523433053
1958.117650134225
1393.7539032372595
2017.424902025571
1598.3202587301762
1059.0702897277165
1324.5028434208496
1322.7628473841207
923.1518570236508
1015.623279635736
1607.9314328505607
1625.3182811380643
1476.1937454964504
1635.5301001035778
1544.2038418457837
1831.418976051059
1385.840245571166
2061.7851725442506
1419.4327220727587
1274.2971322532094
1229.329340803938
747.9861495787915
1327.5868819446005
1663.5413867700079
1568.9250014058096
1948.5840498744515
1966.5072866420878
1707.8014126888456
1138.6356794327155
1441.809037593713
1515.901517851949
1377.4492477845847
2240.778705758673
515.9755555906755
1034.4169367213017
2106.475677783333
1703.9283729639578
1025.7905953710979
1652.6206414147316
1413.935793691466
850.8020178570538
2282.681815464343
1634.900051493715
895.3056599600059
1415.7127629486793
1931.5209588355094
1226.794722336221
1039.6121721086138
1299.8750289476377
1998.503976052608
1782.5898742890138
1303.440959987966
1742.5542686608674
1574.4332248300366
1752.0940674181063
1371.540418907963
856.8626271811905
1868.7695121882869
1509.6044451952343
1555.1277937360408
2037.2778625926392
1614.3237394601776
959.7513477905063
1597.0740471133524
1033.1162177216772
748.0781246401082
1089.1856080611476
1660.0818953286878
2416.507994437283
1690.257762877431
1609.7928132255668
1375.0753648411805
1291.9028947351292
1661.3624914519858
1299.306524911345
803.9258292839515
1602.2029273299938
1492.6354972022116
1804.3872872428624
1258.9805502644413
1199.3268682607447
1341.8222099278933
2409.913965092363
1941.9005614482503
1566.578137029342
2131.355876746865
1518.3555673608826
1347.6297501081883
1422.762496452927
1139.916743598178
959.8984898379448
1297.618492938686
1726.6480822450537
2019.8378799869515
728.1763887868202
1585.0073646365574
1361.4146327852072
1384.326783641584
1462.4652664586122
1566.1722191888
1380.3820675384914
727.7407712883219
1343.536336759666
1202.2524971136797
422.46047361394034
1147.3460178153323
1631.6309343729054
908.1724223913149
1565.8383992034032
1448.9462850466787
1050.28014996627
1651.1990267715357
1523.1976119542303
1312.3150605013802
640.158841260364
1711.78798540606
1635.0142912599936
1825.83145918337
1727.747395415627
1393.6895537435507
990.539398333013
2086.760449887435
1773.563622231294
1662.5776387376877
1793.9658237137164
1672.5330392630535
1143.2071813019618
903.9446430148163
1116.7079942116466
914.5648134570472
1349.640733087226
1662.4717026429282
1461.9906872589775
2116.761366997574
1874.7751477064119
1701.7876611539575
1321.7321973890264
1582.4790308522056
421.6641498341387
1558.7792291334385
1415.8725441410675
1150.422460697693
1465.7591095751472
1791.0902066725862
1083.8175416185927
1574.0487266181333
1433.7412699791987
1282.461883940214
1932.045499823575
1526.6959732246253
1937.7363815948222
1424.6482103459768
1197.6455254749183
1370.084467783773
1531.3221220559135
1793.1099529564108
1255.9045876213456
1757.129777671968
2126.6058992731005
727.9264254724027
1756.542825825945
1503.797477061475
1607.697159126582
1456.9198981541444
1303.569167072374
1354.2457391669386
2165.4990843884675
1300.5224099322902
1419.1373085643381
1647.6857689215942
1365.192877003952
1631.9820762973027
1728.0817334564467
1911.4103257385432
1178.4284717459755
1641.5127416506955
926.0333911451481
1625.4114972728157
1833.9548114453655
1862.035684634205
1672.328752795181
1545.6235789802727
1804.6446748160956
751.0454261739155
1305.1990296781842
2010.7948406059595
1172.489147534931
1636.8012959775817
1373.4519545922337
1185.7412356195764
2018.8873013844404
1488.3392111031567
1664.1574499869298
1341.2115217528176
1062.0793492766345
1216.293853011575
1346.5144500722413
1503.3246348413065
1916.206201190239
1894.4328894857179
1189.505613043774
983.5863477965097
1576.3185560374102
1208.2002125862014
915.241798352241
1216.2282045655675
1543.4869282181305
817.6421863508763
1647.7849784800696
1724.445496758661
2151.9180278298327
1440.255894432268
719.1979372081626
810.7156005192082
1332.8423389093439
1321.0270004846584
1313.1419075311385
1361.658549523193
1886.0483959939286
1280.308476205014
781.9966396656089
1307.4731856802719
1828.017513845805
1566.0859414654271
1291.7657727622977
1325.407427898363
1284.340469057088
1548.446846858884
1547.2824984698157
1509.1367155290363
1145.8167711663518
2288.058959168143
1380.859340571913
1235.3781217563771
1343.8303747898442
1999.3129410879117
1844.0638378480855
822.2965797733517
1632.1441536888924
1250.2561420352276
1120.2229193284054
932.8216054955686
1087.2399166710848
1738.8348448252889
1806.3005043195647
1412.0511131060687
1338.0003326895373
1229.4715629728323
1782.7274853178394
1507.8028539108784
1744.3123691489373
2412.4852130646086
1203.4373305786032
1296.2988839928096
1756.5633988144289
1945.3713702738667
1825.9555763883275
2112.651702410899
1046.6180317381747
1837.7621055100715
1496.5552282814413
2070.4458403718
1407.6645008757775
1143.7458174630185
1699.6188884453038
1544.4195505778075
2003.3742617609983
2024.2994194289477
1635.149228069239
2059.338582103142
1903.9182052621961
969.7000565494146
1566.2809498824447
1456.6624287128516
1669.61171287716
1596.9896766600002
1786.7417032714923
1260.3785508082763
1172.5462176670487
1122.1697630515698
1079.4434958609042
1605.0431699206024
2244.455727269317
1458.4739091539382
904.424701215879
1772.1055815662899
1762.4031763281064
1592.2776213908337
1976.277867464528
2058.3442671989105
2236.425313631992
1732.3704850722265
1481.8226449425224
1976.1197812079656
1433.059815384801
1877.0966425173992
1197.157240891902
1618.9646873048614
1877.4538908565755
1619.0238916646915
1548.3611750448545
1170.1560956171552
1429.9938697804373
1952.33284293133
932.6734472169378
1434.0588185224728
1521.4532585973247
1585.9782834317664
1677.8272726569958
1467.843533555841
1808.198569526093
1824.9521050625283
1065.9576644644615
952.1137235628406
1090.4749898429186
1567.9566446002123
1633.3851403055598
2393.6058181272983
1461.364659598565
1198.9050969607183
1429.0340052833712
1478.070133702744
1285.621238541162
1043.5173320278177
1229.551635934285
1764.9642730997896
1757.6469547790955
1119.789486257875
1114.8761140908025
1908.2225772620825
1769.5045394586834
1522.2721990993816
1232.1349244771727
1750.9247408889498
1503.682205611292
1659.0706855019694
1369.0543197483985
1058.8826613761998
1660.3557314394825
1378.2461107965726
1491.0602359622746
1981.034312266897
1065.676889487805
1631.638897411906
1297.872681767924
1594.9792568660514
1672.3758567277519
2107.6635010701216
1510.5498811986815
1588.9767217123722
879.543421669116
1269.8233463237025
1100.9212148782997
1238.679698126616
1048.9311470432356
1737.6709168914733
2117.8710875939037
671.9947899297106
1615.4059428622604
1538.7181288696731
1262.218222348759
1544.9643150658592
2097.7547623836085
897.929338046506
1746.0243441552518
1596.2205029898728
1365.7882071684246
1147.7603337878672
1492.7039361741734
1052.714842652933
1673.7361114784433
1866.0495257077657
1432.759917002551
1995.0653983434818
1400.9816570874652
1248.6689055830109
1311.2581347826274
2116.1575327981745
1597.503479102488
1884.1934520530938
1599.835174578034
2585.3471536175152
1925.2919916466253
1962.7285307101788
1599.3664508016768
1732.452826343011
1461.914483533765
883.8691848993159
1619.4347985190536
1383.2471439442231
1433.716875651831
1702.2304443629919
1727.9860128803768
860.5534666345993
1921.8589009916484
1871.6953487152634
1284.148955935405
1582.4401797795229
1655.3959779009356
1763.7473072518821
1412.0153608235848
1439.5728719478743
1874.7695942575563
1484.8221339778008
1965.5079697706417
1920.1023428525004
945.4336901543315
969.0083451082431
1317.81586665524
1509.2927388181254
1659.7887108087311
1798.474086506915
1532.8000124014302
1318.604823322361
1880.4127819981645
1328.2403327194988
1438.2303023387587
1870.7502040810791
1303.3267843679341
1372.9086019276472
1260.163483213257
1071.5508303890879
1172.4954100118903
1406.162786889991
1342.4592102696968
1306.810984344361
1816.0861169418301
1437.3570620489318
1007.1556758632947
1145.2808260752797
968.3702666461634
1304.2073039145885
1261.2334844743925
1891.051616512196
1078.9472837975072
1618.1568703193086
1850.6450544690902
1382.546845800086
1842.7600615062465
1119.7772211844017
2156.744074890232
1779.4653831855142
1314.3577335510738
1242.931767752953
964.7982500047185
1350.2496431848847
1186.2070757730046
1160.9716408812776
1978.9108549963426
934.5335091821495
2009.2216643098143
1448.6725087181417
1138.9523226362035
1915.843759221672
940.3896883742264
1072.5060349977273
1196.165809859678
1374.0649195583826
1426.731719346183
1095.235320895205
1351.0548878114898
1837.6681206148282
1873.0942936224021
2466.509547449345
1181.585942657492
1514.6814581596973
1304.9062498478445
1227.5983110741122
1149.9272437364318
1202.5018860786304
1481.1828825188538
1446.0296395804073
944.5405824719343
1569.5154203019586
1254.9702161906437
1959.9089664124606
1619.1611515487973
1715.806559733587
1808.2056295207249
1817.7946811878005
1181.4480556543906
1705.1563554743977
1922.6302006146627
1595.3911231712125
1903.0450778273118
1976.216181239227
1266.5615504733337
1816.8512177714786
1429.3556467936232
2067.124873080998
1094.6150105504346
1486.8697863363677
1384.6440369630586
1311.063328759983
1347.056072450079
1760.9046952288704
871.1722112498633
2345.6579612611104
1286.2118030516715
1420.0373520508142
1662.7259751812771
2043.338427761997
1503.360016149471
1149.2662460007218
1163.177043413304
1330.4780761740508
2201.996409011596
1789.9983756393924
1549.2735083861307
1352.3236935974771
956.5242050134045
1425.8173700910597
1661.162401113788
1285.1775735736092
1442.5738540593275
1913.0579757145422
2043.3027862063202
1096.1237114557678
1390.8930012188387
1444.546972309136
1698.825535581183
2286.56412092792
1717.5867258965495
2271.5672916327203
1367.7514135960323
1414.8766049222872
1537.3627296900963
980.214526625435
912.9903696317771
1263.6691581729779
2193.5626628898412
1951.6701017642038
1514.8773342515726
2379.425219238012
1904.7420463426995
1518.0696366947477
1663.4381189319195
1350.5628446378305
1883.240374346756
2031.2509991921982
1471.2814616100375
2074.244877606803
1338.0210274309402
2118.4547334803815
1301.9110119615736
1116.9560262239847
1272.7127790566847
1563.9288969114616
832.6398935273631
1520.1500870255297
1458.0525727512772
1417.1445408873776
1214.1817261347924
1350.3733405393564
2013.3935186640053
1221.3793169751805
1524.2067222428086
1374.916246093882
1672.849259684177
1957.776328007365
1826.5954443889689
2147.283446167149
1462.656172399547
1524.430975838171
1661.917630249542
1748.6679120506424
1823.0532431024044
1601.4566102893996
721.2055502616622
980.7511425421593
853.8764712599934
1529.2251993085818
1271.8921319255649
1370.9852881173572
920.0283684283655
1873.891878766587
1572.5147874229924
1502.5801909077377
1453.580162650929
1314.0424355433593
1837.4625205332895
888.9631785268385
1134.2621984248767
1531.0415240188684
1556.6957871642646
1548.3697033243266
756.2946987089276
2111.3527624329217
966.8185174846392
1659.075051536551
1702.8375246922494
1631.606497512183
1587.1485737057303
2015.9491982146956
1148.9360588016107
2071.791910187351
1124.9262226449991
1766.8610091283058
1880.7517316964472
1349.6457509822435
1256.9561366205278
1817.4575321915465
1409.7673829945293
2287.427258799125
1386.5545273997839
1684.632394656906
923.0795096495117
1228.1509149881724
1677.9009512799175
1470.820426458096
1431.8676193213241
1459.9924289878472
848.0954059853215
791.1846417931748
1639.4386137650274
2344.3438299833756
1878.137350852708
1393.1056207533154
1230.4180640436803
1690.6071835684186
1852.3454777117568
1191.1495411418323
1314.7827237332679
1412.0954895702966
1932.0148821506564
759.6988595517109
1832.8826420532369
1566.920327651735
1914.9050714450086
2243.959354799614
1397.718727873042
1372.708655125678
1467.3633067561343
1570.2169702192223
1575.5994333925248
1854.4057744736854
1040.2683299706828
818.1025324918671
1951.3165005261117
1539.7612928694675
1106.4946140440438
1488.9236681909547
1264.3325058930154
1306.6203919677278
1160.9300188301222
2075.69792624857
651.9486881682736
1387.1043810213716
2141.3616114379547
1161.3171967130793
1909.7888973537845
1537.202971529063
1179.0492523389946
1898.6517294503308
1370.4123580331952
1900.2344060653138
1468.6718049472029
906.2975373300932
1034.8785964785984
1871.769466044102
1410.1986169813467
1677.0996162544275
1785.9368303406707
1550.7320257784477
1641.5883724618375
1743.611827303186
1476.1537588454246
1207.8147655862715
1457.3715153507308
1799.056136857937
1448.8351396799446
1566.946332317051
1054.0982797987613
1557.4000635753737
1119.8829360395412
1227.301288961795
1545.9119566493573
1220.7457275361196
1810.1080474935804
1615.9774139407862
1562.2144514937415
1119.2213158306931
1268.4748090177302
1051.23482081761
1470.5876757336864
1237.4467606546402
1744.4589077932555
1098.9754411051035
447.38492794988093
1212.5653919700928
1009.8113665888125
1639.2338955499356
1043.1724313915186
1855.5503751733502
1893.9530900043146
2222.208258995599
2043.395998309995
1256.3912428520987
1664.8165275993697
1744.1112522300073
870.7078195555983
845.4943386971557
1244.7862573566124
1561.0448968334824
2069.5571905865604
1634.091513066739
1408.2305756135936
1643.054830239264
1136.773703191513
1816.9731525666969
884.3457465267704
1362.58432313109
1603.0194028412507
1710.6751788147099
1037.5383666740593
1289.1330715109639
1601.2587254337805
1887.522895379801
1205.351062154908
1955.4032787555025
1504.6292156256766
119.57486204481835
1619.9045331928896
1481.9874757364692
977.4279670702444
1107.1944833927303
907.067197087135
1257.029235815699
1287.9762590377352
1365.2319139974948
1458.8787381888487
1995.3900095830534
1372.0535446201034
1752.465986888256
1563.0978271576719
1232.4088355025674
941.6680600396851
939.5199477874082
1268.8724387197387
1337.4603804144108
1863.227011803423
1398.6941994231854
1585.9075075336618
1086.5648692632099
1860.6384070127765
1046.727626977938
1328.0325645722062
1768.115688568482
1239.9505779865588
2227.790049663193
1644.3109256021023
1288.963611497235
1404.7503490056522
1685.0254993037438
1892.675195680511
1815.4938320582105
961.5647417942213
1886.5773837266677
1393.0857469745772
1144.2979023114258
1961.6606493725599
1547.1137131653827
1246.3400128889473
1576.4905717986344
985.2584759742876
1482.4847667399674
1040.600398763119
1176.305840262736
974.3190105589317
1319.5318557863654
1559.9469834539611
1331.6224002292095
2119.3328199050934
1476.76437432311
872.9856185490905
1491.4842109117076
1193.3830670202183
1456.1863468247006
1710.2436325044227
2014.3618352060166
1463.9996732258535
871.029960333803
2678.9884542935815
1478.8255281218744
1187.5395537704817
1047.3407017546115
1148.242416053056
1827.54235049825
1745.996494560092
1806.279691750314
1532.2818424665193
1497.8822365214241
1903.6708649105587
1601.501699376654
1418.1647356733288
1147.3503857452658
1321.425995856967
2157.2654777461153
1881.9615459663783
792.8681506574864
1937.7743324521862
1558.8368036031682
1283.5002768184504
1329.3971026850131
1364.0137543090198
1560.089287763722
1345.7175371897545
1346.6735417361099
2288.098909748277
1071.7947179873522
1839.5187980149324
1453.8497455714844
1754.840170257353
2064.348573083043
1463.0230764830205
1222.8038915571583
1141.826126196007
1713.3448975503409
1575.4828529762751
929.5417524623389
1260.3191157546623
2102.491158898826
905.5297858148565
1862.2533345189022
1506.0112170330774
1374.049571522017
2084.3350855399667
1366.0375772042776
1421.5040613175302
872.5707116046884
1728.4631800216293
2171.3795365131646
1312.2330866126372
1352.333272368934
1779.0402289857932
1579.6029202754448
1258.2434075163342
1763.6693315102605
2054.5750496419837
1980.1081683516893
1652.7674142570993
1881.6084029572949
825.5509126133084
1098.1884804181152
1934.3662589772755
1714.1394240110915
1666.502348529071
1284.219875317844
1364.5444565996718
1669.9039330186802
1278.933609323741
1724.0065226425697
1629.6414021280439
1827.0322734014467
1123.2001690569257
1772.3558426893705
1347.5622827132124
1484.0998456532616
1802.4391934574057
1777.7117633795447
1072.8979608411532
1777.575338412327
1157.6322041522167
1596.2997796696568
989.7332474149906
1185.8780722419333
2020.555600265104
1405.1848391974008
1487.4424857284737
1217.86876864752
1791.4879860338763
1372.3150617445315
1442.968172868087
1252.5839044079485
1303.5988479840905
1543.906074740196
1497.5629874159495
1831.7425084724387
1716.4583887527479
1735.9465011096001
1542.7642506911516
1783.5955226068656
1354.805169826918
1411.6274279954066
1924.9095637597745
1072.1017685875233
1223.9149089336945
1052.446234001627
1307.221263462941
520.2270672078171
1871.7279006511517
2154.5237222369256
1485.431787244084
1546.5369872502558
811.3666487593201
1491.750528443611
1465.7584127051261
1255.9735163249347
622.393834844708
1195.5562738387307
1518.3098442174276
518.026698500453
1698.6600521953317
2152.6454755262403
1119.4657222532164
1154.125651529101
1228.6479196265373
597.2380596216153
1693.9226046821177
1816.4668561062733
1366.1150184333083
560.544350439407
1223.204692326519
1211.7845608973655
1341.1489822860863
1369.127411314642
1305.0589510417828
1597.8415535981876
1623.8023767479474
1318.9694971392937
1842.393824662741
1204.7079562276417
1386.5751521185687
1370.2742757233889
1760.4281653651724
2057.8879263281724
1541.9194298974505
691.4419344861524
1238.9994924742955
1245.7718245711574
778.0979905801281
1538.4682548439223
766.3579126252207
1310.4425247205213
1314.1794944020044
