30.916563066746452
38.5954200618736
34.275865430151526
29.31976506061575
28.23956440126003
27.771632960405196
30.70489279893031
34.26933567926212
38.46252810749475
36.0875599068079
50.09898967556853
32.751317821577324
50.49878433455622
49.441506260576695
39.60772198129497
26.70552255629428
30.431813170899886
33.4030353355779
31.23804320349098
23.128200516848082
55.17096254709664
32.86216442478125
53.321073967869694
41.05348816057561
53.92678450807612
35.41992329960364
37.719422020606025
28.128725761653985
33.73258640917405
30.80701944426744
55.52474808326556
29.749703631023248
32.65840532600829
29.762879155266518
53.26178461647845
54.408310420166195
59.35055425678627
37.734591342693726
47.602085320725834
52.50042621052138
50.487784421458514
28.004425641310885
35.78594882904967
32.833906636167576
43.42947459071854
35.165207422820664
25.428211270276933
29.59937695511691
42.174300478360145
35.557030306269915
45.25748916514207
46.72133546414086
31.36383954276048
45.22744389909028
32.561914762147616
27.97236571304811
38.07225025757115
30.583185986715833
35.29525211219048
30.75813615256063
28.08750414969111
32.47915419681782
47.53107117610519
37.150574013281634
33.38555937390846
43.251203010138155
29.96461847538824
42.62624309442574
38.618766527044976
33.40333392709908
37.41048234725232
44.1777943801653
27.03289822253508
43.14552400699502
32.54849022711183
38.6081409302703
53.99789156906001
23.964852339366466
44.17458897885592
25.426112971098426
63.8108978520716
55.461482254053166
37.356665520191974
51.78094660024422
28.851803783862557
29.993216320301848
44.79495177186241
27.38749567732004
38.37665402073389
29.968837134696862
56.42450221121287
27.689022911796283
28.13842084366502
49.76759107098006
29.679592503589436
62.63114146276654
54.13748495331908
34.9431676408525
39.06917236877287
28.030114919792187
29.92501300418561
33.05869166398124
30.169130387373364
46.46726914952618
55.9263323957786
30.23354651938889
43.56776829882605
34.91954175217244
32.83499598948041
40.22641257575087
50.65195946551491
33.41764216297367
31.719229503282378
67.44155152181331
27.32745718113665
36.26675974792153
45.729206702661166
34.22764645960774
23.970293076548824
41.41517351753928
33.37695544250168
37.49351956542718
45.08212074060497
32.29623944768198
33.62797947389595
31.139172884326552
47.77364632079768
34.87155915888906
28.440267831864194
31.617114733870803
51.651288300894656
32.96203188859719
41.09314759175881
32.26484893316131
56.53148224384629
37.12736652965671
50.69521155492883
59.72284363975232
38.71710393514052
48.54608120331876
28.59047292802018
50.172346394576685
27.066678096206825
54.30259490552159
29.605572927020482
41.668017847447686
27.219630077975022
47.71611670158268
28.575881566206867
29.907719281091655
46.90477830231297
38.56347836875245
25.82126625856152
30.499342272574435
34.53248331483775
43.41563739932491
49.74984555339707
28.207837883327507
49.53142226706059
35.62024210927954
13.041063935606655
40.08797085480344
45.48793764580497
50.0708427929528
49.085295145191296
30.13095233514171
27.12534522330228
27.969313168472205
47.860089506836474
37.96774592244001
34.916777161346936
53.526236596186806
30.122693216368354
47.207129155794725
41.822015330952354
23.837248111042665
43.48030265317205
29.60816821581792
25.95347697879172
49.90276135736377
38.87842977304928
28.33702258024241
52.01544444119734
44.83688071502399
47.60433400151235
33.29721669153966
27.440334900808406
48.545709368604435
35.31547755339645
27.954874574142593
52.73633646845556
32.052877346419656
45.96835100570205
35.95790894881362
51.61925000692906
27.104830337988073
31.908985185007516
60.80821416154909
54.48094317205962
52.466006410023354
27.215388871508136
69.16379587112769
32.18714275886375
30.30914927185801
30.951431815023625
38.08721481413017
31.090688494863098
45.54593355923669
38.6142953306838
63.35746618151071
30.953504490601393
25.82681179337236
34.101196136742104
46.665297018279205
48.09925620212187
45.738886090451864
37.977269367227024
49.4370495326829
34.404251332307425
56.407175343898395
30.17723206281914
26.636522797633493
39.81416677031053
49.21318094206586
45.20878187129878
47.171152295280066
31.74473430535608
50.34681440048161
64.94220927423163
39.19536958027301
76.30798570345245
51.50042875126405
51.35318019247062
33.30262104703026
46.55617685368127
39.95641678576281
31.621045524882245
52.08925917126284
32.798815693718545
47.445095489023636
63.06794820197156
31.574399307845415
29.969455663792672
53.236371509219566
38.000607348036496
32.32264361147226
34.399354013104706
33.95810966036217
37.33706941026594
37.181592664291
43.64182844547419
37.68649936934425
30.026362504556477
26.743519416441263
69.76569742129907
55.210023640661355
26.724898717021233
34.4687153106745
62.51000528777198
54.78206024670443
31.13042704586398
37.18301671272873
54.642968608109136
26.869578607101996
35.0578980112708
30.006393303422637
45.60918666041079
52.487148636659626
29.893754922759
32.865916819468296
29.53896133196915
31.43547050039043
31.374773675090523
47.91915639039969
33.92936504498587
47.161894711106335
27.655840522085434
39.53691369383704
41.500426926916894
29.533009210734367
43.1169868816288
32.215975246117544
27.449860253035347
32.04472207526682
50.43344458150212
65.57247912068128
39.9277108945227
36.35458213638157
31.96686539190483
70.156030944752
51.502287589764606
53.793241466468416
33.891278946992465
28.864028099903457
88.2161728300663
47.13304863302506
31.916754462498076
33.073931149795214
28.995445496013367
29.771841484433555
29.224857360176312
27.53016530812594
32.682112351665594
37.173164428810004
32.6390534778721
36.86678831276926
36.72738607898552
31.432242977751475
42.681201846394394
34.558195628331504
46.14109319555496
34.68240294490857
29.412435497150327
28.72696075654439
29.7748368857575
46.21567714167946
35.99107311284022
35.8242412411485
44.35648389152776
49.15682684614112
49.118448037006445
32.76915056769298
28.788685807025566
30.958784513503247
39.10991231268344
32.177878793416916
38.01477281043838
24.422784868004978
48.33869535093345
27.88276258149709
25.01561166984529
29.7342459312122
40.249347824928606
36.647791484152364
32.54464027785141
32.214615074250595
39.95242725580239
27.75048252259211
52.42744229112267
39.131030850582306
43.08885206615419
51.73807863072661
48.57499030939272
30.262401686243116
32.572407018092804
59.082801435578034
45.40553475134731
35.42083962055037
28.963003652799188
30.37244924687069
32.22520994490382
43.56691031463182
39.188707243231335
31.034818334217725
32.49373252217401
46.36184576222086
27.868539919050804
56.376518893409155
36.259813882690075
28.779472814043828
26.77135113230548
46.92106534346388
40.458385444750945
29.117101518179396
41.168016662663625
31.462926019629844
34.969792817478385
25.650300257669457
26.21294891360468
42.18151474642805
31.83497254391422
58.815834762798694
31.43539947003729
32.40903598004802
33.49923772876768
48.3549026931104
36.27398226550993
32.22310718621642
32.446162978687966
34.450709907571024
33.003025586757836
48.29818698696064
49.80287656933019
27.270091604878534
35.52335312284096
45.204136007733425
43.23134425696303
50.67177387740219
28.99265354351476
74.03992145219507
29.478992787164245
46.16202177468184
29.772324719202235
33.306868753782204
44.611944256289995
26.13255716642892
56.6440945804109
62.33277607216479
35.471958491677476
31.983922575883778
30.182483712623316
34.162297565669554
30.176653742620612
27.83783791968432
26.311784425920788
38.41220222764273
34.34360682221443
30.432090705242015
32.372867862827285
29.938282923229142
34.78699605671009
39.05672262125179
36.82198863999408
45.495235112425355
48.36233144448802
60.12486912756345
28.697300220149923
48.41553045780723
30.303096946862972
51.28421783047351
59.42830250504033
30.07118174414816
29.9376860690068
40.75275385457834
38.08526555147459
53.63310510444396
42.68469530718194
34.62273865944455
34.24991600068681
44.77349974813939
32.405492660261764
39.20337529983003
29.643452418628147
35.78380831153821
30.349520151250708
29.335783441468436
37.02709156294504
54.82349097197903
35.97701757852308
49.60444319118619
50.94425736566831
50.03553447499032
42.95191736551841
31.339891789361673
30.89054023278267
29.798142465596822
38.74002679795652
36.21633278132242
48.16571044907905
33.65143873252158
26.771346996944054
38.787639902688674
36.893525927226136
31.05474960242338
47.3255506058808
30.959420523427703
31.75485966851937
26.575458653114925
44.86645719032982
33.45109198614467
26.70460822531831
36.60493399971434
36.568921069757835
58.51957559499008
32.850378305539316
27.232063700163817
68.19509989305712
30.971458550063936
30.386575743143556
37.62900046503205
66.0726657148147
29.720335950889062
27.41416641074208
36.18384563931939
37.271753520454894
41.82108248435844
29.803076254157094
33.67028703320582
43.08416136839931
39.68474891835186
30.426825798466123
27.624973224737186
29.578480644570167
40.26855748871
43.66368837018322
37.44201272160037
58.262456785223236
54.43405604122912
56.75504723638738
35.11573095521227
45.932396325016455
50.95009452405334
54.21751554237511
29.611145813521354
39.803901203891435
36.162337047321444
41.11973762338463
32.63280229260333
40.34982287757597
52.03380096754548
58.82955075925049
53.84913088774721
31.05001809424946
58.29379633630732
44.29891931729151
38.1530903030138
34.98969970746486
34.437823455829054
28.564583062282303
46.2896143214712
30.12858192123737
33.33992768880766
55.24201630961696
29.188959539389472
47.69543116186788
49.35912050269034
32.16152108192076
30.072166477457813
27.327089371105668
30.256431023174077
25.228979975113376
48.758508703531994
25.975350082693755
40.55590395968109
48.051653202356356
52.893824891694585
41.402285504541034
38.99316010538643
26.770296416777146
48.432161029801904
34.220774427483065
40.21702447601029
45.307171878827376
50.27912964578119
48.339002065837406
46.59480002346854
35.74555193619755
26.20421469044978
24.530570528683647
53.742221325915345
39.841059908719586
53.392388105077906
38.3880356384038
58.77143883944821
45.15801775457555
51.315476835817016
34.033256302757245
25.461332844621754
46.19872333308951
31.82155982761202
31.27795579126952
49.08340707311701
32.06336827952098
29.547374349046223
31.819391407247334
56.4708006969138
35.533972315043506
47.46855401571875
49.889279779524344
43.39195158828714
30.112730666841866
57.5314497665797
58.92808411157904
35.93810051152934
35.892964150899644
37.0076983318778
53.029274501600995
37.469779859425905
33.403147186066036
52.868406241148115
26.473749938036736
69.60897719664915
30.531943652532167
68.94180644352842
42.01644476250942
43.81609892445867
36.45286502969225
32.19749369514979
34.32760150054887
47.93014379900228
35.77008414167382
48.410984576091735
41.2392983524339
49.45475647594369
41.68026663611453
26.258045131132782
39.750250702156166
60.40128312124903
36.351762581567954
48.499272881344226
66.87377214986047
47.37916699836216
34.100560729065855
52.2988610610788
25.91493664454512
32.11145312554257
28.064254860232033
32.33639971450027
37.09832240747687
38.839522371984486
55.21971125489599
32.01473194782043
34.02214728829744
28.590609873076062
30.72435139654672
30.02534628315852
42.56899329988514
47.03285113019026
39.7422549983166
48.89934834243596
47.797329237073136
31.6542745875296
48.25574162948177
58.67702697181875
37.42968340522118
29.9669127481319
38.77558222200119
43.89175604444394
59.91553273306776
52.7265482526049
46.56164572447516
52.25287619513046
41.25609403510464
37.44995012613301
35.85507370619283
37.13735167307044
62.60487104576583
29.785171533021714
42.27302118787292
34.15394910458318
48.912968505366706
34.27966983093891
33.18124221486546
45.15210041627469
33.39207674770311
32.184037383175855
41.00352337829618
27.364084175713383
33.36436868355272
29.57401832225857
42.25523572561543
51.496423831101474
39.6372327264879
37.01311060423271
38.793584124946925
31.639243214553517
27.54573558108718
28.272330876170585
38.8440653698371
30.059474885943718
33.231771258290905
30.410529232025503
29.947614108981195
43.071644486863846
25.680340911157554
30.070309816515806
33.180857103841156
38.66369139687604
33.88722805887697
28.21979442705029
37.720906180204594
22.596059867303207
33.23689175428505
27.869328098942404
35.848343305527436
31.053252545097955
44.78180750109298
33.564107901798366
34.409135264155616
44.50509369675554
49.18518409902175
67.32763040914807
42.50571138823494
33.49826899262558
36.20573324006234
30.673511251765483
26.213011161787588
56.90198056059534
26.809520658896517
31.860530459084153
29.236038051391127
58.737182790811055
48.34739141568249
46.380408019301655
30.174197155413957
51.31419315108094
28.329121041108085
43.1536142497353
55.7945971397612
54.407880513019485
29.53232702937242
37.48567264347482
49.00092798542926
34.629082283882916
28.932692493297694
28.644320908866575
49.45638924858653
33.4765351523767
28.755278653364538
49.527639779023396
50.34327329246825
65.22584387831284
42.66565806905355
55.21531344057446
53.67247235812513
27.41695548423516
53.021380870946366
35.64498923273082
57.49075089254647
40.0631030718007
29.970275559529927
36.87138850173652
35.727572266082575
41.66685311869235
28.51905600722637
35.738938022426304
28.34581715943139
33.44774936109898
54.927778361763565
67.1141933318683
45.5873031457883
55.93988334642119
49.63512038173851
26.53147064689113
42.86672536887872
41.440818481683635
34.78939944335841
27.652945864461447
27.249845411175613
36.76900135975647
40.00646351617242
39.994050052249825
30.96065112482069
46.85758529361382
36.64824411378863
25.748611902550714
34.38129419468165
31.08913288686002
48.03381866235132
29.762962482382555
60.52031438467635
52.61490689523528
35.404783930672664
32.21724831801603
34.221334683267116
34.436428757743734
40.86736705514056
40.339462623407535
29.033088498170848
34.01442823859214
29.33478980713685
52.34126733472214
27.070421335246863
44.95534839100425
32.0334887093471
35.08734013539947
32.72007091085922
37.850362448041565
73.49652414864363
39.761792636699305
32.38110467127314
30.200098596059302
43.0710458808329
34.67680012664445
35.24329287302006
32.10022706579803
39.99043525138619
64.4599675216755
34.74021031521506
52.601736856674776
49.74287764136971
52.521664753522664
44.90416512305579
23.724040092468016
26.277113633270652
29.13465015744693
29.535750977322973
48.42563452783586
31.74202376772563
43.48050557936288
34.50796530187176
64.80562187349513
39.31754170387935
33.013562101174685
48.37404717085658
29.024295830429267
27.634443753565634
39.82276957617597
29.98687272214748
36.12691211652496
48.628201610680776
48.205454088721545
29.451055450825805
51.58166998193839
61.12239272162554
37.65683467074376
64.81969978089968
31.29327479602681
30.43596584366866
31.97319691419059
35.91485472383623
45.07175611384479
40.94441374853637
32.98393207707119
32.56095400199475
56.4194878104533
27.496153676855094
58.134133687923686
52.03515922046308
25.514231461265574
27.670281731965453
65.20566025611741
29.95467546366878
31.586557954464563
25.677613909985364
30.330944282897207
24.81299226576119
32.10083535442558
30.670343507701297
66.24318596260122
53.64002929468154
32.511402862925735
30.300562662685824
31.888482797837366
43.094706087935656
51.26916043393634
39.43886765068923
62.684456499360905
58.86005508649414
49.45228444195695
36.59887757699645
37.70343124183914
46.16607449664826
30.963898818433588
35.85789660601862
31.649257260365644
29.03347040514198
35.151959663645755
33.665186407172094
24.88405550751198
49.019413098830135
35.78782152554923
33.81097162933007
59.137124738255594
44.4277709898606
34.09995752516674
49.57212927037332
66.55437485172884
30.188815152517975
52.81289407433086
51.9119621225437
48.71247586548783
56.1654165697625
40.132020374643446
38.78645566381194
34.65676092219143
51.50123645122285
30.704516251280726
29.07393061864518
29.73609461256455
23.334087721378403
48.81442385828494
29.14700866170234
47.164608201077655
41.06758934982605
26.62226671889158
32.205658832889
34.35793536664906
32.49336240334231
65.42600973636421
34.786024737056294
56.8793078358034
36.77240652518857
28.525727880674534
27.7600278287682
56.79085410804852
31.655684943922317
38.18835633750153
27.754915801113388
30.225769469787025
43.330101885325
34.9878382797736
37.99014029643676
29.286627959078437
31.026415252453997
55.35745950663667
35.22508746799262
36.18889264968788
49.76943737036651
42.712283452201326
45.75432167996233
31.22767163566904
59.82647125290252
46.70296378800248
58.19667969917897
32.566037893020656
38.22879287634207
36.32292848986867
48.80084832100019
42.529667925562805
53.98134087040572
32.71990055087849
53.1586366642123
43.1022313164507
27.397105208959697
39.26080803854087
40.93452051897592
29.935915421602683
57.36354997170604
69.39189272434787
27.252831444159376
33.60122334991129
31.658524771170057
30.763754428557856
57.45835746061702
31.045774650835256
45.068165076914795
33.21185061532004
40.34814002102066
44.3773612364941
28.87399835937536
27.718184029516713
37.60274968591829
53.357332452375715
33.384976479697436
32.24244499760007
54.13199007369843
35.70131494629875
43.334222930941316
59.437672398026955
51.80761125612725
53.27264698560761
47.93721388288922
26.723234544366772
30.449906446051
50.91621827348853
34.717097100440284
77.27980863610976
55.014169720389205
29.652521255188265
30.385354176351804
37.019159440220086
31.883447254038895
42.14813766649892
29.350139354781177
32.932449685813175
56.31325393469377
33.79883143907121
29.23256640444183
65.07412094302983
70.81775405235666
30.624449704875733
36.16854548384822
45.42734996660562
33.245504782854766
30.382882709114835
44.69520087490452
30.89937689940133
36.638235436233934
24.643162425969365
44.49265774356229
26.943071999045138
54.11996801606846
45.89218521006802
30.687022207217534
52.7126954281859
31.66872751947396
30.286584300544583
49.97281548019278
41.341150312855866
67.54195569259944
38.17976099765135
52.571281353505995
51.382423476241804
41.21395418703142
51.78434810755578
62.54710793692199
52.67949916886676
56.0382556730011
30.13409422575908
30.319423755529307
39.7292548645156
30.001228106831075
32.03750147077093
44.08386057850083
44.49474510452653
35.331762143736746
27.655996141872162
25.363224325275258
28.646197032804942
31.689751129621605
37.155883579073944
45.71656320869583
55.21151145692546
38.69270214801081
30.77152103261273
61.726775349988195
45.06095274412294
41.84143341476069
39.20211124697292
