0.7334859909915309
0.8347956797589614
0.6633768282081052
0.7714891227591133
0.6795252957995466
0.6937915466373548
0.684345222654846
0.7564571311262238
0.8286503157686618
0.7919362234156415
0.731576944446157
0.4824112819876202
0.7505453397043589
0.7700519803235089
0.709301352664903
0.6994036782931451
0.826024459115952
0.6478274457787987
0.6578842348058411
0.7468841459835068
0.6151785901892703
0.7290802243090577
0.7953744512836728
0.8368676521876042
0.7686073274662254
0.8011873214270817
0.6274875009682275
0.799273650016378
0.7194162592000305
0.8321162541774585
0.6444147555375013
0.5970258481174042
0.6524837106809128
0.7352543233526803
0.658884067940724
0.7753888441204797
0.7027893293405889
0.6607255428801909
0.8638141875034473
0.8368311116617462
0.8735253861115391
0.8390401356823022
0.6615745912015997
0.8145482071186627
0.7123569531454669
0.7190284886068442
0.7835688415198926
0.8909578901719042
0.7393020329212363
0.852188694997271
0.7835849574812164
0.7701612075857847
0.8088899439788679
0.7493876777986782
0.5881270540399048
0.6359597861461258
0.8762566732287946
0.671847513629503
0.6876006828622341
0.7779712378361467
0.8742272248762635
0.6799685321521654
0.8010085664443833
0.8116098434772888
0.6194955715927155
0.6409566962951565
0.8507466816387774
0.8577690671517195
0.767718840497895
0.7244091157939186
0.8162705179336365
0.7149452285637933
0.7041088205419226
0.6935277224098062
0.7358468882600275
0.8348767498924105
0.6828458775614201
0.7555590072485691
0.7931136465297894
0.5392786435041916
0.6763751373658621
0.7658768717067053
0.8842407026448675
0.7168141978102882
0.8820548928087473
0.8135846621528313
0.6857853975679551
0.8280186659608377
0.6554341213538986
0.6179197816187376
0.8443632345066642
0.7737891805790942
0.6193716504765748
0.7277220293607389
0.7408578292743986
0.7165695794881473
0.7300216474615121
0.7173247671737746
0.868887556714428
0.6583583566572507
0.7438670839230985
0.6347081576947979
0.7767608392006413
0.6625142330975271
0.5534130123286798
0.7057061811070269
0.8190081214381795
0.6739262504557645
0.752359536695353
0.866605998870071
0.6585865508167065
0.6537002124011756
0.6811302990368897
0.7228719740521982
0.8907673606766009
0.7462568934889979
0.7942128663850925
0.8306232218511101
0.7842509246438077
0.8784094053062206
0.7369479133412697
0.7342966680223857
0.5573129323884372
0.8175846221097604
0.8109000613105343
0.6568430185421522
0.7531837568996259
0.8302459998151451
0.5577752380845519
0.6153301015324983
0.8188104720462979
0.714413574961403
0.8122466025112149
0.7110200328390142
0.7033012564328093
0.6897994008209718
0.7031200003861711
0.8402318801641353
0.8150590924695924
0.8024936666810905
0.7727752649933612
0.4916247910919578
0.8390583677198302
0.8715804532498445
0.7370379788712769
0.6738280016932804
0.8024084583142177
0.6249666206553999
0.7673369026188968
0.7975102305385793
0.6740482787637955
0.7505531331322044
0.7133765177882473
0.8720419393942993
0.7551616645477373
0.8378960767869621
0.7445916834750266
0.6167782528766044
0.8244869222985418
0.7073114532491961
0.7612513290337911
0.5846693209132041
0.6972872132129513
0.7577750950856299
0.6494018020811216
0.7399014152186884
0.6667243841395651
0.7395587859130028
0.8411891579723916
0.8409301107123504
0.6559267474355843
0.7895732996535042
0.8447541623293948
0.8394718350633419
0.6147493009277101
0.8973823324867387
0.8449374912845301
0.6399915962294372
0.8560274755023538
0.45227826532475
0.7298545920113593
0.7627080918341049
0.8776865425473437
0.7065796271731608
0.5920190576518279
0.7749395812629009
0.7353912735535126
0.8407200842123543
0.8806357201196489
0.6056330827055934
0.8877839486333767
0.5249242181700345
0.7792405827629245
0.8671926428764531
0.8350761876975438
0.8130831337351346
0.8987735269165091
0.7596306707135414
0.8775460217312755
0.801646132795124
0.8328585237524986
0.7492190853899027
0.8058358636366265
0.7987003992292623
0.5250369052341001
0.49107767702525484
0.8459597760714168
0.710783356475926
0.8418381992672397
0.6625391276656972
0.8125840294255597
0.7592324064548346
0.8344034967536336
0.7971761459324962
0.6437132986336978
0.6982016490968301
0.8404673555905984
0.6504879605820064
0.7515068160146363
0.7319521365883491
0.6772046257919279
0.8003612921943527
0.6830613731284709
0.8603864385018827
0.8398531022598871
0.8687358267039494
0.8660903864120125
0.7559391226517795
0.8331442153950265
0.7828543056705971
0.6682270065922624
0.6620080826182776
0.9083219580528676
0.8374906422294652
0.770756747352856
0.7002203529770887
0.6809079450344477
0.6515314813298035
0.8049148190478485
0.8263935550346944
0.6904717600979787
0.7821458706421102
0.7947049135487847
0.7490593421724054
0.7223515858705436
0.6306924943351058
0.650118369724769
0.8046504044504124
0.7364218203624752
0.840567815310268
0.7490768148119126
0.5850964549955964
0.7864263607837102
0.6316091000799446
0.6974846793089368
0.8000007405087718
0.8146253007050281
0.7726805833857514
0.68448351714385
0.7654583366957586
0.8017130492067601
0.8449829283276349
0.8334061953221739
0.6762827257186991
0.6122120907559266
0.8300349124999364
0.8341677505636622
0.6350411552571877
0.7995088026111735
0.723039707215317
0.8169050958269927
0.7803058813605417
0.7008167368812197
0.8720844905660297
0.8125631871700643
0.750122941660337
0.6173139021051574
0.7907267839862088
0.6984729566790624
0.8729568565557906
0.654106591841096
0.745231022190221
0.6505033350166993
0.6883095446880305
0.7157752864107728
0.6823316006648867
0.678862782601747
0.8578961243270695
0.8269472250423284
0.6442720170710121
0.737959219127698
0.7084515635612144
0.6875678120304386
0.6341501870648374
0.7372871089348948
0.7405717752854776
0.7976828356277852
0.7348650769501588
0.8117497652073224
0.7905065415193415
0.5213359004789411
0.6981923720440877
0.5623215062416367
0.6019622091278609
0.8597077081662237
0.8345703493540302
0.6381076134182181
0.6793923799926768
0.7081466990927336
0.7292641322219744
0.6983844150188179
0.7973626879425184
0.7836415578127154
0.8377348250732964
0.628062565932192
0.7012037815053775
0.7624879515721776
0.6659107638373865
0.7498909980249493
0.699786219511249
0.8446312572468657
0.7698804143608562
0.7176715370191242
0.6277244789952664
0.8300183247334848
0.7554037322477958
0.8779111988325243
0.860466025764234
0.8602268532207213
0.718018708340578
0.875761727580341
0.7974031629855596
0.7490193218439061
0.6387552535034671
0.7709833288896064
0.831775874280497
0.6923454018860427
0.8218094781959988
0.674446719209495
0.7506633347102665
0.6863230015659328
0.7485429789200804
0.7699921745166458
0.7559795435041607
0.6907067147012785
0.7038159593516926
0.8285066289259038
0.7699062914597881
0.7171436412806785
0.8902697398419496
0.6477872195556587
0.7304380184378043
0.8172063762419814
0.8139414165782757
0.6436536236152594
0.8867520920436789
0.8294160539186166
0.9071658137700455
0.854308073575208
0.8771093505536147
0.7606744648399537
0.696607700302482
0.7156929270740019
0.7474292536818679
0.868305542673748
0.8746113732636493
0.8804471414246235
0.749760529451979
0.743401385564485
0.7100522539773534
0.8730126523936597
0.9101295005228054
0.7433765823169405
0.8927764867286005
0.5937965872431368
0.7561005447651752
0.7872897534916499
0.7376629707605894
0.751540353699462
0.56569449228663
0.8799375695459504
0.7234209776839313
0.7809731492823391
0.49034136614041685
0.8148778387928778
0.5740827638729127
0.602367871952884
0.7249467053325336
0.7840890639633165
0.7328113015181222
0.7205671757210247
0.7675006935894355
0.6158150121780233
0.8745456999189696
0.7673387581914999
0.7572645006600585
0.7640710480639734
0.8672126711986634
0.6807438111889248
0.7530015113593629
0.8064223615759687
0.8709895721151006
0.7036434303355243
0.856270995708596
0.8240402493133687
0.7152828027976795
0.6063889555481914
0.6548236115083756
0.8730426352545897
0.7715404933488427
0.4719468828764222
0.7394999074413507
0.6649504667289098
0.7635407655936022
0.6345374940666423
0.8107852589732476
0.7354090879117825
0.6906927003700163
0.6425153993784711
0.7147270241840122
0.7407830039467811
0.8796913468384551
0.700552458679795
0.769160177642825
0.8845130546378822
0.7229203006898763
0.7353471670178766
0.8615947482266493
0.71560547737821
0.6802004219512392
0.8045573291499297
0.7585493029883199
0.7755594123749776
0.60174456079543
0.6294409914203318
0.7426098344990664
0.7119435400093421
0.5299831339479031
0.5535221496302098
0.7778001596555147
0.8607971025557166
0.8221275549735911
0.8837702660098099
0.8100251090184936
0.7696491151414597
0.8626320498819917
0.7513832537186387
0.7646281030490992
0.6471885657590645
0.7766541582661152
0.8233604678271262
0.7997123295874373
0.7047966400363728
0.7619527408052321
0.6395415352839078
0.7722755181461224
0.8811014003163262
0.6891793955920495
0.8001980099595098
0.7272776647009486
0.7868245155124083
0.7592254716058944
0.7540806773493137
0.7330161624940287
0.808149814204069
0.5953075648917816
0.6755270086157412
0.8934701744744065
0.6772893585152436
0.8909870319166303
0.5375124523699051
0.8077046943377072
0.7961388824617386
0.8539072412875153
0.6435717929206108
0.7348975795375073
0.7728106960675861
0.8651105198210562
0.7648167564119983
0.6903610024511981
0.6262857838679426
0.8267952848391404
0.6536383624263665
0.7761053886826195
0.8068092251793197
0.6844167170473233
0.7401154282929141
0.7921246426282209
0.8367223962331092
0.7967732172294351
0.8557627459728203
0.4938647003656673
0.6807499830421876
0.8253997061542067
0.6344684127557852
0.6643140329574313
0.6361636767571566
0.6304545174574755
0.6296626176921483
0.7061269935519303
0.6814820008931719
0.7344059822247567
0.6492514561614746
0.6519882408334167
0.8737219871548202
0.6926868956405136
0.774680600764347
0.8722630870750292
0.7308036579179109
0.7600485543276005
0.8403483032122849
0.5634487999862058
0.8973544581566723
0.830743047451714
0.767238042516175
0.7421178218276543
0.7342581526204143
0.8192006204260378
0.6648821112449667
0.8492225692776862
0.8688268279807315
0.599663210470124
0.5927966089528808
0.7216150787820785
0.7540106348290303
0.723289882565305
0.8896644963234894
0.6306667783468285
0.5825752888182605
0.6836332489826474
0.8420466200663286
0.7817977759115688
0.8530318689966243
0.6751462936273981
0.7640106207487674
0.7665416675914474
0.8389666290267095
0.8097869924152745
0.8784394535628336
0.8818314038204265
0.7156274367876814
0.45376388642333065
0.7850729301350501
0.8428101772969406
0.772875754911746
0.8634329351565111
0.8658424759269446
0.8723806130426213
0.6509375865494269
0.6552489580509948
0.6619016075925259
0.7475938876921575
0.7137458055369738
0.5397649654498224
0.5981566128919726
0.7101616908557147
0.6945512882659077
0.6937759027503545
0.6775756793521314
0.8357347615185244
0.7563421393103862
0.687077327872095
0.8151941615659966
0.6219924518024793
0.7535500098999506
0.7392302307193264
0.8718847659109801
0.8535746479392295
0.7398509645327799
0.6026123466171476
0.779788510743698
0.8279738348365462
0.6788858789888125
0.7719531025299347
0.7339374171366652
0.7330733037653198
0.7399018316386694
0.7683010633854414
0.6427743769054288
0.839923873756812
0.7675465595839577
0.8839160728685403
0.8923200760034349
0.9156974272218878
0.694093796194045
0.7472491883988095
0.65820474703084
0.7622312011762149
0.7636359622654689
0.6888829350273507
0.7943479369745883
0.7837072993624943
0.7787269002477346
0.5307203800821302
0.7206682155524612
0.763650983474383
0.8192441069056552
0.5677048730743657
0.7769650674967734
0.6303014572507165
0.7400545103518812
0.7474353026916813
0.6630359679776634
0.8276804895935861
0.8691673255830051
0.5866266168508658
0.6817758103063791
0.8305582785177565
0.6622296015037086
0.8312396896248431
0.7902526603102796
0.7447349809231033
0.7245592065646715
0.6699200385347834
0.8306610594036412
0.826687317766535
0.8592975192571638
0.6550386140916539
0.7624884893011661
0.8230438348233308
0.6519621430555335
0.7197444490701493
0.7794196909943085
0.6079347682300318
0.8959239876740024
0.7071030190645674
0.5379050897282329
0.596109045135779
0.7469014909356354
0.609208586062411
0.8619627230279372
0.8089830495227993
0.8596948200965513
0.7414206952657839
0.8293995131277464
0.7518987282612838
0.5840926850413906
0.7807339473336291
0.31499681035859867
0.589186756146429
0.7057313188539129
0.6580711783743095
0.8242584673443909
0.8457957624677741
0.6078595057720111
0.7534444389714733
0.8435794147848337
0.7014070491293514
0.7909787806186674
0.6425863139651828
0.5265032372579751
0.5318922533322932
0.840616350363063
0.8339563561432921
0.8763972339535673
0.6619187682753175
0.829420968059041
0.7762760949568351
0.5769818997625638
0.851372323364164
0.7403218064302564
0.803443030529408
0.6662469415295709
0.8743183206086342
0.633501686447159
0.8156396081502884
0.8984002246112843
0.6348313261201279
0.8146453822232855
0.8505734156232727
0.706744837673495
0.7587832701542725
0.8982605637224335
0.5560492017524071
0.7916906239574217
0.8323056839160836
0.8289703806614651
0.582115960098443
0.8874469299435157
0.7337900293188082
0.5281764779821386
0.7566249868127914
0.8379619618821601
0.7803721110985959
0.7386108874225888
0.5076109957857697
0.8248774553575162
0.5436365215819043
0.7682795313099047
0.7897227953040624
0.6876284679651249
0.8683922474962796
0.8652286196916996
0.66597510090746
0.7413970021236304
0.8389423113627981
0.7662646503867374
0.8543544267542571
0.7602424298755861
0.7326361047455927
0.8468436918890354
0.7456884348143682
0.7463712673870597
0.6652665252123035
0.7608702368345754
0.6920864959035363
0.7343173164198926
0.7583062245577394
0.7995259426263963
0.6932594692230789
0.7200807700431362
0.7551644188970126
0.7318848935272215
0.6571000636126302
0.8786948325525928
0.7771441931295431
0.7595928585175797
0.6768544839953058
0.8572890170785892
0.7128700160217311
0.8922373694611715
0.7371477889733464
0.6443613318425407
0.8604941036913895
0.7069244175177427
0.838407425403479
0.8591710886568709
0.7080776031331997
0.7302832073020274
0.7198012551266217
0.7270950581391145
0.7758281279750686
0.7800112348665793
0.7118984988360729
0.7292887876956518
0.8570701224452919
0.8741577068141384
0.7390860133428326
0.8896971036007452
0.8514079814012971
0.676324759217207
0.6683635912247132
0.8015603732200438
0.8434197696988928
0.6450808968166453
0.5935215269397222
0.8061386387184832
0.7801278532807931
0.822779287540998
0.6800050454753221
0.8944734563031606
0.7734755389507815
0.65348277268963
0.7072950587876102
0.5499917779738008
0.6139452404495325
0.8967372490084924
0.7023512236245041
0.7219982610073731
0.8584834086215833
0.6387573952779168
0.8220992695105042
0.8995888842294109
0.6002134085581496
0.7629206434763227
0.7661851724601654
0.764362631854012
0.6923319432859524
0.7894678426470935
0.8643344046471736
0.7812537053172628
0.8592627656752881
0.7365400337963147
0.5260379113285687
0.639662165565776
0.7976004153242581
0.6808909804046358
0.8826234335923144
0.8985252190990551
0.6941807432662099
0.8283802114865284
0.6523381651670925
0.5840236077958451
0.8284042145276382
0.7572841416116314
0.7033413820788296
0.7190285558175532
0.8131410659541314
0.8394011379559886
0.892365839703726
0.81296865416953
0.6956253460531225
0.7905579943216082
0.7635398610482331
0.5771845395987716
0.7698749152273183
0.8513100258664432
0.819515440307309
0.530844895493455
0.8249099171858236
0.6514461517250802
0.7692166686279689
0.912664011886555
0.784794802647949
0.6735301306830803
0.7349151535957297
0.8786030543125025
0.8056408028282177
0.8908999480779155
0.6640842168937563
0.7338795998861805
0.8076557280584304
0.5876385934376158
0.8297709463074612
0.7408755888276406
0.8355171971989518
0.764928002416028
0.7071459826617712
0.7802787237490576
0.8797114724743065
0.6001993469586974
0.8803060097862301
0.7473198582361201
0.7037923917974352
0.5897161035193065
0.8337917593088933
0.7651051820453008
0.4998081076569666
0.7041779747730961
0.7317167635114286
0.5557078880956112
0.7867449966079333
0.6725554532997996
0.8707241248125528
0.7301152698788964
0.7066924543823195
0.7102619874433855
0.8088628354041318
0.6416811696918707
0.7601813958931082
0.6981445204095271
0.7981230708514975
0.8553652043382575
0.6996257207522898
0.7855309837091614
0.7359062820131933
0.6939432928702481
0.8597908405835937
0.5318299600848199
0.4538474159050735
0.8785613934338206
0.701887572803655
0.7600095396821043
0.8337178395855931
0.8236728664206329
0.6621226379019011
0.8834855168880524
0.8073207169753236
0.7905316474093447
0.8421187929927568
0.8057925988008128
0.6517808309374274
0.7074648183176876
0.8748143517250178
0.8654312318812569
0.8097714483630358
0.7331617346940598
0.6113271953317369
0.7333814667304244
0.7539896073942713
0.7299408109382602
0.774209607635338
0.8055660142011674
0.6368571858372132
0.8102766350748392
0.6997879406371281
0.6451094360264336
0.6996621097415489
0.8137554352936001
0.8778698061795389
0.8218211679641079
0.6537404553572782
0.8515336082920177
0.8826565860662997
0.880967176155183
0.6238942010829013
0.8128521960595725
0.6846365165048953
0.681490023849384
0.8513979658593591
0.6713155472768406
0.7797307007624044
0.8380784552069787
0.690667595779138
0.7919070792681204
0.6074036335153942
0.848987726828498
0.7645479765991595
0.6482656853831947
0.6991600975946994
0.8813336673707461
0.8301018131628314
0.827007492574412
0.6293191132921074
0.7506650923703782
0.6971726584778676
0.5897770344626488
0.759986758412956
0.8217444384428911
0.6414156836729632
0.6721977597431276
0.6293240940731446
0.6450665956743883
0.6105094364346269
0.7996697833580924
0.8344380513814371
0.683580050652502
0.6962268876362175
0.6254264962592747
0.5832185019348325
0.82697697599564
0.7763939542876407
0.7005979225972601
0.6884818366599721
0.6786437625355988
0.7346071297769264
0.5489397989406617
0.8206855082398405
0.5581714518826842
0.6468546287865226
0.5925496205913081
0.7516995530807495
0.7720056972064073
0.8717729845757425
0.6070763321239774
0.8930130142040364
0.90460282286806
0.6435470644365979
0.7116583236085934
0.7232389359364583
0.7863376979085475
0.7067319251131973
0.574543993543621
0.8661242892774462
0.7407997511707614
0.6205968483471028
0.8169105269174697
0.8957150684705222
0.6581374656032619
0.7811559796751223
0.8104437125396443
0.751176664895447
0.702177380788856
0.7372828308878185
0.8821809672278415
0.6917061235996969
0.4378550576549819
0.6040098290531231
0.6991113974097664
0.8192203686963038
0.8431321078192627
0.717401557346284
0.8107955465823247
0.5583971674256759
0.8814598495417023
0.8161797017971018
0.8442240863920645
0.5875218003486231
0.7458448865112483
0.7585400902616751
0.6720089736432472
0.763801657339723
0.72230762059658
0.7158938517127968
0.7487048094924694
0.8699133479431123
0.5895646878783228
0.8701469407847976
0.6013107147197093
0.5919526352359407
0.6363780862151591
0.7317131595641456
0.6848614528585947
0.8441683752185714
0.7655996679520167
0.8072409284910584
0.821006595966139
0.7423900256144924
0.8006269705329676
0.7877636575605147
0.7481964280033853
0.6636071744601573
0.736710342139627
0.8566367521560161
0.8765892788621455
0.7583316726494023
0.4646445405364448
0.7217328150919361
0.8691633334213675
0.6602666598430964
