0.8431647471899438
0.7364032907738687
2.3485049349641725
3.502188393258073
1.6411948387882038
0.9281182638053901
1.8247850701626482
1.535138446960858
7.072300385931191
0.7211678691338844
8.101700537886279
0.1180640902971016
0.46876277607964845
2.1476016064644927
1.8167436835514268
0.769514888442748
1.892900483545747
5.9653601404983485
0.8141703929663732
1.9344010891049108
6.745148681107633
1.1741844153705894
1.766719013419774
0.5576176687841955
0.3494016621663456
0.8285107367198125
1.0836236512601567
0.9443274793921215
3.9166097656411174
0.44111714639770433
1.2828270731867768
0.4522605812106697
0.740084606314321
6.657158379785681
5.76516196943094
1.4495146962195835
3.17137108167609
4.816966459744879
1.2620005058512456
6.601930537639079
0.769750147482491
0.4409410589089783
3.92773600035343
1.5700621417914298
0.9149710748877907
3.3590783316781496
0.7977310917760964
15.185736644796641
3.4058189413000197
0.8209690661269343
2.736072727725546
7.6191983680563276
5.799666535415085
4.120493285172835
14.066627597902023
2.1084135382822393
4.985645182977181
0.9177172374677128
0.7477733486307026
1.4673841146756108
4.301202708936161
1.2938237495482092
0.4329984042279712
1.260911018082167
1.4094369133667428
0.5186933807160694
6.922746384637338
0.5112933708124086
0.9568318656400424
1.1864071624172752
0.44815813768300855
2.8182850160736317
3.259030326638414
7.16182996933309
1.7870086071734197
2.74106672829063
0.666384747887745
0.015361947370219385
0.3572112272318888
0.8348956097754481
8.21838765871285
0.8102944581705922
2.1103910773049845
2.1152707607707755
2.5083231502876027
45.29035380539476
1.007345148309988
0.2953081049758843
0.48862872690482073
6.159517791382661
2.9597859438154375
3.631655405118942
1.120659238524987
1.9751249595907807
0.9521741436248151
1.0178091431980822
0.4630467447744322
0.6744361661037537
0.6654438922836244
0.9376422567201393
3.0643127813834523
1.0469282930510586
2.2572024583559607
1.530033410414657
33.37081528063328
2.706859297960846
0.7283307076804173
1.613818306512959
7.757136265441607
0.9194168703600392
1.2539051955195122
0.6251537977310906
0.8974295304271146
0.30172785884863745
4.7777627742972095
2.7963319077511746
0.6650934044829281
0.7595102387182995
2.4893677559020504
1.5826629484875467
1.5395056686174062
2.4802111696554214
0.7439699837875305
3.8895548704599436
0.39336404744011405
0.34512092563201446
4.970460498703826
1.1448833608460007
2.254650641824281
2.837272396706536
50.62196601672324
1.80583235356221
3.5807851231827246
0.5163851163159712
3.4110893365288986
0.9606143096681239
0.40423194864640494
28.38483064370311
12.795433523587691
2.2145670784294076
2.069651566470164
0.839627807792586
0.440419201140827
1.796966753671193
0.7629967042565748
0.9366093705428619
0.6988751171350828
1.2428538336788466
0.851049072307789
2.037981702986482
4.556861621893447
14.52482335532915
2.6214300488220847
0.7693554018136526
0.7412574875166086
28.997271292206964
1.3821279643524105
1.5998057048412189
6.474323788296559
1.820438741056614
11.656036882224731
0.3969004860007116
0.6992617210249853
2.6812727107450356
9.174919701854998
0.7747221394017517
3.3449687395867964
3.2757871227063076
34.609562960331694
1.0739640704255975
0.37758661436803237
0.9935455083044075
0.49514665133998076
1.8212465913244351
0.23215672868111753
1.0713020527264276
26.361631881749886
7.669655435173957
0.4971522096023822
2.70994539058901
2.1477176342169204
2.196087318372381
2.225012866110941
1.2329895233631252
1.7901948640903138
2.5643237676516777
0.5468123959502847
0.44602752668643114
0.4558376681617827
1.0506891959617397
1.1138700481625228
0.8715827556500142
7.50841059196144
1.5262481310131635
1.5474440173547845
0.3393602909405225
1.2041108537251535
0.8498462800914215
2.0526763934333334
0.6980587660004005
1.3709637045691032
0.7703292553526649
1.1686046544814956
0.8963261769875945
0.9243779737919716
3.0145112304491377
12.919327297038524
0.33851756820277634
0.48988360235242945
0.9189088492948009
1.1643133612122931
6.130446405888255
0.4688937130683453
0.9850917361805842
5.756704097236324
0.15698735048246162
0.8156925308828399
17.16432828654423
0.11126139113094247
2.9009017718376104
1.2403264597795849
1.5941252693881567
3.2741171379094376
0.5782709250778604
0.5343724385844655
5.459256304294065
1.3046802726863804
1.691907612487412
2.4983374200813233
4.4172649848576375
0.9204449016491206
2.6399705031082825
60.02874058297099
20.215574028221273
2.185799456003552
2.2451949598945564
1.8044497416373984
0.16399221472870587
4.942466096213741
5.038893832321575
1.4479895374686274
0.11915266763260081
0.4343353197481669
0.8848220031734744
2.113032636596348
3.649289237465224
1.4184160409182553
0.35597347017448067
56.79920255253053
2.4926325203572524
4.877006792643922
73.35678243826062
0.8677513911800495
0.040973922365590165
1.6628514004812507
1.3028067898961102
2.277705213187381
2.3464840584524334
12.46795029287968
2.487257241609683
1.5230933908424837
1.1130709540521488
1.0739096331879754
0.78787876390214
0.45936502135601237
1.3775658813924403
0.45392670003881436
19.842098262064464
0.22811275023902616
1.0186719172358387
0.09841520404070545
92.71985053562463
1.3883966802084682
1.722412825939786
0.5138798095820492
0.14310522119829897
0.6330107624997267
2.1568745660186597
0.3912687104347111
0.6346111587701638
5.0890101169279784
1.7842982826415028
1.831990474117085
0.18400339135314533
2.770719622608637
1.1059330397966478
1.4271939298109866
1.4557198526312138
6.100903540072101
1.1790659343779053
0.5633348532032924
2.560890778572037
0.34176979697612125
1.6418846121903283
2.38739579854653
0.8507203453447517
0.31253125574127705
1.7871049508844135
0.9650884668009782
1.3692623784091944
0.6879922895689803
0.8616972283149905
7.220432438521969
0.9905616017923695
0.6883045116314725
4.075559643876594
1.3268649923972977
0.8749955315166972
0.7826146583775665
0.48109154609703836
27.853988607779897
1.6529589767214432
0.5246983697182596
2.845386654143564
0.383821908501893
1.238842595509583
0.9395683773636001
0.5239715944703207
0.3360902374352525
3.6055230937370606
1.527465694411751
0.7442487433320623
0.1002855145870776
11.9982333500818
0.381716501623666
1.6324474816091956
1.6526731003029387
0.8853259206866209
0.1877592339885003
0.8686850179736556
4.406166067115135
1.5800514584122005
1.7425637958071336
0.3146976189976755
1.6565285251248667
1.1605383882245803
2.6828884890671185
0.5519996976884934
6.629259394912986
0.6361302330314395
12.027469171814234
2.6291949750695482
3.7923945623668143
0.3665338253234714
1.3406421141524163
0.7018026677475796
99.911274534652
0.46885109725442203
0.7773272685525178
0.348339215074716
1.1216585023114025
5.168177528653033
56.928775065730626
1.5073770661497838
0.5215997529792866
1.7740440279754082
1.0335984380355947
3.991501437834139
0.2995720981616678
2.0734472598369504
0.5919086356772453
0.8654980462615799
6.245801489799847
1.3418275890853655
0.6210607755565517
0.18422153085436951
0.5674624071678872
43.99191623524557
2.174933341819841
0.3306494605735608
1.1696654345409485
2.006049954447605
0.5146944808728077
8.484608784870266
1.3129348243481618
1.418253795270881
5.054262952179035
2.424543931050126
1.0364211455016827
0.5193299626025675
0.41916852668433674
8.027614388276014
4.289396475375013
34.094195055142265
1.8093270107186754
1.201517458069714
1.0152197409055699
0.32058671060607596
5.309807645921053
2.4495492996621833
2.656355289284411
1.3483326756027592
0.8003065865921165
3.9402271388982135
1.3449802219238676
5.195989331467048
11.860368833145365
0.45573523821265877
2.3690802258986214
1.2364998736308437
2.0150740392199604
2.8021612853594142
3.0679810836014876
0.4398228589077738
2.759053884386546
0.5775479449266735
0.17510244752363838
1.1958290019939624
0.8364912808770495
6.15381046536419
308.01892015068864
0.7391240032397444
0.9132186918592755
1.666854372052523
1.5926661486702278
1.0432700671403266
1.2772709448768365
0.7801143925706302
2.131173761790685
0.6676290157088423
0.6622323759307585
0.3055039462689721
1.6040216928519684
0.242251297273382
0.5107867085677028
1.0768352849042298
4.045020150469668
7.36467753707804
2.1060118006312707
9.380589346424202
2.1440488107530506
0.6515844821404858
0.790999582436904
0.6660261384308362
2.0569696450314097
14.772388950944485
3.5410649701474823
85.57374075089614
0.8176868933439556
11.976197692471274
1.1529042532587197
0.8887170925360434
2.4661164395613957
1.7588709035186352
0.34846909740712306
1.2796313330955575
1.427118475311545
2.100530300970926
0.555805186301801
2.9524791261714802
26.47347332163492
0.5320041992582485
2.476738680890352
1.1782551751540609
3.7042984811368234
0.7824199313509341
0.5547766079900155
1.2281451418782434
3.9117519325651378
1.1676895837681485
0.20294050191218968
0.5104435697762993
2.03720619351611
0.8044899030736046
1.2657834973231292
1.0784681006746626
1.3332839278391724
3.804323907794161
3.350257418870636
1.0378119377423156
1.697541177953658
0.9920126410344968
5.303371077366862
0.9120983094379227
0.7963060199300473
1.1688606177056633
0.7390163466892266
16.133685586648223
0.6300178149628288
1.5671803689159618
3.1527867760365917
2.155444467637279
1.7033074019556769
682.8823976087842
3.9187539112722787
6.174992123541526
0.26870666960025114
1.0531581303306536
4.878604564533134
0.516054890735253
5.2256117678314675
0.8910003471384562
1.3846216768198991
0.2662828436982929
1.1153120544483868
1.0310472176063608
1.3421417408711658
1.2599674417347695
0.9515795921378463
0.07637795596539947
10.506267623083136
0.1432878680254254
0.7410192315396731
203.98004831846617
0.9148128941877376
0.2667616806818511
0.5805317665131999
5.252098384123082
0.6193656195968393
0.30798447835989506
1.2274769884495467
0.23116022850110793
1.131634737533679
5.442127703484122
0.6934108901221132
5.0442208728032005
1.2816732842450433
0.30738076746967996
5.098684571297748
1.0873826392473855
1.1442655402226811
0.048693700829837185
0.9607047578000967
9.04176840789625
0.5860016583182256
1.477678765626587
7.683337470735115
3.2744595700381005
0.8286665105885865
0.644263218358106
0.2509153676112545
8.949138251356025
2.996472557428227
6.315302827956657
6.749325417745861
0.5814118359198602
0.3728791982031026
0.996867632701371
0.6294880016299758
0.5775654997459072
0.830368475224416
2.990688078910364
6.187503014530035
1.2794074727873228
6.136109433596765
1.3908153913445567
0.9883241495279023
1.8156270910936907
1.1992859150865811
0.2348166591014958
0.8977492867088928
0.8764349525534404
1.4005020164434143
0.49335261541150804
1.7332662142996123
4.111253334716072
4.998976565553754
0.8329289003675933
0.6850136812684684
1.4253920370629278
0.7804762946238688
1.4726922419743338
1.4251971677572903
2.0195483549730042
1.3624962514675274
1.1356078042889237
0.19418445266827514
13.642277107400735
0.7275119877155494
2.1986983125933284
0.9956701340499841
59.9868404283793
3.056181122991405
0.5715262080053423
13.16339006996117
14.305483300695816
0.9558758608510062
1.7244100124013488
0.24112842615645536
0.9572220948365076
4.832625539741119
6.784601387721335
1.6706837386168378
2.3041035217527877
0.6377701085186791
4.901133987894242
0.4078035567848329
1.7596553446305527
11.243539320778877
1.5358904125421062
1.4738702000703585
0.3688851618375388
1.4692364439008143
0.7393166846570456
2.2385760023361865
5.454046170614886
0.5669684921542493
0.5850751607402626
1.1112935822554566
0.689821802826424
0.6169896473643388
0.8369894210476619
0.8060523239000816
0.5838455638435968
15.373330912904136
2.018032400100661
1.072466604157379
0.5211618118166834
0.05099258736492308
1.6718468174266727
2.7911284362203306
0.9150263443639287
6.666792084442077
1.8674820944515773
1.561465383222561
1.4218279712900015
1.5667476924066241
0.4876111377404312
0.685991397653693
0.8747747964165005
2.6396640929766253
0.9574171554758804
1.2991333350418948
1.210721397926076
0.6375267118661093
3.561346377994635
0.9690980992527374
1.005871187780462
0.701829033940409
1.7660732600528457
41.47745669695933
1.491508449161346
10.747922731799639
1.1478372624490025
0.7374022201191209
0.6349659184512043
0.5893709642085144
0.6057970729276398
0.922654219492168
0.7109708205088054
0.6880491677239614
0.37693180387188646
1.5034458061447609
0.6709721742149322
9.100384675067561
15.914408789155539
0.261564406556485
0.8438302071420828
0.7491472677276223
1.426590747098139
0.5304977424997768
1.0075532313237694
8.347494610011065
4.121239185452917
1.207439419998903
3.5798888692661808
0.9081601035340133
0.6535609786773723
8.50103700923968
1.194855769999376
1.3686555723597094
1.382909769151585
2.4738335600615935
4.040848243937136
1.1884979356971492
1.070837422558751
19.342057275977677
3.9384109050052363
1.3099210703822195
1.9470144352078567
1.518632339588982
5.41479432213785
1.8003777429082475
2.7988150505603113
4.90197235769089
0.9346782196130833
0.5848052639796395
0.8343860834431251
1.6929117349939484
4.345518934737759
1.9005713322577338
5.986318259540564
2.2933329257254744
3.4209499798343788
1.1443882210194236
2.271381473764015
0.22176341556692675
4.878581049184002
2.9605352456170677
0.9389843298771867
0.9289293536234433
0.40790099963541643
1.038679726745629
1.324004739242256
1.8689657400859865
1.7627712313507273
1.1916090449432752
0.552678999374836
0.6908012391585518
1.6427695439446148
1.9399671554339994
3.37908195609315
4.805835602884037
0.3714459867980963
74.96633139837402
1.4270086577344585
4.538339619972336
0.7414110617418549
2.0755241469630192
1.7677399744660276
2.7989828588408097
1.7800409476400478
14.559200677391987
1.0791259307882992
1.7583093751905534
0.5661815290712281
0.5006240585285213
0.9362679051024837
3.947787750479946
4.839611422313478
1.40487865781301
0.33071174296490685
1.1324893911417504
0.9766446664925282
1.8238957874576942
1.7446797115819037
2.900242957141188
6.24499619094969
1.4896349743540203
1.705065008196917
2.2076430498780875
3.773015743663695
4.140703553789376
2.1807204897387615
1.5408988795845089
1.991726329707028
1.190670143764866
1.0666437631881882
20.587964910770584
0.6862663861381615
0.2758103977405841
0.210931182804371
1.3072604632603364
0.6800469854204176
1.3914253963201613
1.4850796634753425
0.331985772000334
2.212495649526741
3.2684729461253985
0.3220095561528327
0.7144429710747496
0.7469473040598482
4.564033679289514
1.5169684234138372
0.3352456573060589
4.980635747423576
1.426343259543709
0.8140470551969197
0.8709952030818259
5.654044281035546
0.3613413811279445
1.0113321360049017
1.2026174115560155
9.080926637039704
0.5894212115675198
0.8559485242726609
1.8561761281507398
0.6017700778132636
1.4932405206005903
2.7914516264183504
0.7783012262681417
0.7089431736037294
1.1548768234125972
2.0082188565462906
4.5511543486265875
0.05532971310192256
0.22063131715240264
0.08565589139588332
0.8933176767684196
4.0889317225153325
0.710462850516078
9.937471547504547
1.3517018106590095
1.2876305511497916
1.9159282121520789
1.7382927920905744
0.8355088698082218
1.5968588453628365
1.1438891404433555
1.0047844771618424
0.9852325198669885
16.938579613660647
0.77669837224568
3.250619135132947
3.7770392358061002
0.8683952836024766
2.829022031033061
0.5647445307378043
1.939613608520494
1.3241401590695658
1.1086262656860795
0.5367768523229729
0.8575090605079819
2.298292413993598
0.14237357088882263
12.15226729149242
0.6310997584146645
3.45452955679638
14.553242152184309
0.9673733060601554
0.7706670490387223
1.800098696651212
3.4294697353955144
0.6973166962306562
0.9154309354313063
0.37528430073073343
0.6251641611417987
6.645707973099099
2.60880526197763
0.8837205006406488
7.902898301600113
3.3378432416051376
0.35397277954209344
0.2928659133761151
0.7347630158081608
0.6085591169932214
0.531070819903179
14.634140534533435
2.4888814117495848
132.78179287204136
1.0594602873480292
0.31026591103713114
3.5214868608409575
2.559461294011842
0.8667824286983311
3.820139864207115
1.2564103592440405
3.92252638500174
2.1497690910662195
0.8949910753558199
1.7827457523534793
1.1970256959477248
0.25737703038415344
1.6479094377614558
1.2761453739785522
2.8061601831667637
3.740886022899978
2.0356491878430245
0.6991213394503102
6.030990612235326
4.029466389258706
2.7239750423325355
3.521209089961668
1.8381185608378456
10.425073688641964
0.5333562075704951
7.766397477591771
1.2024534283342947
0.44563966839331554
5.718865608443392
1.2888160362789531
0.8369966533896109
3.102016707212107
7.618288357460523
0.7993518995358562
0.9406075029066505
0.6577350692564035
1.3643964300420564
0.5842725500526441
0.5115628016168535
6.445787933440673
1.1223072960937184
12.94772071385135
1.6168944725842684
2.810762235309913
0.3698403586346128
0.7351829169006732
1.1967033509450389
0.6239363746643444
0.14365974918019087
0.5742066393790791
2.16558480698978
2.787299359443874
1.9818628346810185
2.4939888208712095
5.527629498596049
6.537701837056608
0.19867204963351207
0.44405087930945736
0.8759891614894179
3.2894467372325358
1.113148539783071
2.153291176323724
0.4114618376205022
0.09946386941937782
0.3978095017333998
0.9792573377221218
0.6278480968440889
1.2426804667591254
4.855488609634124
2.412879517286549
2.081350845124795
3.332845241340898
11.919237083830875
0.4417527248972767
2.8158129368474993
0.9008865076752683
2.544850373518362
2.4051604649440304
0.7079955149109799
0.3545776078598782
0.6596179775075721
4.345329864372313
1.223703567566367
0.9829944450035412
0.3505785573982493
6.0311024979973995
0.7689788110200728
2.4531704088462862
0.7205659615704606
1.814684685215009
2.137537991983623
5.792732488554755
1.6943997867288543
15.399848493443825
2.3750762952927187
1.6371203486381833
0.04927432228817548
4.4939357606533035
0.5323362536285614
5.834324602451388
17.297019125235956
9.373992058178015
50.12627753788484
6.36169786958004
1.4113359037968392
5.764529259600499
1.0522453950481403
10.600898254533405
0.08042331570067968
2.587047143082289
1.8243844707392614
1.966210368383433
1.0844544418461768
1.6129042446871003
0.822374099419839
1.7477439070507081
0.9410134260509625
0.5011297372413773
0.7910318876657766
0.3794529006959498
0.6797226669863776
2.231091745575373
0.3963073303585235
0.21459959279657898
2.9413755895876896
0.7459601119907028
5.730858209161006
0.5684413099284263
7.707621192548296
0.552181288100297
0.9808445805322382
0.6224792375595075
0.33268662723947656
3.3318930123570207
0.6933282534097546
3.188248464359386
0.50189428475032
0.4871661610906052
1.3544138407668658
1.5694287037682242
1.5700731260623224
1.4886615143309494
0.35466613119874596
1.6341712551740164
8.271127718257336
1.3814610173410078
0.4328472541065933
1.3640083546208173
0.5463011712344069
