749
318
1068
944
857
856
443
812
891
776
726
815
715
922
763
953
806
814
819
849
1072
768
898
830
728
501
1077
702
843
1172
813
531
803
1000
829
829
1103
847
676
680
766
559
859
756
739
826
412
902
720
535
1045
770
1175
833
1147
936
659
841
664
766
518
939
1324
888
774
1054
737
859
1000
794
779
806
880
699
823
759
642
914
849
859
1043
575
789
818
821
850
826
264
925
920
968
858
812
1033
739
68
712
868
71
680
886
654
921
849
905
815
972
931
533
565
398
840
785
1070
1225
1289
776
667
735
994
513
874
796
872
672
734
684
600
781
685
1203
1162
846
690
1073
807
993
602
960
524
801
913
650
914
839
1103
743
810
819
834
797
1106
844
661
1038
1055
989
671
930
1008
775
835
497
765
829
797
1042
935
671
772
1074
755
1061
255
1010
706
687
796
879
1470
411
734
793
959
800
1179
660
681
847
860
948
1045
675
798
742
874
734
741
820
632
771
756
456
847
1096
761
1167
707
811
697
788
587
1066
915
590
533
820
822
717
894
449
882
690
702
930
762
724
839
1146
966
101
764
684
1046
811
778
847
1121
978
1037
734
1164
854
990
796
1007
660
825
341
563
877
750
997
1234
1082
757
844
776
774
1015
853
915
803
770
958
964
781
730
1090
927
893
762
840
742
1041
750
61
787
1136
372
754
732
810
750
767
656
725
831
1072
118
772
146
601
846
792
713
752
775
941
744
665
841
733
727
686
363
743
516
814
1106
951
668
807
592
657
876
758
849
839
99
1152
870
805
820
1036
916
156
775
1055
808
749
615
724
652
684
734
943
833
834
913
959
843
782
670
612
800
820
1019
961
1076
654
755
735
838
679
574
1012
874
754
1047
786
1026
569
344
802
834
915
895
789
819
794
680
728
677
905
1058
920
639
928
577
796
405
618
531
783
1046
906
646
946
692
897
797
1054
600
901
860
822
864
586
1024
1008
644
1145
833
619
939
703
762
1062
750
1140
895
1040
823
1152
857
831
437
1013
567
829
1107
744
803
809
868
1012
1017
843
527
1025
119
665
703
867
649
716
673
1175
447
812
802
798
187
761
850
454
1145
701
486
902
1075
659
1038
754
986
1060
894
1240
90
635
755
683
518
1041
754
856
794
934
951
939
72
383
617
774
831
811
1129
980
793
105
929
1045
640
624
614
1075
493
966
121
793
475
781
820
839
853
767
642
1067
593
844
1465
566
534
898
647
895
803
1049
764
884
955
694
895
845
827
723
784
78
280
690
757
544
785
653
991
624
900
691
1108
753
1106
744
887
805
898
786
755
1095
871
783
1035
526
772
846
675
904
870
656
1155
703
572
734
703
782
842
607
938
1012
688
786
909
781
880
848
104
941
755
521
1113
796
695
623
789
572
477
687
724
952
884
636
715
936
901
1193
638
756
861
791
775
1093
874
996
851
670
796
688
854
769
848
807
1016
918
540
785
504
826
874
709
976
752
749
884
70
757
678
1051
836
802
695
711
837
1416
887
862
520
827
819
1191
840
1062
829
1031
666
649
111
855
913
446
754
560
764
978
613
671
664
1114
645
891
894
755
222
938
732
1053
780
730
933
747
981
678
732
815
792
810
539
694
785
878
886
908
817
754
760
809
614
745
914
772
1069
838
789
766
842
845
832
1167
919
1114
446
661
699
785
841
988
917
935
841
843
566
665
807
824
689
663
795
722
290
773
856
729
847
550
1098
904
1014
1061
1053
1531
793
717
807
1012
873
862
974
701
755
692
855
840
248
766
943
758
941
862
973
734
932
846
929
616
583
825
582
616
796
885
1000
898
617
790
758
558
740
851
706
715
786
482
673
1098
865
1067
648
865
865
798
632
864
802
768
753
766
799
910
789
775
915
749
278
846
632
1180
597
874
288
674
831
1225
135
434
824
997
102
517
578
1031
651
953
569
763
89
765
866
934
795
1106
904
870
618
776
1068
817
737
1091
831
787
683
1112
811
689
478
802
676
977
1171
1208
735
812
1192
901
775
690
648
927
404
976
650
818
78
794
826
672
840
916
606
49
65
868
1057
894
544
744
764
901
367
567
646
779
756
978
759
536
823
1090
1037
838
907
674
670
817
909
701
607
649
754
803
843
758
753
303
849
738
816
974
1025
362
620
969
762
1054
1046
807
717
896
767
1059
822
636
925
956
711
781
1086
1049
693
704
701
797
522
899
857
642
666
1053
988
826
849
643
705
972
757
868
875
703
952
791
939
812
134
535
763
654
722
753
805
811
763
295
434
412
757
816
968
998
697
939
748
807
772
727
721
976
755
720
938
523
135
779
806
598
503
965
87
688
113
846
779
822
471
609
775
839
817
698
884
1079
914
771
815
801
739
777
839
898
866
776
377
157
1097
757
740
776
881
778
1157
797
858
