0.2063439566268702
0.26497384888006204
0.20796848047822422
0.24918600136834287
0.24006369880851725
0.10929084259229092
0.1021235006368571
0.06742990818504982
0.11365441889776125
0.23655671349259044
0.15381656747528558
0.21004782846226747
0.14045938858320667
0.1418764662009098
0.0572464252993989
0.16346686161619556
0.09337275584815614
0.13784779391261062
0.12070407536085717
0.12935507210906372
0.17445482653573918
0.09348385882152642
0.2340404941992463
0.25189100602972947
0.19115735814370743
0.1658947453394097
0.13392327154854575
0.08064865914476316
0.025917364885424427
0.09906015749490378
0.2038220674796801
0.1599323233353414
0.05992022410684506
0.1544404729841935
0.15450483031608991
0.1554342709840784
0.06819929999817183
0.10437067163712557
0.09502723044237045
0.12189403674047995
0.2829276630843193
0.17608121160738846
0.041457935251048406
0.22281397138232184
0.1986363846572394
0.09360336407986442
0.14528068161430627
0.17274557284447556
0.11537681706037708
0.3234309137064232
0.09780738082263168
0.11847912109134694
0.17851115413969088
0.17733826478614118
0.19599291946106534
0.11347824095412716
0.1810352920945532
0.19849357414590876
0.10163831672494353
0.17201022675530972
0.1428115624032252
0.20386378208450126
0.1353630047631679
0.12162637359714339
0.11545981422485044
0.1212159462781999
0.13307532248090467
0.140700833519938
0.19032375143885347
0.1383432892514529
0.08645301589100002
0.0708313683749962
0.08723375406204478
0.1237685709997154
0.10248497749427364
0.058019536329834864
0.06118216153271283
0.2136392376807746
0.1108586452449763
0.08219324195189542
0.054648719646741464
0.07583561849447792
0.12250888298030979
0.07705224668346303
0.16593634143847388
0.14196894293054077
0.16329595527718338
0.063385411497246
0.1103229036869517
0.07109558297401665
0.07602360353348318
0.11362466149191662
0.17583727196216611
0.1057955760030725
0.13149930171956858
0.05282784250766876
0.1578433327240939
0.08834657140153147
0.18920221158135406
0.3226194403162935
0.057886536784733156
0.08914377947528085
0.026613289658873246
0.12169351918107396
0.1346736107071904
0.13220522133323778
0.12197572767907014
0.2796238331923427
0.09065396033049967
0.13203417192075817
0.08323594000538814
0.16728351826445845
0.2359559132109201
0.29507778384227584
0.08642433902115164
0.11141193081579548
0.1190169090102619
0.1114089169438449
0.12581288748972586
0.10932568462524617
0.10291426109421108
0.14947206741878755
0.17808427739589705
0.137364754062573
0.15404199550099895
0.05521119404988651
0.10564481252315504
0.09588143084487921
0.1566476640645315
0.062425127073308245
0.10971454355596537
0.16693556964535036
0.23872910550381485
0.10041858387710816
0.2718460694371376
0.05078376116847382
0.13171213119263156
0.18522493793823658
0.13652152184804092
0.16333751191225954
0.13455468454072303
0.07986581738337732
0.10536667741015178
0.13960500475495952
0.12182300032286356
0.04620984264885697
0.09890083138921432
0.19553475812889776
0.10787292440206142
0.1512961157741349
0.10426858642676921
0.14681560767178392
0.10392477343435354
0.15979028700075648
0.1473498663277479
0.07056574085048391
0.2788266907018923
0.133820502140894
0.04782473338967605
0.12463706988105795
0.1293847577319166
0.2538195538797585
0.13095009680701208
0.04715738866514584
0.06177993409528142
0.11985661005136197
0.28574335790760924
0.2105056660836678
0.07412721272834358
0.2591520371904269
0.10460261656770942
0.14139851801862519
0.13866192501103872
0.05344623964423209
0.13760142494439848
0.06354199311152607
0.08853451205852089
0.08454618494924993
0.16091437299910602
0.07517290035439789
0.31967767180306383
0.1984950308674237
0.23075385453325958
0.06911456326903709
0.17623734987946066
0.0750037936991028
0.10688605538748962
0.13604897958204756
0.11680334375893943
0.13084402621334718
0.22588152150709256
0.15470931756870485
0.13336760207787426
0.21119990014100365
0.13992410922435036
0.09293705628059613
0.20991840404611825
0.19358568115017805
0.30853300595312566
0.07111516796536804
0.06046412009865633
0.07646865807293005
0.16028345375763384
0.337892515180405
0.09761087149090625
0.23456790574637842
0.13004149998274847
0.24868235299071106
0.05051831562483028
0.2718586415025113
0.14567210361814933
0.2392698177613208
0.11308695580762383
0.2406343545632454
0.10849273252328437
0.14743828081584945
0.14092027147573669
0.114542243507324
0.3262163623071237
0.16779508021592168
0.16953230786411497
0.26805100029262335
0.1392677954404983
0.14250918764514484
0.10336882543544104
0.049148033666087686
0.04271322069766016
0.09147623065322939
0.05610326064372631
0.13703663851481632
0.0945375067045384
0.20253294481760345
0.22689154274885442
0.16699027872553962
0.0720722385810015
0.10156852629880801
0.05603504854343771
0.09946984745460519
0.1498411897879927
0.052380730366481366
0.18944391839053001
0.05768656958624551
0.1728355495920387
0.14082461660347148
0.1310299407715449
0.18937490262196516
0.1498166307436301
0.04906057239367835
0.10312072128571421
0.15395159008317652
0.14021760877693895
0.12969226076518978
0.26341146847584757
0.14495598598872453
0.16044213956529785
0.08320480315716286
0.10689124385478879
0.20011480283510263
0.1468613672232183
0.18234379356193828
0.09940821864748424
0.06477037449865004
0.25465351603273023
0.08319213415698953
0.10503040330690915
0.11042888213124445
0.11769933695738087
0.11062551486147636
0.08806939969612743
0.06623528646767389
0.08497416827852548
0.09295409396516692
0.18172123214132527
0.08293912904178395
0.17043614672518903
0.12419905962504027
0.21357491650762847
0.10814699898498646
0.14066001040962464
0.06294800443904426
0.06912181575735331
0.3204423687040889
0.08187175251555207
0.26730208695427926
0.07186223741426069
0.11235020599852022
0.16497239882160725
0.14010305847477592
0.11233779783365025
0.053073427069275196
0.08685780916878974
0.27742524763179893
0.11623705585802609
0.06350274483232352
0.12526827668861046
0.20103560013469418
0.18695144628615445
0.10121405184720006
0.06056526699440156
0.1462622035545401
0.12708103343974841
0.11466913279499187
0.13926046608876008
0.20565752074992316
0.269889820433449
0.0609711920755767
0.2440042566788846
0.10775746458152166
0.12817394692796708
0.1310682587844013
0.15891046720242155
0.055449127767210504
0.11870235294697
0.13305591571915426
0.12915349876787618
0.11764348891873887
0.10473037003983042
0.2157663707866161
0.11018601236533064
0.14363229009247358
0.13845439196269407
0.15513154830099782
0.08732374461866876
0.164806012342511
0.062474069095524845
0.09618442051054069
0.07076734090046202
0.10410537558770222
0.05416015723028606
0.13447547723094988
0.13313525581299407
0.30001430670463947
0.09710786326050103
0.23457186929718885
0.07620196726158136
0.12960323470050808
0.2865352117793923
0.13859809576949964
0.037501091880796485
0.056118495492720834
0.12002454674422136
0.20776702958692053
0.12144447645890392
0.24964823707645142
0.10129005369819412
0.2251280424052115
0.08138781340602975
0.19401335603827122
0.12342878879144453
0.1851235024419588
0.2139421924566173
0.0839201813523247
0.1033732859644909
0.12737300600820306
0.14199130260979648
0.08337261695628116
0.17009603965463113
0.2224865720759599
0.09968535358458473
0.2374509167987054
0.11578651150037017
0.09364934582635343
0.055240164185991605
0.03777101338082377
0.13844459030938785
0.16338852896204123
0.20622562774736666
0.1378429515823724
0.07062375126895788
0.09571291157299243
0.03722643073966091
0.2453857912268216
0.07238792818963277
0.11764766309633586
0.1220126535975446
0.08762740080511223
0.2395748775458379
0.1511146491162829
0.14650624987828284
0.23453729758211955
0.12171374264216035
0.07201135103741658
0.10487034276810438
0.1917490180001969
0.2596281174556251
0.07477896318080711
0.20897513767339546
0.17460735634182795
0.1026580789092903
0.14428189422619614
0.19844838846543467
0.13369759362495587
0.19806429734950995
0.0594039838678236
0.07447298729926585
0.13255158852607224
0.1544393500598671
0.10452242283023573
0.31814731129488577
0.1971517904917144
0.1097405927840122
0.12524540441012008
0.10423867718350459
0.13131414396476396
0.03973691646544072
0.11275056484217426
0.087808056290696
0.09983943747870196
0.06664416960025855
0.10932486172500988
0.2619406052987471
0.1548765235312954
0.29280607240069767
0.12708754665300498
0.12544594088061783
0.08366154109459345
0.1337868692679359
0.15662317209535923
0.19422620497318072
0.18908359251775012
0.2024008631385011
0.24753298420551
0.19692674067986818
0.10278996416753303
0.11622577899102203
0.05044835637084237
0.13016233101576108
0.11483766430097521
0.11202066206701387
0.12093869567838457
0.25578444695200137
0.1817820596330854
0.054068048143258586
0.30781175931643545
0.2472621177294254
0.06668133748640602
0.1169147820481074
0.2862535816760711
0.08467015742930929
0.08875094452251017
0.055592457429621836
0.10231427783604614
0.10477030101132635
0.22521913554947948
0.21714931103779944
0.0818431179903924
0.22120924117438726
0.13832520761312267
0.07528043335588688
0.24374908137400614
0.1697376197597007
0.14950231026372188
0.2663572808536886
0.21520755525517565
0.08787380385670035
0.08465127827686843
0.06845488528018402
0.2013146617441185
0.15165563472174404
0.08205468306441607
0.11857390401260141
0.19279568486672372
0.07209277739120026
0.1688212193242913
0.1822403151750863
0.07492704546697548
0.0981266035720974
0.1763711152174797
0.11005139056150579
0.0996143254293548
0.1195293898419352
0.15884428033956602
0.26730539954897636
0.14454564732528405
0.13388330724199798
0.1471559502396814
0.16628411746057795
0.13009262556322135
0.08226351285783787
0.11690578483422595
0.11806754466033036
0.2721785161352812
0.08104025278870508
0.0792915694705071
0.12783758156757088
0.12597830738735097
0.09960207281890358
0.11514904249754408
0.08799304007361457
0.0992415833507608
0.08633212888528027
0.07541980470470648
0.1729064003899231
0.16663592045926692
0.23851647621030944
0.06971709453314985
0.08903355938648012
0.07456847209194917
0.24284397297995858
0.08463450969611683
0.11465372730426623
0.12201633100329033
0.17953083392712818
0.12305015133616046
0.09737739835973142
0.21305192837200676
0.22110986336853952
0.12018643558298704
0.11157579886482363
0.15401683471171704
0.1784458874677008
0.1368243163047715
0.09729036600340646
0.22834326837520716
0.300362559578023
0.19631013859017776
0.10952041075895755
0.26091304534472165
0.1627262383239865
0.27041503617182583
0.09353791867908669
0.1586392338109378
0.0511265843066115
0.03527405990344236
0.26273320661495597
0.22563789167257628
0.12053864970989485
0.06776567299720582
0.05887830124359711
0.12004239318085493
0.09327094493638079
0.155542669399556
0.20227978744171551
0.21721263398978644
0.05776118180425822
0.2071444569756687
0.06751678311246595
0.11150482889340062
0.08560373136274797
0.2828542465250794
0.14366238113962576
0.2353372585403844
0.12054067903159671
0.20780080717418176
0.10361254627059951
0.14824500255259299
0.14001941353973968
0.26382730384998715
0.31781929943123993
0.1496562020966903
0.09723248199743839
0.19120485084581773
0.15356324990417922
0.2147407312269413
0.0934174181872099
0.18539267177379015
0.13654667623984768
0.08879001204664451
0.08894582552264797
0.15989972970709598
0.10197978472630553
0.05327686778313817
0.06051971029326065
0.11005592722968562
0.05362459458218765
0.0595004840316754
0.10167225375662074
0.027519261747297952
0.0838040033098109
0.11420972287683119
0.183815127578577
0.13449526809710002
0.12390697373941822
0.14768940313878157
0.15642996812813065
0.19156916779746183
0.14318843870329181
0.14183962148031304
0.12052717970077786
0.13494279694902192
0.06324866210351011
0.07983221008891478
0.24920487245978418
0.057892764191902646
0.11523801384190516
0.030696708587866193
0.14370502791970408
0.07901041664785477
0.2494292565234408
0.18683269989729906
0.09319313209299473
0.20619377350841278
0.0985126355064239
0.19692588021731589
0.10340804294852633
0.10227022026980759
0.1304209288711396
0.15578991653215865
0.1308495708504759
0.050256143157930776
0.12790348837102042
0.30373736889209335
0.11193947159999518
0.0789884511357447
0.11922435365870201
0.07829006509986756
0.14461151107666279
0.13968498903397764
0.14504637098568973
0.05697113724680298
0.1133783573127315
0.15830739805185537
0.10392220974953309
0.1996723996403872
0.1435245836903951
0.07229349268872814
0.10867438561715075
0.16320363448921507
0.14489056647656806
0.30225935795188086
0.13227537218986848
0.08642773131627447
0.131185832711715
0.16713672647506872
0.16744823498058195
0.15327428702118928
0.08982041675109402
0.0904129537974339
0.1610809743666112
0.13250501006994458
0.16428781345481677
0.0832701358285801
0.12187855154488947
0.14679072387568703
0.16382508125423206
0.06234274045914522
0.15270487237454955
0.06023308222616166
0.07000642704925374
0.0901973403741062
0.14051208438324633
0.17029525484290028
0.10582356843626187
0.16897194930907145
0.26463763373843024
0.0959379602154242
0.3819920929633691
0.16523144928096917
0.23689872539450074
0.08161446751145951
0.23252869394770878
0.08821283617685434
0.10966616349183289
0.07384269385187962
0.3096935220741477
0.2031766009069816
0.2377534275849471
0.09055870942507183
0.1567387609652328
0.12421924618936524
0.06255638085716557
0.1378501559757081
0.1253227031042774
0.1451000229474235
0.298608739866715
0.07925246616441212
0.09246717743165225
0.11347075833470296
0.057534846776903084
0.23063130416264896
0.1296302017804543
0.0706470474075039
0.1151979492324917
0.0800518222025138
0.11019718115594487
0.09908437113156329
0.1140872615302788
0.06829835406855309
0.21809297248180812
0.090615625634454
0.1044440014723178
0.09629668558554715
0.084026329051262
0.1432121520083089
0.11433581124982391
0.24386161050905172
0.11180240166223057
0.1261533441134068
0.10027327015748248
0.07202485167213263
0.14774252020666714
0.24638066466972713
0.11513905788119995
0.11461554254613832
0.1529720180806831
0.15183389448649556
0.15382368512127176
0.16142973151733925
0.2034247243865844
0.06781069224429452
0.24249502474946016
0.10189322778974454
0.08808069033973862
0.17806926599145034
0.14688903900609032
0.10387534889505723
0.1340926236983392
0.145659466994408
0.23606328223051443
0.22268262516053547
0.15906440392490462
0.12750291758815765
0.13793968795618258
0.15066978916765417
0.11685103845045368
0.06762287171856896
0.1438076255056154
0.16235572535783468
0.12402306768479684
0.10963640024941221
0.0487091535746199
0.31946369683329495
0.08967884863513648
0.07365765971116972
0.2407945877344795
0.16872460078199364
0.1458893029325243
0.10403345511784005
0.16501793412849755
0.19662193662992863
0.10941029437659197
0.14925598639757737
0.14465050808482216
0.10084258545306027
0.09057059409773967
0.13389462320374274
0.08272775323600151
0.2988051423089253
0.06684352759289848
0.28399102885213595
0.17116882462254163
0.0673254601898001
0.07784212921354118
0.10591006010550266
0.16097708317730228
0.19353009044423627
0.13780034400954327
0.08632116963518005
0.08887720362770384
0.13903717582757608
0.09386230315056389
0.06793650921237526
0.14396027479283138
0.17292373607062583
0.13176532863335955
0.1446633785775726
0.17951485222842525
0.23520937521658067
0.12603584625511513
0.07946819498201892
0.09322411421583109
0.17020411708522978
0.09861295566218331
0.26861970540368035
0.09484642158529202
0.1819165809022658
0.1319414114568895
0.1387738450544627
0.11159131201380339
0.09213381208479825
0.06781009132682506
0.09821468708653856
0.06858657303951544
0.18279727588326547
0.16602742951233462
0.22716864706513773
0.08158215876162075
0.13453708751288482
0.12126504305018752
0.059345820145902894
0.09293653763195116
0.19017936439620067
0.08192820219244146
0.18823079098458212
0.07428322319747606
0.22189869896056724
0.06616628358572285
0.14666667707457226
0.11479706866530184
0.20860355377200815
0.09036872605029837
0.2226804633132869
0.10078878059708814
0.18632850154905914
0.12541793698966855
0.30967634476929823
0.08883102012143482
0.16460664942342323
0.24086714824581654
0.1620990496093917
0.1480343486958832
0.22433597834644545
0.09957827054645307
0.2758494805366422
0.13770361135327172
0.1558879062830291
0.1637452322016541
0.18226128480751952
0.09026412531664534
0.11170267733864567
0.12001501452834784
0.18570468311776123
0.12141603152757978
0.11138637935195424
0.13303932836185559
0.09881722050571122
0.20009438243643704
0.21994101554491888
0.11942735587276622
0.09563015414389772
0.10006051057938255
0.21007240516239775
0.07603986943533268
0.12639596261114158
0.07262409498462492
0.2675009189844223
0.29437022767754234
0.16595404007135944
0.08258699904773306
0.09056094158766838
0.11131789248910441
0.08796113478171654
0.14861312332988855
0.14076062539316886
0.11828753012824562
0.16185542088751356
0.1826391273862261
0.1731662566051394
0.3186907048550818
0.13594991845223503
0.09431447106154354
0.21665307452374216
0.11546601382138424
0.18853089555405125
0.07757010456029019
0.14558078276795267
0.21839030210127972
0.06828668492624095
0.0452975916619549
0.09708177903698904
0.07348917262218459
0.19044057239247278
0.23261491839188944
0.14763972152461524
0.056495072169134936
0.1244795676349559
0.07375512222410742
0.2536350575176574
0.13360848707544434
0.11828434541428169
0.17204473182420396
0.11696676809282217
0.18565320587109144
0.2335443207466312
0.05964613708597266
0.17180131539735807
0.07012685356830882
0.11999608537637932
0.09805724247684229
0.0923345056201106
0.0651950711197427
0.25413014597797445
0.21909088827651127
0.06739757896308073
0.2540136861907784
0.12586937925810399
0.0611895273233541
0.10042539261350096
0.0764082204338254
0.3159173834221893
0.030545362072749715
0.06531307007093058
0.17776914259016344
0.12257225434932917
0.22226772399912495
0.263209019005416
0.21808021844787961
0.07457857990917628
0.04653904868679075
0.10286178514987838
0.07355135048472258
0.08464459405235517
0.207653399259133
0.14208065947895265
0.07966191389465326
0.0836941225325729
0.09530908741288195
0.10208434395510349
0.11785977886571984
0.12427769961775313
0.17086446387229676
0.17416406548047653
0.1874141366414117
0.0950038284572925
0.06709414379716314
0.11725693315164351
0.12922268415461782
0.13852865912383186
0.12885657553333188
0.3020491457933617
0.10201544770918564
0.07763594932603565
0.13843649983370818
0.27782940910380893
0.15385736525064472
0.18279319967568947
0.07884672614609296
0.0881400631910723
0.073441319725723
0.08144794853464286
0.18072465631107895
0.15474157075098263
0.16419380394761002
0.17591442699330131
0.18348233980350112
0.10783057017074307
0.15087313940483812
0.21670639288514648
0.08226557411367069
0.1473536462468476
0.08820493551735785
0.16263327386972595
0.07436194548426438
0.1891786940273028
0.18447166623802558
0.06558722910077665
0.22397156289748713
0.10201611319779129
0.06790970511943908
0.07794345823016346
0.0582044265013063
0.06386269503254777
0.24330326630091287
0.06660063275481183
0.10695887829132111
0.1158799691876903
0.04794647980110031
0.09833805376121493
0.11399421191652517
0.18909952543607325
0.13550545090758268
0.06376489707771957
0.07236411812864892
0.18424686101186627
0.15642936633791865
0.16139384865645756
0.09129748702878378
0.15881627841401416
0.11565923531650892
0.1347152174942351
0.09901414140032637
0.07542647864136344
0.23232861519491643
0.17016398250488463
0.12777113696261183
0.15169852028559724
0.1391613142395871
0.16996496747244602
0.08807867594822759
0.2379225004662687
0.0949721181573895
0.17271969177750068
0.1588010691570767
0.06900312061694197
0.25175969609977805
0.10728526763964744
0.1432351929387891
0.1559580710046102
0.19075354471403275
0.12848447804340643
0.27988337997391616
0.036329407098767204
0.07674704444712284
0.20191877652097348
0.14208453482463843
0.1461025697833824
0.1375276639922274
0.06028937830664387
0.16053748526709877
0.09336781678214606
0.09190432570612539
0.20517683740564532
0.13792418944506094
0.10329393840803139
0.0990877798864129
0.17167173886929443
0.12484391397493112
0.13965423433849125
0.13873801742448522
0.1264251956599363
