0.19622741684107275
0.9243285301563765
0.3468543458508055
0.6182215225240056
0.9518934571824823
0.8056738323338115
0.6673539186833392
0.915817958351259
0.7912906699382468
0.8517442234987813
0.9835536454303673
0.7992188918816653
0.8003682076701648
0.612388316105104
0.8153310077288942
0.8239275789649112
0.9497056858439559
0.3155689738464893
0.7952424083117664
0.6989960662823491
0.30377486147321187
0.4070418988664408
0.9521580807015844
0.5122169372975282
0.49099214802925667
0.8176171140071137
0.8098739872601962
0.8094358067510113
0.3443510884428223
0.7210948548752282
0.5998848391740166
0.4626988965374246
0.7117061063689211
0.7408078574313536
0.22720670045311667
0.9053682343576197
0.5595650036047737
0.835203612465955
0.7651836255503021
0.9655584575116594
0.7236890039250533
0.8115545648236948
0.3105226525410237
0.7149820725266138
0.9453468826838368
0.5134813146743125
0.33290743798826294
0.3521048508707586
0.5950300836561412
0.7485349444735782
0.4905528272700246
0.7783339172715109
0.9573133131065767
0.9076752227104025
0.8760479419375129
0.7833060306018362
0.8251966599391887
0.9094595748435378
0.6102040083460827
0.7624064416219036
0.9364576586210911
0.8329249662429142
0.3273443201811901
0.1803770910374554
0.6158648631358636
0.827022578419782
0.5716662156245093
0.8956147760530032
0.8008583427161132
0.7740231520781494
0.8987272256483476
0.7514066249701163
0.5563940866417497
0.7009435654163273
0.12984909457124394
0.8004670071433374
0.7829818822024818
0.746113618487887
0.8841580097827648
0.8008080639859337
0.9103794731333867
0.32891629945297646
0.7801632014669558
0.8723638871603259
0.889136819943542
0.5091522047726164
0.7747542866805672
0.7382350205232215
0.8373273480056559
0.536796149774587
0.6665062104778976
0.8939340086925581
0.3610121113930646
0.9344688775591711
0.9207096321026071
0.8459927814001489
0.7226867882866714
0.7691664321884987
0.9562441799355291
0.5258632180811775
0.9352329905479692
0.814857986073676
0.9447679557216431
0.8752411702962181
0.8858918601876774
0.6048559473993816
0.8611187519015243
0.48093667668357115
0.804804856105936
0.9034405898394592
0.6345488781057033
0.9108311334722948
0.41516379350030463
0.7969576590615782
0.6653747135879325
0.9192540779212868
0.9447217316645424
0.4324700645006607
0.8624640230942544
0.7521667534767323
0.8913163968858614
0.7848311153217397
0.5970755104517521
0.9215379746930693
0.8804372600472734
0.5973233020704639
0.9180015855969191
0.7372504948233588
0.7217972080851767
0.6835836157485421
0.3668626621023352
0.7903719967665129
0.8784906832435058
0.6064091243887658
0.6372544766488282
0.8363021523622727
0.5779727871533528
0.19521003088974834
0.905325250936511
0.9583583791112347
0.7649591451093721
0.8598866325146752
0.7453323138095217
0.5148054940236715
0.8912231228094126
0.8729238923897413
0.93956575524916
0.5876895834585963
0.527378538282247
0.37142451284679345
0.38856762241349774
0.8775205486263353
0.6993910120233047
0.6582568311029693
0.8135872559822563
0.9453658795985181
0.4711785258652378
0.9138412572917992
0.6426940885651781
0.8396206948371747
0.7733967924458665
0.6113559955128368
0.9752844073910955
0.8991885911988378
0.9062984364793524
0.7851302737888585
0.47637773304973535
0.7587422120721006
0.9482049132645687
0.5635751085250862
0.8484975070411196
0.7573600324114038
0.4510951631241209
0.9265127857063603
0.8977692875119255
0.4237791752700628
0.9229726252479137
0.7018459951967279
0.659661075483058
0.7457861185169854
0.8951874687461384
0.31410620469927536
0.8541543111657164
0.9710094465464427
0.7071784657957648
0.915288502334231
0.5978584660992049
0.5381765740217047
0.27195056804692663
0.281641889911258
0.8184951501893583
0.7587924930039693
0.7971366150396456
0.7697054761018758
0.8530451679213962
0.8965645260029061
0.4830768027586564
0.5780775094139566
0.534396160482744
0.9530746200632125
0.875020671519319
0.7986436743988539
0.8757576284708688
0.8225378567774138
0.9248839522974045
0.8800354341370383
0.6215574465467404
0.6317286986816597
0.8762723239266886
0.47704599455822355
0.8750815686607089
0.43306419062675133
0.5529672665280546
0.2124070188824014
0.9052735839752353
0.24179299574238863
0.7847284247276102
0.8665955362125561
0.5191234276207851
0.7614672173783176
0.548643552064232
0.6755829152202859
0.7702789129389294
0.7189652464873596
0.1861874178128912
0.9361144554344573
0.3416453019452467
0.8009316094973981
0.33385146279821215
0.884596557744475
0.8794396416230549
0.7714593559543329
0.671566440019887
0.8782521594544577
0.4882458122620191
0.7806947964656088
0.9011995616705719
0.9006724692480766
0.9190959503210645
0.8352675762309913
0.9235996936652348
0.8294288660111274
0.8765048449432868
0.5112262690891534
0.8374528993122207
0.17250324786435647
0.5815432400425143
0.8570701549389933
0.848808667207791
0.34896988637960075
0.847459401855211
0.8708606464903585
0.3750401579575674
0.8755184210025052
0.47596392722882785
0.7233776685677119
0.9298328854503553
0.36358209734136177
0.7266701121898852
0.442114533571467
0.7846328926827194
0.4901843641671556
0.2137160197936795
0.9285642016597084
0.8160499178015669
0.5795088734192655
0.9001756612439886
0.8965661815847051
0.7708276457172947
0.24528938614080628
0.5240884671434947
0.41696930052667375
0.2774041477190445
0.9306117255801428
0.5339657762000061
0.8372557800145022
0.4128407885785864
0.21764068191963576
0.4814104058826477
0.2507359906200889
0.765196123111397
0.4303869766344285
0.25854211211579337
0.9156181424486541
0.6446065547880323
0.9317349166385751
0.7198140727801368
0.7502035518368748
0.36932853127184917
0.9259670804480948
0.7834770868239983
0.6601884366192201
0.7604101144408104
0.8020879818767025
0.2749968543312072
0.5216126619137682
0.8903398330294306
0.8939392693339707
0.794806189308598
0.923657941934814
0.6701908872829179
0.44384956156502975
0.7867270717339614
0.2905839789010705
0.8795044332664845
0.6074970262661104
0.30233879040252043
0.695760143951599
0.8513458515233904
0.9190178152174062
0.8848157649946189
0.6011475909190218
0.8684895387900263
0.7387733195577324
0.7732230283459971
0.5366546417580192
0.5689236661322352
0.8905053549081945
0.7402918296002732
0.48047624565272684
0.7416078379988527
0.6075571758025289
0.8691224414880098
0.8177488377306336
0.8699314985608955
0.8788558631143379
0.5070886334710576
0.6923742944989455
0.7575292944701623
0.9053275539007637
0.7425745575015561
0.5109761688294354
0.6099296896405422
0.707421142955229
0.8315532500420966
0.6900385734510286
0.30476310089718905
0.27542576552459025
0.5918688687290852
0.6831132540814039
0.9254756901662866
0.8272498651862072
0.6874385811524797
0.7448313747234883
0.3094984916714935
0.8023547308864408
0.5132759624301576
0.2552908284205265
0.8792463666478733
0.8822492467709674
0.8780673905334607
0.588498506082066
0.5997273395965306
0.7196880046702354
0.7590847190096567
0.8027587456366118
0.8608991431440359
0.9667627153393757
0.874023605056999
0.9080819419532096
0.765977777365766
0.7422288191345556
0.9335237339949674
0.7724230191775121
0.8402253132081141
0.8521733222635488
0.4661429397101212
0.5774265390331069
0.5273097528037698
0.662009841345194
0.8433908024755544
0.5686519993821277
0.2500645913415395
0.9343861189989106
0.9158868207282402
0.5403943950381745
0.7580659804813562
0.6223990632642452
0.8870196032109527
0.17718521665185982
0.8955353312082458
0.7950621555113893
0.6215576232526819
0.7749517443985822
0.8069695520701042
0.27320964293799554
0.814685863369513
0.7719689581094283
0.9053639521935612
0.46116113503336603
0.7134807112483327
0.5415041790722428
0.857767897895165
0.6065585935069846
0.8559685604205142
0.9358056994763659
0.3211473213693165
0.6930162777130775
0.9069945443489197
0.8783946242364798
0.6291281833369327
0.8033890690566325
0.8468759145731994
0.9274027274226307
0.7735353840909138
0.5325482962115475
0.9503364319100533
0.681185280420615
0.7998475186006359
0.8320684859442624
0.7231112108254758
0.6814056638861208
0.785594814439655
0.4167956462942684
0.1933971864152537
0.5165067185552434
0.7900904397835871
0.45387945320056944
0.8408805969219599
0.9108003406353118
0.700227587312606
0.4233092446768722
0.7472439965248578
0.8720860511837076
0.8310106975384275
0.773792500567087
0.8690351264682148
0.640084171674918
0.9142630166502699
0.7590586767002573
0.7363958585005745
0.46622124783134766
0.7681698742276818
0.2565620699069971
0.5653672823939274
0.7486530355880927
0.8783869507415835
0.6318827929921541
0.5380949451769708
0.7867477885681371
0.5384945236767498
0.8153822762981567
0.6532975353622186
0.44901971236091187
0.6210786652202619
0.30096630081193404
0.8443346511524789
0.9009542406038749
0.272223827220919
0.3608274826492975
0.7831401105377415
0.4377216701327221
0.9078012110443571
0.7860014902802067
0.7818667130154036
0.9703351672827952
0.8030174159482083
0.8979932837616108
0.8781770249144829
0.8583210245225379
0.5862661684720197
0.8982655171882895
0.9405392286588165
0.4562435886487692
0.7199247319944729
0.23615682341699018
0.6298804765850163
0.6984457742258393
0.705917450980701
0.9047232188155253
0.6415476429918656
0.8542841623763386
0.5055268957559717
0.6766588446163143
0.888500004537632
0.7983267976393922
0.5411179045689988
0.8791263773491532
0.6475317016767854
0.14412360509369884
0.9495595338615108
0.2915170760779627
0.8954438798511303
0.8335852047256823
0.7680143760650315
0.7076438600137279
0.643556440834346
0.5563890867589807
0.8631162627061966
0.28184804039903294
0.2788211621547461
0.7577236913956976
0.23293172009752436
0.8971750770089
0.9437070223008187
0.8411870476103237
0.8585308690147263
0.15183090413475922
0.8954917940371938
0.8443600869722494
0.5129010022341608
0.3751378146145054
0.7971977166826485
0.6451811681760691
0.2993189703782522
0.7558341124694514
0.9336994995353503
0.8988293054324987
0.6050844530817118
0.7639974672724099
0.5955041847800551
0.7869161327591295
0.776107512443387
0.8796581610044245
0.2569137827327451
0.7782704377320245
0.6993343116158489
0.9269439647841572
0.3418613740622214
0.8385922682381183
0.796687577812865
0.8730997597780955
0.6082199409534932
0.5726411048129015
0.9021958159737945
0.7317644851816048
0.7346838617774148
0.08949134425124533
0.7001980507726835
0.652015600119511
0.39993316105164906
0.8613355291071795
0.32801398462156367
0.5399931379111398
0.6214093589621669
0.8118215863138842
0.8238954937545784
0.37907467079564966
0.9226443267812673
0.8601520074167986
0.7786155369550275
0.8361516423748834
0.9130963074505992
0.656179517208359
0.8722185594224817
0.914251938205056
0.9465210466460893
0.9140950301578675
0.8445442828483088
0.7882588012252669
0.8907585812046324
0.8287563721379817
0.7701179336309715
0.6769425633104807
0.4445483081033542
0.2718075322680843
0.9176192742316411
0.8604471054122835
0.870747104957878
0.8989144881874976
0.9484516547838779
0.6979904532098753
0.8254436661600749
0.635164835437462
0.7002966394695836
0.6748481558488
0.8694110848910159
0.8477415370767691
0.9198450282749947
0.79564788450194
0.9050083826931652
0.9072745845704093
0.6709467183482174
0.9514558948345447
0.7738296071120723
0.8544620961061431
0.48928794025705546
0.8460191363955685
0.3900050947039629
0.7178598187830929
0.9086884790018467
0.5903357458156
0.2535661829648659
0.7722292030890948
0.4599865828775176
0.9346887411477077
0.7863898197150008
0.9362787002417202
0.8272730990154634
0.6907294565560033
0.961938538989786
0.9606328519574147
0.7123605396041294
0.2978434026175013
0.7339373976671231
0.9114961500747025
0.9426971670619323
0.746980272866539
0.6771205441420084
0.20979278008140786
0.9051641731011831
0.9179474846252927
0.8019274828380101
0.2929981092190622
0.8440340064226104
0.49999907064421967
0.8851069220335751
0.8552359693384379
0.671701287197101
0.9010563477539106
0.4425503170768334
0.9247062054528453
0.7138705221499188
0.7687259045069804
0.8225235532443728
0.6772796097876377
0.5013661781312552
0.7565400769442253
0.8563888508474724
0.6749418276807494
0.7289630695359416
0.8603183526261388
0.6540403859313867
0.9385443916224424
0.7561511944958216
0.8348940970178828
0.4033726553046124
0.7571985291343702
0.6405447472950744
0.32720806888433024
0.8518562152140218
0.9023778657146018
0.4216562602671167
0.9113171478310811
0.6416065079987765
0.789817840043923
0.9309025234129035
0.6220382574628166
0.9095682492877172
0.7587133621521683
0.8585007035742082
0.5123864403367254
0.8535472937444027
0.852335146124622
0.6274988718701101
0.6366299331720517
0.6166741749121489
0.5676168506970287
0.6007022178278753
0.8274485569760209
0.7439058755826339
0.6993825627990038
0.906044733634391
0.7376233660530612
0.7080171209003863
0.7780207874312356
0.8628909372890888
0.4921089684061465
0.9284501620007729
0.8906423668575987
0.8720218585574242
0.8947290937840838
0.7069278102604949
0.761746496923693
0.926329382886932
0.5831526670479991
0.9210040711559485
0.8515154263329239
0.7635388326683393
0.6207347073909351
0.5582262814248097
0.6756146136783263
0.9252836956647703
0.8870608047485179
0.9428673733457102
0.4581609768596449
0.8873333278596217
0.6850332436469804
0.7774849763222029
0.483216483320279
0.7168327336652168
0.8639996541525642
0.8421151566689536
0.9304460657116319
0.5361075556727061
0.4946514094090163
0.8089924513958495
0.7982739401442148
0.7900240310959808
0.9322763608221223
0.917453315652305
0.7796914826977539
0.776700507704614
0.782449452581516
0.061512362511299525
0.6800079856603395
0.49937693548070994
0.9248976061430346
0.9602803190449982
0.9544167469462964
0.3836891256624326
0.9505499633678511
0.8782547848545044
0.8117093215432641
0.46952277916409607
0.5879099403484281
0.933355464008331
0.6991932993590956
0.4978996400753432
0.28420396976989243
0.819901583061713
0.7842774521370866
0.469421178754946
0.7890629348634672
0.8296226174526307
0.8780563668252209
0.8489130806536258
0.2850580826383337
0.9262252451839069
0.8912677081349524
0.8401220697498797
0.36153704778394685
0.6300082046603067
0.595051170490446
0.39583345955842664
0.31591273687022053
0.8699260780127741
0.8609154744579118
0.9483780256928868
0.9059101812909381
0.1289287893763285
0.8115452609023639
0.5590338075510896
0.5963599236874731
0.5741513470173363
0.7929695128418672
0.8001961724669479
0.8896322385432112
0.34086292003176144
0.7829696393999545
0.9107866285024293
0.15071392525776006
0.7831146856326455
0.43205023173660534
0.9411482041513787
0.923738850573483
0.9337011442532883
0.8998894680332882
0.7454718656432382
0.5490694244352585
0.43121597366562264
0.7569457948354038
0.8314830658749961
0.822326708557942
0.8622736602065397
0.9140621711435664
0.47138607773094576
0.27534193519189476
0.9338656062633479
0.9174719136472917
0.2574738830848471
0.812219757922984
0.8424835299998377
0.9388239717704943
0.4413906312222955
0.8933997912050812
0.948030178692981
0.6943128349773657
0.7263644467240196
0.8017031250352479
0.7258698768755482
0.8803268365061805
0.8090687724561315
0.5567519412036951
0.8880012063036983
0.9128006923026009
0.8020487220571161
0.7605769368481596
0.727123260972465
0.826659739150778
0.7352611769370844
0.41945843358905055
0.8672894393126608
0.8070287367401725
0.8076321610984436
0.8731832739673221
0.5992493138970093
0.5973601170158414
0.9181080977949287
0.8768474811911547
0.8567301518037339
0.487571117978906
0.9420622145231891
0.9273172066435673
0.5935927428974265
0.6135326144011428
0.8132003278718755
0.8958372861133085
0.34098243056637123
0.7037648157483328
0.5622389576069682
0.828032702349875
0.19370440698043787
0.5974569730469212
0.8659174083373892
0.9488405007780579
0.5379726488668485
0.8869854066316442
0.9132566184482294
0.45374736232949553
0.33845269347550355
0.22727410369191936
0.3755284034266526
0.6885087332136072
0.959190857840178
0.8876838858992895
0.9415889175245176
0.46680669255759966
0.6614128621420415
0.6629931943420619
0.8339062810448654
0.23297337187608788
0.41727206082019414
0.870738993205496
0.8701274054199403
0.8717633054881587
0.2682619351926497
0.8701444805467115
0.8689080362165689
0.5544822372215381
0.6771890813538469
0.8393801014734269
0.6325765534192446
0.8767809011496825
0.9377839265969697
0.452460578640885
0.895895655272057
0.38391242800152486
0.8432088748500285
0.7009329900563596
0.8736473976549921
0.3493616981594564
0.3242863970267539
0.7483573840746512
0.8376173841416326
0.8234157038772656
0.34354489185159537
0.42710574895017933
0.7553712924133225
0.9521685154234485
0.7172232954888241
0.698863740849312
0.8936270428819768
0.2445634590133858
0.7359870215702229
0.9135662455430564
0.6802568700474153
0.848793945509604
0.915410399035709
0.41109574371183377
0.9355063531630298
0.8549070976630986
0.6102844858051839
0.7924756069101483
0.7280528768495812
0.8609789127779396
0.7761967235214386
0.9080789140314097
0.7093132237416224
0.9298780056398136
0.8968360856300128
0.881700039328478
0.5276309799735711
0.8464666437545102
0.9046405665009337
0.39660354144766263
0.857128949642447
0.6854767473808623
0.4690035676990187
0.7998065752084246
0.9361572499924427
0.8968855889286782
0.7105599658078687
0.9362745673583048
0.6292678441166683
0.8847659756929703
0.7144080917582709
0.24146575914255652
0.8917195593180732
0.8792022666011832
0.803123732810839
0.8496836666027011
0.8123422755040537
0.8340664853767841
0.5826960837888534
0.5665079123268935
0.6784907908333425
0.37815910512287926
0.8585266912866057
0.5881171007109381
0.7740980223354504
0.9293371114459182
0.7805706584412074
0.3564798125916109
0.7669791990167828
0.6098598965112342
0.8033362266379479
0.7975215577994254
0.9110945020539323
0.9431019228491682
0.8169552771901392
0.7192999369221669
0.8287838253528668
0.32170381941201465
0.990108736339211
0.8072024189675956
0.601099171296636
0.778634393148161
0.912861507113986
0.9356689015682229
0.920872206417554
0.7512374100048748
0.765794729388651
0.8595663274971452
0.5082400860578862
0.5548772374617317
0.3326507937789124
0.4642152268765584
0.79168252048047
0.5393769959348915
0.6651374178615796
0.6316754810599645
0.883791150812051
0.39569427242974525
0.5682826883040013
0.9110902607182259
0.5263145326304375
0.8257321719055462
0.9555252686977551
0.616296572356941
0.7496597823023674
0.7729174040536873
0.8212646619065039
0.6402268476292601
0.593206167663291
0.5176982367593791
0.2709262040341077
0.838110615673079
0.829520771072816
0.8218286731448218
0.7687358457627635
0.80555623896421
0.7787825621349834
0.5366829827124722
0.9407613237577294
0.8217291614637006
0.8707201396277616
0.8240784639778141
0.8198876016010411
0.7471540340535797
0.9073715849742777
0.7645309337405629
0.8510737025968397
0.930997008382451
0.6347189491462825
0.9250958133459068
0.8838531745187114
0.2801799061057247
0.9049828978412715
0.8220716308712976
0.5957337499967741
0.2625082976762951
0.12853812778044446
0.8554377750704254
0.772855295597752
0.807566490521101
0.8057295896406654
0.5836266538072137
0.7809070032428669
0.8881063386706886
0.8576738343104626
0.8545378647676383
0.8340297324659667
0.4298797647273562
0.8687188476355167
0.646067538168994
0.730345990691021
0.751632694801488
0.39126245804956894
0.8254221052188383
0.9020087542692418
0.8184943780131935
0.8341193210788221
0.7190497259129794
0.9009911716887483
0.5781572156917005
0.855498455332467
0.7224642654527668
0.6901451296008009
0.9550610711244174
