0.3079337598089216
0.3364888630516942
0.30869683014421556
0.3688784301292146
0.33211726769488614
0.269956452636457
0.38819960108931206
0.31612208999524827
0.47158188297259995
0.3072314614808721
0.4642564590482141
0.5110203624903076
0.3044063485686175
0.34836740619684936
0.31143376115055005
0.35623369243131653
0.37292807892128593
0.4019471256249688
0.2991147602404559
0.33544968713750756
0.4238598381576367
0.30061767411155327
0.42455156803030364
0.370946004815925
0.32156212821139507
0.3239187707999398
0.2805912374018079
0.2405567906109679
0.32784682512138635
0.5636268584213815
0.30458266391563915
0.24345675261482064
0.31463686729948814
0.43560008619844415
0.37838652616004653
0.35904481516899633
0.39009730925379765
0.4490435356864285
0.2482434194817985
0.47338024584208005
0.35349229844583946
0.32246025746648654
0.4202471918298166
0.3678054165017101
0.33153953929859165
0.48436630161609406
0.3646539376910694
0.4018708757809387
0.375407662948781
0.2944538741952241
0.4084830528961432
0.45768960208827314
0.43060999677755674
0.33839917986528945
0.7206302340141539
0.3875766759593753
0.3449103034502322
0.2926705159635245
0.29054890270381395
0.2697276115426223
0.35597532119440356
0.37579710262496246
0.3237468480339678
0.32237196361414167
0.33984109001243074
0.27907859709454164
0.3762690084827602
0.2772067263585737
0.3189892177428838
0.351906301830758
0.31059335770335017
0.3010793366263664
0.49093338528514113
0.37858814703245663
0.3101419649682137
0.3934164635502482
0.3355538135526116
0.4783717125099949
0.30320831884051525
0.33746178593008913
0.41613184045131524
0.2640664984945291
0.3714725187706321
0.321369037215577
0.4154056376062595
0.5253549671386415
0.31526167689568857
0.2971940072484588
0.2637739924589597
0.4943949646064597
0.3508388306505427
0.3257774903889113
0.2761468922424868
0.3906080543107012
0.3219136436039191
0.33638206223798695
0.27456742360200065
0.322285295680381
0.25391124309848634
0.3259879416119335
0.3640451337825108
0.33987612471524253
0.3887953106042619
0.34066647057305033
0.6553587148944571
0.3429149553743161
0.3081837261395739
0.29612388282519
0.46043821185603584
0.37493017946810003
0.4011152024966318
0.31763098255488054
0.35629919829575957
0.28675079038732754
0.39433756083418037
0.42014033011506047
0.26124144344455613
0.35977573211760105
0.39343515745678437
0.32296155930757786
0.33640091827282526
0.33864493874650514
0.2941073925379266
0.3501441155174223
0.3463801738073178
0.2791219050455912
0.5602625392409949
0.33781616178314294
0.3051552538901694
0.3632662506013008
0.4817919338815646
0.30515618710602693
0.3273588219644943
0.30081476986989386
0.381300995878298
0.30961066006127524
0.30253734388744047
0.564879765452635
0.5239555320767557
0.38078256680928835
0.348611410106634
0.3225181949469236
0.32390614423764963
0.33172304642765515
0.34985403683664595
0.3368607945456391
0.30718360340030937
0.3823934390954443
0.29231556226945743
0.331415157410792
0.38734740442728466
0.5181600070543217
0.43982426989560375
0.31070771408153686
0.33641316298243773
0.9569035391785519
0.3092369278312808
-1
0.30753202618686265
0.4019577073096364
0.2906050438152302
0.6928289913926305
0.26997552359795984
0.33892137248030696
0.4294129481642649
0.40784391828597044
0.2821548583263364
0.2975304243760045
0.42025177594287244
0.6288290186906735
0.35233864269818804
0.276650725020397
0.3855659692484449
0.3065189788968341
0.3563844086999075
0.3259556170618788
0.39266868003895516
0.44058457145355484
0.40445842146461275
0.2989612785747941
0.4252945150773349
0.32880704614954204
0.34622746119478354
0.4122309238781473
0.3035735884481744
0.35612478564909555
0.4139751817231835
0.34570025385279785
0.2569150803457962
0.35564943079132183
0.4053757848177547
0.3195188832180828
0.35381110905385904
0.43184639640889905
0.3002102963967183
0.31110064852604175
0.2878807701845266
0.28015057246627273
0.29659669754116413
0.41280067795009545
0.3225595823906033
0.34418037854928824
0.33647759888231
0.3495209552779003
0.29788631224274076
0.4300235757424464
0.3743910516334069
0.4678377376236781
0.3154859606688951
0.26338471972485045
0.3250511184202804
0.27228654107546757
0.3816109991698347
0.2723358055471509
0.32801944088917195
0.37047021682025716
0.3728168867311238
0.28373240399532684
0.42866167465297994
0.3962448578713068
0.33925453036745895
0.29155880365139103
0.2754511986396132
0.3726025014297901
0.30128088729919866
-1
0.4080509904334043
0.39834986572183273
0.3003694270776132
0.285391736201619
0.3970681171649197
0.37190208215907006
0.27048082662925993
0.4737764537506459
0.4527014947672772
0.3850301752059983
0.40988611566830563
0.4174545892589703
0.36888094619723094
0.5138989586494851
0.4027918632008505
0.3616389531125862
0.3468780066998045
0.6094916204921906
0.320625795417595
0.4351604500093925
0.2910693043785011
0.41033886568172084
0.3223102914643764
0.2648959200536812
0.6035931747263742
0.3790580383498622
0.3522012366402523
0.48165673258499225
0.2534503826737777
0.2561622463945094
0.3992047275871366
0.27961170430753357
0.3915511190374414
-1
0.30869091177439084
0.3768307015493013
0.30198133577240466
0.33377370608644297
0.29498505016034704
0.3133559807967825
0.3560143735813207
0.3182108418902849
0.32975496442649477
0.28971962474264973
0.4439700613657662
0.3040182297109825
0.31088058169631494
0.35081488650661163
0.5568202974999217
0.3521113483265681
0.37479412664866796
0.32254835920229336
0.4614676259258824
0.2985114130466463
0.3879432874306671
0.29503770806966123
0.31416222758165246
0.4208625346441919
0.2818615822414947
0.37285057411716244
0.2751378293329369
0.414780783102527
0.2922425988693435
0.31898574588006934
0.30037104447043084
0.4391388480676178
0.374618466348569
0.2811684428164347
0.41417306890829975
0.28684678448534195
0.3834428413164806
0.3527126017102966
0.2533449342299128
0.2874778130350899
0.3247863095639708
0.28648457693979834
0.35962470347625103
0.29330776671786246
0.3405658927992671
0.43358387973693296
0.27665418782578943
0.33127660557113825
0.42508024281873763
0.3702794555855676
0.38068253034194843
0.33368247043121213
0.3278852889991173
0.49356546477397245
0.34291126222250706
0.2749654069818691
0.3756570072891264
0.2764735593333369
-1
0.33600099557615803
0.3202293179341432
0.2441429349247819
0.24172648637440883
0.40660554427384266
0.3222181491466658
0.36377686073305215
0.3205706209876663
0.45256461518708235
0.3495513660232708
0.43928394271328963
0.30811477744197086
0.341633309129939
0.254547674884289
-1
0.27642525151800107
0.3862807004114218
0.3129514575256518
0.4260972647257253
0.3642595897757723
0.30121098495620796
0.326878764544841
0.35519274891519736
0.31633945764241844
-1
0.4361327221385958
0.3487450668508258
0.4700211112946331
0.33439216182658504
0.38357584225807895
0.2891761977726458
0.32070326643995417
0.32194472966947957
0.5014324213383605
0.4269335450733345
0.3026422132917522
0.29533266801511626
0.3533739968869681
0.41617537375412006
0.6160525758144362
0.2853428367930863
0.2649698560070947
0.38737861638779325
0.3138407915944142
0.39220897020471496
0.30010696306696505
0.32311134324697227
0.28452197097718546
0.27605094146122344
0.46215483181892947
0.34171385563787304
0.2701708860347879
0.28859529563198194
0.3049993494793757
0.6093104543504034
0.3787005875632976
0.26374822987859103
0.31519153234053265
0.40236978720249617
0.324220583019305
0.4728528844614347
0.3089163169770383
0.3762818856090092
0.5456578611497516
-1
0.32654379573755044
0.5322340758110728
0.34326168745885915
0.28526572480877405
0.4751194260531165
0.3505707783671917
0.4003529292900919
0.4608565514246378
0.3224265331628701
0.34287249054897156
0.35925189086368303
-1
0.37679405165754737
0.4653177345925834
0.3897929960297313
0.32295143473304827
0.39400860542324373
0.4764399810695319
0.29158454515501087
0.528489995159637
0.43828086750604756
0.3232099155240772
0.3511729325448509
0.3673340329555277
0.33682993199355543
0.3272362164868286
0.45862901907220577
0.2951727657909336
0.39252954063794804
0.35565301921469156
0.34065877113950255
0.28276630913038103
0.41191559460825644
0.5214573716008378
0.4756878800596441
0.34013404104145584
0.31789702038494794
0.31771905638551207
0.308109839624511
0.2526668870281284
0.27726169707742754
0.2460231048963686
0.34150196722440296
0.3349264929345211
0.3659910857097032
0.2963708912952496
0.3085162603715568
0.6513370519698463
0.40081194878174065
0.3634364072966982
0.35378735733291977
0.4906426770896786
0.32580405451445765
0.39994979538872166
0.32985156224752504
0.2868185464825993
0.2822055990720948
0.27154427635841466
0.33683898450719074
0.39955621717308554
0.3523876704988875
0.6083735113986255
0.32516146005603436
-1
0.5776732690350153
0.40484297759471494
0.3093499386742319
0.3653450494726434
0.34071472844423795
0.27698538136932194
0.2839266630083408
0.3432345843019161
0.29842865690164777
0.2928661091713134
0.42810003678369224
0.59615441483044
0.27355736358184524
0.29107250164878284
0.37061541928586467
0.3814047056827263
0.23206976612563396
0.2713790770647037
0.3692001262787875
0.38867598242863044
0.3510110469475112
0.41675641678201997
0.305079945075563
0.3890283873616528
0.258697331778892
0.3748176683282202
0.32344846535693383
0.3199567222752608
0.2860236074111102
0.3196816450924799
0.2775971940184975
0.39862119265396345
0.3543142695718567
0.38535798590793136
0.32938105005464885
0.2681595769934856
0.33911019750533
0.3072233595056581
0.6510512893777849
0.28923507157732703
0.3254791427409636
0.37441645379309757
0.390987432869905
0.3139297772658022
0.8170904069948041
0.38182209945158985
0.40917926634375956
0.3102568590929079
0.42554942154762776
0.4956568627856617
0.250648800867735
0.45864970962778806
0.36025193349990514
0.2865833819137107
0.3379324668446374
0.29418635478949356
0.29261146407273314
0.3445043007853231
0.3062003825137783
0.32795088310272036
0.3728177159857404
0.46363141256890716
0.3179503835633896
0.33483025642446756
0.5521939759682928
0.2792928757158652
0.27805804661640904
0.27417787142323635
0.45110878532097154
0.30081030894057614
0.3144122812325533
0.2640541457051277
0.2978524597347127
0.30516584414525055
0.34248717447191357
0.28928907864249837
0.40525788899015924
0.31973503895980027
0.28680665777967096
0.5526702742476368
0.31767174747056465
0.41120356096863997
0.3581600489937208
0.3238645390716201
0.46244377808706694
0.3443450169150422
0.379568427262269
0.49843651325842686
0.3739427267164884
0.34378997562915553
0.33298828340948383
0.33627823290637404
-1
0.42426343786863624
0.44413897176770734
0.35745921894554533
0.433459438869966
0.3508134484969286
0.47054785070673466
0.3026877033792151
0.3589148284205441
0.29289502248612986
0.2833912687308948
0.3771931409125374
0.43023923935409725
0.2894935027246194
0.38563836454876776
0.3054041790226829
0.3275046640761498
0.38669299280228114
0.3689344177842461
0.2747735006802039
0.3011506301484048
0.30335872002774555
0.32312027814539185
0.4066251749978924
0.3138332338326919
0.32352832850015745
0.37017982087921053
0.32310515832082526
0.2960627930186169
0.31120126757289684
0.31001139217748275
0.3837945587263718
0.37003703624443796
0.313863865122494
0.3407068633232278
0.30092752847301957
0.5992323304174647
0.5206749231615004
0.2981921935581745
0.38502443301227407
0.3368662172814949
-1
0.6029905026623386
0.42522040406594497
0.28820652831530813
0.40238220042045114
0.45420543083180953
0.3321020604136492
0.4172347674897189
0.26801763964230435
0.4072318653481394
0.4133604753797669
0.5258325675062286
0.36682765191248967
0.2852419509590532
0.2721615030949005
0.4346212404870703
-1
0.2884926564576388
0.36450665085647815
0.3727794533262283
0.3369247858273029
0.37820105740164706
0.2905145418016074
0.27290376130495064
0.334579210151236
0.3245125984918142
0.3893031548174939
0.3413919539849262
0.2980973334951873
0.23738826448436723
0.2770646914787102
0.3348314629295714
0.3341103251172005
0.29093276679321695
0.2869552021736875
0.4626407384561858
0.3197424630411958
0.410845976915427
0.268148197453417
0.38148667868268393
0.36683249771318494
0.3507692105682138
0.3346517647518441
0.4585401792911818
0.30544729618415956
0.31791163046411064
0.30911867508637025
0.3591370390545826
0.3746198296013013
0.3034075965645472
0.2749142209862268
0.3584560167122782
0.31697525121981684
0.32906082899813516
0.3364027686983404
0.29471506228868927
0.4297652051364354
0.2744562431223955
0.3075675292836437
0.3274016064194898
0.3648923297253185
0.5178787995121981
0.33925669693364047
0.3687849169721962
0.32822066769551733
0.32967655817912994
0.30398431075688676
0.2707558021823635
0.3043008867200391
-1
0.327889195504044
0.3206397324043459
0.3223090431358094
0.4661468880510736
0.3351975448559192
0.2917126007406132
0.5242476729147327
0.42481764234038594
0.32728165898102135
0.3199986021253172
0.3039897888344463
0.3831475719517081
0.3072922163435256
0.34363494122541893
0.39419714837639475
0.4957337889261101
0.3578322328904307
0.320849086136334
0.28073079551744223
0.32982531401783144
0.4111027731796253
0.31024525644436884
0.3083833983451296
0.28281305384784206
0.34104041927789214
0.4569864946665133
0.3079997840450571
0.2956910480535394
0.5329238331979863
0.3977809333180773
0.272773706936993
0.3497271237344271
0.3599788381092821
0.4441067227954977
0.36397761909579374
0.35755914052518306
0.37690588921603985
0.3415719350022317
0.32288620148367586
-1
0.3033271931044716
0.3620328234696881
0.5314692045194321
0.36874940376791365
0.38092498228945226
0.30661796287009263
0.5095118363894119
0.3982676907024978
0.4424434836965644
0.3288758287453554
0.37663493620909627
0.3629597143253989
0.3851573507181447
0.2978172389038626
0.3971068717264909
0.3250322618448286
0.35820831466347847
0.30545838708732753
0.30176070422794343
0.32353807097889997
0.2846488630040097
0.31413597879728417
0.28901122358981535
0.4584757714761687
0.4012535007604954
0.3789718054622654
0.2713457776663598
0.5453069542856201
0.2973603737314686
0.42400980374800357
0.2687871515786301
0.3232122567162013
0.3360592982211978
0.36649220976501246
0.32528537781052846
0.5015462666127579
0.3142071767670467
-1
0.342912253080234
0.24946396837578427
0.29786777406892945
0.3187438873563127
0.49861949501050573
0.41146633420869183
0.319187506944058
0.2524115914385504
0.3985132298186595
0.31363305799133384
0.39529330626181647
0.2782353663643182
0.2940983566724128
0.35499763587352356
0.4032142684152287
0.3334232766973183
0.3135851372380658
0.5593420662794255
0.47529455740909443
0.33514169767617863
0.33412848775251025
0.43830062604324305
0.38507549556841225
0.42629649982996076
0.46231991826836494
0.32293313675314794
0.243218763246464
0.3112888982937936
0.3185072910738411
0.2860556421561714
0.4209400712169784
0.3979092015558722
0.2948501932103952
0.42415514301962853
0.34044087639996956
0.3118388752104404
0.3084084830064226
0.31146489912298986
0.46406743988734167
0.4639588694076465
0.3025884821282124
0.49150725826906894
0.4664897485081331
0.389374204039024
0.33941863863086486
0.4652839702080429
0.252925502416242
0.32596368848083984
0.3201338173234074
0.48235808390851664
0.3761285098177545
0.31961262291470005
0.36724118971113007
0.2280057738952595
0.36203261735651904
0.2926597911469715
0.2622100583060717
0.34249387094035255
0.42417168352417245
0.3141052252760723
0.3655463348078818
0.3535836561534651
0.2978868701399807
0.4187295024131453
0.3159655554167847
0.3020089355325731
0.2901556519826413
0.49727062701450814
0.2846943323766081
0.3310593480854028
0.4260960016184452
0.332655952995661
0.31567576352614585
0.3833766516277629
0.320607806097263
0.30831380046741774
0.27910107244536475
0.3582581186804695
0.3277075794861761
0.35213510064739406
0.41861212272923765
0.28044187592274344
0.4069733395187375
0.3355572661503667
0.3129993955573441
0.3286585014962536
0.3953502627140794
0.2699675859969426
0.3045261635575255
0.34440480356118763
0.2866729788635737
0.49607261524501856
0.30152612020385916
0.33170835760492545
0.3957518918483036
0.3037748139337441
0.29514987668794707
0.3524434313729812
0.4205498349985639
0.3516133751758139
0.28694021522773494
0.27405625299308156
0.3554728757862277
0.33814424008596855
0.28836522386395014
0.45792670086406695
0.4542949718660205
0.3486581767404712
0.2970744098773265
0.28520828950577903
0.28472828864123
0.2978241034574586
0.43866508210011734
0.4889474508676047
0.35648669865392235
0.682030825847672
0.362446198980225
0.25817269363917855
0.357202986073261
0.4330153798235654
0.34164442470056944
0.395121939109641
0.3430394176652125
0.3627632208774119
0.3696794405316372
0.2929159133801945
0.3353455433577681
0.28667150916518935
0.3467914008146133
0.3306648342030917
0.4005674166534223
0.35304757757921584
0.3904783361990628
0.29674604344179006
0.29491395372946716
0.30981759048287827
0.38426911478971326
-1
0.37684250638431405
0.48401156206933943
0.33800111493631413
0.42929693819443304
0.4155105925297274
0.38357648906679687
0.3006629282913914
0.28310861524953224
0.43239652486951347
0.3335876485353395
0.30082494996024167
0.4476063128882826
0.5045293141032771
0.29412528112619507
0.35115605082904366
0.32414170242503176
0.2728704542491567
0.38496088011507157
0.27091289316869593
0.34499987376796215
0.3219501809716656
0.45193579361621766
0.3474693684679751
0.3862636068900671
0.29046231869499245
0.2962445884716668
0.35845683053251737
0.3241828884826554
0.2538038141807094
0.2958352963234658
0.30857284754711833
0.39817343016303086
0.25836342788006994
0.36732258024572007
0.4528888008589624
0.4712023001370036
0.5581900460105067
0.29631572402786766
0.3189197813128446
0.3925047498674411
0.3095313678420719
0.3361204011042519
0.29149245340840596
0.22913568267018886
0.32464489187673234
0.28614479377421576
0.32969149963756517
0.3229726398241024
0.5121076519091069
0.3507551470590199
0.310446726315883
0.3402220612794822
-1
0.5188093661721709
0.2786481446862952
0.40626842800413676
0.3398676575495221
0.38777443110124843
0.31180100646859443
0.3071129074248949
0.28728243483889976
0.28696724600374074
0.4383576525771091
0.34383491651188874
0.29546833394049976
0.26334397956380556
0.40876760039245796
0.3527080450198666
0.4010760790276605
-1
0.3958507663082791
0.2680973213820497
0.3571527803116853
0.4756656642385858
-1
0.29421880866241007
0.5636164991222866
0.4401473934169789
0.3229862773557017
0.4793671326507246
-1
0.43214125252149527
0.3272374773899404
0.40480376697833453
0.5441478305472478
0.41726822759296883
0.41095347808796445
0.46021827796570525
0.34857647769003386
0.3924223904264511
0.28609008947187886
0.49146201353263197
0.2443126624954563
0.535606842688819
0.30092207150556416
0.37886010964551753
0.32563418469680605
0.3070883711614622
0.3116727843340882
0.3646833324891732
0.2829059339834861
0.29756214446798523
0.49171905481093603
0.27766458746212147
0.29987868315679195
0.3623099421277812
0.2813939597832429
0.2888193449880798
0.2999315783802061
0.3380890514435001
0.5640153092483438
0.23876817199063038
0.4218362833627236
0.285690524912732
0.30889642652473714
0.3675607234914111
0.26450469718175285
0.4229401564267614
0.3421559570524499
0.3377761543864506
0.2910337652759978
0.25734053347036207
0.3157198642431851
0.3128565334620975
0.36165224131224444
0.4115840330559329
0.32935363833193537
0.2802524370848729
0.48618769485603974
0.31228479520113084
0.3024010416293459
0.3186993200606203
0.3744482907462956
