0.3258882269560548
0.10399082804119444
0.08452667725809192
0.2907614510888814
0.2766937812590884
0.3095787854051896
0.09568565359551531
0.057497133698615706
0.11118831556611523
0.23921835827224117
0.22492198667517982
0.15667278358965192
0.3379059206617021
0.10255192175437657
0.31071923533497925
0.25362041577277283
0.5607074868514996
0.10200472582580679
0.23153469901126936
0.18617011863773059
0.13061010122847436
0.17910620854238934
0.26526265390040643
0.3935454783263411
0.18964181458440185
0.27465700772791246
0.20545224643192236
0.12508538456309118
0.0835040439106675
0.2931297249619803
0.0716687479395009
0.13926322399751373
0.1364844409133185
0.09020380461963319
0.13118894438342502
0.09549212534851728
0.3213961716031156
0.5486467228712546
0.035377757294859646
0.09934423858092754
0.35615837374464676
0.5690203079092282
0.3037753269109853
0.44673607463859777
0.18640688014272871
0.14076036523224875
0.33519145271267525
0.590073197295885
0.3848561931356114
0.23415063869410963
0.33804628933155695
0.3429114275387237
0.23013429517479056
0.2558686025613297
0.29480704387252804
0.18094258476437042
0.17092036767326377
0.3057892787758863
0.30961041395784605
0.13429932980388568
0.08966919540932114
0.31024455955180597
0.18699853948816766
0.19267072417975997
0.14004348882234624
0.11861177523495627
0.16976029330811174
0.09933294942178905
0.4271183497446303
0.3010150952629205
0.15234429446095768
0.38164057450189104
0.44948316804071076
0.2510493105068346
0.2550334902907708
0.2484349699440169
0.5706984030537303
0.1961497126376087
0.09091001805349466
0.18067373301355918
0.13016884028307596
0.4176222632924565
0.10426218355744202
0.1601890484340286
0.3194270655723848
0.11131780537416916
0.11787601559396746
0.10308174157524232
0.12915556946556428
0.1545310874735537
0.0847621472928724
0.36884016775511597
0.2043378005180966
0.3423243001223786
0.6358574788650032
0.14016647114948258
0.13200675350004054
0.24326834705261793
0.08608950175044926
0.14469965121225364
0.2785567356549423
0.06251650565701812
0.10685595386305206
0.16963441710087113
0.09308854481025901
0.30603313832348744
0.07807659870262776
0.2413537287881195
0.05609846897870632
0.09790601764118681
0.2543457821489449
0.30241890525201437
0.10235663639555583
0.04167983125204729
0.46336586174271
0.15780674358095645
0.1556767848293081
0.34787711235977614
0.2456736168596964
0.19591511391485072
0.3146585997899907
0.02141251053070125
0.5782930549591505
0.43473951066372807
0.4531627492092778
0.25432009473705186
0.27322928958716264
0.1817043253675056
0.17625927729992033
0.07529407676917481
0.2710203824515105
0.12554042671163365
0.14850845820906783
0.043723803956630815
0.2371202749027661
0.34529746539416173
0.11395192969217366
0.177017782923236
0.09290547042980533
0.15057408566284425
0.18544196237902058
0.13423868654406562
0.31419983804707485
0.11713948316018477
0.2994171065932949
0.071703706002797
0.15296348798981402
0.23873107144361738
0.353064688971467
0.16048072137604363
0.24559761648313175
0.07742279148349372
0.18589419463594023
0.3143950005499304
0.06152487359560223
0.27256376888644585
0.3606467746267141
0.12689957236911753
0.18049765586593108
0.12584644855872862
0.17872911214555576
0.1685987416293031
0.15147837271229395
0.3159466495262249
0.3153225724098013
0.1463791859413153
0.12493152493189677
0.3137159393348413
0.2989954308608676
0.17203916264799882
0.033255948614088426
0.3253834992737766
0.06777229648830164
0.2872542660753463
0.3328804056650486
0.0887416034014046
0.3260104239151388
0.08166505647060354
0.28724203930208286
0.13548512014975272
0.5240823629307594
0.17454976132027689
0.08142745836904215
0.10284487542227687
0.08077001206667739
0.219675945287524
0.044393841795451625
0.19303952003858899
0.2819477359792717
0.21318891421211533
0.2944294884200286
0.0887701773725453
0.3414794166302198
0.05358026543787206
0.10552004985901062
0.2889434106770993
0.5530187091401012
0.3467154231369196
0.2083590597610833
0.13640222419514395
0.1313404516508898
0.26902479159271525
0.25206503250669693
0.28509489177403563
0.45874793177457424
0.20647150468597894
0.12945663874894134
0.13668609704221454
0.18394228209233704
0.3353324310738252
0.038203245131481156
0.1609172106509812
0.15937001243439616
0.5244964755417313
0.2203697716399658
0.04260977904789018
0.512815167550617
0.31562160507981685
0.10547728815037154
0.16509197818418267
0.199733450918455
0.10827798350043186
0.0914439470442387
0.49311075487035183
0.23586834889347758
0.2066804859481235
0.18046381795936925
0.04362086946966132
0.3815858116114582
0.12204197652947849
0.2567820800765583
0.14103628467263882
0.29706589445726655
0.3106116696578445
0.09871821722452552
0.09105942365151717
0.592734362468218
0.10601038671762121
0.1313794018620304
0.3143295186237632
0.2895000016722367
0.2926210394256575
0.21346963504018532
0.21711019769885734
0.22791192627710763
0.2716589765440251
0.4192853211116173
0.1509903112174742
0.5149890498932918
0.3105166757178701
0.1446265032668302
0.15621661728283168
0.03573947889834971
0.0955103618797818
0.3615374600364303
0.07463539379963628
0.40011022192738355
0.1390147282612302
0.1336306894134243
0.0876516342527967
0.3170557366053241
0.24133366222173414
0.44225492342086753
0.23945357902355732
0.24356895747244298
0.09607185792727471
0.309676816138696
0.42352515555363446
0.37208073087006777
0.17738063843600294
0.14710522730571035
0.1279969536760994
0.11909744128402999
0.12026921788997606
0.30619529896504166
0.1886557576914919
0.20355537792653278
0.1295034715692456
0.3420368450639964
0.5372614071136773
0.04806060693473822
0.10442243347341731
0.31635708793367956
0.3526172286202857
0.5532524142494629
0.19276246379502604
0.406367555419334
0.47692689218765205
0.3421592493412547
0.37611747364669723
0.13339108005752082
0.2628756465737742
0.26660808674136405
0.1183833215546496
0.09678136827990524
0.27261220482718046
0.08845801604545488
0.09385029380386146
0.0824767822841097
0.36225300066286675
0.08433275626097883
0.16698478588756735
0.11098935151635679
0.27211579203134334
0.3309849718605674
0.08886501020795806
0.11407753808787574
0.2118059892708613
0.24258280123069473
0.2979830732182807
0.22129313421555918
0.030020042636615493
0.0886410757780206
0.23510086314575232
0.3641683780812593
0.2544264336359802
0.2877721313231027
0.37020893161006435
0.208549962922695
0.31443314641020337
0.5620207877924585
0.2703067598014205
0.32416904622124837
0.0600387969408978
0.28663649306587496
0.2109907252441669
0.14170423332084153
0.3074411541033911
0.19679540584787436
0.14734545731840526
0.32117927336829605
0.3121836753006992
0.32502349841171274
0.09671106693018738
0.16625671910185624
0.2562658681070212
0.12377930738566549
0.33050074157636866
0.14302230331667606
0.30193063380048846
0.04606970678079058
0.1873310021916182
0.30652831324037977
0.1719745176002782
0.35641028330134744
0.28073797456381777
0.21405610015669274
0.4645724761544802
0.07563640496512943
0.5392755974885288
0.06043016573037354
0.1983507051270214
0.03702514451479494
0.0660496928826485
0.3489503923171445
0.07325167431962365
0.2883341255938308
0.23107994359346176
0.20051341643948273
0.19265419278438886
0.3565120883009198
0.2915913205038682
0.1586682504621715
0.3132821719208797
0.09778746340163484
0.08318988511717797
0.10696925103703918
0.12371729029533526
0.07021066946785202
0.40354013649488524
0.15709618958118415
0.12350787599108407
0.5023824113819513
0.08768431588992984
0.11193867088215352
0.3968819665976319
0.140951354997014
0.20488307651744705
0.16986445512829965
0.09675435531936503
0.1352624213372982
0.15038302100318057
0.1609766799566497
0.5233229311272869
0.17686809801618142
0.25842909417492094
0.08410632957780068
0.3774333131358398
0.36234202176527414
0.10801504223839876
0.2968759055685751
0.18034788620983797
0.26688378935914764
0.17882612396647532
0.3606088853831694
0.15484016951057963
0.32867449505177976
0.1740499374531321
0.3623241682552252
0.15309353519363372
0.4239353714050405
0.5191039110658868
0.27898652160282206
0.21259875540223327
0.2734688490692208
0.15723001939309134
0.13520252081416528
0.09790527420463647
0.3058504770430842
0.058114172362236274
0.21149935981173068
0.2542874599457182
0.2127372651791426
0.3014848169548134
0.1887207669561716
0.3796524906766683
0.17175906947734082
0.32376138304053736
0.34396550092522815
0.20561973830644104
0.08952853516737855
0.11799434586007518
0.3247355158803995
0.09831090631186173
0.09170417741250846
0.2595456714811379
0.16733050936426688
0.09926470733875391
0.2009937212535134
0.13099435376726787
0.05493162439995447
0.1745142731521011
0.3318968569350102
0.1987986964151553
0.14912599791333875
0.04524500031594517
0.5490730151603618
0.1281876950738156
0.1744315400392558
0.15373146980940944
0.13516864540791593
0.21834737558308687
0.23149638027812036
0.08776808944077037
0.25484934329689346
0.37969808794380644
0.16756408621162028
0.3611025047737843
0.45169748596863696
0.05975285780100896
0.09450640003599299
0.18993262281880885
0.1617530879244543
0.15748843384337755
0.056604068229829684
0.11083628273793623
0.18929384296533058
0.21988762799056202
0.08610176500020371
0.2759844130331767
0.14481764344963594
0.2957861607031347
0.0380852731628178
0.252351014920786
0.4746148008480316
0.2666684513690103
0.20185136857262126
0.3362328497983986
0.2881358472900152
0.39920716775467174
0.5384944166736348
0.11685553187799462
0.1439488887794309
0.26578486631634946
0.3172735078573104
0.11684279283415364
0.1464272087190022
0.12355558453506639
0.17965699525844964
0.2615760826696083
0.279309733807044
0.06945774107198001
0.09218846073225583
0.0950668534075956
0.29804109551392355
0.21074152938368695
0.10117235656410482
0.26530675250325303
0.2872912553735222
0.11386632130802386
0.1265887902499018
0.1774037561363142
0.061650916851476945
0.28866399125913833
0.11048329524231129
0.08237345382587971
0.25010969694303037
0.5488652399034328
0.25295363604477583
0.4867487498569959
0.15834642723652625
0.0746481848567139
0.15583430689841762
0.22865400566509994
0.053670216600100844
0.27661170722902184
0.08277674807914592
0.1042736085817112
0.17387830083139383
0.26074102088005696
0.45309486078414546
0.4903752379185177
0.2081703885945561
0.08046969939636735
0.517418783652362
0.5537350348933276
0.43205466165605755
0.13927458186928032
0.14889877875318366
0.26707075409661835
0.2047971810029886
0.12822814028570087
0.10820410383280887
0.13022795205777304
0.18720630011560513
0.18966749658580787
0.17002895835175325
0.06221585288462659
0.31555963502019757
0.37285417420974165
0.054297515334094895
0.16085268842843556
0.19966514839325836
0.28930047944418663
0.27143913197144887
0.22862724568045378
0.3254004813198935
0.3222484676597695
0.24441945966735584
0.3887634551921284
0.17251589148861754
0.14238800595247927
0.24300629318904265
0.1899601866743137
0.5544900646699491
0.07443080285155722
0.11198231971444586
0.13348369671527124
0.10151945104595614
0.09160070527160229
0.3498368239961311
0.17678140810979048
0.19799935153735376
0.1731602564844925
0.34140221141337085
0.508293729785892
0.5279509203161179
0.10350030342801436
0.27060825531229377
0.3626328160774073
0.30583412261575976
0.4429126752886065
0.08504428398101828
0.3485193956098211
0.07949186213007521
0.3506055365874414
0.12007498553537979
0.2763093430337601
0.1538911596333954
0.1199696137999727
0.13462222634315882
0.10377308017623627
0.532726033665634
0.03795065277940835
0.3103840736832665
0.13648028390593372
0.5222808139791526
0.15256330747733624
0.1305059947021923
0.3324270022280196
0.21203273920799662
0.10532397804808634
0.19774207143203884
0.08701467957975391
0.19353116366184672
0.29852654675650125
0.3198204517568179
0.04812393626208965
0.13214088377960737
0.06177133964874723
0.17683010474462232
0.2269824663123158
0.08720025328078539
0.22341199592651326
0.33108145122800914
0.2921112642297857
0.2871570914980082
0.3192003300858891
0.0986217097266561
0.5205223451243417
0.2839624165468896
0.3864531282751155
0.16078919233811712
0.22218149266927
0.09899093295473976
0.1569099622267835
0.13275571142043388
0.07674857040125477
0.15327781067058216
0.12585669476577202
0.19034959464224188
0.2568937330546991
0.12128105869792746
0.32010216703158123
0.1578403970199341
0.3906483618455968
0.23078515927534413
0.34731142555296135
0.46593832426164
0.31484326553881614
0.21147210688192072
0.08608869909839256
0.08751954254490048
0.36877677720607727
0.04834227931195396
0.07657444192110859
0.3291083903352859
0.08250560405736969
0.19820687450192048
0.2947575964661021
0.3645467070133415
0.09296730733339437
0.29451758570640624
0.24872839339581498
0.27199054538403106
0.08841957040436423
0.37610285716429653
0.06866467190355291
0.1322196618978537
0.49250510369488687
0.29047923903185735
0.14996407570731593
0.0887715719505866
0.11599340422582355
0.25879726186126795
0.09309028583222148
0.34118935755603147
0.15940541921932683
0.5067257970028562
0.16694713402395658
0.31982766987934735
0.45274564610944207
0.11951702054013688
0.08666244559189092
0.11989776804738621
0.38674631623661626
0.23359509169306905
0.2489788133985296
0.14927401069051252
0.177502594888322
0.3060739615062706
0.3864866243292069
0.3354402455858928
0.06852685303564329
0.1005736211465099
0.11698950488560379
0.31701362773901104
0.3023763910537483
0.13930924978615425
0.32526867493050254
0.09387837900538776
0.11264197940294991
0.043708976493652116
0.12208283063976894
0.29521759595715175
0.21790768484318554
0.42270150690407104
0.06808595160482933
0.05608527395272735
0.3974239341653479
0.1379157214944691
0.2175616836827748
0.31863610670629644
0.13665257254337598
0.49353261898978373
0.28277053900483623
0.055909982854463226
0.1836735964722105
0.23806602279495304
0.10388018886126762
0.0999067034927066
0.19001869506248117
0.10865083596252993
0.3307426388519054
0.05597242531827965
0.2753659708148474
0.3182534430474314
0.30317982222516004
0.08345881443142586
0.19749693122365064
0.032815902022535245
0.26418075896350757
0.047046340273519976
0.07230009738818731
0.14306001694951484
0.2078214661300209
0.20204723459106808
0.3661147636424321
0.09247419931999883
0.32497890353441666
0.08880039763658071
0.3016275613193025
0.31460222301807717
0.047445400491225316
0.18497516196260605
0.15247870825743468
0.2641604475431468
0.15100139369793045
0.08832066676277912
0.16349979050308328
0.05947203510696244
0.18026856372447175
0.25165566547227347
0.11307812973388182
0.49506057307716744
0.31809799846148573
0.025440410001760443
0.06263371914589606
0.13138389510819984
0.2574797690711902
0.1919749526718805
0.09116345996704653
0.44147810754594186
0.06446369360355943
0.11085139947728896
0.1366865190790263
0.13731126490432927
0.2457401801822559
0.1792135923392686
0.14474739080815868
0.17717971886880504
0.08451205993096741
0.08709021749916707
0.34574274895406654
0.14390776769788655
0.12772362698725262
0.421190104626421
0.10798925264772573
0.3325643380009407
0.18803268008392834
0.17512887528795876
0.10536093421316
0.13749909928487705
0.3671903672016544
0.28018639413544727
0.09476273599104333
0.25973769137473907
0.38605302602200264
0.1386899715009326
0.038177271019660904
0.13622236136914376
0.3226282419932459
0.24930659979052644
0.3221574830777944
0.30384218303875415
0.15152994179647844
0.3688943068465902
0.16408562230912077
0.17688813900302183
0.20638263467981968
0.2864394168570406
0.22790996747857095
0.5428176150063578
0.5481685761550574
0.11831880467865714
0.2575507593718235
0.17000857344620873
0.22655883182276032
0.17717225307964782
0.36163832390430534
0.2188818112482827
0.06593800834532433
0.5821217571905496
0.28284531527943646
0.35149485371625466
0.2222635341340624
0.09905245739945244
0.21113171773891434
0.17013491311505594
0.30945649616214665
0.14566792453569313
0.4275831942305054
0.27287006657113005
0.36153328191511674
0.14965507795185967
0.11253341589862181
0.39189444256711303
0.0834116462855448
0.06863399107595379
0.24137630273624464
0.19677111928435512
0.044220625615711925
0.16710648986260543
0.06692028812344299
0.0663526533374686
0.2958012190471402
0.2033495890216633
0.2218040334626195
0.1693565539068757
0.524221271565531
0.09991833045789708
0.2748570190693141
0.058242548343350874
0.3846410759330932
0.5123234130080735
0.15129417479097312
0.27940899130020147
0.10249311510666285
0.18359986170002984
0.2770201586833658
0.06875054680630034
0.1801694316544346
0.09513662478791653
0.048620690494922535
0.06940427579187436
0.044174876601704625
0.10638467625917081
0.11656546573352863
0.08990227315341066
0.10317752446149266
0.22526729981768648
0.38364926103362146
0.10015799575682241
0.3707128339648516
0.2036137263513067
0.16416354405207645
0.3805927199330574
0.29873845129904736
0.07837538682595371
0.41559591866558065
0.07585826553131758
0.5104189241151295
0.19133128396536223
0.04087393062975113
0.3169517407814514
0.09488251302794985
0.1384147825478373
0.32184702970997153
0.1861852502919531
0.0782204523316862
0.1828127361746016
0.14754526378740887
0.1101657194406931
0.29281631513632655
0.10466229782538707
0.21043473061642287
0.10408494512079797
0.1564197914071032
0.08137561208992315
0.1949703790864236
0.5506826324465849
0.2720786680218698
0.2562073444128075
0.13310002562827716
0.02583443240057118
0.1209267511559595
0.056491262367854664
0.18622870697280147
0.14964259014823023
0.0971917986312935
0.31335005693968776
0.3415105462763898
0.11007584043995973
0.07582504888639124
0.19035640007321844
0.1058143194467412
0.05158464384825799
0.5297644153854523
0.4331166137234597
0.3769749817516717
0.12406164642872156
0.24857133288903283
0.4297810022572932
0.31366625188855124
0.10321416422756113
0.1579241505979509
0.1364815470707175
0.06534639148029014
0.3472857796080576
0.3773566470990455
0.1406305361025879
0.3180648055046644
0.28256670629284775
0.06288954683879178
0.1932941817115562
0.3575238002955845
0.5340061321526857
0.15734095426765135
0.3647945674747235
0.11150882572652433
0.14462777493696222
0.09608378895808362
0.07491032771404539
0.2092628591226897
0.3956582475051275
0.19426240228302477
0.30550438017276327
0.3927425633563577
0.10269079320269454
0.40355944137745625
0.3920788136913055
0.04099632029513685
0.10798787072208808
0.5210772143085025
0.2186265956376508
0.0689282997952716
0.31316006222917825
0.1930325052784661
0.20486840821067917
0.1896011214080115
0.08243014954977716
0.16745391781678917
0.3154031147610577
0.16401244837835177
0.2787435708021434
0.2981735998626063
0.5261851792349338
0.2516505534128485
0.1898887609908852
0.046510453707495576
0.3413946346936543
0.06297635056303459
0.5135802521369341
0.0891994391559781
0.3751497127782199
0.06061401639219193
0.055220116267346596
0.13232238781765013
0.2905462407457933
0.3868038406114023
0.24355046554942
0.31200751547781697
0.09136653355430577
0.24241810736364636
0.04837513158972795
0.13948037185061174
0.10004098857287576
0.09335534129072878
0.18422363834629546
0.11846353903713164
0.24347986192316953
0.3588886042930267
0.43130228934137166
0.26209152977270683
0.2803085529119719
0.3052819819011687
0.0610090026213251
0.3631029092012442
0.19234472521180077
0.29881401084539577
0.264519259122259
0.0724619602749771
0.2850173969501052
0.10069000067722414
0.20324636551278277
0.17527235900358376
0.18872875050020044
0.17317048571347174
0.1632895077610165
0.47951719981036445
0.12734184723986006
0.3675680123367042
0.32155620822369574
0.09734405555112027
0.31170880908915977
0.19646330577357424
0.09909772040798429
0.32368413979632304
0.3521484895726763
0.08455493381409318
0.27766954139964817
0.10784016088461784
0.11812922452735344
0.09660261188687089
0.3530559610889378
0.33817959467148245
0.2797488395991851
0.18978462916413874
0.18701399280850287
0.2649945692385742
0.39217295696095966
0.12280390604537295
0.2434129120452301
0.19299183489222319
0.28665238788855585
0.5619664779844142
0.1468125524994499
0.48397509000036176
0.28543722043099795
0.33988950541720364
