130.99152816399362
26.392935673652307
24.48401942356173
66.15881031809921
24.764374413263678
98.74655157613483
58.72366331816708
45.34205182861624
23.16777752939963
71.77692395800318
29.583806200975722
35.08080805274618
42.49624404090801
11.685593375172663
30.697494554459272
25.327739119161144
14.585900016373749
28.232069884844755
22.432705568099525
37.13063235948865
18.933579720268405
151.29196326754854
11.037067806924076
43.71302007145509
59.29812203850798
11.701457413795408
2.227122249492137
63.675589760449064
31.64727723409478
15.150302440517962
57.16988397457499
39.37702388708708
20.059459766305604
21.60852092254295
523.1231789770549
24.002203892751737
14.37698773999219
42.88790229335422
3.5805737831916433
38.92161277944227
19.05215828304503
27.74011340416885
83.74185742785095
25.30961477635847
79.99556083062728
1.5598473545499623
112.99045412969349
29.955366759328903
27.24498843546673
57.27444831220945
30.09605130722293
50.68329579067864
29.732352104411827
32.945319930427345
40.1314555183194
33.51858149094452
24.55884972616056
30.074116207028748
44.28610940597013
51.42359863661944
33.05161024890494
21.36438334542127
38.12861306317705
21.0992685573191
13.793791322328394
50.50916223001986
16.4448335790245
170.1843556528677
20.407662221438255
90.61492483348385
36.140876360594305
68.94932457395907
148.01622540767764
31.239217479205543
75.19302297670252
21.568406454159657
11.821417862115192
76.48234947206117
7.858831361254463
202.2421721869299
11.243255179905246
139.0145393364522
33.03699165262215
139.5171636510033
53.07034912398595
43.45105151431109
17.217074992816272
25.255178639470063
16.915453784841333
8.737570000447425
21.001262189523693
45.445303798126396
14.286139728925457
30.86774174608878
10.39673946764043
11.443632972617474
26.465562106468415
44.950318697914376
45.754287392132944
9.470279784341278
114.00378436770647
27.48122206394099
161.02146061491445
30.534628089086095
11.418736237618413
12.933287473723711
75.52870225375366
28.273930738037823
50.82009957268375
11.60506048565699
74.34913411753794
21.51814223147714
88.55814868736255
36.23160779420808
25.42328518009393
54.50593468839902
27.957733063782833
16.09721025780969
30.699262664936764
12.589903833518342
66.84298612165925
27.009190841250444
16.54295434062234
22.5822678324049
33.24009275955427
17.16911638001419
7.800100018938038
68.11767772983572
17.026306101724426
111.29968953533395
3.798329002311077
10.204585246207786
111.56785411975599
10.932340573004153
19.062393846601246
24.603681477201505
61.38755787206357
63.682409846057176
218.67990831542215
30.493153973053865
1.86197957824218
18.26332049871068
20.120962626131714
50.342130292956284
11.866910171904218
31.333117954042176
22.00888006179248
43.25097497866072
20.860225506195636
14.001931722380412
21.07077939897739
157.27975290758343
42.23634259365811
14.361920799079703
13.937699405156405
15.666910656692647
53.06796575211579
20.491091050772837
14.670852988960066
45.86057323518981
23.900722622073047
25.2042181575407
30.61387059908211
14.48702958983641
92.0617095007723
21.264834857168886
115.98365413607455
46.67643418878391
16.125923345057842
20.866153147848856
88.41505344967537
13.055330052627578
36.9349304683174
16.983049003217868
18.767141613841627
117.2913285139583
55.42868797806967
37.32129112072978
12.160703280380034
28.737711563365753
15.235747454992879
16.127329138916057
27.05606931666611
42.40645573008772
54.13104943443271
32.66365656230229
22.699030786380128
3.6825095980293887
91.49817564227307
198.85070727049253
28.949023029468975
81.38043981946171
8.059492081313406
35.703480027112874
42.57647165595091
6.371844939145654
88.37577715755523
63.96312011040538
89.34199080648003
14.068589407631638
23.585402732545482
12.203815502964753
27.507511073712294
28.573557308718076
79.14073850125433
17.134170825381467
156.17886407462152
75.92856388445868
51.82361975920389
7.715445626564087
116.2334216403101
464.91969020333846
38.61318678695149
51.8899110444796
63.88904509596544
11.580495568513951
23.299057444765623
26.128291182493975
30.168783881411443
27.65744310078221
28.85208038766881
20.35756557507198
21.86051260233191
13.35044296169318
10.566140939220329
27.287787076414663
23.37206581426427
110.76302204594516
9.113153494535391
29.877770422243742
116.15361830232551
10.845970984871347
54.340013481272194
23.692681052904415
18.77687388798687
38.28756231123845
22.2367500541644
18.7902606259426
35.346153071611475
18.739476100354842
18.670564004872205
18.911313044287006
26.536113484949553
6.935474356983321
37.092719132191405
14.75812472605793
27.796951747772233
16.549565386893658
158.54896769066463
12.910779010692206
36.6807589469966
38.32214817297674
140.35781386287425
14.786801447658643
80.18089649859917
48.72054495998303
55.961679945966104
122.6405339486868
36.33552276281975
21.365751865776108
23.243917596393313
33.88447673095157
120.50126893303104
58.51660328857054
114.02028385664016
57.00766376711468
22.35854826888953
13.196627731882852
19.387273164370118
31.87531148290808
9.99880517502905
14.831896203316907
12.39116298928357
16.851743806999966
21.49875515923551
35.65867762058849
12.324403814757641
24.27720977269332
30.143123905737056
17.153794247929966
30.859681113033613
12.245246220528205
72.98501117838059
16.576748886899765
65.30332313401556
32.17806163180154
19.527454369031254
52.32762952857995
12.892474672446559
96.35179466264768
31.52816424966477
78.89887697437973
7.261579537680136
14.950369362821654
182.2236706906321
50.98352777935534
21.507558348488928
36.01711452831134
88.23261720160707
58.97648632712761
134.61253814060655
18.827012554955132
16.83567967770299
47.1327963125003
23.266145861793255
26.104327287107584
17.259533399808873
13.604122105708369
11.46436576848926
187.1449524643101
13.957454066302883
31.9204759536683
22.77768756747127
27.965353244147227
12.130746504955457
62.663909323969534
21.900218192372012
15.60082461967207
15.984629231599666
49.04057694506837
57.93867605711512
8.741160631144824
15.412922291157804
39.566360917944245
143.0084692412394
26.64042373080365
42.681412071631335
191.17221512283712
25.10537874167118
108.42711399662439
65.17035438471669
111.2945088442732
13.220468777837317
36.78722503671949
17.57571123753774
8.788055596245417
6.986829483251351
26.741063200119463
25.408238750456835
62.36621606174283
62.76815596748255
85.54473714188259
25.979238896893996
81.95426050866898
74.49961082821544
46.96278218521205
112.7033627102591
38.50445517779717
34.99094011710822
22.170351482507993
24.27555080924504
34.5012342824186
20.50676343448386
106.98393687986919
9.211303508246289
5.653006480475913
99.80096172754821
16.034219170048736
39.94144987717054
22.1872860222457
31.6179981191591
156.51009280320682
36.157879360072116
10.202565760331039
37.62685598199696
94.25458367699757
31.749958689872145
295.5689391746873
35.047732933280365
14.594138315157002
68.9629620176952
50.551363704503835
9.085169749222135
14.88933441231053
14.242241380625517
9.60726979342419
155.80746254425992
15.147938490311224
52.979191045579434
22.929561446449245
16.580597996725054
41.790884220747934
46.76837484505862
34.104567772135134
43.68598021147037
46.37412433235432
104.85850383810245
14.595139351080268
69.66046529949331
21.708051494554677
69.7029395023546
35.429473629887596
110.5163587438362
128.2099962908041
55.87427441301907
20.891007254628345
77.61787489273912
87.72318656161698
20.379824022278207
8.497266774945896
29.249196521486265
15.82344774197436
18.07067773706566
10.14071768909017
95.73833389465388
16.760976877540344
81.89451483812708
125.13756095651993
32.95907559512042
57.76989036430037
17.711775462297442
14.21196223973262
66.5961894079916
49.973326991444466
27.353904421178918
15.032480144670062
15.80632262561158
123.16186974927531
128.10219509864265
24.9730245376435
19.525215157895904
22.3959710506836
53.85961988097881
68.86169163097449
18.02855211333812
28.258972335489695
33.55738191080854
9.312818953523328
32.231760261784316
29.32433082624476
104.76246398531072
77.28104298878965
39.40142488459012
83.40648477838556
22.967765761882884
19.370298730514524
58.88501789000244
82.69583049547046
47.161356899228764
25.055191802383504
21.567370423343895
21.525281960516704
10.138308093369552
141.3341459678195
43.157489906163576
46.679489884880454
59.14160758257948
68.5214221621312
79.55917972571994
17.011660773256885
14.96785894825588
91.783469386374
42.43141551097152
104.2144659861704
34.84798905444213
8.921101126694653
70.21791172273996
63.66890317948808
26.217177718915924
55.45854970265064
20.40482296910164
9.892232631325884
28.268541220491702
19.054040197519015
11.067140327154023
17.310634849957413
118.29141894610468
96.596559906821
62.86141844814232
9.64199501930544
110.42494374846076
19.899860243060044
72.90263664656996
17.427051498722914
19.617537138191654
31.41080852945302
7.315891470633123
10.820163823808628
9.26001645400914
43.33806461878987
74.74409918913256
71.93645797760529
29.70170882378887
26.9307452635987
102.15288922897291
103.10741643035941
19.216970240867898
27.740627178510397
22.831170179045007
37.84414125561578
28.887831842882647
35.937388572128235
29.094864064815873
68.21093771464871
56.91890181773124
27.797166337623757
102.81722017178866
22.425278636344597
20.323945224497237
20.888806164822377
107.92026962592637
83.85378447286656
36.83478630658317
9.370159998003869
21.937628542569954
22.533640206633116
294.58047106351705
166.25070731823325
9.58342575419118
76.89713300812852
30.04475616644599
35.41814768071396
24.081486217321146
111.10633450877401
46.3048675950185
24.684380733396456
68.77938120641024
32.0588538034977
18.727592776938522
106.53504173116092
6.263151544156164
30.467715783378484
7.114236578241505
9.896054956796949
43.915589523754285
25.90470124047144
68.29234080532022
28.607273520531884
23.260502995306542
30.071126811559033
226.65214373382807
26.866010939844546
13.714787190274043
81.87859863627362
31.12717243757619
79.62921048186055
6.198410689791224
10.970549424228363
39.81708570186385
28.023857664668768
35.7245458587042
19.21563997266815
12.897031736475785
16.748962435610363
118.24675500009431
28.838226136343653
18.66271390618994
46.107591018615686
18.330271403022813
13.92472529904614
27.202436740586464
20.349914924005795
143.95588931529872
25.578874948756155
27.178801890004546
18.628214188443355
15.448040810642231
28.000662820268374
47.745165962542856
133.64623068106678
125.42048004182722
19.58348538416483
30.036845089845905
6.78447422683652
35.502113483526514
111.09348559807327
103.30429739051385
30.282563169957022
73.28809101438584
27.076489484914905
12.595027297999856
21.44480953897492
67.42436476244667
22.76789900081774
29.302508624138476
26.754535038273296
110.14316300130024
29.41231433353246
92.93401405387898
23.89000819911465
32.735201540209694
373.066922054166
18.191963588873158
38.82250518353329
38.09692719538463
38.529800097378384
35.650831675162614
723.5772778745763
18.42279595857292
37.86282592626166
145.9683281458195
129.00980327101968
60.56195316330995
33.38323773772883
49.887660457853876
69.76030543220534
22.991005777594424
5.81097102910668
24.194149662577257
21.365385075262573
29.528181388908372
16.682238632424443
26.92746216346714
26.49062592847175
17.719000827481345
98.27561145645652
5.840532124503939
28.353367565796095
18.451523904807047
19.375038819822645
63.64614955976232
2.2760745463756065
149.6274791407498
33.19868661222794
263.7437910964536
19.28133480575382
15.386291328385486
15.400255595588725
48.59641851890769
61.49465541187021
15.116720141977135
10.0568051189852
33.81135187822955
18.56118620972696
22.461400412642057
9.832212457163033
20.431417626439856
28.875313007868826
26.499768426608185
10.640342114560498
66.98299936554076
39.704962525590375
62.85689289564683
28.28688119701001
50.34645835814275
26.36173150204423
34.2291356945179
22.907499196929063
104.82187396312465
58.50119218392013
11.055738341080096
40.83322762647967
33.10785064504995
21.554403678585253
46.36841057993627
47.32656651934684
38.60020661812084
183.51700367138392
53.357749320752774
22.23033696089401
45.565760120262766
79.84354241374119
46.04790875854909
148.826153121093
19.3568949896745
5.270888371942379
49.31277408150377
18.128557417969663
20.135966827336613
53.36676957479024
45.30615698104599
49.28776283784126
51.29409932997097
28.655994249616906
14.296772298121784
60.97938269096587
28.695752807758726
19.122310590693978
21.640400892691527
32.208544248795775
16.402612756219945
190.56925648715526
74.32062914136216
44.460836913381236
104.76438116118202
20.184221949335704
27.31343849206482
9.56085140336356
19.463699677156235
24.041799163511833
21.747828658347284
24.582971224483522
17.537333006533384
55.103165544691656
28.340223071336304
12.00787651842978
21.37965390691342
11.54615983351449
13.195848070173387
41.26372649844129
9.921921536604005
51.23271544495448
27.836239228603617
23.71782522227649
104.4898625438781
24.57638338726996
18.616760621549176
57.03786574959664
27.305522946310816
111.09645043382739
55.014236898170594
22.194032422240102
21.40256834470211
8.081205553965635
35.22102665456429
91.34143501894621
14.674373867348322
42.58801551048992
237.7175227266033
60.58728597238026
47.4805435287689
21.186970937465237
34.555800891695306
48.166859681495616
24.425788397173957
68.23364163210661
30.444068421944632
54.01236245352254
20.70778991897861
126.43091721016785
26.738614020631335
173.34737822955705
9.5165629534267
114.26698979941999
18.635330254296132
167.41799946049022
52.56221508422613
24.243413158749625
12.588093742522922
16.852028369490064
27.56028982067552
16.881171708236312
27.321095449680364
23.10331512209247
22.682576406118756
26.586581439359975
44.04658276569543
15.681183167200127
31.55021653204457
48.60643839172346
39.997894324691615
262.5177110285792
5.014474608603472
12.98897059021275
30.810678172272375
36.613405644463114
83.32669224603201
4.011128963309855
5.530263286084811
98.84934807667038
21.413850012711503
39.09515087208786
87.27375027460454
30.642198663099517
42.15555906539904
6.2324666199784495
45.23215295495157
10.753146277158839
32.31005664701507
24.872855060041456
9.997564714731704
45.648293389246845
23.000399607781826
28.238695372511014
59.581419383683624
192.8716283497591
44.23771296502943
13.589879243740013
179.73497993658654
13.31766958683295
19.92822548259922
20.510918830277074
16.891705283232568
14.302820778069076
25.57868602684299
55.767056755213645
18.790188315703613
14.832428239485385
42.95680640000919
8.545030092928545
22.19214548333622
23.22608339775072
78.01173523628546
26.536421828732415
22.731688042027066
23.087674065102664
53.826951603873205
23.356488376429155
335.83792355537537
69.9308382378198
31.475552132209863
20.305111324937066
70.91337203258573
11.588940549039403
48.80929975974935
8.995646854671739
11.200589019966033
8.918180806091966
13.807399894921172
90.96778704299558
79.05058669516589
21.16769014616595
38.36852336266329
35.9402265171486
80.0916595290461
31.64780752376229
1.7018012949379349
33.71783061886807
24.329931762796058
20.390293445341946
52.09553661560427
117.6479383118466
9.227179340701298
15.927336394903492
128.62684168350543
96.21832839378253
18.270536997500987
16.013147150090496
24.794678125382216
13.199635836351696
51.773849438928714
13.115618514151716
88.49575406335904
40.41365008957245
136.50344417987768
60.611909654702494
155.03406986213656
97.895260277702
43.04853275864317
30.21185822680965
19.701510428467554
109.3886838817917
26.943520619894763
44.73508477224946
38.49964005228798
11.234414286202021
29.423836977150305
11.010870140426814
36.04504989961233
20.845776659505592
19.854770423529352
20.144454764902104
34.532724614103984
21.07348740919771
45.70880316654093
15.639052742073599
23.363556056588003
43.44446663144794
18.43115644874341
70.33892676999103
51.558976295725586
52.37637796390867
13.124339227760993
9.824929833428811
44.26408735211952
31.27310692798265
23.66367950699917
14.503678738874909
76.53765023321714
61.00709981863893
51.90684444220596
55.80212787902881
86.26096978814631
31.35071013018297
16.767380522622087
26.17305522551945
16.816952818326296
9.836790441591017
49.97516989049624
41.69804298666641
101.16438615262017
64.4409472262521
50.06313812579163
245.21507540143858
12.729242430071434
10.49223653017602
19.836772141648776
32.086223778864984
41.357367482061925
13.876995088656985
13.525223668575773
31.150809760411033
17.663581375270404
13.347656217343488
17.027288428745862
17.791497871179438
14.226935755518216
1.234183152824742
661.2898863293724
59.5306842159404
28.871343699284633
97.27500642889366
149.3337510794295
36.72614723487445
8.357310910966138
8.646813338815118
14.807886046916652
15.303835050732857
31.865828315925143
8.669196919095159
16.18924562683459
23.53102368349467
39.78601276168247
49.30529971701816
29.98542973036505
55.51615368745146
29.33368830217945
58.32363795886516
14.09889956378326
30.318164169086185
25.207048386065168
20.728557037538575
18.074327628668833
14.674785471620105
102.0779207260831
14.588013490827622
20.70934903399614
77.26851060938235
121.37232099944475
42.86833987617423
18.759439740023662
88.32874621894254
93.99847821548067
62.53852280487766
110.89049617711449
15.980572687340791
7.354953467014797
43.75362862039801
36.00512942746959
14.251129740165133
18.670973703285117
23.123522274614988
13.106011511525857
31.224084443599534
28.244563975336582
17.80883644871191
58.22364772150478
38.033493885893634
98.02019216153526
15.377278931707723
12.206531918089297
20.692790154631474
6.112645552868999
14.683520195018827
92.70833957136674
51.071714546151014
26.214966514770396
24.169808776039282
7.2909904895691895
14.644265928599337
16.668478315953127
56.03435662977525
450.22110580250467
23.272788888962765
34.424237761870785
17.00560158348205
10.736439823095045
6.149568180763126
39.36275444930657
46.210067576054904
77.1908894780719
23.164233171236127
6.427988835898891
16.76269315998425
19.61649745523924
41.12660460601942
147.92158557593254
9.840093297453237
12.615336683573352
42.19465024665535
25.698267140514393
23.531269527247296
18.796765479295818
68.86890416750632
209.4928459401354
41.19170556442897
63.49463478812378
8.518499682248656
17.807893871198733
93.89221725049772
300.45790108764595
119.95177243003812
60.697271411132945
222.71165168974738
17.429453871647812
21.653966790327217
6.789202891784539
52.244490069165415
41.85389062397223
75.14463667297734
608.2412212985159
12.456421254489067
43.82482415356234
229.06624681582133
22.87748293202613
9.196478263459191
28.372932709132957
21.080339750290513
63.863201684312905
90.32265604483239
