0.4769605026742837
0.18402076313232854
0.4439618076200194
1.1359980677957964
0.7843944972675209
0.48483593311980666
0.9274319420207806
0.8366638690320265
1.9632485859746573
0.3935211630093856
0.9219957233804139
1.144247025773406
0.30171542000511736
3.0305474633127214
0.7060417365139233
1.8729630141487736
0.6647880977525747
0.8054145745699695
9.187720161374925
0.8982000465887227
4.635944273838986
2.6400575426747634
0.26030865097845834
0.8313567634974698
0.3910882021763869
0.5202800575478622
0.3995572777877608
0.503900456499719
0.6265809564409472
0.4601482144846894
0.5346785487036048
0.567152045894178
1.3500560224226508
0.2240318445594438
1.3662004494665512
0.8081589449695815
0.7477451012131112
2.1334648332915322
0.9391824899188974
0.6908127945397553
0.5898818035415645
0.9992590239441294
10.2956729146709
0.35496513805375085
0.4985243123894888
0.22236230350771918
2.450031284370128
1.5638474586750104
0.4893798755895387
0.30574057923295805
0.5554351899501452
0.4443505841499842
0.7856733816271116
2.4639543959601933
11.777495080203849
0.9317145063532634
0.9749596438960586
1.9047513950296924
0.8399951837288506
0.4610336179385057
1.4280387590969825
7.221391084468345
0.6707541461502247
0.9256151356484231
2.348094095991033
3.190757563028081
4.16389942220759
0.4379176765009384
1.634854722738294
2.5867631117264858
1.9608676250136678
1.162655201706876
0.9942988360360232
0.5503342386411947
0.25022121303720946
1.640721995504754
0.3467013024268545
3.8730969562944018
0.5333347071379035
5.936930836059612
0.27787753151760813
0.916916884596511
0.408749103728945
1.5024598724380456
0.4781585786588048
0.7907884958738637
0.6287029682173843
0.7096556910140912
1.5622330145073302
0.41311238250510984
2.092141203952578
1.7362860388526862
1.1446594302009174
1.8206764940432456
0.9119495810423707
1.1940586966947773
5.318422575007165
0.7781399245231847
0.7678232465228203
0.5876373694064586
0.3706938508648915
0.5622059204449046
2.5127364749292993
1.8299859603671058
0.7096664857551868
1.6090529175806219
1.4153801183486074
18.147801471448364
1.5972152881301003
5.086100170655047
0.8429775004371933
0.2540898010546624
1.2286674869824954
0.44318847235205694
0.5801318132058272
0.521130541467818
0.30893728214166166
1.2623856231539408
0.5953460229920269
1.0251081844861996
1.7432011151900035
1.0288225848128136
4.280721283566772
0.30030617622275657
0.29197934431735667
1.0462556165457613
0.48518940370730107
0.7214343414602314
0.07436068199472165
2.443293049839449
1.0824666814608466
0.7881864020645211
0.5964260629711271
3.388665153411829
0.6603751690492912
0.30073342643530815
1.5568663039048896
2.4787420648712746
0.3814026480531219
2.7410727607074685
0.6513308251903548
4.468337141971997
1.7996687632962955
6.881153017341033
0.31676432196708304
0.37734893380960305
2.1048660768731042
2.121586015626856
13.918717159058803
1.2852816092351347
2.069109913708932
6.065299887498485
0.988272036214908
1.5689557052670713
1.1688585557719664
0.5614934997452448
0.7929874146352635
2.1495896349713464
0.41049064945855435
0.3899610178042158
2.795091800278271
0.15450661249135664
0.3364007660257263
0.7614932408292561
1.5685643377476195
3.0842842517957716
0.5743408440100142
12.135342865280668
0.2604765599743054
3.00068066590346
0.8119437390102794
0.7244521017934625
1.0451807704586171
1.0460449725938121
1.947643365788376
0.37269118297081383
0.3614836073477947
0.38930678573386407
0.7868976627740021
0.41588609478222693
0.19811155543433984
0.7658011768651986
2.638434512415284
1.2013930352706323
2.857303691638715
1.473065399018177
2.050963486673287
0.21870991195888378
9.690921541892056
0.49257062891357994
0.448129383758347
3.10837068014653
3.741210914158186
0.29509617562185203
0.8372595022343798
3.819547619174974
0.5373233561418539
0.8800458556752481
2.573278013556177
1.0591164141582883
0.6957340928012187
0.21383016045321032
0.5458785647827441
4.985180674400694
1.3442625957728995
1.9087898181788818
7.039938850881432
0.9413498901950551
0.7095665663107382
0.27587211143484186
1.572509029197356
1.307769383710669
0.3340361001248002
0.7385304274318351
0.3800470011760312
1.1281820057327
1.3871605764859416
0.9091741944531021
0.3772514628076379
0.8030205924744831
0.5008161680710241
2.045796345489335
1.4018343070991413
1.2993221282008525
1.6253817227494909
2.1543599598092857
0.2629195509722658
0.32051118977693427
0.9625392794906695
3.3455846278927526
0.8174241883109448
0.5517172738968633
0.9924948295425094
0.4428779462394012
0.6352856315421962
1.4481734611243313
1.6369528033718985
25.023000228383268
0.393553267538331
0.4533645707926103
0.9221130943974183
1.127813624468565
0.6540016746167473
0.2850366311140295
0.6343204680082154
1.674003038863159
1.8498127175126706
0.5111409329594705
1.4880591219579995
35.98756457495083
1.2223146938728309
0.5687508578546792
0.26644819438408157
1.365928972751148
166.5911074412683
1.259715724163714
0.6062954752926807
1.8532300162886637
0.4523511233862304
0.5845327782666822
0.4630614523256738
2.937581726227368
0.4884414768792545
0.8778882356696437
2.2408861282780714
2.1795199831344725
0.4196951401354208
0.5397447704332777
0.4111969774867395
2.5638586235233634
2.0633127534942823
0.5212940026807337
0.3477047643276158
4.252178745430364
2.2685227775374215
0.508129659173738
0.5083173038005838
0.40437742238963564
1.7849217551951928
1.9468488932396522
0.3789546536464021
1.2492221734386706
0.43108060553612615
0.968241540440331
0.5332031995903223
0.8828989065889177
2.465493922198516
0.6418544175467159
0.16060314223154387
0.26330809870737004
2.337817814448391
0.27646855118866637
1.121723095254561
0.45497795640876715
0.2909917837447804
0.6118193687559025
0.5387761573638975
1.145596489983188
0.49622793972147233
1.9482385209997204
0.32602668934328183
0.8812987022936195
1.7460321084668793
5.5089113249793105
1.8757844405894561
10.472458343262106
1.0033940741720273
0.8053327685613386
0.6432385878563622
0.5292683724077877
0.39625824839754054
6.2989961357686335
2.1055821822963683
0.3954534891475598
1.1489328938714152
0.7950706687700612
0.7039870716945632
2.5548520068122875
0.5603080715760549
1.2837018144044594
2.2367007763075764
0.6199507279777482
0.9943487228584262
0.3834814793521627
0.3085046936676879
0.6114420934786698
0.6099951369933931
0.5336144829677064
0.407282495069745
0.4288180280363155
0.4363791415197692
2.6182040037204426
0.5196480878269092
0.5855733069965368
2.7800523587059396
0.6786155274201467
0.8935147564766436
0.9615180422047538
0.035908796962967726
0.4092262451839485
1.8318973328590085
0.2891099028082592
1.2016850642959842
3.0802893692484923
0.7372218319755015
1.0554961878527032
0.6601848427600086
0.6203433466840967
1.4769315037475632
0.4421235389713988
1.405527564700731
0.5378270298783911
0.62735037571179
0.5468891065299603
1.1640763555765543
1.6983728428435305
3.1175241274605017
0.9229441558903062
0.706788061963629
3.88570354258451
0.5787775197707881
0.7668741345863026
0.9171453274866344
0.5786040283649553
1.1768888562415776
0.44511174495149897
0.42179400284379837
7.845020824146593
0.20656219611188523
0.35132534934229104
0.4591531970806753
0.4024505120542116
1.7988727125926642
0.619177719092681
0.4300196735970766
0.5495270932060731
7.977674568833492
2.1310766931807015
0.8366059261460297
2.4830278249037536
0.9859661083494485
1.8413046278301153
0.8300988106433741
0.7710466091015451
0.4528149138853765
0.29465902022134643
2.8696224595123883
0.591355720490132
2.231452519356626
1.0380614024776176
1.177655340200195
0.4044045992010781
0.7828346667163683
0.39028621010061093
0.669580315928323
0.9292032837018266
0.7025071970890961
1.1995368547276493
6.791671345878023
0.49491502513552194
1.7467115390286683
0.5372058757255507
25.384443149812746
3.280482862348353
1.4237104937613922
1.9116694028945755
1.191928029978224
4.218989395478894
1.084646026084523
1.0972019776429942
0.9320032685106482
0.8355617430547654
0.9010033192903656
3.739236327021079
0.7250269031795664
1.1391492283355589
2.271562805200351
7.7333644240469015
0.3808285702906518
1.1658301537346183
0.3756213539102343
0.9029408268334024
1.6458251533998831
0.47179332772219346
0.7481493042255555
9.009231340814896
0.8986105121565738
0.4232777374044703
0.47319704920318517
5.6514481260669625
0.8320207946732125
0.5799097602319688
0.19238360404438512
0.5462252971776627
1.0806939603020738
0.3950875264665014
0.4902567704402337
0.5022937040895576
1.1628902828240202
0.4437094898109836
1.2366342987932601
0.414673653284712
10.594544412292143
0.33884285546750914
0.8884833294481541
0.8508422560171806
0.5148038846731153
0.586376363336092
0.37917481307708667
0.1449459036629718
10.590617992485225
0.3486908052589397
0.3743470309444088
1.239941571910771
0.7925412929252895
0.1997493242984045
2.3581666856923253
2.2093962128934814
0.31491628372450886
1.0396839012927248
0.680300736140679
9.334777746330502
0.781372082601197
0.25830332120220884
1.001926523585519
0.4391576543162373
0.4371175051141954
0.5765814342450992
0.5710904598920641
0.5144755250535832
0.41690200744913564
1.2312256724992765
1.0431462426894733
12.138104849831448
1.047955419543784
0.6946392613447477
0.9008979162316636
0.5460402512883402
9.311405706348713
0.5645693993408937
3.7409237779431606
1.3446614585707504
1.8459547390002768
0.6173854424249539
3.2122816091960966
1.9713455245876295
1.2097468062763228
0.4065038209746129
0.7847925836207624
0.8587310111669516
0.4060696215496057
1.0720777605038452
0.41557353543891123
0.5592376433575406
0.9611259488190849
0.6059066721359123
0.6527866575922989
0.5007723122955828
1.3354996977612184
0.3240537398781867
0.6750575587946027
1.5183304146067165
0.6714636194320673
0.9239710542628543
0.2169045759487764
0.18583505570476103
0.7083865742530263
2.1106752468989045
1.5394974175248641
1.5177347887861037
0.4242941874052648
0.9060509320673431
0.37573722113429237
1.497524960517722
0.676434238552784
1.135542659698459
0.7272882440577845
1.1022757545114672
0.16679100736494434
1.1647243193675119
0.7060734733149181
0.7269402216087845
1.7150854019836457
13.951761936843175
0.6213993090722743
0.3925652031580071
1.6824166501693891
0.9984991677037997
0.730184240076737
0.7867757514017155
2.3259888311290657
0.36565316237096346
0.35089754481655455
0.7797469770794626
0.9843778536004785
0.26052442560627537
0.2815850085723818
0.42648194674120393
1.8681647358436033
0.7735258270550092
0.575054411898078
1.029089472118582
1.799424013095061
0.4106836678798706
0.8633320767193174
0.5438498573444742
0.6643398701664989
0.3483628479221211
0.7681047281572737
0.3188273407611022
1.9561558647342945
0.9644971538902514
0.4176653631237483
0.7599150281907149
0.8577631054723904
0.6505848488109347
1.5129691278292414
3.1117196873406625
2.319672266937854
2.387210770576165
0.813849814554936
1.9025985811369899
0.30399031213343713
0.4625887975015014
0.18109287048438732
0.692268038588023
0.9514172145963051
1.7705494007215605
2.0489572978595727
0.43955986047504886
1.680094900677386
0.2362573456771074
2.0062805451784165
0.8746062022078218
2.2157247110588014
15.871263585368853
2.0031188449513135
0.8634294549745709
0.6417598011328988
1.4136425028227178
0.33893391033883097
1.9823938285158667
16.52105064324589
0.7782747284085468
0.7919636834520695
0.782853287594887
0.7885380275828442
1.022544359292565
1.6644761290101269
1.325815689145101
1.4993207934424635
2.17824304183831
0.9943920150935551
0.2611936349464429
0.47287136762580095
0.4908671812962277
3.5868816315963543
1.2590950174547013
1.572953985069403
1.0224161987805707
0.4688682669798586
0.417921215672774
0.31778977213999515
0.3472909671703169
1.0522136139109084
0.2547875256506691
0.37068038575790774
0.7708938799158858
0.6936225458628119
0.9008346660741038
0.28767081179743254
1.938595180037935
0.9448820457644521
6.162143505394534
18.306292713804837
0.1016306797810574
0.8847816052902993
0.6192706790238954
0.9308441808824961
0.7146048809599128
0.8904046119683025
0.7679007466849497
0.22474504232195777
0.8727157486064583
0.33365994660306947
0.8763607815647089
0.7653183083319989
0.48447416867898224
2.095004328966082
0.8767429439758779
0.5591118339247938
0.7890493855372765
2.6737393593931986
0.940059998471372
0.28598518276115964
0.8360894402128972
1.0255669731579695
0.24899435441230666
1.2944233904757507
0.8786398719220598
9.123363850035485
0.416020996947728
1.023133858589797
0.3110416689779573
0.537126728120574
0.6300632615299281
0.621138903146599
0.41807817858854485
1.8172250243295671
0.5905734014450659
0.5200354253719858
0.5468537941826408
6.490392120007142
1.3820917833084607
0.8749739835131891
2.0587408314346485
0.42037897842290517
0.49030620600984426
8.500918338155538
0.5271573054795425
7.069786342592748
0.42096614463687215
0.446684228162471
1.8524263314634175
0.8684301188594519
0.8882253495729346
0.7158527742652334
0.4300132424358856
0.33031756205179763
1.6160689319920007
1.9684624346983266
0.8738536077400751
0.44117813915405163
0.6359478847754064
0.4310968335298936
1.065968865023934
2.853615577158589
0.5154781977752708
0.9453843850494077
0.47924733120611857
0.7268927826297473
0.6271954224552857
0.6450757733427873
0.4216835855998984
1.922366425644337
0.4793444665010041
1.7571521498097582
1.3363254655183814
1.1658719563912592
2.074553567125115
0.8817724940445156
1.6368337502271177
0.2864719801735968
1.1447965739581347
0.6108324876838748
1.884560358412279
0.7043005407798072
1.6090242889013535
1.4587651668752502
0.3045521682605905
2.7520709964148615
0.702300689970449
0.47652010986235666
0.6617697887655485
0.3450658575390858
24.49744825664617
0.541415775652135
25.68814184370641
0.2766493881532382
0.7406083749614967
0.5642981632427206
1.8261032054472903
0.7045379391568257
2.9423749415526834
0.3228522548802952
0.5368796911562699
0.9968109261995387
2.739416664948361
0.2862787444520039
2.0674972720464178
4.428784020568868
0.45505444630352077
0.9115497996541077
1.3007702141403266
1.41872900190339
0.8553918103100977
7.283874874075462
7.842037520593559
1.0767191748012088
0.4640026254827589
0.2343053514522551
10.62513954298637
2.1028877535993957
1.933096041660315
3.1961984294322887
0.3286989093091301
0.23649801040957555
0.6315986239055175
0.6947064391949074
1.5530006177041955
1.4449369124443248
0.292876488545282
1.9591299213916584
1.0494646842164828
2.755135371558694
0.9627055769837956
1.586750815135119
2.8001413418877332
0.5897869617553502
0.5155128144316479
1.2096452565513043
1.3119181191528193
2.83396013673249
1.1353069273851302
0.5913402846531849
3.745115812969253
0.7456962472602496
0.6886197097312419
0.4488319071757113
0.35126511476014116
1.028938989490291
0.24976121522416836
0.4332091991472294
0.6562803950739987
3.0350968054652614
0.5465321323729991
0.4303391299133001
0.24222841158513628
0.28500269574346404
1.8219721750922697
0.2532060869706236
0.5341142341168921
0.15663227317865308
0.2827153138224388
2.364542966971505
6.61130564147562
0.19005159300257013
0.8838138036673214
0.3359097619011126
0.18223489674408086
153.47903936169487
1.4373590924053596
0.38516836542923494
17.536963908159567
0.5174240748347729
1.9091165302928854
0.2830034995399702
0.3860403520963153
0.31751408585451085
0.24094393167008268
0.7045161172730862
2.251773514700394
0.5722081248565595
1.1166349722155398
0.49542620586109276
1.1659882577375777
1.1641788201115988
1.6931145668407335
1.0126302273107164
0.6895968421951816
0.8452957991488453
0.8982370970197279
1.2491989275744193
5.154610223212415
2.641704582095098
1.71690841485913
0.21355519979146537
0.4494838704669839
4.027094895167638
1.466735592195001
0.8101573355014017
0.6591063872323222
2.5567169151304228
0.4388871276148867
0.4415617327195986
0.31677177011985813
0.4372031951988939
0.4251676665233126
0.7930873132153639
0.9927445012545368
0.3061717622118979
0.34250226444743576
0.14738492008306542
3.2669802367418037
0.9016925673686915
1.3450459492387379
0.4469263539730328
0.33529970588197777
0.5066169630530148
0.9210287904284726
0.5115170753014799
25.33262422532164
1.1105119660876452
0.780814904728289
0.7673422273247362
1.1893271858697945
0.8571331848123522
0.577702951692081
0.8279484202937576
0.21302555172757653
3.8218873266129703
3.8798910902315558
0.8409478610050893
0.5691205381749053
2.5299520049869395
7.097450623223124
1.7634728735725018
0.978097646103698
0.16281294588530365
0.7846528017809902
1.5352867066471834
0.04234287665149756
3.9486759341757307
0.5458413188048769
1.4764861427037708
0.8298931614010499
0.7883917575370601
0.5696333845610401
0.4607344604156023
0.32354522653756224
6.086590416641139
0.28986797203337256
2.888461855017335
5.312424252385954
1.2766445472983452
1.3598997095355803
0.6290265955637534
0.712656390925837
1.446104460460079
0.48382373317099026
1.1200401446126387
0.5947199230134635
0.7042931563084274
0.31738557152343183
2.474214537226538
1.6805088679734232
0.15984278686984427
2.656803749564935
0.31142090324153016
1.6019753059161128
0.8442672128251434
3.1846543588818896
1.486451533072731
1.1401208936406237
0.3469540086314402
2.258364235742859
1.2052812504514336
3.9057154334771895
0.3796062170787535
0.32318352417276164
4.11914257814591
1.022641539546618
0.6793241810605056
0.3880260909183232
0.65061118085045
1.284084233651806
0.8516652558006952
0.6956932754277464
0.2335219113947022
0.7803082162811278
0.4095806092642916
0.5598398455595468
0.4178253529924035
0.7121997782142735
2.1910442173964597
9.191913190769501
0.5471599221705158
0.4486562402729624
0.7942806202479222
1.484350962996139
1.516685602417241
1.3138349764623405
2.890408511863354
3.308847466484401
0.700722866773279
0.666379825186102
0.903452645603117
0.6726878526780244
1.2165705427710793
0.36699000466146436
1.9574488502415484
0.40021182283671075
0.702461808126593
1.0779847387104204
3.5505682190529804
0.5461810458841111
4.083554892646387
0.5722238725975838
0.6540070920178866
8.037130580023309
1.5776234432033946
0.34963595699496114
0.5785200923014308
15.333601488232267
2.0331238464516033
1.5645342466465852
1.1362318844854782
2.1072654743183636
1.4274861800928311
1.8986063891812786
0.9446037678936131
1.6812032761836784
0.6502599209146969
2.6609292424262425
1.63937563917132
1.00680395745003
0.5392926089604663
2.5591150031820065
1.3238683271801934
4.596452624190829
0.5461704867697518
0.7608559212930341
11.586493203967565
1.2967251383224387
0.9975211877896859
0.5631767432902346
0.34880965006810266
4.085774443803322
1.9200019205689596
0.3279074687156461
0.2515022969887668
0.6669563693016443
0.42623537749139434
0.1662014327545953
0.4996030296467276
0.28708150077494315
1.1411689403698233
0.8579154677130704
0.7587628461144773
0.6679434947511401
0.4259373733926793
0.3389565527823101
0.2563972443044722
3.3243466254717715
0.5427433666716083
0.4266227623514367
0.5282841622120243
1.4221960856836569
3.9027557011764205
0.3716397880862094
0.3396702425485603
2.9936883720034673
0.4414347715515616
1.6104273846477537
0.7042367017793715
0.2978003022680634
0.8219073476113692
2.656643497486321
0.593559025235302
1.6616125072079315
0.511738306299871
1.3651040424051912
4.935840968287235
1.0841928941714367
0.324218950783042
0.3455595008005465
0.38913376718684656
1.2411206557031147
0.2975887557746741
0.8157538524224205
