49.28721618652344
53.41830825805664
52.890933990478516
127.77763366699219
46.35990905761719
46.52075958251953
45.346832275390625
52.877777099609375
51.597557067871094
48.30319595336914
55.89664840698242
42.356468200683594
52.77862548828125
60.960323333740234
53.47885513305664
55.91269302368164
53.055728912353516
48.19015121459961
45.12199020385742
47.3796501159668
78.37130737304688
48.86501693725586
61.771324157714844
45.5320930480957
51.788700103759766
52.04146957397461
37.24667739868164
45.167518615722656
43.21969985961914
66.98692321777344
47.76835250854492
52.44561004638672
61.68319320678711
44.26160430908203
44.05664825439453
45.64009094238281
50.66464614868164
49.63505172729492
57.59660339355469
42.29608917236328
55.228179931640625
70.75572204589844
46.315486907958984
45.89836120605469
45.25142288208008
25.946823120117188
51.7027702331543
54.22425079345703
70.49385070800781
60.693782806396484
37.66339874267578
53.27979278564453
51.92686462402344
42.94722366333008
78.7523422241211
51.462310791015625
53.021575927734375
42.66081619262695
43.472251892089844
47.06932830810547
54.186866760253906
57.26789474487305
40.73213577270508
55.27326202392578
59.004642486572266
44.74348449707031
49.35321044921875
50.22830581665039
47.10853576660156
46.41525650024414
46.341705322265625
47.69851303100586
43.99045181274414
63.39183044433594
47.79233932495117
51.31837463378906
52.52578353881836
62.51032638549805
32.508277893066406
45.0882682800293
50.15542984008789
49.660621643066406
46.9871940612793
49.93718719482422
51.73267364501953
66.1504135131836
53.432918548583984
51.906227111816406
50.770015716552734
62.52766799926758
51.90932083129883
46.59954071044922
46.05964279174805
43.02580642700195
60.69154357910156
83.95916748046875
56.087894439697266
67.78915405273438
58.25248336791992
40.78070068359375
44.710506439208984
55.62474060058594
57.27582550048828
48.785423278808594
55.04829025268555
43.55921173095703
47.261024475097656
47.53843688964844
45.2921142578125
42.73102569580078
48.206092834472656
68.65446472167969
47.02851486206055
42.444244384765625
42.512264251708984
51.2608757019043
52.37009811401367
56.06371307373047
45.326622009277344
46.21235275268555
52.92582321166992
65.88133239746094
47.56264877319336
50.6977424621582
51.109405517578125
49.44194412231445
50.983299255371094
47.50761032104492
61.47695541381836
48.83771514892578
24.380844116210938
58.810794830322266
51.17857360839844
42.25865173339844
54.974727630615234
76.74935913085938
57.669219970703125
56.269901275634766
46.47163391113281
65.58363342285156
25.471965789794922
53.501564025878906
45.525115966796875
52.49397659301758
47.33877944946289
50.65422821044922
47.35727310180664
54.11936950683594
72.39402770996094
50.32041549682617
61.15934753417969
44.194637298583984
43.926456451416016
48.300594329833984
78.7147216796875
74.50460815429688
49.237327575683594
42.25468444824219
45.26483154296875
52.89113235473633
37.37656784057617
47.82181167602539
48.19090270996094
46.639156341552734
43.26981735229492
53.520423889160156
45.69744873046875
44.61826705932617
72.3580551147461
58.50850296020508
47.753578186035156
45.48332595825195
52.57205581665039
50.62077713012695
47.39031219482422
45.639286041259766
49.89254379272461
50.88871765136719
67.85166931152344
53.50660705566406
47.19268035888672
43.422306060791016
81.21371459960938
45.048099517822266
52.173038482666016
52.45654296875
46.706825256347656
49.890995025634766
46.10791015625
48.003177642822266
54.197635650634766
51.504638671875
50.88498306274414
87.71346282958984
51.03776168823242
58.148067474365234
48.97161102294922
47.68433380126953
48.96760177612305
49.99686050415039
57.25762176513672
42.91331100463867
51.62521743774414
61.0691032409668
47.071319580078125
59.91706085205078
45.852142333984375
44.52091598510742
48.57234191894531
56.96223831176758
49.09121322631836
46.32749938964844
54.42664337158203
46.00050354003906
44.52796173095703
42.694950103759766
51.25648880004883
50.802791595458984
45.66228485107422
46.41097640991211
41.692264556884766
51.83196258544922
50.11902618408203
48.11542510986328
79.1980209350586
54.86909103393555
51.021541595458984
50.499515533447266
49.04994583129883
55.584293365478516
48.27965545654297
65.57542419433594
43.9289436340332
56.0463752746582
46.76865005493164
47.71637725830078
69.71849822998047
38.361778259277344
65.2874755859375
43.80925750732422
40.405174255371094
53.56328201293945
42.986045837402344
65.08433532714844
53.75493621826172
53.83436584472656
51.063201904296875
50.91000747680664
47.66292953491211
47.73174285888672
57.60594940185547
39.89537048339844
49.66714096069336
50.47511291503906
51.789794921875
47.69702911376953
43.94048309326172
39.97495651245117
45.56557083129883
50.45746994018555
50.38093566894531
51.472190856933594
50.671756744384766
46.780914306640625
46.01719284057617
47.6425666809082
71.84274291992188
49.990478515625
48.69109344482422
47.02215576171875
49.25551986694336
45.74853515625
76.06082916259766
57.086631774902344
50.282814025878906
54.78223419189453
50.15995407104492
52.23286437988281
59.09610366821289
43.89967727661133
68.33201599121094
66.45570373535156
51.98524475097656
45.507694244384766
45.81155014038086
56.34215545654297
48.21473693847656
45.918067932128906
37.23470687866211
51.31101989746094
49.60798645019531
45.050960540771484
78.47551727294922
50.86250686645508
48.03031539916992
54.584835052490234
54.18447494506836
45.67176818847656
47.468772888183594
58.064613342285156
58.787654876708984
43.27206039428711
74.91862487792969
63.710208892822266
70.46604919433594
54.031227111816406
42.084510803222656
48.782833099365234
51.25725173950195
0.4292503893375397
55.89847183227539
48.52239227294922
52.75285339355469
48.46294403076172
49.69921875
46.0118293762207
41.587623596191406
54.009403228759766
57.626190185546875
49.38887405395508
51.583492279052734
39.63374328613281
55.424198150634766
39.88020706176758
45.87059783935547
50.29245376586914
50.58147430419922
0.27412518858909607
49.347103118896484
46.45737838745117
43.03449630737305
62.32117462158203
46.95559310913086
55.18925857543945
61.34705352783203
46.356903076171875
60.938655853271484
52.64774703979492
47.89187240600586
41.072750091552734
46.07661056518555
50.242698669433594
68.50949096679688
53.59601593017578
51.23027420043945
53.08555603027344
25.4472599029541
46.458152770996094
51.310001373291016
50.15753173828125
49.930389404296875
78.26668548583984
61.898067474365234
46.35810089111328
56.21815872192383
11.828862190246582
50.62605285644531
58.54265213012695
43.7470588684082
43.06598663330078
52.35530090332031
49.98780822753906
44.814170837402344
59.76371383666992
44.32140350341797
49.794952392578125
25.01981544494629
44.07752227783203
52.412269592285156
52.890750885009766
50.8206787109375
47.963661193847656
50.631954193115234
49.64000701904297
61.88400650024414
52.16437911987305
48.30037307739258
44.223045349121094
45.38783645629883
53.39665222167969
53.24564743041992
45.28035354614258
49.130924224853516
74.48848724365234
39.69899368286133
50.867008209228516
45.2116584777832
48.691131591796875
52.806827545166016
50.35175323486328
1.2450517416000366
55.439064025878906
45.79038619995117
47.01959228515625
56.89137268066406
50.471248626708984
48.81278610229492
52.601219177246094
48.822357177734375
60.77153015136719
40.60515594482422
46.997196197509766
48.02301788330078
64.27908325195312
55.72517395019531
49.958980560302734
53.03586196899414
46.64412307739258
48.1953239440918
48.114803314208984
50.662879943847656
49.34834289550781
51.3089599609375
47.65814208984375
50.10569381713867
49.384456634521484
46.67044448852539
32.59468078613281
40.37374496459961
59.07566452026367
50.32410430908203
60.13240051269531
44.40850067138672
49.87040328979492
57.64129638671875
69.13131713867188
47.16154479980469
53.65762710571289
54.4942512512207
49.3458137512207
52.27045822143555
45.71574401855469
59.202308654785156
47.755767822265625
48.05526351928711
52.74165344238281
56.993499755859375
49.25821304321289
51.734580993652344
51.5713996887207
52.636741638183594
53.350276947021484
66.9153060913086
47.75971603393555
48.67299270629883
59.59988784790039
50.66718673706055
43.27064895629883
53.606021881103516
51.92811965942383
41.036170959472656
48.18986511230469
46.758628845214844
55.855682373046875
50.70038604736328
64.5892105102539
46.54317855834961
49.46746826171875
51.41879653930664
45.59447479248047
49.35429382324219
45.939640045166016
66.03898620605469
46.08149719238281
60.97586441040039
68.87989807128906
44.45404815673828
48.837745666503906
46.968544006347656
49.54831314086914
48.57769012451172
60.82497787475586
47.10198974609375
63.73795700073242
68.59884643554688
49.91957092285156
53.202884674072266
42.407894134521484
59.34726333618164
51.8328857421875
50.37620162963867
46.86037063598633
48.48091125488281
74.232421875
44.250736236572266
46.349281311035156
64.38925170898438
53.009883880615234
51.8908576965332
53.28559112548828
43.72690200805664
56.372764587402344
52.08137893676758
54.35035705566406
43.31462860107422
50.4747314453125
49.07355880737305
49.7633171081543
49.02273941040039
13.780789375305176
45.86226272583008
56.43140411376953
52.84164047241211
38.59973907470703
44.60753631591797
44.696434020996094
53.4521484375
47.21076965332031
47.46493148803711
48.32676315307617
47.104549407958984
41.78033447265625
50.01272964477539
42.97433090209961
48.79291534423828
52.17682647705078
49.326969146728516
60.70038986206055
46.19462585449219
42.712852478027344
52.12778091430664
46.25309753417969
57.219825744628906
48.971370697021484
45.98457336425781
47.96337127685547
50.201141357421875
54.51270294189453
53.48966979980469
78.66266632080078
53.003143310546875
48.20423126220703
48.23133850097656
45.41560745239258
47.05177688598633
56.505104064941406
54.64229202270508
66.1279296875
41.016788482666016
44.60748291015625
37.973602294921875
44.42713165283203
50.136253356933594
60.30316162109375
46.64828109741211
50.81681442260742
56.66474151611328
44.46784210205078
56.62462615966797
46.907718658447266
48.6104850769043
44.63532638549805
44.42831039428711
58.686279296875
57.071983337402344
59.0628547668457
67.0373306274414
46.37004089355469
50.07821273803711
48.81272506713867
43.921913146972656
65.69782257080078
19.805713653564453
61.42926025390625
52.328094482421875
40.543235778808594
54.30518341064453
60.767696380615234
53.66999816894531
64.04904174804688
18.473363876342773
51.68568801879883
53.38701248168945
51.07946014404297
52.87237548828125
47.50422668457031
44.62030029296875
53.34870529174805
51.571956634521484
46.739952087402344
58.29558181762695
43.36345291137695
53.87088394165039
50.32325744628906
52.486793518066406
44.45435333251953
61.774810791015625
0.25500014424324036
53.464115142822266
56.93490982055664
49.603858947753906
54.76332473754883
46.72435760498047
45.399593353271484
80.78321838378906
46.679588317871094
50.44229507446289
29.197330474853516
47.6153564453125
48.23486328125
51.268768310546875
55.6430778503418
68.06842041015625
54.828983306884766
62.129032135009766
57.83143615722656
61.27749252319336
51.02484893798828
47.4146842956543
44.03551483154297
50.954219818115234
13.390503883361816
52.37900161743164
47.165687561035156
37.86267852783203
53.434967041015625
46.49104309082031
48.45344543457031
43.104827880859375
47.897830963134766
49.70753860473633
40.6229133605957
44.595298767089844
49.83224868774414
46.48709487915039
67.60096740722656
51.82979202270508
75.29383087158203
43.2098274230957
51.24131774902344
41.66119384765625
46.16306686401367
43.33030319213867
48.777244567871094
52.096107482910156
44.73843765258789
52.89772033691406
52.790863037109375
52.670650482177734
46.94131088256836
49.057430267333984
49.622440338134766
38.630531311035156
47.967376708984375
42.84467697143555
43.814857482910156
32.22916793823242
51.30861282348633
45.109703063964844
64.34574127197266
59.88869857788086
48.84620666503906
38.89598846435547
48.54484176635742
50.453041076660156
58.74758529663086
34.60874557495117
56.46866226196289
50.88907241821289
48.82693099975586
40.89329147338867
46.383689880371094
52.14519119262695
45.966033935546875
51.671295166015625
40.605648040771484
51.07389831542969
51.57876205444336
46.65351867675781
47.33368682861328
67.67707061767578
44.83699035644531
32.874752044677734
52.406673431396484
49.336578369140625
49.76111602783203
44.91911697387695
66.39402770996094
37.242218017578125
82.81767272949219
53.47611999511719
48.46937942504883
72.02396392822266
50.08960723876953
40.47981643676758
46.98843765258789
51.043128967285156
59.2237434387207
77.69023132324219
53.469581604003906
36.82368850708008
51.11259078979492
48.15449905395508
57.190093994140625
42.24991989135742
46.4902458190918
58.72873306274414
48.08474349975586
53.471378326416016
44.00502395629883
47.75971221923828
51.94991683959961
68.12388610839844
49.16088104248047
44.59579849243164
44.638912200927734
44.73467254638672
51.88289260864258
44.28523635864258
41.75330352783203
58.20027542114258
44.75959014892578
41.60990905761719
50.52714538574219
49.73214340209961
59.053077697753906
55.7729606628418
45.951656341552734
62.22320556640625
52.07377243041992
56.41545486450195
0.4143753945827484
49.008872985839844
61.07448196411133
48.54630661010742
42.95470428466797
48.44300842285156
56.18741989135742
49.86989974975586
53.677398681640625
46.43492126464844
50.738006591796875
45.777374267578125
60.16197204589844
62.51539611816406
49.92323303222656
49.048465728759766
63.407432556152344
66.14305114746094
49.332008361816406
54.33074188232422
42.927650451660156
43.444358825683594
50.69075012207031
42.26295471191406
83.10211944580078
53.53636169433594
12.524052619934082
39.942108154296875
46.01567459106445
62.1495361328125
46.952919006347656
40.70278549194336
48.6440315246582
46.63965606689453
28.19504165649414
38.985748291015625
52.37427520751953
44.071651458740234
49.1776237487793
46.669044494628906
48.33485794067383
60.16203689575195
62.78237533569336
46.67047119140625
45.67930221557617
47.94340896606445
39.78490447998047
48.17766571044922
57.03688049316406
52.46260070800781
70.61778259277344
39.65700912475586
64.59483337402344
43.245567321777344
55.98387908935547
51.536861419677734
55.73195266723633
41.956382751464844
56.58851623535156
54.824851989746094
49.01649856567383
49.298126220703125
53.63764572143555
49.448280334472656
47.4298210144043
50.903743743896484
52.35357666015625
53.3868293762207
46.8608512878418
59.276031494140625
66.05683898925781
47.41230773925781
52.81162643432617
44.475364685058594
50.91252136230469
57.41865539550781
51.908451080322266
48.22856521606445
45.853275299072266
45.71406173706055
47.980167388916016
60.16426467895508
49.79501724243164
45.6381721496582
82.73616790771484
28.281753540039062
47.149513244628906
40.557674407958984
55.723751068115234
47.22671127319336
53.628082275390625
40.362735748291016
77.35211944580078
48.95916748046875
46.822662353515625
57.12333679199219
51.63264846801758
55.0815544128418
42.395477294921875
68.32891845703125
47.832462310791016
50.68981170654297
103.77974700927734
47.011749267578125
64.09580993652344
49.138431549072266
47.884918212890625
55.98664093017578
54.304908752441406
45.02399444580078
48.20797348022461
52.78308868408203
60.70005798339844
46.168975830078125
71.66484069824219
44.98087692260742
59.02069854736328
48.312095642089844
54.34040832519531
48.15629577636719
53.43377685546875
74.82054138183594
53.66475296020508
63.306243896484375
49.05387878417969
78.14842987060547
49.38654327392578
46.08522033691406
51.675846099853516
42.46641540527344
36.23998260498047
47.10380554199219
56.01486587524414
48.43583679199219
67.12100219726562
52.04137420654297
68.98177337646484
53.44038391113281
53.43141555786133
60.848915100097656
47.246089935302734
48.59329605102539
67.02381134033203
53.27949142456055
48.46461486816406
53.404075622558594
44.95812225341797
52.864810943603516
72.04853820800781
50.477020263671875
44.11406326293945
57.5881462097168
45.08078384399414
57.32447052001953
60.65898895263672
47.12232971191406
52.07585525512695
73.01222229003906
40.9743766784668
52.78504943847656
51.24174118041992
49.43785858154297
69.0003662109375
42.827552795410156
75.00145721435547
46.21348571777344
16.184049606323242
0.25500014424324036
51.87190246582031
43.09403610229492
46.50362014770508
48.3386116027832
53.217628479003906
48.82426452636719
36.287723541259766
51.953556060791016
51.39497375488281
45.43315124511719
48.865413665771484
57.81843948364258
57.19417190551758
50.00148010253906
48.97871780395508
77.18090057373047
26.85716438293457
51.53173828125
55.1301383972168
53.549713134765625
46.18733215332031
47.47257995605469
49.68919372558594
51.72669219970703
57.490047454833984
42.28780746459961
41.46356964111328
48.64057922363281
45.58930206298828
50.81025314331055
49.978031158447266
50.75358200073242
43.71452331542969
43.51970291137695
51.00320816040039
48.485469818115234
48.30816650390625
64.87521362304688
46.762290954589844
52.777374267578125
62.91632080078125
49.50819396972656
51.07853698730469
64.50160217285156
63.44437026977539
1.5572773218154907
48.3635368347168
45.16012191772461
49.97499084472656
52.25801086425781
58.0145263671875
53.21306610107422
46.16661834716797
68.95063018798828
61.93010330200195
47.95310592651367
56.84209442138672
45.69673156738281
89.34078979492188
61.25020217895508
46.85694885253906
63.27649688720703
48.02000045776367
48.14451217651367
51.74470520019531
47.034549713134766
50.94218063354492
44.77802658081055
64.36792755126953
44.83551025390625
49.962554931640625
45.22808837890625
49.21742630004883
55.12356185913086
56.9842414855957
47.3613166809082
45.06111145019531
49.74874496459961
52.1568717956543
44.967735290527344
53.72793197631836
62.33292770385742
49.94535827636719
44.52418518066406
50.609004974365234
56.69123458862305
39.9209098815918
47.432899475097656
44.94475173950195
45.91376495361328
50.58340072631836
50.326290130615234
45.351280212402344
53.99327850341797
46.07621765136719
54.0183219909668
50.92515563964844
46.47221755981445
48.51848602294922
49.05595016479492
44.57118606567383
43.52278137207031
46.99320602416992
48.68402862548828
44.385440826416016
47.293060302734375
57.553714752197266
51.454551696777344
47.901859283447266
49.41524124145508
54.54648208618164
