343
309
420
323
344
363
455
353
423
354
369
458
336
281
329
336
526
319
379
496
476
0
400
361
339
409
313
334
164
335
325
470
360
393
354
245
639
432
449
390
352
350
374
301
343
329
360
374
446
366
359
351
359
360
409
407
550
336
480
409
341
372
345
369
313
264
347
542
400
383
329
466
431
398
440
381
494
331
205
366
342
331
121
355
531
505
424
354
235
286
589
310
285
601
205
365
336
459
402
338
307
209
337
423
342
427
453
449
351
291
588
413
447
426
305
414
302
454
372
514
409
401
214
396
340
501
588
668
365
321
327
368
381
526
305
0
284
354
288
478
335
367
347
462
353
223
520
421
344
250
459
538
364
357
334
419
333
344
348
365
367
472
358
501
406
412
303
598
511
346
412
418
378
343
347
350
305
357
305
308
561
356
375
467
399
303
454
324
319
484
573
372
433
360
493
376
347
316
325
286
387
332
373
365
339
337
319
242
362
549
340
314
313
508
397
363
340
380
587
362
578
390
397
82
367
369
523
331
237
295
363
450
377
373
459
363
547
419
524
360
295
616
659
436
357
552
343
480
357
616
375
343
327
411
320
501
532
353
367
310
314
366
331
462
495
289
379
398
297
417
356
238
505
333
196
344
600
499
378
442
347
282
409
618
293
340
402
325
600
336
356
582
362
351
432
424
327
322
356
576
478
372
331
426
366
330
642
337
181
496
115
322
245
453
277
349
253
236
322
328
344
332
322
330
346
337
359
392
496
0
508
311
350
363
324
312
380
355
337
505
308
541
356
359
346
0
396
399
353
392
473
338
300
455
311
393
307
390
326
357
379
481
287
363
422
372
371
317
455
422
288
300
313
177
359
346
330
324
370
334
273
369
292
657
330
351
394
393
352
234
327
373
395
329
356
356
466
372
379
341
275
138
361
531
328
403
539
360
328
242
301
265
359
326
445
268
524
433
412
344
360
342
595
351
288
341
268
567
305
316
305
321
507
328
364
341
368
529
114
498
305
420
287
466
316
366
328
290
319
426
353
380
289
452
247
461
244
328
347
363
370
320
324
83
340
355
381
321
323
136
412
362
345
328
326
403
338
448
345
361
358
439
396
366
342
377
518
326
500
322
367
371
309
330
359
6
342
342
345
304
332
372
281
207
351
334
215
338
484
392
367
339
330
341
320
0
407
278
343
301
540
345
380
329
364
433
117
492
562
476
365
428
322
360
366
328
374
309
555
320
379
366
544
344
379
324
330
376
420
378
331
362
356
336
282
386
537
348
351
350
330
340
310
316
321
425
524
322
336
517
371
325
408
336
347
67
453
261
428
478
326
468
438
400
282
314
320
355
349
334
349
349
508
135
366
367
340
313
318
357
359
368
314
309
352
459
477
374
318
476
342
477
377
136
333
325
425
338
344
342
214
363
336
436
335
354
333
344
352
325
331
344
255
327
372
453
432
553
307
327
346
462
249
439
323
366
385
375
318
532
340
479
316
356
387
359
303
511
585
715
518
342
339
274
289
329
584
448
311
566
334
325
348
368
445
357
574
362
386
126
388
339
401
386
329
0
326
309
381
368
526
298
341
304
514
359
567
607
496
351
323
324
275
332
505
392
587
364
360
460
331
347
535
371
427
352
377
129
370
610
290
369
325
475
355
471
334
459
320
430
399
447
318
375
378
395
295
313
234
423
277
405
402
450
334
262
291
356
303
373
681
316
387
301
519
512
215
390
301
497
376
383
321
520
625
0
498
532
467
127
266
489
398
76
335
349
344
403
304
410
854
346
482
224
347
275
466
577
371
367
344
352
313
353
345
355
353
391
142
311
0
351
356
326
201
335
291
350
397
523
463
354
383
464
342
425
471
418
224
413
303
0
275
321
337
392
377
316
594
336
325
0
489
305
406
310
487
359
119
282
84
325
342
462
279
324
176
362
379
319
300
345
378
348
338
355
451
344
325
544
617
299
401
597
360
352
272
501
527
444
302
504
390
344
357
516
379
284
565
343
96
444
344
322
323
364
334
421
437
409
0
516
341
530
336
340
329
339
302
594
324
326
364
373
384
509
322
326
239
383
341
498
367
363
454
477
351
493
376
391
491
571
0
555
349
549
210
516
331
282
358
311
342
347
344
240
322
346
344
458
343
458
506
417
375
367
367
311
357
272
314
120
347
341
349
332
484
366
190
512
256
401
345
386
319
356
531
505
598
487
319
362
0
350
348
421
340
608
395
298
396
391
378
344
441
307
295
430
393
301
319
298
337
80
323
0
436
331
467
328
