0.26023887750832064
0.2728457789856685
0.2695572353621061
0.2085716226676269
0.23708746863293026
0.31665145676642276
0.2000476132832253
0.24399918586479324
0.234332324045478
0.2725643965346085
0.2463118647256733
0.24870116279226967
0.14512999357339051
0.21832853651837775
0.250946995668428
0.2867711379003
0.23481050610941698
0.2612239786513521
0.30150528064360077
0.27761471854782205
0.27889098705850107
0.2835358108767499
0.16464194440921687
0.23109579911447659
0.2301006192112962
0.2812560334095261
0.21873689421475295
0.3062339316050206
0.31969478443782623
0.3169421700997061
0.24140640431128313
0.28680333562579574
0.23871409436847724
0.25599862244150456
0.18865111929409384
0.16256240365413172
0.22125214526501483
0.25533215289400163
0.15700012594857898
0.38018198563934835
0.23448787721015876
0.34921437676817857
0.22396383261935326
0.3251339939051542
0.1724032099865599
0.2318184014368027
0.2532399216155021
0.27077865965537445
0.21936450979429717
0.3173090250958362
0.23293671691486675
0.2181629287900018
0.22959567067362663
0.21336129116042574
0.24255236628477278
0.23813139384780652
0.34216969506973127
0.19424831985066818
0.301365805950806
0.2530092221150746
0.18599553726654794
0.31033964790567914
0.21453635174842695
0.21772816832348313
0.3687944469105787
0.192907847447582
0.2388492403444801
0.2697871340987883
0.2371072416496543
0.2371191169750444
0.24294733931505158
0.20842244801791363
0.3577008694269684
0.36410854799515635
0.3023172252910551
0.3328590553908394
0.2147416680385969
0.23890401842563563
0.2083654526069185
0.27383732753249085
0.23163644766029018
0.22348093144842546
0.209505032554238
0.24179382040681702
0.22682712221318818
0.2620702087812541
0.18708457545795024
0.27562324333526333
0.2290806724253821
0.2412840615221044
0.21718586645156354
0.2853145580415608
0.16564742625720041
0.15457655776904075
0.2681539498540904
0.13180387827785875
0.23814572259940628
0.2866539063985082
0.27208593322284136
0.367926293875738
0.23564454643780336
0.28647022068367917
0.2654912599069592
0.20013712660700375
0.23920236069060452
0.3494395081006491
0.21946460002031654
0.2140511658019129
0.2269228295381462
0.35457599699782316
0.16400062549297478
0.23869400091514756
0.20484932870868922
0.15693549754654107
0.254528256141746
0.25325003023815285
0.3011973797526377
0.2312941603401258
0.29944577655335053
0.18228859930970878
0.25718481078453226
0.25114347634954337
0.21803022397318012
0.34936197599244107
0.24923831032843535
0.284693203357853
0.1443438983652686
0.2824490169542884
0.2596064786951138
0.28602198388259825
0.22125204427866954
0.21211888966181128
0.22470362147212283
0.279850973411304
0.1919444656676631
0.42599605797410184
0.21771447704936156
0.23536892238001
0.24552608456659208
0.2178794176179646
0.24085250100931802
0.15558824773011415
0.27707737360755635
0.2212500538977345
0.2882256146504565
0.297870808975335
0.3139005011692255
0.22059450518350765
0.3765232472729073
0.2300765133779748
0.17200962494592037
0.30371785765720233
0.28784354597706574
0.3159308517639663
0.258439427745633
0.25793702941044605
0.16595512277694563
0.34287978313798917
0.17978908435440888
0.3025085607587143
0.30987540438756617
0.29656591956515166
0.1701799256894087
0.1454843368722499
0.26933647246713727
0.30909147666925574
0.2688281330256429
0.24986661091959206
0.19022160421822798
0.2483917598870857
0.2351089310004032
0.1583081700585942
0.22168739099842755
0.24359325560095274
0.22151742047580036
0.31586108605238844
0.3154533257576919
0.29583049362008995
0.3269938941978092
0.2027931387764602
0.2714967190470841
0.25841859595426275
0.16320076366838468
0.2569539658501798
0.22926493858344194
0.27550909663726997
0.35616528474881876
0.2012617358565767
0.23989353941659372
0.23424472176268352
0.1609372017111324
0.22173437766339088
0.26830809890609897
0.26758083922165166
0.15442997565103517
0.2781613131658415
0.2925299982460958
0.2116074863404397
0.21697795622950977
0.24027851862606942
0.25700929188953636
0.23205067575065796
0.28895916440708375
0.2335828246245244
0.21930295098047706
0.26181688781077955
0.3321469389565379
0.21712484662631923
0.27709238807158365
0.1950699857569463
0.233612245388657
0.27520466025491197
0.2345720577205473
0.22928553052837025
0.16214809340337275
0.15418589008169337
0.31308860642098435
0.21394437671908167
0.2503686302737015
0.22804076171859966
0.26759906855069393
0.29690675221387947
0.22119275982484432
0.18632479354601228
0.2870831280703085
0.1428881675621674
0.23290984280292715
0.21268540268012312
0.1431718205728582
0.22189014565240534
0.233619919773559
0.22822381584093782
0.16780894392261891
0.285743299227735
0.18615113285945167
0.257824129160882
0.31297447372304765
0.17030242481197155
0.26808571578145657
0.24995191484462054
0.2384124068755707
0.3041882189405358
0.17719834746807686
0.2244003736718245
0.3126505471353302
0.30166574342014574
0.2789268691144599
0.26666986169060825
0.24942980013386595
0.33611160310231636
0.172760784715053
0.2989380260982707
0.1961745710657813
0.3277060643422677
0.23224177855245248
0.16872944066723256
0.261928748892853
0.3789059433296792
0.23390073829719105
0.28861666473312525
0.29699846604832225
0.1925490036740511
0.23310271069071742
0.3107518650348813
0.28487116754647324
0.3119077640180385
0.2277186058538187
0.13983820569506714
0.23498088879194667
0.2420590610201369
0.3285161264420603
0.24553410371662976
0.2902019263869674
0.12922798957518403
0.2518600787498604
0.1847600314409748
0.2529594089205143
0.20766134317996418
0.2740792919465894
0.2481553853359256
0.2206961129947077
0.39985180507799667
0.2926182260834791
0.2622639117167769
0.22114121973946624
0.1586424483229102
0.21397571602213572
0.2727051022228084
0.2259757063714809
0.1644371864177692
0.1915093738961015
0.24188550269396245
0.3113892999302019
0.27618255634345273
0.1710245213133387
0.19291534095596746
0.2978778728100906
0.21676992225668154
0.27884983504641875
0.24368017287380067
0.2889878346454994
0.18303655974767064
0.2466936620619057
0.2904108238348358
0.23720564895103657
0.23800139592048097
0.30775026120394594
0.2542893988771744
0.22560298551094077
0.24374652243016795
0.15448674313566324
0.3032527393625802
0.23093215578326437
0.25898691581785444
0.20456654380151146
0.27422110708783864
0.27086737070441225
0.3339723595992904
0.18756071857127077
0.22457827155722299
0.16257241282459706
0.22449830660431336
0.2533030636389557
0.23756807745663489
0.2877743384913788
0.3305583823279951
0.27366752774940584
0.3470064998023739
0.20500173243991116
0.30175724608020427
0.28498629630498395
0.2827006769538408
0.36681039032624796
0.26900708733204365
0.24675679721141053
0.2789083678926756
0.28372308343902486
0.3078444740218429
0.2122122321703922
0.2289427267140094
0.28397720327357573
0.3684145999380745
0.16044410468295783
0.2567834291774417
0.22854807243575287
0.20710573946142036
0.2223240507970855
0.2352742342263891
0.2707669965393547
0.2632854757877745
0.30413439671272613
0.25812855497218845
0.31006524441170513
0.30179184375681656
0.1613009879258852
0.21741998544001495
0.3593177449989774
0.1714233821780362
0.33620540418539585
0.22789796388868105
0.28909212804615464
0.202543474901554
0.336498977786879
0.29565380820723997
0.1985428809885329
0.2453643375045227
0.3670705411827072
0.26561306255975836
0.3527135225715081
0.2824796813290141
0.2907142016422447
0.16638990235108547
0.2325811309986235
0.24127336398397334
0.18076343850908805
0.15800024029019136
0.3044615946399465
0.1909431452942164
0.27698446888628847
0.24577454405280283
0.2576482000489575
0.19753285838085552
0.14949848576872177
0.313218987015636
0.2558678978991815
0.19033334791075146
0.26470582027892253
0.1599071852395291
0.2654059691699308
0.22621355259000764
0.2834313662759198
0.18415583101564106
0.31478209731407286
0.2333364832002422
0.2137347912955319
0.2222218592384259
0.23308955896300043
0.15290710742218772
0.28429993749692406
0.32839235506073217
0.2569354722971474
0.20475842303598737
0.20583640646869483
0.34282697459896
0.29211143563745157
0.23837681224959473
0.22663275355484774
0.2367681686912568
0.2281097557538317
0.16865641399609033
0.26927768882828734
0.2727387540305903
0.2400269417469924
0.22090458308296396
0.1640472212111831
0.22543254383035882
0.2932917015206582
0.235197401854996
0.2680897647230342
0.15701147456385095
0.14761117794054235
0.3195467492445025
0.22656032902182788
0.2023429838774466
0.2118596064434561
0.2295036128060691
0.22857894345024474
0.257140698723556
0.21935569810439776
0.2336786947323381
0.21787536800836452
0.27382967389593116
0.26934018508540136
0.25414350738990976
0.345844193569713
0.3599044281944963
0.3183129313023487
0.1626411413611477
0.33764016231564803
0.16753073331589796
0.15666069666619287
0.15055807265194243
0.2911841593338127
0.22704916724724028
0.32647509251414775
0.28110730650811144
0.2225522530619362
0.2924984637089638
0.16275776638545275
0.3450397789674874
0.39310440543056524
0.2765044950747523
0.2161861140435013
0.29137190578091116
0.14263992619731697
0.21810791455710604
0.2962316682693347
0.2565293681154077
0.21100664303956768
0.22699431242423312
0.24167217186589146
0.2511447991400034
0.2510707423273783
0.22078145680275008
0.2489870067711658
0.2412088312330622
0.15995475480397406
0.22753119053375914
0.32206245300565295
0.29402579980114985
0.24136185112508277
0.24097404354960622
0.2502935993306644
0.3264177060797296
0.24952842072373965
0.2789660961272855
0.2821055311466973
0.3177488655620052
0.19214613538260178
0.2228380132842338
0.35232505578039974
0.19093016508744362
0.2409963976657022
0.2927524355251685
0.22052230411102924
0.27764758426593134
0.14011940413358998
0.29070663398469765
0.2207559926096864
0.24941926485577823
0.15775999467649593
0.19484316808724372
0.160461740562378
0.31216090275812003
0.29620600278525355
0.20450445554323649
0.20186538865983367
0.3649597852776044
0.23773821277523396
0.233598348038356
0.2807140084439791
0.15597636952543636
0.2182787933780147
0.1951083907982701
0.29663651230400717
0.24262708185743478
0.22833979258329
0.24445690840425527
0.24123796805380443
0.2225955267896003
0.303654444553776
0.21417559645438916
0.25223167398107804
0.26694063107664134
0.19375948242143243
0.1865516999292149
0.2969556974923021
0.24403220677870513
0.2415916549937805
0.31886771481129145
0.3366265614871925
0.3312319858017558
0.31332111263635354
0.2358903681076831
0.3369826240646514
0.13274164889153728
0.26439210954302517
0.2677293545550311
0.28238819392110026
0.16606032018215286
0.2438737084548796
0.19909048313461075
0.1636455190655497
0.15957283566124314
0.22098998993222008
0.21974485363978605
0.32408950223330457
0.27116705203859104
0.26020260724172684
0.16489137581539426
0.23178330273064612
0.22729469531493582
0.19384749902518014
0.23410435157912074
0.21822610962847327
0.18650178812717594
0.23191291058461175
0.3603940749222608
0.16635116564730168
0.24926479107136112
0.35235254906466
0.16525695017937603
0.30096310809812016
0.182013864181582
0.27548538984393556
0.15359396686770851
0.2586400518517146
0.2250843977870578
0.1712797441100808
0.17411392831853753
0.35143515200202824
0.1461474938717146
0.2284068028088596
0.27031133953946834
0.22088464054369233
0.28095027055112565
0.23096910507574447
0.28158135804663126
0.272344013399177
0.16540720122489272
0.2998766658348906
0.1517186262573616
0.291377071308872
0.17095575999187937
0.19595008127698876
0.15563227034528193
0.23059334894418826
0.2883618263860595
0.2824244611866614
0.21715455884155066
0.32713191369320044
0.23778037323890377
0.2932253104798733
0.23319617885101596
0.17018581598879862
0.38528550044968796
0.34979276445091073
0.21761511405379996
0.25311263623381297
0.1631377511264283
0.24139111241990285
0.22215968310813705
0.21778940693605636
0.23384149953829442
0.3373238870052139
0.266118061527285
0.3159780254433559
0.28365188161182314
0.314613331801508
0.27960106226247355
0.28399205545156325
0.30736155185016145
0.23626395412742843
0.24649560246231134
0.269820829515759
0.2533264281225739
0.2929176054390646
0.21612447119784678
0.22573664894709197
0.15474715424575378
0.22047053212275736
0.28316967867912324
0.16119671161852217
0.18551646362016236
0.2336617758322676
0.17013972559823695
0.24335026823176176
0.2422725518750251
0.21514764777793158
0.24850031637907546
0.24351876897556024
0.1440069985786423
0.23168913195186008
0.24628274703805797
0.18038911212570966
0.320590660722355
0.22999179132027103
0.27445855725835966
0.24227480720796807
0.22937203405346243
0.1557920770787752
0.33688810553841947
0.24798988050428933
0.21519735313490967
0.26105665844838366
0.3285790213346911
0.2714577918943478
0.265164720844116
0.22094563823278934
0.2873245528747424
0.16073817218912084
0.16358450289026477
0.2540423375851969
0.27907548705136587
0.2615769774455353
0.3277731276895973
0.25663837494652897
0.3411474032083856
0.2740204317030681
0.24244730017652558
0.3460145954369982
0.25648434216427635
0.23100656626526095
0.2033920129271464
0.35285526734713524
0.30482134365416735
0.2841104490704915
0.20459465025707513
0.27159221318798166
0.29026960363846255
0.24955772682998933
0.2600180894350668
0.25172355879534536
0.36618196401647135
0.26579081656635206
0.32161448473393783
0.17978563738049985
0.2550188346151222
0.27660275105091536
0.24613626582235731
0.2198751543531845
0.23344414227007604
0.257195181732438
0.23319730445904413
0.25387238159340353
0.24301892620392818
0.2668327024549802
0.15316441551590368
0.2615033981532679
0.2933870182368525
0.33595472034064056
0.2369191628969618
0.16358294084323827
0.21890199411900402
0.23070602862294048
0.16347421288461988
0.2795755046878107
0.23704815073368507
0.1559180442448528
0.23699088469900748
0.20951629989754286
0.21455295846412994
0.28756287764363164
0.29654371203035157
0.27563422977169955
0.23433565334772444
0.14941699437425693
0.25398079249547195
0.2843277220906535
0.17773819038330352
0.15937048724717343
0.2354541905884207
0.25978381609801693
0.15772171939130158
0.22901625476019466
0.3148349060691747
0.19587890404140298
0.22923577659905953
0.22514422035914805
0.24014071853922464
0.31663228376579383
0.2805026296088036
0.3258249466538069
0.2644228756919121
0.33015158784662124
0.2583250930190588
0.19000733130208955
0.2432088965805087
0.16432366844499252
0.22255157556096572
0.15406807586434873
0.23655260038079323
0.1925808899666859
0.36348390352727544
0.289968917641581
0.2028380983018967
0.21496009915948644
0.3270810557512191
0.25094253513409404
0.27153158851334636
0.24532964426626447
0.23064496223762054
0.22679943495008373
0.13144083264563752
0.27946503417629476
0.3650136791085315
0.3306715367501552
0.2593992401728204
0.24037598773161872
0.2870418497374169
0.2840950923083827
0.21170904600150559
0.2278732595378281
0.25839254178192383
0.30799697550565264
0.29470722363986884
0.2759835258357386
0.2652785364626632
0.268153393237158
0.23995112145244613
0.2669768571143087
0.23653346183713558
0.19936878183501577
0.16123699844748238
0.27412827885091495
0.2456040380189904
0.24089561851267066
0.2711102191109145
0.2515457505966826
0.23406554879784772
0.2830045765710004
0.32823735469599696
0.2588817382654761
0.20496290668402187
0.2384015417334181
0.22420050585104107
0.20491722003356327
0.20900301471455168
0.23415744202493616
0.2049294128392508
0.2601148740913475
0.21425151940903064
0.21095842545989552
0.3620599643932281
0.2660693002550514
0.20983728810037566
0.2065920500756509
0.20850974156851212
0.31533572399863546
0.23087820831261305
0.2585351142633283
0.14647505948409378
0.33278212127578266
0.2505694587454736
0.15239881449899503
0.2895321456188344
0.3176912223927426
0.21159924580860812
0.25444141317009283
0.28474243888410444
0.20471037623080918
0.1824775197606182
0.3598806130387071
0.2390077269347043
0.1533293616434497
0.3031170629730205
0.1876350437413939
0.22331332768300688
0.2744844932937325
0.3016768466816834
0.345551547868174
0.16328899618296455
0.25581846419911236
0.2914085396567058
0.22303277053077292
0.2204301812625863
0.287455948744681
0.2255554974031754
0.24343057737614543
0.3635247800722027
0.24544544883052904
0.23192000105796828
0.2099561154152097
0.25201239370804296
0.2740511928027667
0.23827992433176987
0.3614657692239777
0.2029573365928638
0.27756812200518727
0.23538617509346993
0.1647433597336998
0.33928764197707945
0.31519057085471347
0.28156096238914025
0.2726702800816879
0.17629283892977118
0.336957186000559
0.227049513184145
0.20445209377089357
0.22520501171597032
0.34179448857267986
0.19897776114984092
0.23277309724492717
0.25795024698166663
0.24737934332897304
0.2328751341859584
0.25999243990246723
0.2551779682473247
0.26038162385113717
0.28134758819336986
0.22738786275596934
0.25685788892380457
0.25354588112020277
0.17777768833552943
0.21869144143708077
0.3268591019017968
0.26843146864582584
0.16687312778343336
0.2566188289151154
0.27068699297674154
0.22143816395673305
0.13809193465900316
0.1714708095966375
0.21022770817451703
0.2175136736519237
0.2436481457595403
0.21584138414356235
0.21866671756648526
0.27372697849870137
0.22866388877856358
0.3313989509579189
0.2352732799690841
0.33037403310988966
0.19616888586611997
0.2881286409559254
0.2373387440055129
0.28989415345741665
0.29614902678730987
0.2544211361146506
0.21357031479617
0.21575101777256062
0.156726177392516
0.23038237897115882
0.25491534311207154
0.29330275501117964
0.2184803091046536
0.22973518545704605
0.28767395919557326
0.2901661153688647
0.2908922726607654
0.1826471513302551
0.227539127590875
0.23765648011795554
0.30406483450754374
0.23198574031354235
0.19058784555665212
0.22257931805428266
0.2632777710290234
0.21981781058333902
0.22678361127535504
0.25615558234338104
0.3038254752658513
0.23949438653702204
0.20658872879968904
0.2169712449982873
0.24437796298060036
0.18846077400274336
0.24441101952318955
0.22564242149243655
0.22215240814273507
0.24169049785497304
0.20378867091789418
0.23681818283393208
0.1730365093493147
0.2501813556287267
0.23906730261149314
0.26703390007891487
0.24183467183751162
0.22773239583854238
0.16699965824485297
0.37173479487372196
0.33417747569575046
0.2531903294595622
0.33873854866544717
0.16528509551448717
0.33926824318776516
0.2010316313882268
0.22938220261125639
0.23764305244541717
0.26273947845468026
0.3220896870290744
0.22738130625059472
0.25138547433020264
0.2301510553745976
0.2661992026830783
0.22788376233936775
0.20751216848683937
0.30812840290787463
0.21801768973982422
0.13036298746191907
0.27287847322087444
0.24505224105125
0.14930471701394574
0.2286271282137859
0.35685489486608274
0.22749422514504175
0.299314493674154
0.1748925021948497
0.2421158811053235
0.24898283127978077
0.24523058946231097
0.2589159939280555
0.21192579119776034
0.267069425501515
0.33485442261965054
0.19706620742528175
0.2333873716372164
0.265315615093959
0.19941163235584533
0.22981074473570873
0.15766377443891705
0.28705748663947955
0.23676702148344292
0.27584874549391886
0.2469977465645835
0.19807582651196787
0.21573496865867692
0.20983497961853265
0.232616932206137
0.307810042275483
0.2095384980602793
0.3623894318087962
0.2008235055497738
0.19365523044484312
0.2830898280200832
0.23462687794700213
0.28242434907576
0.2390818275273372
0.13882513706343808
0.2677999279067194
0.1712339557896277
0.23610944350007132
0.20538846379132925
0.23159497479877827
0.24663215755687828
0.21552529884339855
0.15554440200280267
0.14838078613559083
0.22222003562142645
0.25331278441148875
0.32315718131374277
0.25167811673267576
0.35124662634784004
0.2983307569344838
0.17900714727521427
0.27805794577211845
0.30470252047905294
0.2747801325498883
0.38757288711585663
0.24334462401224397
0.2596582043149257
0.21373250691820034
0.16603500112704314
0.2207435157654125
0.2519094665128726
0.23412239375360427
0.2254068855523383
0.20792197801662748
0.2877317237632797
0.2652839728157535
