31.51947817273202
32.29589182102023
62.306646461969805
34.91208677218575
21.550876477799825
63.34596814073039
46.165023175508665
31.646348660524374
69.38616703632192
50.258726449663826
59.03554135872427
31.87780003928632
65.38282074576301
58.63481198026733
45.28164809483232
21.535169663266387
98.99615221571628
66.8804974618184
21.517505938070126
63.45321109695268
78.4406131131527
47.1670782391777
26.137159850822155
47.716181459259985
69.58749097014903
64.61480950425543
80.74484381524088
35.13967881299669
63.34067113376645
20.165671956655082
70.71826696613665
20.938037638846982
44.143155355089704
29.647538677752326
25.101018150389425
52.345270577272096
66.29117677917274
51.59198557098783
64.58284794276517
116.7528754075791
70.59112233275172
59.76303116810729
32.001622930625494
69.12522715033943
31.286228564116012
73.17824152320144
32.9151467933814
32.61017205591065
104.98674712370972
53.29988219150064
53.02834469222021
30.042954087329722
37.91691161006669
45.54614089102225
33.977300750641646
21.16596835065326
30.217697866422103
48.6396873435452
36.38809138875293
67.34151331387021
25.155401301814337
70.19556862740646
76.400475232685
30.47944376217407
29.587176540004943
38.918224876072166
32.11549868835587
39.6479978112174
73.30570336386187
51.28453705264572
79.61369779992349
28.01036894860164
53.19845105771862
54.54692695532902
45.650402903016605
65.34638828150626
23.09164627427813
34.92735268315852
51.60919004207902
52.62652526658844
75.44212793469673
36.55676357016216
29.608387290331162
28.752046954547133
47.10976724605218
31.51204338803472
34.82082538654101
63.83485663303292
30.793340823692144
65.66360439920486
49.35001524688116
21.87794513332195
69.18127301908046
37.15756224358791
38.81210749972321
46.98596249378544
73.06139515803837
59.710122629208314
30.94521771275686
37.51521121372258
44.830041465397315
23.070703592194487
54.05557921025593
52.92049835504105
62.39650937306629
38.66920494867117
68.02936352516743
34.55371722485881
28.148636562226258
74.45620946039338
60.457861208249334
48.86828669407356
63.83983048437183
41.688935494742594
63.384624184540016
72.42237479711501
80.7714908348316
29.285563029977602
29.866758249542535
24.77790741179494
32.22722928805461
34.41181845014562
54.49689813613968
31.66351987046887
37.480423938707716
45.6087603023707
48.08363541449394
56.52265783486641
59.78104515218247
59.02012022758338
37.40267949227223
58.19755109903318
75.52155329295235
47.56764081870309
42.5293783149746
54.07800616835129
41.50729663757121
43.77149982246936
37.49680728441956
36.510770099599966
30.006005186053837
23.16752033820447
22.032815642208437
64.9779439738956
24.362042882462017
53.66347171586328
60.698973806002286
78.86623416160951
69.68115500089412
61.810301207920126
41.6596738682174
21.9967495091044
49.45314974662247
41.67212782369633
30.96968239194829
65.53298208337742
36.22298152854142
46.57706531610884
58.031522639808124
59.70886188296563
72.81696674600725
28.128199236441162
49.55487810065696
23.746246341970675
71.58325098039847
57.24823274000444
85.00646576308903
65.68590052902573
30.88760250904933
38.18500182290966
65.1472044361004
42.04867783808925
35.23682346636012
47.10241866014361
29.554430100377758
40.43050681785106
60.671074642488
71.49718905685374
22.453520736400485
52.61588406181329
45.32370128125859
32.41112138854196
73.76083421508257
29.065286284927613
50.04689997169031
29.16956412301446
54.51673931339662
53.96806234719323
61.44175091436956
62.091647382181385
66.2965563587358
104.01362583991252
44.07201156251644
58.62376278671776
63.5952683776526
47.03410718540995
50.70481090699746
70.19329425740425
50.13919605648763
56.00680742590006
50.97212773882039
70.8108229062616
31.788810630475574
33.22949408085646
73.89086911398651
45.803560474859985
29.229660288686887
49.91965080174678
75.66844718584254
38.493464244907834
62.04506051655619
33.84288831985947
46.760174038217556
22.383456290417815
24.060724658647114
58.7739650978855
52.48336371445816
21.754213421426552
68.32723615526139
77.20569128778264
45.82613338668962
49.03920654277936
28.739924229048995
69.68292744395377
60.02009276089468
40.3740227158444
19.108467134701776
19.571325527996695
60.627968238462344
44.25619902355634
39.90929607237906
59.90377668001513
44.13765718689279
31.233023820640827
77.19432762853218
24.05125363527862
56.35196554130678
26.6938505872466
49.84257434375983
25.388108455301854
60.05459449391884
22.243333194931306
67.18809375938855
43.13772340997972
52.862975750565354
62.23611477274802
73.78181835443094
31.300457103270308
45.50283733850679
41.04564025262348
56.91947965457376
69.58154047807963
66.23215196766621
63.77942825931327
53.679854668615704
20.17370482761023
51.876548381699386
53.65292333482623
69.37858251162068
63.13044816968805
30.87636991885394
31.937286262728023
26.665552953155004
31.96277014095992
26.873651479113278
57.99653986393276
36.7376449991343
32.066577561208014
50.40951981902988
39.60187320546504
54.298621834920006
67.95452933570022
69.65689788464212
70.17492487387464
50.39205911673045
32.83914220436473
27.220770034556242
59.46292323916754
30.848675841540075
32.74995551569514
47.56881074658076
84.19446391208247
63.78433433107945
71.10915674657882
46.63037370935784
44.35804333940767
45.1173429035396
67.47882349864784
34.480961623118745
21.362083757182067
19.8280419198825
50.73518014875393
53.745693456860984
24.622782694410393
29.61549369464866
40.435186025040956
68.24801071145464
102.66221786547922
59.95495146576595
24.393745359097352
21.91117633101845
45.116098119172555
23.171995200855694
44.75201793408949
68.16542674079822
39.661249623385096
37.07464090309602
33.001892915947415
62.95158453862879
64.74830169144555
32.02080032293065
60.68379050128451
37.793767642948374
70.38981350066622
40.685723960912604
56.70878140637186
22.224603972605216
30.825224907097663
56.83859568429988
72.63872572642651
50.66486704180087
71.56200552943177
48.404041134412445
38.20583648909676
21.67062951936774
28.973922480343578
75.78202826435592
56.31549154659541
54.31265648849531
36.96950512191731
89.19858506870848
21.972730721960758
53.94693319259638
54.34193518421834
55.47976897733167
35.96909275097822
57.752119850328924
52.58000279111225
36.67482551565454
79.72585795238643
71.6038780987111
55.65744451301324
32.534513480412514
56.599957201347536
21.972016343055145
71.7451939975901
69.8513720400602
59.75031573832408
81.27412404320808
38.11843912848174
20.72609335805222
60.53686686014392
23.8899971313932
65.98105627213353
45.91856973909773
21.12763502418734
81.60915779315228
49.24570168890365
27.246382039649472
61.45608234549182
44.5608208996369
21.67199479959072
31.725235805533504
36.26010641789148
21.838834943083288
42.29277596153431
21.933602989187367
21.785027287896632
53.332060897272996
47.63889930183283
40.05134245442926
55.2831019325847
40.90586521259421
49.582007532093186
9.021114449082278
41.8191926917217
35.49056197031159
30.62466554821949
74.46354584327626
70.85853967182182
59.367720210676985
74.48730107154243
21.562691460871694
80.6569769859494
52.638681074469865
19.73564841190411
66.91568012032577
60.264587746082526
48.838901032402696
45.19292919823245
23.86700872602608
109.84216304133597
32.53939654522253
37.589985414011025
41.55803082520113
66.02905983420891
42.011756908392364
76.61678678207106
78.39886364089912
75.46357877237713
42.41810119675392
35.68687344368998
23.379849116230297
45.10356719508461
33.427939806719095
38.20261707339816
69.54798721479051
65.87158719125513
66.040371253326
67.53987655096027
40.7782444356796
69.15914432866727
44.06911575777725
52.13729117710426
75.24801105748872
55.315253525116134
67.22046052118729
64.84130662351681
55.45963993340187
48.951970874762026
53.960022615438426
73.22678182809071
78.98704308730848
71.57760719904157
48.413315119347345
41.310742797905085
65.66099048254362
56.68598569026602
62.86825650201673
73.8690239142247
45.60894827747821
47.6423245399978
64.83656082014527
36.27262110800903
35.805956925265775
35.007987160038944
52.8879811176031
57.506852514031884
42.79745170584317
36.21687669719794
55.99990982326838
24.05467788559647
73.30854143649394
44.229260285136355
39.179078697406545
87.67720315988606
27.733230442479773
63.41896406421392
54.354554939281435
36.794330076548974
54.92634711793518
57.128577719917246
72.0863045355089
49.525723146773345
65.81326679339575
69.89231955189672
34.74371690573187
53.85622951427643
71.35693812955257
27.729101028699873
45.350117228666505
41.24556699827538
71.06416637692747
36.99272066656899
40.670171925019936
55.09945913369771
45.090935813701535
36.84420773348394
41.49653534196806
30.857353425013635
57.64957923581971
68.13564407273745
42.36104427843716
30.16080844922224
68.34660750169944
75.82841044908766
54.83938821625688
46.178262961707745
71.16483032635027
58.3293937741378
62.85783358491854
52.06776266020519
22.626540439823398
22.489573626546132
66.27877817642246
83.01682426117112
60.49865239063498
45.034864694129965
37.120473822509695
63.458070171161964
68.57910680685826
62.55916627895145
32.546986559904894
73.84005359813408
37.591042745592475
47.47600960605167
31.358109509806503
24.06263755611849
53.108889154026315
81.20796049790255
47.4862456978691
45.61571988924529
23.460729093712374
52.22992271759492
32.4238270620163
55.648554556148376
37.696408195424574
58.62803458222812
19.330052506798893
32.7248810085326
71.97556089394253
21.442927565129455
69.0715970449308
21.340941421924175
67.61606834857635
34.04894581208068
31.674171170760527
59.04319605956688
50.007284895735
31.677757345167834
31.9281660254146
58.860296680287505
26.895542361317002
55.76348474711311
49.347769737164626
94.93344565066126
63.42789668678871
48.40709092978081
23.030344213444046
27.550096954228454
63.195749161731285
31.192961034146187
51.6897889540519
23.696610172067924
52.33192898484564
65.50098662510975
34.5413358451815
57.72515706343522
65.36130864257484
71.8617626801743
60.62104122868346
32.16449461572493
33.3943664650268
35.917333274377
22.01816123378318
36.1880021356261
42.09173102908144
72.71825889025257
78.84668843159592
63.215033099953985
52.771167889657406
71.43337749267464
76.89801234580003
44.835890112697726
70.00183916441141
17.552828938578166
62.70172611258401
21.89166318038458
22.0893862208978
23.67421688355713
53.608824076656106
33.396073795833125
63.52578918098948
47.464740133857056
66.33729804415542
24.38554795690519
50.45168486326004
54.765041596801304
42.47105390679065
72.33830322507133
54.230661793439474
44.14748402472915
67.45990627955211
72.81487889849268
65.51696015849687
31.42446892859609
46.94799070326675
61.902405720568986
21.282266069153188
71.11456379595671
37.19973734430777
48.81085647036544
78.97783282106613
70.46821651359161
47.561162820124856
54.90736289030856
23.7589550104738
62.43020704867297
62.14399358815056
67.1033591265386
31.370037023372888
39.92547507902572
31.610560587608735
20.7826888689807
62.14922955051675
82.02190208231814
68.86735719232165
51.67728950654008
61.53999476154899
31.952635535591487
46.461957643206226
32.04303842388233
61.450578901386436
79.5636138097284
48.43802380851233
45.50494826567153
48.495416658301345
30.100248959616792
61.609163998308716
69.67221776183962
73.01136897476094
33.06294280411137
48.00387241615735
49.35893856120955
39.60467619680561
57.533204665828244
31.780549941061196
18.147514726520917
54.44681584727115
25.013101325401472
19.9674308075832
105.90076032148934
31.314090723436617
45.92631159517779
37.68696156228972
32.41773131209441
24.4546775997354
27.80742411574063
77.29474543703687
30.788531131022037
19.35412263006931
60.07613641916897
67.84806452552566
48.56660092819164
54.52585318400912
78.47693705964079
37.49477415362964
35.955546808525526
64.78727843958637
37.53649632470753
39.676414329091955
51.393815667425
60.50105621891869
44.46144826052201
34.83927247601164
31.412237180626054
29.489626387147744
47.27594133713304
38.22270548769916
55.11496572281322
31.84612634268324
36.21325638636335
71.2706793921903
22.68037816660843
30.226705401902557
54.6470414345645
61.89744325097055
43.702006625352915
28.62199445199164
38.7456687581769
54.39501646161196
38.97102009986619
70.42784326225058
61.777117487440854
61.2409894007825
27.301357384828275
79.13030414361336
35.974365264429714
31.37429128021848
21.209718193365234
66.14282973277267
43.81314008779509
59.028097288302085
63.563442997660005
71.41736380318594
51.28874401485462
77.15261263501071
32.987589008298606
21.51081536175895
58.90649235809402
56.344349105495425
51.82426507584792
42.91874702142556
70.4777121553093
72.13650300270804
31.310261073431
67.68694280875813
30.829942182384343
49.55059558471806
21.345475413048252
44.05311355101773
53.086209200124244
21.49113262255059
30.635497886314848
57.57193148624236
46.71664046114799
48.65964699658669
61.586276926683794
58.743934561060136
22.079192449115492
56.90455067739423
47.00644176217747
39.38722297862524
32.33482748523184
67.37688243258671
25.209282648795913
59.66982529383126
58.3038360959833
55.75517330880774
34.13388047329488
62.584035231890205
64.83699866075195
36.163473385044625
64.27140007302516
62.89977109994501
47.81644023312451
74.11924263797354
61.311722634027724
66.8284366973583
56.439631035951976
35.3215005526211
31.252406045437926
68.97366064941028
68.91770697099072
51.33864329583321
67.36413374520642
36.535375387410554
30.420250979205107
21.483236791425174
37.2683902757145
37.970873678203546
67.64094428367783
25.812891626694018
36.93283966064842
20.148663540093473
65.52128580123804
56.772800296624766
30.98483154348458
69.98165245056184
32.9146152684584
66.44560680290874
48.01009131222051
22.969425221657307
51.76227436684489
40.01588239627521
66.0577593036407
19.953530433927792
19.924410040700163
48.992849233886986
30.021673046094957
36.05328882450075
57.34800746468869
48.267701446838906
53.8994931749215
52.44918551814853
43.16118228065272
22.49794404597862
84.43220030717225
32.9088484771265
57.838280060044816
65.86059432432938
21.959006337358666
36.881889573097894
48.97254425398929
63.51293750729173
69.22739951249392
45.344103201473644
36.68809307514038
48.40828588755768
70.87701998955716
53.74772182000378
23.703597288834956
37.89281462402618
40.53894559973511
46.275812163281856
36.641509047018
72.87535488742077
30.83766030642837
70.08198484826863
79.74994329109391
70.35346287943706
52.798141863427134
69.31240886918305
51.84686356359789
52.85334154915279
52.12979674647536
65.18678350138516
35.788725707049345
54.96343297480783
74.34330277266659
58.864953583825574
69.25172510789751
46.44832202237689
35.4304821337697
54.94386913235083
30.42259954609754
70.03269422342628
21.49223877854638
89.25358115891872
64.75406022965807
54.020639262074454
49.61723301861301
72.69476605527076
54.56079595587318
40.13609538335467
46.5234496437665
72.88337939886434
50.791875713936726
70.39569138277938
76.26091198481504
73.52048350626758
41.01537625691884
22.22928801860129
33.481623458816
23.73167450313436
68.02189395894975
35.683432328888046
42.001643592891256
62.3001719079388
31.659715979638722
31.98140365764855
46.41095771082774
61.6012127085479
63.51358908867803
38.692801406952725
23.03273294663722
40.29679279073489
50.128406668762544
71.62599976429591
61.333878350225696
59.178077370567614
53.60197457324364
22.95949622139203
70.97945212893526
69.75093962051916
55.2432795075363
22.144928356931356
109.96086568256744
51.4356423227419
31.863894182945046
54.99352605344906
24.10268289623174
54.31636854455316
52.91714138723287
39.98647512772589
73.3114092708719
72.01852189347373
53.796164303711834
88.22776734907127
70.72933358721195
48.850299074549035
80.8896006847807
60.035877536522605
51.249673400111305
33.809756811184904
70.30741455134746
65.57019962646469
59.594311483816945
61.208860255823396
71.3032165701688
56.18167207308556
34.31116866620382
42.34693475632076
53.484181635823425
51.48427198248498
56.11404258071918
38.032488765447745
21.379812196666787
58.50445523758166
64.56539979563853
54.41381930264231
33.185767531769734
82.23314560790196
70.99868831339558
31.51506350499033
69.25450816626929
75.93344503348568
67.17558397593932
55.79325108714369
43.958889248358446
45.49662321829957
55.60218322671925
29.933074706871835
40.77383533749047
21.928291437712968
52.85789177676408
59.73681192659918
66.78234187099656
31.659377427051563
20.596562903496995
18.325261118444732
26.24556771557249
57.93119493761888
64.31755392188845
20.551008832390927
44.624825501379384
65.79329706603876
64.00111850397015
21.848139763882827
63.51406988909951
80.21764284756506
21.29120160516661
57.3090738758949
38.29419655960564
35.35356872639094
63.54146417357406
43.303515983450836
46.65210823064041
42.64885336951759
116.10810505537145
70.19495334056893
41.72254033021828
65.30329140492344
61.45262923856099
67.14071544838595
45.06985379337599
74.79932199266571
68.65719707245242
51.17104733532558
38.083617864003216
42.248186723821696
54.94136418785197
46.74646498151381
61.74865831432169
61.68308835205088
72.573377202717
71.25963137436833
44.2270353572399
45.23434770299749
25.317727540376506
64.18921924376437
85.52116306713512
46.46902203944948
66.40216685971778
69.86837644902091
29.78298641679688
39.60937790352712
61.529720226322205
44.95824643290572
46.055104332055755
43.01444173876823
45.79319437772767
49.77563117899633
57.560206345183666
49.66539884478918
74.68825424840328
77.58655696939785
60.73431099812069
43.140572534442704
38.93883869755814
72.85011487282084
50.98580714308366
69.5778494119942
31.53481550693705
104.40187659123296
36.80606481328955
41.981651306385366
41.925904057286004
80.07587965497304
46.29893856612604
30.051535797770708
46.07577598129971
34.416475969889284
50.029980163954065
38.421194412852266
58.429221927037474
69.60853622801967
53.96125079072936
59.37911523025465
35.33773155528592
68.70174680423699
22.103585909746272
33.713102489669026
74.87032864895171
60.01952480021028
30.272920297272364
73.70013683226696
57.15392069577941
75.9786072313856
21.88813466381458
32.84416993929617
71.50782430523884
73.89361791281893
59.48322699988934
20.40240902101617
54.76423615104215
75.50368033292945
21.296757999522267
55.15346489596523
37.217101145798345
64.48790171492901
63.800544797593965
60.445875530430534
64.87369122870709
70.09933853213356
24.088058021490543
57.030351935033146
26.989250466145677
29.32989639166573
60.94440206487655
