75
87
88
77
113
79
84
83
107
98
91
78
90
86
80
82
95
83
86
93
102
83
88
79
77
84
97
84
97
81
94
60
96
80
88
92
86
70
77
94
77
103
83
99
77
103
87
73
79
70
95
100
75
87
75
91
85
95
102
91
95
84
94
75
105
93
88
80
88
85
88
93
72
79
88
94
81
74
76
85
89
90
96
90
76
75
75
88
101
112
94
78
91
86
89
90
108
89
93
88
83
86
71
80
102
89
104
84
85
90
96
93
88
86
94
83
95
78
92
90
75
88
93
108
97
94
90
79
86
81
74
91
79
93
73
99
97
87
105
106
83
100
92
87
114
76
79
103
74
93
95
74
68
73
74
95
89
99
100
81
102
86
76
86
70
90
84
76
83
95
93
84
90
100
80
85
87
104
98
95
89
109
90
107
70
85
92
85
97
78
92
94
89
83
95
70
76
98
79
78
92
100
80
82
81
76
87
92
61
73
79
83
73
72
80
78
91
90
98
74
87
80
83
104
76
93
100
89
100
88
86
84
82
94
94
99
88
70
86
82
100
76
86
69
90
86
81
75
86
102
76
72
97
87
88
77
95
101
79
86
79
115
75
73
65
85
90
111
72
116
74
100
81
108
79
84
84
80
98
75
92
74
85
108
78
72
88
80
63
82
94
89
92
92
76
77
85
73
98
82
97
58
88
90
98
82
94
75
78
103
85
91
78
93
93
75
87
101
76
83
97
93
101
98
89
90
105
67
88
103
82
90
76
98
87
78
97
81
79
85
105
104
70
76
98
69
102
93
93
89
91
80
71
95
72
89
78
84
81
73
90
81
83
82
80
81
76
80
90
94
94
89
81
85
86
83
101
83
77
80
74
90
84
84
78
89
99
91
91
93
86
88
80
89
99
68
73
92
84
88
83
83
75
81
85
95
100
92
73
85
85
84
77
81
86
87
82
76
94
108
85
84
84
101
99
76
87
95
88
86
104
83
62
75
84
76
92
69
87
91
74
84
90
98
98
101
79
97
85
95
84
71
84
91
85
100
99
87
72
89
75
76
88
72
98
73
82
77
88
72
87
92
93
86
85
87
90
83
73
94
92
74
87
74
95
89
79
78
98
99
90
77
83
77
95
93
93
77
81
95
77
88
81
91
97
100
85
88
77
73
72
99
84
85
85
92
101
83
80
91
87
79
83
100
72
90
70
76
84
83
82
89
95
94
79
96
94
88
77
75
89
80
69
71
89
91
80
88
76
100
82
94
93
84
94
91
82
81
82
90
73
80
99
92
97
99
77
85
95
76
92
81
98
87
85
87
86
75
77
90
86
94
76
65
91
61
110
82
77
94
77
103
100
75
97
94
96
83
100
92
88
74
82
78
100
92
78
95
76
88
85
78
93
93
81
90
59
90
70
73
102
96
93
77
77
112
82
103
93
89
94
90
88
92
88
98
81
91
84
95
99
105
68
79
104
88
82
72
81
102
68
88
85
98
76
93
79
90
98
88
81
82
89
88
83
105
68
64
90
89
82
93
101
86
86
70
97
78
97
86
70
60
98
84
86
88
83
99
87
90
92
90
98
73
88
80
85
85
95
85
95
92
84
97
100
82
90
78
89
94
77
79
76
94
98
86
91
79
85
102
81
76
94
78
88
94
81
75
85
90
95
94
74
87
84
85
74
79
83
76
85
82
72
78
90
89
82
83
98
98
90
79
76
74
86
74
96
90
97
69
84
88
83
96
80
98
79
83
92
84
111
97
92
73
85
88
79
89
63
91
79
85
88
83
87
82
78
89
74
81
91
60
90
91
89
85
97
77
98
91
70
112
85
93
81
109
99
76
83
77
84
94
91
94
83
98
94
96
84
89
84
107
85
92
89
90
85
83
90
98
97
87
86
90
102
81
89
104
88
87
65
81
76
101
90
104
78
96
87
99
105
80
99
89
104
99
82
74
102
83
87
102
97
81
89
82
85
107
77
78
84
95
76
97
85
92
82
77
100
97
87
91
100
107
73
76
92
94
87
86
92
71
89
99
76
89
84
97
94
90
91
77
85
105
87
100
78
77
85
100
84
57
104
102
97
87
82
102
87
94
97
80
87
77
88
60
89
71
85
106
93
90
89
91
74
84
94
103
107
91
75
89
88
93
90
99
92
88
89
86
83
98
52
79
76
85
93
100
79
79
77
86
81
99
89
82
81
101
86
90
93
68
93
83
101
77
82
89
89
79
70
88
96
99
73
89
83
96
83
94
70
86
95
88
78
96
95
67
87
79
