0.25305423014624073
0.1180462076699788
0.29296802499391594
0.1546536846526737
0.21792531267876944
0.1519340589211342
0.07422634402995458
0.17922532707525596
0.20397989068282535
0.16921482331917895
0.11453190231311734
0.17284931782031426
0.19959295554807305
0.22848033795302147
0.12399626897616434
0.15583644325200266
0.10734748350863278
0.10536768565301576
0.1299565669090115
0.19357622156175047
0.08973536545474725
0.12450160744604015
0.11537924924458011
0.1652179258813052
0.11026604267408818
0.05880886703725369
0.11295712908374582
0.10243758781498326
0.14929670611773962
0.15413372601529182
0.0638262083023437
0.13834216385422093
0.1792609528356317
0.18681953140212346
0.0520916083134703
0.1872836930426762
0.230737117413506
0.13272429621137544
0.20692643841149475
0.24395698850224115
0.10159210529171232
0.31588187335785806
0.14477775468496518
0.2381990499176133
0.11607766568946859
0.2939018470403705
0.17134205859669527
0.08711101270437753
0.20253714639738538
0.15530042286752394
0.07673605221380547
0.05894234594913656
0.14440919809527572
0.2700057453542487
0.18462390393864966
0.13014766586457327
0.11594359785552832
0.28057095288941764
0.12506336134466525
0.11902816649545278
0.12958429590777704
0.14194925609999445
0.19945007056906447
0.1457864982338863
0.12986997190056948
0.13133945662343077
0.0903472068704656
0.12738888544481122
0.0967327063903624
0.14138623494748184
0.2134534252433759
0.09262929118246235
0.15099582648472332
0.07209332284735785
0.1003322432503109
0.13843777402571558
0.1125637009814824
0.2683850441959802
0.11366196810610672
0.06690280826239621
0.08202181351772611
0.10982681108573912
0.10619785462738199
0.18377317478387742
0.13789363015072034
0.19997985815481628
0.360835001463109
0.08495101107654954
0.28354548212563363
0.3055021073031022
0.09975084008476082
0.09726907558330138
0.14363102920607876
0.07320163064377312
0.18315521495820125
0.13346218888105657
0.11049908809000357
0.26822548054481055
0.12952950584533007
0.13326867953509303
0.10509258701536171
0.15380134644552967
0.09432540592815866
0.07437228508546147
0.24408234181037974
0.089086448364225
0.1378694726410368
0.07650900152569154
0.09993149104816226
0.2200055595546096
0.12035300984355433
0.10039588141887411
0.048325406386109354
0.2606834299875267
0.10066485081805097
0.14339049573588666
0.1038054038686538
0.20377274138255166
0.20494492205657835
0.16385590120445503
0.2255524187936221
0.13352564721308438
0.2352290753962442
0.20146303360539447
0.17742274746393152
0.10571357450114527
0.09904694243829751
0.10077131707094669
0.0462968580635238
0.18577474984890743
0.2278039392452085
0.09356434861311795
0.14402653882220356
0.13302237079384308
0.1392137229023623
0.22144680701003921
0.1321931341160586
0.17327016798925177
0.31470558051612907
0.23530194891926376
0.12751639405507065
0.11399521462234818
0.11653721742080062
0.1446820458708746
0.2021849824953302
0.1339367850478434
0.04240837633715898
0.193771076517273
0.08924314088035724
0.09010638264945958
0.1162305649167008
0.11674085242645542
0.15331893386337203
0.1328195028190833
0.08514199705397209
0.10926060608518388
0.09686134254996805
0.16161052316882188
0.0957941642090894
0.205121569671312
0.14702127539028495
0.3045625359339892
0.35286530834102264
0.26935099775404586
0.15977873006814886
0.23973541001127674
0.20752310754884987
0.14551978095102597
0.28965818033096485
0.1669206288713352
0.07275962273883221
0.15248945268629024
0.09734621144230936
0.11203498875757649
0.22607412641296656
0.18054277283742565
0.15647970608364054
0.1889810958512823
0.22346528830035717
0.26511282495341076
0.17407725218999995
0.1487338476704991
0.28567449731752637
0.15903269168381146
0.11869953793304168
0.08140863730342106
0.12058949399501814
0.14557680967177847
0.11276237492563151
0.24488580314648825
0.09105399501901351
0.36497109694657043
0.17604333932154945
0.11186276109973392
0.08502995744604808
0.09209757751254909
0.08840024983442422
0.12760732290632748
0.20619604304511494
0.11117764957605451
0.1325003686570755
0.11266195795428778
0.08509845724906281
0.16695460174821253
0.1588498745166603
0.24131451983940608
0.11680251500625333
0.28440800718554615
0.17918848045031677
0.06158619574512888
0.1147791676406359
0.1082791288839604
0.1715760809569984
0.05246921555742295
0.10528971002361366
0.15281644081661352
0.17954311191210873
0.13051366720189028
0.1874981836168592
0.10696070400819584
0.2785091898286534
0.17590897871571579
0.19321707435735952
0.24005240789482424
0.1872725400267741
0.05106292795804607
0.08004000258344476
0.16938363834997963
0.1996534306696367
0.16954503201813445
0.13564877931048833
0.15169876510493363
0.22115418218747676
0.05554812002939721
0.22262083527339618
0.06646806587164336
0.15532660051988115
0.22879833262110352
0.16677556138128558
0.18205086398807963
0.18920155216691653
0.19401243425885387
0.1285544648791155
0.2316899437165178
0.0986864470556442
0.1691854178523043
0.10730692616220788
0.2483207135116432
0.17390171235608068
0.16906025011955245
0.11500908274767158
0.13771032770448033
0.13314259479153154
0.08738934841365738
0.18127903903015571
0.21126422566866898
0.10441910503113298
0.07529929653605932
0.24683595047928492
0.0736001132742233
0.08133943884425984
0.1832384285989207
0.13652583488092143
0.07877695887977161
0.20020673090778235
0.16311122948258802
0.11698556790561383
0.11082641801845602
0.22789969058553036
0.14204620873884205
0.06893486498841937
0.19802473477730093
0.0978716509411645
0.12378166981240106
0.17134492871307272
0.10638965415858574
0.16115568072702136
0.17826430487425493
0.06892501416010627
0.08776113616732284
0.12634917411308227
0.17202453498474013
0.2567614078147964
0.11565685150966809
0.24111966152856737
0.13238613878987812
0.08373825742339583
0.11929765073439573
0.11071414828821784
0.1738261143062324
0.10209302938764736
0.0773412922338667
0.2329891663547034
0.30916839234988946
0.05202025719991125
0.16477188389681288
0.18237592251133564
0.14339771560244918
0.14150186728894273
0.06862310702057106
0.16805227290712177
0.21221824176711326
0.13398729491132672
0.1520628504430927
0.26437182166005474
0.10559714760305695
0.11632240308586606
0.16302388717983446
0.07135277299014052
0.1941133403227689
0.10849329075918572
0.09970949571947618
0.30557071366286165
0.15324432217361508
0.2095653789456006
0.09272153008137367
0.2636066882788385
0.10535196072199936
0.19446187368337672
0.07651519014703834
0.10287793607555548
0.17822300718753392
0.3598868133702268
0.13401985700093746
0.08702503133636212
0.15540308456731744
0.21162652447582056
0.08055284984458627
0.27339510789229426
0.11711132423560591
0.1797023542640951
0.16736816362667156
0.1513547425174254
0.12421962443752418
0.16708605401746718
0.19091621512273882
0.3049941032204921
0.13978856301027995
0.19960588861634584
0.1908537394506298
0.056997724573063166
0.1038337060202308
0.16893174111242393
0.17831991022372348
0.29379725065426743
0.0993994107958968
0.17020032978424643
0.24596205190208853
0.3228533794898999
0.218139144503326
0.047007392776151354
0.11406650034745919
0.2346632510127541
0.3474121279429768
0.09531920906707407
0.2101203646569947
0.10986519977423717
0.12404422649416595
0.0810978409209457
0.2397922463038909
0.1148975541225443
0.26100389195824286
0.1336674346527381
0.34470602892576224
0.10237656167494062
0.33414759894430923
0.16054318001454118
0.07145204863331556
0.1900192136094512
0.11522217513006554
0.0737617832371068
0.2618582882024874
0.165322436783009
0.13077237628864927
0.13709728163309998
0.1612406338879164
0.2294901480013861
0.10671730051635446
0.19612454761500708
0.2188273364139714
0.15195962605414556
0.12250425540593371
0.10668414407065394
0.22577739277623782
0.23108057451736702
0.09356636776977356
0.10770218095224951
0.0824752119768511
0.1657321550016115
0.11072590023920673
0.15152343584783146
0.13743146426485733
0.2788594607916451
0.10828977897066137
0.15627529653137442
0.18225264891547538
0.18824883605789094
0.2512078769706751
0.12232302043983627
0.22843344845193447
0.20245131093904908
0.11755582033308325
0.16486044421565618
0.1106325919650117
0.09539273973749422
0.3223652888628378
0.08336999094761617
0.30309572554819886
0.19637037283658468
0.20471113411586564
0.0711795880003956
0.1363936447301446
0.1654454700036492
0.0966373117359365
0.2602748579840601
0.1557034904833914
0.14851598866980353
0.17945378249169516
0.07784920285498359
0.25184462830975063
0.17787163913667145
0.1523708442120278
0.18583358390537666
0.2807268129897648
0.11889341495107844
0.2774838396051449
0.17094720989657333
0.10091591188429662
0.04802113276199197
0.09549066670894835
0.16677590412870982
0.09932304393974797
0.14414136711353748
0.1953096920900617
0.32371914645674504
0.11228239972867121
0.14932228880021264
0.07404413207192659
0.10267271550418454
0.2072306883852197
0.09154758241871226
0.18283346747127213
0.08161008139237363
0.16839494408590114
0.4331665904331236
0.2712658118531234
0.3062561059167866
0.24208351412908335
0.16823709775352963
0.19902096264196492
0.11659804387694131
0.1997321646933564
0.09118861236740922
0.1344453506164909
0.36938699623733984
0.12788444785671943
0.1554798624684389
0.12244866245952207
0.15998913484422642
0.26730640899825164
0.11398294325934452
0.135647071656514
0.1687550195056996
0.1475170791989136
0.16407231579763085
0.2733622527825184
0.08521656293991751
0.04555158951348888
0.07839875247392632
0.1892914234445733
0.11480093182958762
0.08530297291159188
0.20478307608122578
0.13913831147717448
0.01616660056706393
0.18803008951116099
0.1893543414496546
0.08491001693178513
0.18019445420691313
0.10778374312237328
0.13179798493848224
0.20380495768499104
0.1335758636159375
0.1672565488467722
0.23123826444674772
0.06328652663863671
0.18086448518227052
0.20722097640306955
0.13526968651362717
0.2478834695078219
0.22034322379542087
0.1196113086489778
0.07085664417911956
0.11132019425680914
0.14634286940348554
0.17748315724514058
0.07700769663723613
0.15134398388095577
0.11057718005586792
0.12971668484318188
0.18533496224801457
0.11851094412386633
0.20943862704240407
0.12551565183269672
0.06634234983948509
0.18721878470309355
0.09963258729282219
0.08029354444482338
0.10358479356416816
0.31289641072389995
0.23765596758237967
0.10082824151731025
0.13737519934300083
0.07448961490698727
0.2007115437036676
0.07554410635322287
0.1746618416256673
0.13801818401847607
0.14939204531474215
0.10697374951483513
0.3187346475442834
0.1437041030861906
0.10265891914466024
0.09041068907264492
0.16888330152323713
0.25043252859181303
0.16499642418450844
0.12239156308994732
0.2696475277900926
0.20469694152606585
0.1068073910912091
0.16973553886338713
0.17794214441354342
0.20215259686799517
0.09822554040006
0.11307155507266614
0.09093654149524649
0.09388323639579722
0.16998660828402828
0.22754480297005386
0.1011064750708522
0.20145012617180186
0.0981370169206246
0.09786546248439239
0.09228117850579665
0.06328039804832379
0.19843665398895446
0.0733555868404232
0.14718856315077447
0.1279837256988649
0.12673595521527806
0.21936684344063515
0.16761471855041668
0.1865956634890626
0.15551580213795418
0.15756759137652537
0.3244241160484425
0.1624732429655093
0.12215393636253943
0.09506860681147895
0.14289230238845083
0.10581656683922551
0.1431724677992955
0.20155796903050036
0.21050932486931537
0.21564776762789092
0.16750732706472432
0.06510394089374757
0.15410781598214815
0.07387811132083454
0.11155560678446452
0.06135336598729372
0.09182449034821977
0.18191487798759756
0.06345613967601124
0.22461931860595638
0.122467920355876
0.18470358989312044
0.1265161170175867
0.13509784194731048
0.09316278981076873
0.1889141545195397
0.25642568845928876
0.0680381569047666
0.15210695725528744
0.19927941920133496
0.1294106174595719
0.12880398403549267
0.31993255653725605
0.09931997004596048
0.19177384255937346
0.09161509451444527
0.2803882997864823
0.16046994827911726
0.14595113435787677
0.22528623641835271
0.06047728990440331
0.10834953478044022
0.21896069767254356
0.09685918734183226
0.22561885404345305
0.12184919445480692
0.13433230276895963
0.09898559673420934
0.24011371064830564
0.10816059573133566
0.15864027997627766
0.10184389242143276
0.1334393981102908
0.0441663000686058
0.17858484668236416
0.12976962036065556
0.26276147059900506
0.16328527472109358
0.12459603434177255
0.06916419272462307
0.10094275655218385
0.3002373702064367
0.07879659866521153
0.11166452649999588
0.24185697868005243
0.21737226852874023
0.11279799412013643
0.1799761671207116
0.20973749530768573
0.19059611952159733
0.12843836627534075
0.11193605077099601
0.19115092077443577
0.2574580207898714
0.1838959336967858
0.11958400701689384
0.24878047191148583
0.22894480638129658
0.1440555532259427
0.08533234627681353
0.12437137371181367
0.33651763123154405
0.20565162455642788
0.09512280682818122
0.15806875579169988
0.06328374487371764
0.17585191605538775
0.13004060220516303
0.04843744200069549
0.16377496117705093
0.20327527997268985
0.1871059358792378
0.16395560285804994
0.14522903729734965
0.17759905949947707
0.11227205303419309
0.18519732629420027
0.2214955304306194
0.19167712781850077
0.09794290237944542
0.2158413382779505
0.25943815723269487
0.11250886944110534
0.1985119330201534
0.07896742034945796
0.25137149989584473
0.11249676093791428
0.07330170611312332
0.07431200064702541
0.17254523142657174
0.07518841994537198
0.08332574001312738
0.11631719427653271
0.20811836960266608
0.18921508927712202
0.18879437992261788
0.12958183956567168
0.10069262106566393
0.25311991775468495
0.10838104215761281
0.08079669242907846
0.11695248115392552
0.061297352399861574
0.16708209786507028
0.09029064982144114
0.13303342681240615
0.1988231441811485
0.0988445102237747
0.06467918287247447
0.10341529970976844
0.22264401484120006
0.1349992817075582
0.20267692354126227
0.09912394073969108
0.08824887962039996
0.24928822788539207
0.11808485804496477
0.20007000534382602
0.09527691149568455
0.21536502189318896
0.22117077548486447
0.09622486233917582
0.14269896492348927
0.08747587387344877
0.11629439346303688
0.1850641292176157
0.11941289380116148
0.6228845117480801
0.36567812438830555
0.14075803353200256
0.1342275942073823
0.09340459517240123
0.1565271228679228
0.14920545027353418
0.24431592617911424
0.13072031465608872
0.23868830161594484
0.13410041702197478
0.20648623180105388
0.17882432266752843
0.08465089906575192
0.07086623762532476
0.12639386215055148
0.09835772082087861
0.1162249445099453
0.12498447082861931
0.12857238524325398
0.15622055831412981
0.08225417894081487
0.13437475645744504
0.0921668615133095
0.07708709978404397
0.12508232490577892
0.06370011586606027
0.17476469322816157
0.23655505588896739
0.16447781937266653
0.08189193518484425
0.1792309528927432
0.1035672960412217
0.19825823930092626
0.14435624516061196
0.3531422495021711
0.07967270158640011
0.0911495678161525
0.1421775779933111
0.12822307745420197
0.17873581078557832
0.11147989696657135
0.13884243455618492
0.14586795510178951
0.12177742672105969
0.28564979370468296
0.14617929637835872
0.3065368976196917
0.1698299773240783
0.06746186398268914
0.15079971618625518
0.06561672473872358
0.1737788299151485
0.09325874358461728
0.08243527417935985
0.34707147227137947
0.21754208399070776
0.11322703035266103
0.22480117290314447
0.07004169800002624
0.19130652107659182
0.20427080535033607
0.25410269235998206
0.14380104995754997
0.10170767238831838
0.11236113689784002
0.12099478684360687
0.1188991308150322
0.1401238495883789
0.1634496459650226
0.3654259564176806
0.07331105205463773
0.1353831941096541
0.0888639927786288
0.21693772082968496
0.12278944933179278
0.0722186967870936
0.3001532605747615
0.2294014691293083
0.0902355065435075
0.07951680394993889
0.21778377029455698
0.18717379625047906
0.0877780291564091
0.19390737092606544
0.11294309068183986
0.2273439937413589
0.25071264876808214
0.09161929014788735
0.1437451341306188
0.08221098987387693
0.26404801237784153
0.11036209197951255
0.40435140619070103
0.1868862813106271
0.07956044074167647
0.16165141824996915
0.20423982816680983
0.10889582635106446
0.15735091196153256
0.17462106461026816
0.12551075921731117
0.17829055334030122
0.22089108218239054
0.10562355945944024
0.07275021254622195
0.09531255504912568
0.18617007011098183
0.09923414671436466
0.12693477918376747
0.14185781455451144
0.20372882143584534
0.11879869037670142
0.3145621341918821
0.1134673973080008
0.16880628357053312
0.14670208196991766
0.09482720305664398
0.24563757304339806
0.07001014613118163
0.16627528829545976
0.11207668512644829
0.09433872585030205
0.08488220044840797
0.2061643347627876
0.19901359109440725
0.08712844779442203
0.19405344643522549
0.20462988979390143
0.07511658377755864
0.17473011969946323
0.10321032424165086
0.10494630657408208
0.16243317033654417
0.12734364280225224
0.08889904330360532
0.0852426650503519
0.08160577872300959
0.19511768292459192
0.08609768609123734
0.14109779999082123
0.17044707600114117
0.10525064062622101
0.14457387622479895
0.056889476889619615
0.08450044978300138
0.14928813214827313
0.1409390793913993
0.13702323990357082
0.09330848454378753
0.14250245630762834
0.19627770504445868
0.3392918050073292
0.10463497919356732
0.18952947977527693
0.08784540747182291
0.16568814915906643
0.18738760558874543
0.10977342698836999
0.08960450171966854
0.13574339239562067
0.05946063620261432
0.31469667097301196
0.304992723579532
0.10511267718612971
0.2318579884164578
0.1608147574025295
0.14569453518270387
0.07341529087467633
0.09329560828324746
0.171907262019808
0.1254262007853021
0.1855343204254318
0.24215451209056518
0.154884884933144
0.14157122505697686
0.09012735021941758
0.047105493823819344
0.17424576979703457
0.23907716913489724
0.09403268739841432
0.11807274344756367
0.16567856470341055
0.1354438249362345
0.20556295820316348
0.1729899358030381
0.32719220325835474
0.26194904356255433
0.13264196475343662
0.2657508434205252
0.21343002027664076
0.2776441048038416
0.1942005044085884
0.10330113175094535
0.11953608004512135
0.07746764602530759
0.09697447437211529
0.17032796263478506
0.07542098511616571
0.10545651619468796
0.13714347192546217
0.11862553048231243
0.21572196416130995
0.06724977271163096
0.0834569526841755
0.2678586583536907
0.20428867646068677
0.15439384739478695
0.228488420830014
0.10737139215301622
0.07854959191572046
0.16848675448551884
0.16684838435873178
0.1120712021000811
0.05548319743027585
0.12666549778057468
0.24702203628962938
0.12327572836350063
0.14745928242776327
0.09916681895463757
0.05470509959534759
0.1421217703663189
0.1475065925343392
0.22390367373257183
0.19039463866428857
0.14845343044896805
0.20000386387218497
0.2001155789305456
0.13686898073440587
0.16061525057113551
0.19444105992369462
0.1563658998470213
0.18078314190716216
0.22498614107079712
0.1677863687393078
0.15924046472530315
0.1031362485016302
0.22032221190771228
0.08862699025576508
0.11309817007461904
0.11416770391859173
0.28262078501149945
0.16448372541236264
0.07524712554536696
0.24559315222428324
0.153045597525346
0.2172755249465788
0.1380882907462577
0.2049337530611538
0.0846486358672533
0.07777935741471667
0.12898790854154252
0.2916922241007019
0.1682559915031148
0.0834927182567936
0.19917662105525286
0.0825197953978799
0.056489988139412514
0.10809372040974854
0.10405437463442627
0.13264793356973031
0.1143786008912249
0.2047122708908789
0.14763722972666476
0.21597465062371124
0.10778103576480484
0.07385807806350053
0.1663059984363669
0.12957020748122625
0.19029089997131646
0.2680501013115774
0.10191959953878803
0.0828145551011411
0.06803580876820137
0.21239363332342534
0.16665194856988041
0.10486801760009651
0.18135967203105194
0.12358584919075992
0.07122425648933375
0.15813073106999603
0.1980045632463651
0.11835703230482697
0.0882333412437124
0.19075380050831883
0.05179692560999797
0.08891610678403794
0.12505164785569453
0.12222241802222193
0.0981792226112107
0.16838978011033584
0.19693729883193195
0.24021527063356615
0.10376102442815305
0.11241132768673445
0.10615560187436912
0.1150482100346946
