15.974085807800293
19.719715118408203
18.498537063598633
15.96267032623291
17.076913833618164
16.198163986206055
18.469200134277344
15.842491149902344
16.675872802734375
15.535699844360352
16.849292755126953
22.46101188659668
15.458611488342285
17.081270217895508
18.990297317504883
16.275680541992188
29.3226261138916
18.322650909423828
15.10716438293457
17.700773239135742
10.274524688720703
21.70147705078125
17.605703353881836
22.56763458251953
10.454879760742188
18.2030086517334
17.319541931152344
20.44672393798828
15.162210464477539
15.058979034423828
16.890119552612305
21.282997131347656
19.289276123046875
18.86604118347168
18.84650421142578
22.8257999420166
16.48322105407715
15.04865837097168
19.035852432250977
5.90366792678833
23.28302764892578
18.6069393157959
18.063335418701172
25.447465896606445
22.837053298950195
16.075796127319336
19.664051055908203
20.765178680419922
19.0052547454834
14.660370826721191
16.609495162963867
18.37830352783203
20.22585105895996
20.031997680664062
18.85024070739746
13.183682441711426
16.455358505249023
14.844812393188477
16.63798713684082
19.272436141967773
17.57166290283203
18.38603401184082
15.224299430847168
17.7351131439209
21.251375198364258
18.599403381347656
17.674036026000977
18.90172576904297
30.915132522583008
18.190128326416016
20.145418167114258
22.415477752685547
29.37788963317871
15.695391654968262
18.727474212646484
18.49677276611328
12.49853515625
25.739391326904297
15.341639518737793
16.200490951538086
31.41939353942871
21.731430053710938
14.183077812194824
19.51416015625
16.657737731933594
24.439882278442383
20.5653018951416
20.679977416992188
19.14318084716797
0.9156591892242432
16.021495819091797
16.025012969970703
25.506614685058594
19.787498474121094
19.4566707611084
21.374223709106445
16.721477508544922
15.861968040466309
14.692566871643066
26.637401580810547
18.80559539794922
32.718936920166016
20.1777286529541
19.06726837158203
15.266948699951172
22.986379623413086
20.090843200683594
14.434126853942871
19.73318862915039
36.157196044921875
21.11542510986328
22.596538543701172
19.69359016418457
17.26318359375
17.967044830322266
17.80056381225586
17.303743362426758
19.563068389892578
15.276896476745605
16.379972457885742
19.156875610351562
20.265789031982422
18.16221809387207
18.667699813842773
18.058794021606445
14.53990364074707
20.202796936035156
15.664458274841309
19.679710388183594
16.955509185791016
20.717273712158203
17.54170799255371
16.26797103881836
23.988624572753906
18.839033126831055
19.100614547729492
16.155542373657227
18.949657440185547
14.206697463989258
16.4113826751709
15.990704536437988
16.799654006958008
21.408323287963867
20.893259048461914
12.574189186096191
18.10566520690918
18.277986526489258
16.55767059326172
15.959419250488281
18.389820098876953
8.915657043457031
1.275997519493103
19.404869079589844
19.26334571838379
19.434614181518555
18.003013610839844
19.133235931396484
15.252203941345215
20.507293701171875
22.386882781982422
23.185169219970703
19.367921829223633
12.556982040405273
14.567879676818848
21.018474578857422
17.709293365478516
15.296602249145508
15.891825675964355
12.665464401245117
17.68562889099121
19.126585006713867
16.93459701538086
20.050765991210938
22.390581130981445
21.47256851196289
3.901787281036377
17.50429916381836
11.52757740020752
19.536508560180664
4.126214027404785
22.791484832763672
19.37762451171875
18.34600067138672
16.020381927490234
17.030733108520508
17.874814987182617
15.569496154785156
16.609663009643555
20.511009216308594
20.181306838989258
19.336618423461914
15.090631484985352
19.800323486328125
21.941299438476562
20.049135208129883
17.5308837890625
15.618453979492188
19.759645462036133
15.33503246307373
22.947654724121094
17.612491607666016
18.053577423095703
20.809276580810547
17.7003116607666
32.61872100830078
17.85431671142578
17.213586807250977
17.05463981628418
21.091899871826172
17.78350067138672
27.12965965270996
19.96984100341797
19.705129623413086
17.641250610351562
15.167201042175293
9.208159446716309
14.688207626342773
0.26179996132850647
21.86763572692871
33.27485656738281
12.982540130615234
16.093976974487305
18.162302017211914
18.059526443481445
31.151142120361328
20.247678756713867
15.931026458740234
16.73768424987793
13.771477699279785
14.808331489562988
20.868907928466797
15.842584609985352
19.146854400634766
15.14049243927002
25.067930221557617
14.11616039276123
18.335466384887695
15.211005210876465
16.43972396850586
20.74672508239746
17.35205078125
16.727128982543945
20.70442771911621
19.6506290435791
18.455551147460938
17.3121395111084
18.332738876342773
17.90321159362793
16.686941146850586
17.90834617614746
19.820777893066406
21.371131896972656
20.000879287719727
17.006397247314453
18.70461654663086
18.483449935913086
19.281658172607422
13.046626091003418
19.830158233642578
17.248003005981445
19.293394088745117
12.011672019958496
16.97589874267578
20.900110244750977
35.95103454589844
19.243759155273438
19.160655975341797
17.344379425048828
16.742204666137695
49.09445571899414
18.579532623291016
17.636905670166016
21.560178756713867
17.334436416625977
16.6485538482666
19.91769790649414
16.375545501708984
17.668319702148438
16.915781021118164
15.711429595947266
18.617393493652344
17.470073699951172
19.11623191833496
18.063743591308594
17.455610275268555
16.96737289428711
20.922290802001953
15.452828407287598
12.406386375427246
18.724414825439453
19.724327087402344
20.462034225463867
19.16889190673828
41.05989456176758
18.8864688873291
20.5347900390625
22.51954460144043
26.33739471435547
23.55447769165039
21.05792808532715
15.332595825195312
16.373172760009766
20.35427474975586
18.060054779052734
14.899367332458496
15.435229301452637
16.385501861572266
20.223634719848633
22.184661865234375
13.544391632080078
15.826947212219238
21.465072631835938
10.288394927978516
17.976675033569336
14.352767944335938
18.052248001098633
17.347532272338867
16.665616989135742
15.134418487548828
24.05266761779785
22.58643341064453
15.488457679748535
20.58730125427246
19.605030059814453
16.765409469604492
20.86272430419922
18.207500457763672
22.02578353881836
16.240394592285156
19.35084342956543
21.808618545532227
16.68830108642578
16.35614585876465
18.39812469482422
18.18634796142578
16.72784996032715
20.19260597229004
16.92354393005371
20.088218688964844
0.6465564966201782
24.15656089782715
15.684839248657227
15.42846393585205
16.652099609375
16.839248657226562
23.92080307006836
21.132108688354492
21.599214553833008
16.78386688232422
20.575490951538086
14.95510482788086
12.204294204711914
36.70203399658203
21.787322998046875
20.314157485961914
17.51215171813965
16.215940475463867
19.57160186767578
0.6511055827140808
18.027040481567383
18.395954132080078
18.24046516418457
17.185314178466797
17.387653350830078
21.269258499145508
14.71291732788086
16.84859275817871
23.38434600830078
17.902851104736328
25.93136978149414
16.370899200439453
15.207616806030273
31.89655876159668
19.12710952758789
30.45392417907715
46.8427734375
21.151750564575195
12.877485275268555
5.719015121459961
16.950502395629883
17.271949768066406
20.3997859954834
26.47754669189453
20.488494873046875
15.007905006408691
16.763853073120117
17.28934669494629
19.922245025634766
18.81088638305664
18.516094207763672
21.123807907104492
17.45247459411621
17.813812255859375
16.525346755981445
17.557750701904297
16.409164428710938
15.573450088500977
21.728727340698242
19.406097412109375
15.883240699768066
19.498315811157227
33.02931594848633
21.610774993896484
24.144472122192383
19.328590393066406
17.036073684692383
17.82689666748047
17.110977172851562
17.012645721435547
20.555957794189453
31.85615348815918
22.36772918701172
18.57231903076172
16.286590576171875
16.28989028930664
16.918764114379883
19.615304946899414
17.982519149780273
18.100128173828125
18.789443969726562
20.564897537231445
16.442819595336914
18.986867904663086
14.808708190917969
19.340251922607422
18.698328018188477
19.025386810302734
18.743345260620117
18.074800491333008
17.057767868041992
21.013946533203125
19.419841766357422
20.145751953125
20.836240768432617
17.197233200073242
19.80785369873047
33.07154846191406
14.851171493530273
23.89470863342285
23.51352310180664
21.361019134521484
19.563518524169922
20.4739990234375
14.114678382873535
17.82732582092285
32.58111572265625
10.63458251953125
17.65086555480957
16.64415168762207
20.9178466796875
16.72342872619629
20.25128746032715
15.291722297668457
15.425984382629395
18.295076370239258
15.318474769592285
14.761177062988281
16.326215744018555
17.280284881591797
20.824186325073242
21.904462814331055
16.12149429321289
16.13104248046875
19.13092613220215
17.378538131713867
18.56894874572754
17.10546112060547
17.81185531616211
21.395753860473633
0.6564310193061829
15.276483535766602
20.6977596282959
22.230562210083008
19.23575210571289
18.329870223999023
21.428525924682617
16.288999557495117
26.686296463012695
9.882858276367188
18.49901580810547
15.366064071655273
2.871878147125244
16.599693298339844
20.692779541015625
15.519953727722168
19.566633224487305
16.188983917236328
19.34169578552246
17.410993576049805
16.09614372253418
20.2618465423584
14.052766799926758
17.369232177734375
18.230716705322266
18.386274337768555
15.64516544342041
15.932158470153809
15.240139961242676
8.781657218933105
17.18635368347168
21.174898147583008
15.02519416809082
17.912734985351562
20.09345245361328
17.27248191833496
15.277741432189941
22.242053985595703
18.866233825683594
25.651412963867188
19.512100219726562
18.953948974609375
16.795991897583008
19.652809143066406
20.450531005859375
17.513994216918945
21.343114852905273
20.697511672973633
16.118709564208984
19.071760177612305
16.939594268798828
17.806976318359375
23.249265670776367
18.567577362060547
27.564664840698242
17.620471954345703
24.253517150878906
24.95761489868164
21.99789047241211
19.901777267456055
18.39029312133789
17.638273239135742
17.944711685180664
28.78460121154785
18.025747299194336
18.669374465942383
21.9064884185791
18.75111961364746
19.90274429321289
19.420085906982422
21.821861267089844
17.674474716186523
18.957794189453125
16.831228256225586
20.67081069946289
22.07354736328125
18.617778778076172
17.13887596130371
16.70098304748535
19.917152404785156
12.805670738220215
19.663188934326172
32.01898956298828
19.244386672973633
19.57137107849121
15.98617935180664
17.29368019104004
15.07637882232666
15.40118408203125
20.38899803161621
19.513586044311523
20.51987648010254
17.95119285583496
19.179264068603516
16.899890899658203
21.94788360595703
18.841379165649414
23.12175941467285
39.43952178955078
13.817313194274902
16.889087677001953
27.44483757019043
20.41375732421875
0.5052614808082581
17.059459686279297
12.390262603759766
17.22332763671875
17.397415161132812
17.237903594970703
21.620208740234375
20.683101654052734
15.114909172058105
16.012968063354492
16.875118255615234
16.0886173248291
15.798608779907227
17.571168899536133
19.22298240661621
17.74590301513672
16.122514724731445
15.656216621398926
19.0151309967041
15.014654159545898
10.356812477111816
20.326900482177734
20.81073570251465
17.298404693603516
15.665913581848145
15.53940200805664
19.365455627441406
21.224639892578125
21.328693389892578
20.996000289916992
15.128804206848145
31.045812606811523
18.215248107910156
18.231935501098633
15.331040382385254
18.40308380126953
14.8456392288208
20.769943237304688
17.490510940551758
18.793527603149414
20.688636779785156
14.02962589263916
20.341005325317383
20.64536476135254
21.649410247802734
25.31208038330078
17.814117431640625
18.368633270263672
18.15838050842285
20.332263946533203
18.92595672607422
17.24090003967285
23.79267120361328
16.714420318603516
21.29009246826172
17.556777954101562
18.67567253112793
13.902946472167969
19.600236892700195
20.821020126342773
17.587753295898438
15.124896049499512
29.4100399017334
19.117603302001953
17.848730087280273
17.34123992919922
19.449743270874023
17.52840232849121
19.722389221191406
18.246484756469727
16.225975036621094
19.033031463623047
16.919828414916992
23.402925491333008
14.471643447875977
17.702836990356445
21.351417541503906
21.085229873657227
4.978246212005615
19.066585540771484
18.93881607055664
17.959291458129883
16.22848892211914
17.60589027404785
33.43256378173828
19.563690185546875
16.245311737060547
20.800979614257812
16.02059555053711
18.43311882019043
22.19186019897461
22.59503173828125
6.990036487579346
15.69546127319336
17.561214447021484
16.703359603881836
15.700079917907715
20.388111114501953
19.722408294677734
25.42665672302246
15.30117416381836
17.955785751342773
6.464105129241943
18.560714721679688
18.106279373168945
20.457351684570312
14.438465118408203
16.40963363647461
18.550048828125
19.32138442993164
17.45645523071289
14.871357917785645
16.90774154663086
19.38137435913086
16.762535095214844
14.067468643188477
17.20718002319336
19.479679107666016
15.729059219360352
22.19179916381836
14.148284912109375
19.796770095825195
19.532522201538086
15.966036796569824
19.166126251220703
16.26209831237793
16.967681884765625
20.44862937927246
20.402862548828125
14.725112915039062
16.38374137878418
17.576536178588867
19.88953399658203
15.860477447509766
0.9568850994110107
21.450605392456055
18.33144760131836
19.352506637573242
19.270286560058594
17.07128143310547
17.29403305053711
22.01481056213379
15.823020935058594
6.462261199951172
18.415403366088867
13.09719467163086
19.44387435913086
22.414621353149414
10.268485069274902
17.727521896362305
14.625280380249023
17.66317367553711
14.985336303710938
16.081167221069336
18.308012008666992
16.693876266479492
16.20956802368164
22.197980880737305
20.77752113342285
14.872304916381836
21.913230895996094
15.218619346618652
18.455106735229492
19.25648307800293
20.17598533630371
14.605001449584961
16.96725082397461
24.547168731689453
36.20087432861328
18.885887145996094
11.60382080078125
16.850849151611328
19.973344802856445
16.386775970458984
18.928184509277344
16.52666473388672
16.75292205810547
16.100202560424805
43.74177169799805
18.80875015258789
17.089221954345703
20.315641403198242
19.2513484954834
18.295700073242188
23.367788314819336
21.089879989624023
20.45880699157715
1.1394156217575073
16.31808853149414
18.496185302734375
24.74883460998535
17.559814453125
21.681350708007812
16.519731521606445
20.368562698364258
17.19304847717285
18.182449340820312
16.091459274291992
17.81505584716797
16.360116958618164
18.550579071044922
14.181891441345215
18.807106018066406
23.941253662109375
15.022618293762207
16.899232864379883
20.319461822509766
18.585237503051758
16.237760543823242
20.256975173950195
21.66891860961914
12.637731552124023
15.156074523925781
20.277278900146484
15.888839721679688
15.514213562011719
33.80787658691406
18.310016632080078
16.25351905822754
18.376731872558594
22.838363647460938
18.73509979248047
16.504003524780273
16.13885498046875
21.455034255981445
23.497907638549805
23.157451629638672
21.041547775268555
16.593122482299805
16.891277313232422
18.961992263793945
19.59295082092285
6.412380218505859
16.492599487304688
18.343618392944336
16.400001525878906
17.90366554260254
16.1527099609375
13.596529006958008
16.584686279296875
18.899690628051758
18.375869750976562
18.461950302124023
19.093017578125
19.765310287475586
17.141712188720703
19.669681549072266
16.86785125732422
18.885690689086914
17.228057861328125
18.014970779418945
18.02223014831543
21.31488609313965
29.50392723083496
19.229833602905273
15.787186622619629
17.381099700927734
36.19630432128906
22.820125579833984
22.35172462463379
16.724855422973633
19.405029296875
15.571671485900879
15.831924438476562
19.62453842163086
20.081146240234375
15.456066131591797
14.493450164794922
19.418548583984375
14.582014083862305
15.706628799438477
13.61203670501709
15.485675811767578
19.335186004638672
25.572391510009766
21.979999542236328
19.23482322692871
18.491403579711914
14.893203735351562
17.73072624206543
20.23691749572754
17.162168502807617
18.176298141479492
18.835918426513672
16.388490676879883
22.016569137573242
14.255891799926758
16.964677810668945
16.256288528442383
17.198932647705078
16.92502784729004
34.379417419433594
23.756624221801758
15.218084335327148
19.082666397094727
14.82746410369873
14.903361320495605
19.11699867248535
14.09036636352539
17.363496780395508
16.39666175842285
20.495264053344727
20.735393524169922
21.419052124023438
16.145015716552734
23.59563636779785
19.5944881439209
17.987672805786133
21.608308792114258
17.969846725463867
20.435266494750977
5.862637996673584
16.05881118774414
18.118186950683594
23.982267379760742
16.62067413330078
24.971561431884766
16.972270965576172
12.602513313293457
16.160499572753906
16.301546096801758
19.157869338989258
18.781574249267578
17.095508575439453
16.9403076171875
21.645280838012695
18.38466453552246
20.63028335571289
23.607418060302734
15.45765209197998
13.083517074584961
16.959991455078125
17.586990356445312
15.760266304016113
16.969783782958984
19.46687889099121
18.475330352783203
16.292816162109375
16.52289581298828
26.55006217956543
20.64447021484375
21.81001853942871
16.64297866821289
17.92361831665039
16.37248992919922
19.197904586791992
16.972187042236328
19.590370178222656
17.312828063964844
18.93745231628418
21.62391471862793
20.54169464111328
20.19723129272461
18.35194969177246
17.412107467651367
20.008955001831055
19.592910766601562
16.56138801574707
18.816062927246094
13.844538688659668
17.879453659057617
15.254998207092285
19.31846809387207
21.845182418823242
14.687636375427246
22.90680503845215
17.646032333374023
14.764508247375488
17.2281551361084
15.55868911743164
17.963653564453125
21.009061813354492
26.756441116333008
22.323251724243164
23.393198013305664
15.773140907287598
15.887908935546875
15.997942924499512
23.667510986328125
16.07107925415039
12.92835521697998
20.04851722717285
20.084943771362305
20.786237716674805
17.01252555847168
37.75713348388672
26.5219783782959
34.2180061340332
14.266618728637695
17.091501235961914
18.138774871826172
17.606487274169922
15.881184577941895
18.494895935058594
20.93760108947754
20.535987854003906
15.910086631774902
14.821317672729492
20.574504852294922
15.92131519317627
17.199934005737305
20.57887840270996
11.430607795715332
21.398670196533203
11.867344856262207
15.10897159576416
20.892898559570312
18.328899383544922
21.401256561279297
15.284252166748047
15.883223533630371
16.33757972717285
18.34847068786621
19.675020217895508
11.743231773376465
3.864381790161133
14.527176856994629
13.111663818359375
17.608713150024414
16.350130081176758
19.698564529418945
19.519866943359375
19.724369049072266
20.082969665527344
19.504846572875977
18.60792350769043
19.58641815185547
17.604684829711914
