35.06666564941406
35.61082458496094
0.6500619053840637
40.967994689941406
35.65460205078125
34.00249481201172
36.648895263671875
34.59556579589844
0.6392079591751099
37.53010559082031
41.848262786865234
37.486083984375
37.61138916015625
33.93370056152344
0.6140835881233215
0.633467972278595
40.305946350097656
0.6378358602523804
0.616915762424469
0.5902743935585022
34.81627655029297
37.548866271972656
0.6137353181838989
0.6150228381156921
38.02583312988281
36.94824981689453
0.6226400136947632
0.6114870309829712
33.96259307861328
40.795047760009766
37.44927978515625
0.6053428649902344
33.998287200927734
0.6388542652130127
0.6361274719238281
0.6032534241676331
0.6201959848403931
40.285465240478516
0.6191419363021851
35.86359405517578
0.6440203189849854
34.744422912597656
38.578941345214844
0.6164368391036987
0.6103933453559875
0.6354106664657593
33.929569244384766
36.64513397216797
37.60403060913086
35.08802795410156
39.903072357177734
0.627932608127594
0.6016483902931213
33.7337646484375
0.6036598682403564
37.280311584472656
33.70839309692383
0.6166127920150757
0.6276977062225342
0.6366233229637146
36.01097869873047
34.67034912109375
35.12434005737305
0.5919154286384583
0.6186214089393616
0.6080576777458191
0.639036238193512
36.36682891845703
33.98120880126953
35.19654083251953
37.08677673339844
41.483734130859375
34.97221374511719
0.6005281209945679
40.61918640136719
33.83793258666992
36.508155822753906
34.099945068359375
0.6299331784248352
43.525611877441406
37.92819595336914
35.24779510498047
35.92778778076172
0.6088700294494629
5.279531002044678
0.6363252997398376
35.674903869628906
33.82593536376953
0.6099326014518738
35.67488098144531
35.43431091308594
34.56444549560547
0.6478208303451538
0.6152611970901489
0.6074987649917603
34.78601837158203
34.886802673339844
35.55131149291992
0.6189208626747131
33.91603088378906
0.6362873911857605
0.6147199273109436
33.814422607421875
36.925018310546875
0.6151968240737915
35.63629913330078
34.8687629699707
0.6231203675270081
34.95832061767578
35.69236755371094
0.6256992220878601
34.55768585205078
36.11418151855469
33.68608093261719
34.64215850830078
0.6397403478622437
0.6241380572319031
0.6113454103469849
36.34696960449219
36.476661682128906
0.6249566078186035
0.6226891279220581
0.6109517216682434
35.97187042236328
0.6182502508163452
0.6364117860794067
35.47600555419922
0.6102068424224854
0.6386790871620178
34.72221374511719
0.6323222517967224
0.6291704177856445
38.8634033203125
0.6096414923667908
36.04114532470703
0.6214964389801025
0.6344501972198486
35.2596549987793
38.07770538330078
37.86827087402344
0.6283911466598511
36.043025970458984
0.6049935221672058
33.63011932373047
0.6310502886772156
0.6008365750312805
35.19853210449219
0.6300255060195923
34.87738800048828
37.978179931640625
0.6292238235473633
0.6273759603500366
35.79718017578125
34.741065979003906
37.003028869628906
34.713905334472656
0.6297576427459717
36.62458038330078
37.44883728027344
34.85021209716797
33.94464874267578
0.6128207445144653
0.6481689810752869
36.30015563964844
35.027313232421875
0.6016565561294556
0.6294138431549072
36.47547912597656
33.87064743041992
33.920921325683594
33.87696075439453
38.66920471191406
34.05223846435547
0.6473921537399292
34.76122283935547
34.571495056152344
34.571197509765625
35.797264099121094
33.71299362182617
33.78563690185547
36.187442779541016
34.09711456298828
0.6003741025924683
0.6124528050422668
35.68954849243164
35.53501892089844
33.97660827636719
33.775691986083984
35.84967041015625
34.45863342285156
34.8677978515625
33.94984436035156
34.00257110595703
0.6134684085845947
0.6267359256744385
0.6082156300544739
35.06288528442383
0.6106133460998535
0.6214044690132141
0.6386986374855042
0.5971394181251526
38.627201080322266
0.6158814430236816
0.6022354960441589
35.6524658203125
36.61997985839844
0.5905508995056152
36.73176956176758
0.6092912554740906
0.6103876829147339
0.6058200001716614
0.5894638895988464
34.054710388183594
35.72572326660156
0.6505022048950195
39.311256408691406
0.5982093811035156
33.76091766357422
36.77653503417969
0.6033081412315369
37.849403381347656
0.5958644151687622
36.85921859741211
34.724910736083984
35.587406158447266
33.77961730957031
33.64043426513672
0.6103829145431519
38.21806716918945
0.6246631741523743
0.6248700022697449
38.51335906982422
38.9389762878418
36.826263427734375
33.68559265136719
34.98694610595703
36.79716491699219
33.87281036376953
35.76242446899414
36.11503601074219
35.663429260253906
36.529136657714844
0.6080925464630127
0.5952475666999817
37.497161865234375
0.6197420954704285
33.86735534667969
0.629366934299469
34.8695068359375
36.08113098144531
0.6319145560264587
0.6031667590141296
0.6089789271354675
0.6070240139961243
0.6279008388519287
0.6222034096717834
38.13399887084961
35.788516998291016
36.47399139404297
36.65718078613281
0.6262872219085693
38.4981689453125
0.6276700496673584
34.20429992675781
0.6032931208610535
43.663108825683594
0.5918745994567871
0.6221863031387329
0.610090434551239
0.631831169128418
33.978431701660156
35.23966598510742
0.6348945498466492
34.779197692871094
0.6088184118270874
36.120643615722656
0.6369238495826721
34.576927185058594
34.6954460144043
0.6470980644226074
38.72633361816406
33.9084587097168
34.784934997558594
39.520565032958984
0.6097738742828369
33.735145568847656
34.67484664916992
34.124427795410156
37.6865234375
0.6431335210800171
35.147361755371094
0.6211181282997131
34.90855026245117
34.19453430175781
33.58197784423828
34.00944900512695
0.6285597085952759
43.69763946533203
0.60964435338974
0.6281720399856567
34.26744079589844
0.6338775157928467
38.96769714355469
38.56119918823242
36.634098052978516
0.6394449472427368
0.6180303692817688
0.6019787788391113
0.5909386873245239
36.6004638671875
36.832298278808594
0.643134355545044
34.92234802246094
35.28504180908203
39.87866973876953
0.6182205080986023
36.05812454223633
33.785675048828125
0.5996642112731934
0.6020106673240662
34.713932037353516
0.598263144493103
0.6322020888328552
36.71723175048828
34.685020446777344
33.89996337890625
35.92344665527344
0.6297081708908081
36.75562286376953
33.394752502441406
44.55361557006836
33.81796646118164
33.659278869628906
35.176124572753906
38.54326629638672
33.845054626464844
0.6405892372131348
34.43157958984375
0.6136068105697632
0.6179440021514893
36.055686950683594
0.6185973286628723
0.5965951681137085
0.6094787120819092
37.64973068237305
0.609515368938446
36.412742614746094
34.70450210571289
0.6378873586654663
33.96335220336914
37.71055603027344
0.5941999554634094
35.624855041503906
34.849815368652344
0.6121450662612915
34.30907440185547
39.565162658691406
0.6488059163093567
42.59154510498047
0.6032658219337463
0.628660261631012
0.6221222281455994
0.626406192779541
0.6118326783180237
36.37440490722656
35.9975471496582
0.597040593624115
0.6386405825614929
33.9708251953125
0.5859974026679993
0.6368615031242371
0.6155856251716614
36.674591064453125
36.80590057373047
0.6311021447181702
0.627196192741394
36.529937744140625
0.6362866163253784
35.81269836425781
0.6177067756652832
38.58647918701172
0.630112886428833
0.6018449068069458
39.60041809082031
0.6179481148719788
0.6166203618049622
37.887062072753906
0.6142975687980652
0.6142858266830444
35.813297271728516
0.6485387086868286
36.54034423828125
36.91127395629883
0.5934301018714905
34.63716506958008
35.078895568847656
0.6021585464477539
33.918113708496094
38.058326721191406
35.62181091308594
0.6200301051139832
35.439632415771484
35.60873031616211
0.6244804263114929
35.98258590698242
35.55141067504883
0.5974721908569336
0.6183615922927856
0.6114128828048706
0.6207126379013062
37.461769104003906
33.50788879394531
34.44989776611328
43.94419479370117
0.6135304570198059
0.6053186655044556
35.56403350830078
37.107398986816406
35.88641357421875
39.538795471191406
36.75307846069336
37.76478576660156
33.78893280029297
0.6099527478218079
36.911346435546875
36.676116943359375
0.6122438311576843
38.09992980957031
0.596201479434967
34.069217681884766
0.6116238832473755
0.5799592137336731
0.6225383281707764
34.896278381347656
0.6326246857643127
35.8369026184082
38.65452575683594
0.6001836061477661
0.6220217347145081
34.62012481689453
34.06751251220703
33.95391845703125
35.650146484375
38.56769561767578
0.6115681529045105
35.89442443847656
36.990116119384766
0.6106977462768555
0.598659873008728
36.699039459228516
46.56683349609375
37.58155822753906
36.741397857666016
0.6326146721839905
38.83760070800781
36.88213348388672
0.626060426235199
37.692649841308594
36.13351821899414
0.5996645092964172
0.6354342103004456
0.6146160960197449
34.39258575439453
37.72124481201172
0.6022341847419739
34.12109375
33.675048828125
35.94147872924805
0.6018358469009399
0.614859938621521
35.805118560791016
0.6330274939537048
0.6353102922439575
34.724212646484375
33.84197235107422
0.6326807141304016
33.97141647338867
36.83672332763672
35.03004455566406
34.21141815185547
36.62454605102539
37.59829330444336
0.6109228730201721
34.11646270751953
35.55675506591797
0.6099605560302734
0.6261208057403564
37.48394775390625
35.588905334472656
35.59614562988281
34.821266174316406
35.84729766845703
0.6394029855728149
0.6413841247558594
36.053035736083984
35.237464904785156
0.6185507774353027
39.69940185546875
0.6175775527954102
34.88584518432617
0.6047312021255493
0.6114827394485474
41.13776397705078
0.6052278876304626
0.6124073266983032
34.07804870605469
34.530982971191406
0.6475688815116882
0.6335532069206238
35.86077117919922
34.63888168334961
35.35006332397461
36.73184585571289
33.73760223388672
0.6248087882995605
34.55648422241211
36.270843505859375
39.96920394897461
36.56064224243164
0.6285532116889954
41.75464630126953
0.6340212225914001
0.622241735458374
0.6240688562393188
34.268836975097656
34.296424865722656
36.21244812011719
35.67997741699219
38.03065490722656
36.28415298461914
35.283111572265625
0.6470324993133545
0.6231396794319153
34.06026840209961
34.9555778503418
35.610748291015625
33.830055236816406
37.106109619140625
39.86378860473633
34.56343460083008
33.921512603759766
0.6047160029411316
35.54161834716797
0.604277491569519
39.57310485839844
35.622528076171875
36.665000915527344
36.00387191772461
35.87049102783203
37.486473083496094
35.69182586669922
37.322628021240234
0.6256853342056274
33.67572021484375
0.6069685220718384
35.72639465332031
37.6585693359375
34.88301086425781
0.5920934677124023
35.36602020263672
0.5832605361938477
0.6106025576591492
0.612753689289093
33.58090591430664
37.96135711669922
34.94371795654297
35.954383850097656
0.6099117994308472
38.56135940551758
35.6768798828125
34.782142639160156
0.6358304023742676
36.78704071044922
0.6501950621604919
0.6360407471656799
0.6312326788902283
33.46608352661133
0.645006537437439
0.6377663612365723
0.6220028400421143
35.79932403564453
34.798458099365234
39.62055969238281
35.020111083984375
35.75181579589844
0.6394293904304504
34.607086181640625
35.96619415283203
0.6246645450592041
33.91627502441406
0.6481243371963501
33.68052673339844
38.36167907714844
0.6107132434844971
0.5916567444801331
37.82452392578125
33.696380615234375
37.73075866699219
41.991764068603516
36.167747497558594
0.6462750434875488
0.5921456217765808
36.27980422973633
35.03469467163086
0.6144657731056213
0.6244239807128906
0.6089627742767334
35.60776901245117
0.6131345629692078
34.0588493347168
0.5964572429656982
34.88677215576172
0.6300508975982666
37.81515121459961
0.5824068784713745
33.723106384277344
34.95716857910156
0.6137021780014038
34.8304557800293
0.6236521601676941
0.6080420017242432
0.6495535969734192
38.433937072753906
0.6051577925682068
38.26508331298828
37.76836395263672
35.7249641418457
37.83061981201172
0.6147981882095337
34.85780334472656
36.07487487792969
33.93247985839844
39.04310607910156
33.70294189453125
0.6226881146430969
0.6364179253578186
34.685638427734375
0.6179895997047424
0.600828230381012
37.79576110839844
0.6158363819122314
0.6037188172340393
36.19514465332031
39.58317565917969
33.89099884033203
0.626875638961792
34.65553283691406
0.6294742822647095
0.5792260766029358
36.5482292175293
33.7109375
39.55914306640625
41.875850677490234
35.11403274536133
33.55541229248047
0.6321701407432556
0.6055303812026978
39.58027648925781
35.6256103515625
34.739810943603516
0.6240608096122742
39.602783203125
35.528839111328125
0.623176634311676
0.6050398349761963
0.6240968704223633
40.30256652832031
37.264495849609375
0.6142429113388062
0.6130098104476929
0.6280001997947693
0.5960116982460022
34.57476043701172
0.6292299032211304
39.39922332763672
35.01689529418945
0.6155399680137634
33.58937072753906
35.48700714111328
35.080223083496094
41.71891784667969
0.6232933402061462
0.6004037857055664
37.7466926574707
34.59339904785156
37.3602294921875
0.6221752166748047
39.63862609863281
0.6200233101844788
33.89099884033203
34.63663864135742
0.6135367751121521
33.66584396362305
0.6175234913825989
0.6403672695159912
37.88546371459961
35.165260314941406
0.6071826815605164
34.77500915527344
33.6267204284668
40.60390090942383
34.86939239501953
36.022369384765625
35.10541534423828
35.37901306152344
0.620110273361206
39.86493682861328
0.6246102452278137
0.613395094871521
42.85280990600586
33.595924377441406
36.758445739746094
35.22783279418945
36.847389221191406
33.75446319580078
35.11822509765625
0.5847944021224976
0.6221137642860413
0.6035555601119995
35.140628814697266
38.488258361816406
0.6189723610877991
0.6271081566810608
33.96027374267578
35.88831329345703
38.24272918701172
33.728843688964844
34.589881896972656
33.942298889160156
35.89015197753906
35.832801818847656
36.83287811279297
33.98487854003906
0.6132936477661133
0.6502053737640381
0.6120550632476807
41.59071350097656
34.1776123046875
0.6071358323097229
36.91207504272461
0.6255056858062744
35.85493469238281
37.07288360595703
0.6245948076248169
0.6013694405555725
0.6200596690177917
0.5964570045471191
0.6414933800697327
35.64502716064453
0.6087738871574402
0.6255477666854858
0.6326059103012085
34.167564392089844
33.86005783081055
36.73619079589844
33.73432159423828
35.93073654174805
34.57658386230469
38.536231994628906
33.90442657470703
36.21480178833008
0.6064785718917847
0.5986780524253845
36.67181396484375
35.603004455566406
0.6134198307991028
37.54513168334961
33.70069885253906
36.646453857421875
0.6066622734069824
35.671382904052734
0.6207343339920044
0.6060822606086731
0.6408557295799255
33.9832763671875
0.6118016839027405
0.6300813555717468
0.6038914322853088
0.6422796845436096
39.56353759765625
0.6260313987731934
40.51144790649414
0.6121501326560974
36.72129821777344
36.706787109375
0.617981493473053
33.93329620361328
34.16936492919922
0.596118688583374
36.7952766418457
0.6131006479263306
39.92967987060547
41.283931732177734
39.00526428222656
36.59616470336914
34.22788619995117
36.853065490722656
0.6139085292816162
38.59339141845703
35.83961486816406
35.96558380126953
0.6073645353317261
0.5912570953369141
0.6123479604721069
38.510475158691406
0.6419991850852966
33.8841552734375
0.6175181269645691
0.6326531171798706
35.540000915527344
33.79798889160156
0.613173246383667
0.6155324578285217
0.5956538915634155
0.6134064197540283
36.716697692871094
35.99961853027344
33.6204833984375
0.6187148094177246
40.93196487426758
34.03910827636719
0.6410863399505615
0.6163758039474487
37.650230407714844
36.0211181640625
40.77783966064453
0.6396218538284302
39.679325103759766
35.74333190917969
35.58738708496094
0.6041380167007446
0.6120510697364807
0.6187973618507385
0.6232594847679138
0.6213921904563904
37.9271125793457
0.6296912431716919
37.51401138305664
36.60260009765625
35.11812973022461
0.6105371713638306
0.6180530190467834
37.39653015136719
0.6250624060630798
0.6398709416389465
38.129058837890625
39.677207946777344
0.6091703176498413
0.6341704726219177
34.4593620300293
0.6297999024391174
34.609962463378906
0.5956868529319763
40.42864227294922
0.6262330412864685
33.811702728271484
37.163333892822266
34.12434387207031
33.61782455444336
33.81208038330078
38.56135559082031
0.6200672388076782
38.327171325683594
40.02641296386719
0.6443048715591431
34.44221115112305
0.6411619782447815
36.73041915893555
36.68117904663086
40.73980712890625
0.6164944767951965
37.94153594970703
0.6410128474235535
34.721923828125
0.6203398704528809
0.6158484816551208
35.26753234863281
38.84962463378906
0.5983463525772095
34.2672004699707
33.63976287841797
38.95072937011719
36.19280242919922
33.85578918457031
0.6238012313842773
34.94258499145508
0.6470482349395752
0.6163070201873779
0.6477959156036377
0.6232802271842957
35.66368865966797
0.6034100651741028
0.6397197842597961
0.618908703327179
35.65211486816406
41.28236770629883
0.6105057597160339
0.6061297655105591
0.6359098553657532
35.46051025390625
33.914154052734375
0.6123610734939575
35.99982833862305
34.96611404418945
33.871124267578125
36.8011474609375
0.5994746685028076
0.6238486766815186
35.67041778564453
0.6207730770111084
0.6399091482162476
0.6272503137588501
34.263736724853516
0.6356199383735657
0.6311774253845215
36.74295425415039
35.063087463378906
34.910545349121094
36.77948760986328
0.6166992783546448
33.61757278442383
35.726341247558594
34.18014144897461
0.6391821503639221
0.6247244477272034
0.6249228119850159
35.86363983154297
0.5956491827964783
34.06085205078125
33.83110809326172
0.6234877705574036
36.713134765625
0.6100698709487915
38.351646423339844
33.9173469543457
0.614423930644989
8.100995063781738
34.20000457763672
33.568359375
34.56608581542969
34.582374572753906
0.5999776721000671
33.77373504638672
35.793819427490234
0.6237968802452087
0.6106245517730713
36.197757720947266
0.6264271140098572
36.55213928222656
0.6463665962219238
33.95585632324219
35.93007278442383
37.73077392578125
36.986473083496094
0.6226990222930908
0.6026397943496704
36.4931640625
0.6143515706062317
35.26606750488281
33.8150634765625
36.742042541503906
35.547447204589844
0.6031946539878845
0.5939581990242004
37.918479919433594
0.6233426332473755
38.72934341430664
33.78510665893555
35.91080856323242
0.6185463070869446
36.154869079589844
0.6239649653434753
33.987464904785156
0.6179450750350952
36.42683410644531
0.6176950335502625
0.5938705801963806
0.6273737549781799
34.60783386230469
0.6310924291610718
34.69879150390625
34.93335723876953
0.6452748775482178
33.72075653076172
0.5921447277069092
0.5955982208251953
34.16197204589844
0.6330735683441162
0.617275059223175
0.6176373958587646
36.03758239746094
33.808738708496094
0.6134418845176697
0.6146021485328674
36.592987060546875
34.06507873535156
34.77094268798828
34.55384826660156
35.603370666503906
34.928184509277344
