14
10
8
5
8
13
7
9
5
14
4
3
12
9
14
10
8
2
13
10
4
14
2
4
10
13
13
13
11
1
17
12
10
5
10
7
5
4
16
2
9
9
5
8
9
4
8
6
8
11
6
6
4
7
2
8
6
9
12
15
11
7
7
10
13
16
4
14
11
11
8
15
6
5
11
6
10
2
8
9
5
13
9
10
5
1
10
13
15
5
12
10
14
7
13
10
14
10
15
11
10
9
10
9
2
13
7
13
3
6
5
10
8
12
9
8
19
11
4
11
7
7
15
9
10
17
4
10
11
8
2
11
10
8
11
12
14
1
3
6
12
9
9
11
9
10
11
10
15
7
6
3
6
16
6
1
11
0
12
8
14
2
13
9
7
3
12
7
3
1
7
16
7
12
4
14
7
5
8
11
3
12
8
4
16
8
5
11
16
9
7
12
7
3
8
10
17
20
15
7
9
9
10
9
6
7
6
4
11
11
8
15
6
21
8
8
7
9
5
4
10
12
14
8
11
0
4
7
9
13
8
9
16
3
3
4
8
10
7
2
10
6
8
1
10
6
9
6
13
19
5
8
6
5
16
8
6
16
10
0
5
3
15
9
16
12
8
10
11
17
3
10
14
4
2
6
7
12
2
11
8
13
6
4
12
11
12
9
16
12
13
2
7
14
4
11
5
7
16
14
14
13
12
13
9
10
17
13
6
9
6
10
13
1
14
16
9
13
0
12
10
18
18
6
3
10
3
2
7
5
14
8
4
0
12
4
8
7
6
12
7
2
10
0
4
8
2
11
8
12
4
12
1
3
12
12
14
3
1
14
14
4
9
5
17
13
17
16
5
11
12
12
13
2
6
19
10
4
12
4
12
4
2
0
11
3
7
10
7
8
3
4
9
13
10
0
5
2
10
12
6
3
14
7
5
10
9
10
8
12
4
16
6
9
12
8
9
2
5
11
7
12
11
10
18
14
10
5
13
12
12
3
8
4
8
2
13
7
14
17
13
19
14
4
5
1
7
0
5
4
8
9
6
13
8
7
10
10
2
2
17
12
3
6
13
18
7
8
9
6
15
8
17
9
10
11
16
12
17
5
9
6
9
15
13
12
2
12
11
9
3
11
1
6
9
15
8
4
16
4
10
18
11
11
11
10
11
10
3
3
8
12
3
6
14
19
4
10
14
14
15
11
8
10
2
13
13
4
9
2
3
12
4
11
11
2
8
10
12
6
0
3
4
10
4
9
3
13
10
15
12
7
6
9
5
6
9
7
9
15
15
12
12
6
15
15
5
9
16
5
12
5
8
10
9
13
1
1
12
11
11
0
2
2
12
3
4
7
10
16
9
6
2
10
12
13
4
0
14
5
8
9
9
16
13
10
11
4
10
11
14
15
10
10
13
14
1
10
4
11
8
9
9
12
6
12
11
10
10
3
13
16
10
8
9
11
14
7
11
11
11
11
1
8
4
11
8
12
15
12
0
11
11
13
4
7
16
3
4
10
8
12
8
9
7
6
4
15
12
17
13
4
15
15
15
7
4
13
18
4
3
17
6
6
7
8
4
2
8
9
0
12
8
1
4
12
10
5
7
3
8
7
9
5
18
5
9
13
15
14
5
16
12
13
7
3
6
16
1
12
7
25
11
12
8
11
3
11
0
8
14
13
9
1
3
10
22
2
14
7
14
9
5
7
9
10
3
8
11
13
5
4
4
2
9
22
8
13
13
3
8
17
5
9
16
10
8
5
8
3
3
9
3
8
2
15
11
12
1
7
9
9
20
9
20
16
11
6
12
8
10
12
2
9
9
13
6
13
12
6
8
13
11
12
9
17
7
7
12
9
9
5
9
6
10
10
15
14
12
6
5
8
14
8
11
13
9
6
6
17
12
11
13
8
5
5
5
7
16
13
11
7
5
8
2
9
18
7
4
10
9
9
9
4
16
8
12
6
10
7
4
5
10
10
18
8
0
10
7
14
4
3
5
9
15
5
7
11
3
1
12
8
14
13
8
19
14
7
2
13
6
15
10
4
9
12
13
10
4
14
9
6
5
4
14
13
6
11
7
14
15
7
13
9
8
4
10
9
8
0
7
16
6
8
6
10
12
14
10
7
8
15
22
7
8
8
0
7
14
6
4
0
14
1
3
12
1
0
4
9
3
3
3
5
3
11
3
9
3
10
4
15
9
11
14
7
9
11
11
1
18
12
8
16
16
15
11
1
16
4
18
12
7
16
6
3
8
12
15
11
10
10
6
13
21
5
12
12
7
7
