0.16819135214827113
0.12711561068775884
0.2643414170244324
0.27983870034398234
0.26936601186799386
0.4084066827759196
0.6716310446008567
0.7191404503806696
0.21086121468728153
0.3199568904987657
0.18793597065728182
0.5603978245929948
0.1664475834393521
0.38223190322387784
0.46473705541693455
0.5088864401702641
0.36914843206497444
0.14654551417951414
0.35162887018027905
0.34136394608169557
0.6406083681264405
0.6133614718772843
0.6802620144112521
0.07196559614750314
0.8487386552559958
0.7522163746473539
0.09093826142546521
0.48446408380666445
0.2893850826671874
0.1560636450289256
0.07958581245675334
0.6970315721395227
0.44977013677665406
0.2902466778144763
0.09858700026921802
0.23082662589501535
0.617733034443956
0.28078699495411397
0.40634316365332557
0.365525760813796
0.22023151016932327
0.18176539090852104
0.8455291020075758
0.5885480728956375
0.29099205595460265
0.8597107237208549
0.31390580830462494
0.33187361997410975
0.2526120491899734
0.2760428341273134
0.36893327689240535
0.30180387806669384
0.19400897075781268
0.19938979209306756
0.1355265523483463
0.37828141310237834
0.3831533958684014
0.37550019486498326
0.37935209896803324
0.5807422428218396
0.39590308103443306
0.20528944497082868
0.7556465702296042
0.38550423145832147
0.08020502060621204
0.14859475864049984
0.1612677575432526
0.30501075295748203
0.4427951129721951
0.10437483367735748
0.5973902381122442
0.2237770431109932
0.4328514352350146
0.09378489804846077
0.4032599060267654
0.6968087736325386
0.18595171084598144
0.19774607602423996
0.39663068550940767
0.4569304739887308
0.3528491672368576
0.6658890882166584
0.7047214244762878
0.3955156523636719
0.4337865988397311
0.3561036581076752
0.3918596859516728
0.47124227091164467
0.5421645495439926
0.13958457184000184
0.6993040729608199
0.8351444315404776
0.60067081318961
0.33008421902019724
0.16871774480734494
0.5147917004377875
0.10955242934094726
0.08263977914604144
0.2505721960038036
0.19332799054720537
0.5415537385639372
0.43516618616788777
0.46496615987585127
0.4876918890286369
0.7669195404782008
0.3467080471915479
0.25520645001804887
0.33807488566287663
0.4432721444030616
0.2612170612868668
0.6568615528969103
0.23441138011892454
0.15758469280266565
0.32743742029357525
0.7467445052599316
0.7917059468421253
0.42004724430516427
0.23530602016290908
0.349818473467107
0.13748717420215112
0.8109173622712805
0.24624697473687726
0.6211586791160376
0.3716794933648904
0.3340091232690154
0.4510376447531861
0.4739578125739272
0.555033557400618
0.23664936122362837
0.513572542040173
0.48764291420899303
0.44896112162444546
0.5433325087144514
0.16343502354290745
0.14510582876914196
0.19051855033000348
0.1437294414567927
0.5865735174332783
0.8239105554459778
0.032054230821337806
0.7583146048733755
0.41323134530601535
0.38765825306803925
0.4353332917705664
0.26044987732326635
0.7864988350468921
0.14150663958237472
0.4588348162630929
0.404612900118064
0.11521789349462677
0.5969628330461922
0.3252513199667031
0.7278934305814423
0.34361628100455494
0.07813367480294763
0.5616017133437136
0.26118737479392923
0.07810749676242279
0.7773979778564107
0.3841927574432198
0.379650355145383
0.593665805208893
0.7192296503049715
0.40511913048489245
0.580438873340912
0.21092283468706738
0.7636692877964099
0.3867519056601034
0.7200246966881957
0.39484137435098565
0.7891156199624363
0.2682024135383075
0.2160621602876881
0.3389530459467618
0.39116753722138536
0.6407975316028967
0.5966832043637657
0.32740689126007744
0.6547461103390384
0.5382953395945814
0.6205739013812636
0.2858993357645979
0.5659235223310612
0.29406330309894974
0.24140074894978683
0.146909372092542
0.21320582001918556
0.23192849805328383
0.2056465972439412
0.4183045642687629
0.09516939825886613
0.1850875976989609
0.45713278675750263
0.2501580424142821
0.42006647979722994
0.3224174354743695
0.3594825860829062
0.4121348333225546
0.21100492852919056
0.529478051849507
0.33826032984172605
0.2597154356830487
0.2594051983631468
0.834608676936431
0.6470846013318099
0.3608456564998239
0.3041747214978613
0.3357198572319647
0.6318569450781508
0.8716663702123075
0.27197388640800946
0.22684091656553543
0.23659067793563757
0.6601955582098995
0.4100599405996321
0.34686048994386426
0.6066584192537288
0.6646685085183103
0.18861500831046923
0.10355255815066464
0.4962415752871419
0.23120838854036946
0.1484478647885744
0.69123988985763
0.3030734023143935
0.37523782040729525
0.2955793442763133
0.16755213535667918
0.29064898235131287
0.8451430853524464
0.2417394843078176
0.5949618431167001
0.31445559035706633
0.2239890479730561
0.16697431341417765
0.32962853993253627
0.13345193021647536
0.2596124479370602
0.2606942668309766
0.36671149133212744
0.46988876745235236
0.8581643625326552
0.4405200265928608
0.14040479360534727
0.2568858725986628
0.13315354814814145
0.11743340355658115
0.13282543149694814
0.22454321049633968
0.42524317895082053
0.7414921816577418
0.3330278711028263
0.31596443906306126
0.22423656030938444
0.44529697120856854
0.8526200145010391
0.29557721063535575
0.11083602929047247
0.29920713183858083
0.5928362172203995
0.22372395418258603
0.13644793045133097
0.2608216675237828
0.8739900461181469
0.24545676556828724
0.0773516684395567
0.4038386887042654
0.25377150371249446
0.6083245264051134
0.6151177659874512
0.12931425841818092
0.6342570877464704
0.4210878288956456
0.3323822017069042
0.13276153446169228
0.604924410363671
0.5865439428405698
0.48277324796019017
0.29854331464454176
0.24238419660646257
0.3450620241013434
0.32840503833986623
0.16500082205476602
0.3278963688851397
0.8121844440475592
0.6841245300514116
0.18385035917422857
0.24777243007037975
0.7177204775515502
0.11350157601544313
0.712088226460267
0.3671872709682056
0.11315862563885974
0.753623790930644
0.8005439679822725
0.057207943612595666
0.5494160839252973
0.45710377267241054
0.4782056215472156
0.14321447450288322
0.22609766025232295
0.48723502918355444
0.476290603527839
0.423424858742307
0.14085830472665015
0.3583349671636157
0.4043395106709591
0.20775070950298383
0.8634717748265024
0.46755282098223194
0.4595302440846117
0.7517691204867154
0.3007830831053292
0.6057856463787968
0.23488141698885642
0.21064420860179414
0.3329929130062605
0.19135939806198946
0.5503068801472321
0.19545433250244532
0.1314475192243512
0.20585020045073105
0.3641555382153665
0.5825540586383011
0.44620289649930145
0.2669946744522517
0.7058483076718377
0.20515812061428684
0.1604103856351036
0.6217821534501105
0.4590575605997322
0.34794833558609833
0.46639246885751107
0.5988556580232487
0.1453026759039334
0.22632509844478413
0.7830944478981287
0.8214465025420297
0.2853972848328746
0.30275361930288863
0.4434102575346985
0.3102213603766084
0.2714431702441542
0.566929982612857
0.19751314669828024
0.23029218042086905
0.4151663999041875
0.6937520729933955
0.2714700219896992
0.17195725841716344
0.18048625368061558
0.5572034133384176
0.17891260055063574
0.4051163279747467
0.31713255418328873
0.33732829163974304
0.27116187515799167
0.7063597936878117
0.6295436358462244
0.8442577894087754
0.19275008214942818
0.8390540568998246
0.4991998630125548
0.8174810985243766
0.10402512627727285
0.16756804293732316
0.2959092285599521
0.26215815703508644
0.31442594126125584
0.3363924487601171
0.28558720018566136
0.2394347417874313
0.11871187425800904
0.9545207400671968
0.5049389118822019
0.3278262114169502
0.40445651417288314
0.353897641015189
0.31302669826239754
0.2667757581941101
0.2951979043215843
0.3475133530555261
0.7852089834465578
0.21619967246736868
0.34892569114378086
0.166148149870148
0.6441816309443246
0.42094769832127654
0.7059781829503466
0.1062895053266638
0.4574104034930007
0.1802497975173067
0.4061752608812546
0.371192290077138
0.32964764842329375
0.12394430383152233
0.3443006857720654
0.22169854008314743
0.2134295959793498
0.6813521211271009
0.20542701434629695
0.31447877216402137
0.5796180166836322
0.5638567063686932
0.27929725686122603
0.24450136913167383
0.7165805225229115
0.3724803741639711
0.2396345978781068
0.14132554364689554
0.7468262536898062
0.288825358101779
0.6357071078689367
0.6502839886617929
0.7917609044549138
0.2493300311604281
0.5730213498633491
0.8356012814963044
0.7445531396354532
0.11999484298443033
0.6308131923635247
0.10791228294612927
0.47865797701002977
0.1765469540914454
0.34352994107855056
0.19874902723144522
0.5747665372873466
0.4639597541837416
0.23891898173692094
0.3053517234047736
0.12475495459736743
0.2674556728075725
0.24596526734571075
0.3574194630322283
0.5314467202604843
0.08928436913654932
0.21464867263662918
0.19279699096255123
0.3153176179441749
0.18299866388219452
0.44196965089177187
0.27127055147011525
0.2700692801690893
0.8218916111636607
0.1271672403881075
0.4227436625181002
0.19139960819242674
0.43204625690935516
0.22054419494026356
0.35891952649333425
0.19783916112511354
0.31073640187811985
0.7302887819302782
0.26103739841106915
0.4208688161034048
0.2245505471007884
0.38916384284162303
0.5237302819362318
0.33156541252207405
0.6485082771666438
0.12349799692236751
0.28345760784980545
0.14259414745867952
0.32460718331175714
0.20211857190002638
0.3856723590674808
0.17119283840300775
0.2023709610913239
0.3040597005723298
0.8562809714519861
0.5971024166663154
0.5831999255947672
0.20578670326899684
0.35243369405889535
0.7570755759970678
0.2056316706422496
0.4054440366284823
0.44507708552843755
0.1943856757997009
0.233164728666253
0.5636967104978218
0.6700337618186964
0.2345543296316938
0.1438645396913797
0.2521133788049612
0.4540665289414677
0.2540961520771548
0.47403996646212765
0.3299291997818582
0.18446057504151206
0.2197081961292216
0.2337390405791542
0.2713334775543799
0.33571056777956837
0.4561647830624786
0.43390261834869903
0.3919353776384734
0.3814574973154314
0.17364032778832494
0.3812926700837788
0.14782784729521983
0.12818062077757036
0.1642823240421998
0.6775223253383345
0.1525127034249564
0.18208918294315957
0.13600436034435887
0.117448468975697
0.45227338776666787
0.5981059676320416
0.6340124767754833
0.16214650892678492
0.633212878924329
0.32670815956191485
0.6448277560834018
0.15406982731626917
0.5656235707710617
0.2548768311783875
0.35256343438116194
0.1189658267691186
0.8669987898166088
0.3041694266778398
0.6660205030348544
0.11747294705502655
0.1575115422669306
0.34402019837877196
0.15172766657500913
0.1844204267029616
0.3913794702375583
0.23017742921145015
0.3963692518451112
0.5235348223356374
0.21576908209465004
0.22401551953074303
0.6687228855612429
0.22236292194872112
0.47724854172483905
0.3765662891381138
0.4337245631003658
0.5365371211433216
0.3215908427256811
0.36661417337905045
0.34586287932060183
0.4717834925747966
0.2842866193615537
0.17404476821872802
0.16690951130418022
0.23082119140724866
0.29100824354509447
0.34675465100639874
0.5850474570301354
0.5453991259080108
0.2518373413942569
0.6738512155434979
0.33526032868453864
0.6645753360741659
0.18236622681293985
0.2310725751747811
0.11813371832247793
0.5975483351704716
0.2524204025554706
0.18131983121616832
0.6390699598703
0.6573025214097595
0.41840277653383773
0.23558664084415776
0.1575441917848117
0.7034237850858286
0.2909784546508503
0.18521821636455943
0.3300624764423451
0.2373951315038636
0.28753242308831933
0.35874971160776525
0.18360556064667172
0.1680652655233109
0.7298911895502344
0.7285639085469157
0.8065177704768005
0.4168827773371399
0.4473834626056613
0.36388833475686205
0.18392221333929734
0.4905813759793721
0.711008736428594
0.3387651792351322
0.07962603797029383
0.05486882920774471
0.29831530656117833
0.546115024464712
0.19699674560669372
0.42984582665751175
0.7729280944058284
0.31416605123648644
0.11109905028295927
0.5313293002055385
0.5376793102761872
0.29145170672057785
0.3542581291033137
0.3373327278497633
0.36682253868843373
0.2881534202521798
0.44651296127703394
0.7954646407106768
0.26083800319946426
0.36864325386803243
0.39726951320911597
0.5005988492625881
0.5456451039106178
0.6490143798823034
0.36641590504785604
0.8811698725047357
0.3241652208204817
0.23959966559248994
0.5005233884895889
0.2676603791749891
0.33792979739376316
0.11147630272278274
0.48222473404446925
0.5659596197482385
0.5599715435123404
0.7845994431369095
0.2542879102458358
0.3162008906418141
0.34607284013694956
0.08783396986125205
0.11729452905999752
0.36388105141538724
0.7054078985042084
0.3447737273738651
0.1058299473594882
0.45033839495121153
0.8260154322762204
0.25045747309183886
0.1902330031691935
0.1923728701704579
0.2409058990632597
0.5329796956965568
0.20409576567182794
0.5546087172520873
0.16858380045599292
0.40588881759582407
0.28729793247462904
0.25483805872456305
0.382930328934628
0.6222996752387511
0.6064047478584405
0.23324005721371266
0.2696271406226237
0.7701557824358888
0.5418492340467338
0.4122658714808718
0.25619239478509437
0.19780871412573528
0.7578450475837699
0.1858030407996531
0.20079989340861223
0.19929205766581443
0.15559033161915453
0.539320758213824
0.26163408310207836
0.1625740097165278
0.06602245716838731
0.0922035163733742
0.12812449185492158
0.15802956172591895
0.36403908694749026
0.18704043976348095
0.23051711904415048
0.3027533241679688
0.5232646316883501
0.157114047932319
0.6984422509470318
0.18460480240687618
0.5489574377856765
0.22792782256174401
0.7138217137051073
0.12976641018598287
0.36364585152321127
0.23502626733577303
0.4394963813680222
0.15822669559720517
0.23249973840644225
0.26626137115961074
0.4530130146351602
0.14640960897358749
0.23345836782681464
0.5598184125960172
0.729255585880485
0.32211458763252054
0.27105239232225276
0.29837623894313536
0.38359154636068366
0.19629038620543074
0.2654504539655919
0.25510259655658507
0.5086277341838651
0.30559149795847024
0.17189593338399986
0.19804296534445395
0.16356934764824815
0.06244908887146628
0.16607313916356134
0.38520681248945887
0.24954743618799582
0.38525708893872496
0.6257342189466828
0.3104227836850016
0.29681014933598526
0.4880790034474001
0.5666987313226568
0.43034535880255126
0.7038997234906471
0.19044746800600904
0.6059391605752237
0.19226036983345685
0.2532633042586245
0.1724841313171689
0.12064661122612712
0.8057946211217204
0.44970615009655307
0.29654134459553977
0.44101356525667534
0.28568587808385665
0.2955079052891714
0.30702265788749494
0.6782796331330617
0.3781991748283428
0.27241070168187737
0.8155649393643867
0.3243629000057529
0.5145608856531582
0.38754111740214847
0.24303176056368841
0.13842629272068263
0.2610606449299868
0.1443999997854616
0.9449135852206481
0.6942020000501117
0.9017852842076215
0.341739264032035
0.27447141031265293
0.7564300559412142
0.28024938807742406
0.23658376102467754
0.3707859844921786
0.3790153542957322
0.22044038399674978
0.26312699359680786
0.8087958571259971
0.22916377403522123
0.3174816645049106
0.28775938521218175
0.2961895228416222
0.684315475215541
0.21973369562496314
0.30594197650112986
0.14712669699299144
0.7999360604731219
0.2084031223878746
0.1563178530913795
0.33207755257475235
0.2582988064029232
0.17333495841998012
0.2823025314948446
0.3171615006474301
0.42617003589066205
0.4186955531842815
0.26456444033522586
0.24396620899946247
0.6499660192456319
0.2559138663338856
0.6091624484898994
0.25195327686178504
0.36178398309709825
0.5149862267264405
0.835903819812796
0.18969276717479605
0.49679922867654014
0.23689342105827169
0.8224169633813188
0.8198491169096944
0.22652448061145397
0.45266497618045276
0.6559539362644476
0.14832738665265796
0.2124634883222989
0.2394343218272349
0.5758089581730467
0.5358700743280191
0.17155268302594198
0.34300458126675676
0.2659963739632781
0.5027401462434661
0.5468220789336182
0.34165122979575213
0.24801202171626222
0.4698170222241535
0.17832959603280335
0.3242644394991031
0.4737128574989653
0.6617377487138313
0.6087242813633554
0.1382361332649776
0.2197731513346355
0.15480355279545452
0.13125406193125524
0.3274615653561147
0.41919868565747676
0.27131649506953454
0.2564631287609823
0.24359709974156055
0.30150929617599614
0.4545987254256657
0.33944586202718313
0.45196410541610055
0.7270765598965114
0.6185770615902813
0.060825311668944566
0.27857878352135534
0.8118544992388731
0.4211354849417742
0.49115694880682603
0.691371124820967
0.42147871747712456
0.09820851203122438
0.31252455757479136
0.22862343799917897
0.37063462506284034
0.3512019215657204
0.7983700140452799
0.5809059330206563
0.15683884891036093
0.33375387795540107
0.2806793371451246
0.6025513847960601
0.5352586821100843
0.2314756004129919
0.5001608877727637
0.3027553533369146
0.6131746368829956
0.4837472455998914
0.4584982618049845
0.3684721577221997
0.252982872294504
0.3509650385929854
0.8566754279287505
0.411065632628483
0.6886661958983846
0.4879912033793775
0.27939538797160446
0.5058199762700192
0.4760717235577572
0.632939225891327
0.09998733266289665
0.16607731266249656
0.10201005829033985
0.41588654149802146
0.4278032174484291
0.5537224001962834
0.5105720658081422
0.25212687085131935
0.32140902475017064
0.21828486426930208
0.11798322151496517
0.29274920873136095
0.24817913513852477
0.2992299612787267
0.11118579802218335
0.28891570482127793
0.5363229235042518
0.1622211106695795
0.29144911356251324
0.5511012034738159
0.8312088006348038
0.26040493033980006
0.3750797407577852
0.19677558151201255
0.640001187708078
0.35616877575836675
0.2645570996850975
0.3149402306774394
0.16830872188825266
0.5853610504477593
0.09209604779110943
0.17124744150577872
0.2465090159216619
0.11867952347104847
0.3476331977484063
0.23033306200580037
0.1082598134875299
0.21422980592455163
0.7974063137641215
0.1940889311236828
0.8618499553189576
0.6327920964757519
0.5975526681373615
0.17684606146505558
0.2701816315756401
0.13231928032121137
0.8778224916103503
0.1017253478133514
0.7131740827889985
0.21515430280402145
0.18899665863691786
0.2285768146815919
0.30710721256710777
0.5344307643362665
0.56753414891688
0.4648853106244985
0.6221021523654255
0.595040474483103
0.5239581166625173
0.47461542848481647
0.10501541703435974
0.6313236682948783
0.2905722487122272
0.1307596878818567
0.4987730952355686
0.34217758212961014
0.5076914040830288
0.41850916032424573
0.183088330472541
0.4948873558849988
0.5142029384466369
0.4437028452156651
0.342395208496476
0.18829214054921845
0.4334312584561825
0.1862895418597446
0.23825610960401006
0.6259321643877711
0.6548683206704559
0.08258346759299419
0.39306883505671314
0.44575237813119206
0.6045864536759541
0.3789277460646755
0.07760774179687056
0.7476618291935763
0.29787175203617516
0.7439164346776724
0.30341113233143374
0.4177607033689027
0.4855956807585098
0.27799638430569057
0.5095011204268084
0.4026554963902295
0.30436482595619574
0.12557692821993
0.37784583809604266
0.6526999930437755
0.22676317942374088
0.6347237114711527
0.1021756497978588
0.423966732386196
0.3502239684688709
0.44910361569438884
0.41134182980336753
0.6493725997373551
0.667667446050595
0.19225436670224053
0.8718190188282872
0.5797473815575647
0.22528496327452632
0.4505830340050361
0.2621484268750113
0.06321983872398035
0.8410226369900264
0.25109870316597277
0.4540887600517534
0.13681236221157694
0.8019253079268254
0.5611316814369524
0.6735416244303918
0.25659389005402305
0.5946284174843471
0.2334457573455029
0.28932533316280445
0.457852923811186
0.3229981021859133
0.30920506265077347
0.3893551043172661
0.6004533294152867
0.42892061916445473
0.1388057014008073
0.24073283779843468
0.429631274538613
0.4956880876517885
0.25290381271096357
0.7785137752548505
0.32493648776703843
0.6222528200658599
0.4985707047539982
0.24529769542937538
0.08434616789159928
0.5288406902392467
0.33060461172851935
0.4478701686877735
0.1320674177032535
