0.9116813540458679
1.0092687606811523
1.2504496574401855
1.3366680145263672
1.3375579118728638
1.351577877998352
1.8257770538330078
2.202784538269043
1.9981533288955688
0.9166290760040283
1.426142692565918
1.4003727436065674
1.5102412700653076
1.586005449295044
2.1168718338012695
1.4352219104766846
1.200056791305542
2.0324995517730713
1.5044820308685303
2.305983781814575
2.022921323776245
2.332852363586426
2.8026866912841797
1.0813201665878296
2.307048797607422
0.9017738103866577
1.344161033630371
1.1088213920593262
1.5021382570266724
1.386196494102478
1.9367132186889648
1.6751694679260254
2.0208287239074707
2.3789479732513428
1.8986448049545288
1.2417763471603394
1.8292779922485352
1.4102123975753784
1.6994959115982056
0.9421437382698059
1.8104407787322998
1.0602575540542603
1.5731083154678345
1.3672053813934326
1.8449106216430664
2.1224656105041504
1.4342530965805054
1.2506295442581177
1.3010458946228027
1.2270143032073975
1.0405040979385376
1.5297595262527466
1.4265785217285156
1.6563050746917725
1.6378681659698486
1.3120059967041016
1.1870394945144653
1.4589900970458984
1.6866121292114258
1.8225988149642944
2.1469953060150146
1.7312216758728027
1.7964632511138916
2.3144564628601074
1.0389412641525269
1.536670207977295
1.9406135082244873
1.499715805053711
1.8331382274627686
1.850401520729065
1.3696664571762085
1.078462839126587
1.6275700330734253
2.1008901596069336
1.9088513851165771
0.9798617959022522
1.3337068557739258
1.2088350057601929
1.7475669384002686
1.6738572120666504
1.7682209014892578
2.2119922637939453
1.199413776397705
1.5003955364227295
1.4944961071014404
2.034543991088867
1.070025086402893
1.199120283126831
1.985054850578308
1.6803170442581177
1.1040629148483276
1.9195650815963745
2.014263153076172
1.5221878290176392
2.3062376976013184
1.7581920623779297
1.0972316265106201
1.6883856058120728
1.254136323928833
1.7645463943481445
1.0064750909805298
2.6155498027801514
1.1164660453796387
1.6536176204681396
1.174851417541504
1.3704726696014404
2.039757490158081
2.31280517578125
2.115016460418701
1.4248194694519043
1.7506542205810547
2.217111110687256
1.690690040588379
1.8758459091186523
1.6588528156280518
1.9274448156356812
1.1993815898895264
1.834427833557129
1.3803369998931885
1.6630741357803345
0.9014513492584229
1.4977078437805176
1.5814847946166992
1.2893770933151245
2.1806986331939697
2.056483507156372
1.1007436513900757
1.4747387170791626
1.297369122505188
1.7379642724990845
1.7918280363082886
1.2483255863189697
1.980509638786316
1.8139526844024658
1.7717145681381226
0.998258113861084
0.9340255260467529
1.9302431344985962
1.724109172821045
1.4845682382583618
2.068402051925659
1.8079277276992798
1.5894551277160645
1.7883855104446411
1.243750810623169
1.5899063348770142
1.7083970308303833
1.3088021278381348
1.377402424812317
1.118405818939209
1.9910411834716797
1.5513310432434082
1.9661946296691895
1.6499990224838257
1.252058506011963
1.6783361434936523
1.069814920425415
1.3938524723052979
1.8728803396224976
2.0477802753448486
1.3061500787734985
1.6282376050949097
1.3257287740707397
1.646504282951355
1.4677315950393677
2.346029043197632
1.3012086153030396
2.2164151668548584
1.886130690574646
1.223662257194519
1.3697104454040527
1.9111136198043823
1.3830410242080688
2.0229227542877197
2.0014448165893555
1.4870448112487793
1.2202883958816528
1.2433407306671143
1.6124725341796875
2.12567400932312
1.5835559368133545
1.0961567163467407
1.732797622680664
2.0566587448120117
2.114267587661743
1.4138520956039429
1.5120031833648682
1.7521440982818604
1.081575870513916
1.8357958793640137
1.5223973989486694
1.4031084775924683
1.6966434717178345
2.257718324661255
1.89955735206604
2.483135938644409
1.3437124490737915
1.877842664718628
1.27734375
1.635192632675171
1.5028823614120483
1.9715194702148438
0.92169588804245
1.6817920207977295
1.3694510459899902
1.6368889808654785
1.3732901811599731
2.2136802673339844
1.4575186967849731
1.6560651063919067
1.1035640239715576
0.9910984635353088
2.1999239921569824
2.4256551265716553
1.7396490573883057
2.1653339862823486
1.741387963294983
2.4440979957580566
1.530761480331421
1.1628376245498657
1.3359878063201904
1.6658756732940674
1.380625605583191
1.3365471363067627
1.238905906677246
2.358370542526245
1.5332695245742798
1.127156376838684
2.370145082473755
1.9014794826507568
0.8852236866950989
2.215395212173462
1.6040778160095215
1.6662688255310059
1.7558656930923462
0.9654083251953125
1.2272043228149414
1.8814085721969604
1.1192888021469116
1.214769959449768
1.6186014413833618
1.8697148561477661
2.241575002670288
1.1976252794265747
2.3571135997772217
1.775406002998352
1.2431095838546753
1.7907119989395142
1.6873536109924316
1.043453574180603
1.0692740678787231
1.85636305809021
1.7186975479125977
1.6642048358917236
2.0201942920684814
1.762868881225586
1.7258260250091553
1.5701738595962524
1.2466810941696167
0.8159769177436829
2.133368968963623
1.5262658596038818
0.742628812789917
1.8104251623153687
1.6622016429901123
1.4689275026321411
1.5686012506484985
1.3168213367462158
1.29610276222229
1.983837366104126
1.5195640325546265
1.5317641496658325
2.0125157833099365
1.5938948392868042
1.6821708679199219
1.8891847133636475
2.0324454307556152
1.338399887084961
2.158583641052246
1.608114242553711
2.3658695220947266
1.4872578382492065
2.008676052093506
1.8404492139816284
1.7710180282592773
2.5966885089874268
1.1319565773010254
1.677301049232483
1.3123654127120972
1.8411564826965332
1.4313340187072754
0.9245005249977112
1.4737392663955688
1.176629662513733
1.9323774576187134
0.9859059453010559
1.470147967338562
2.0599634647369385
1.6145521402359009
1.248913049697876
1.3280214071273804
1.1436911821365356
1.2084481716156006
1.5134714841842651
1.7850359678268433
1.5335254669189453
1.4017962217330933
1.8677051067352295
1.7957758903503418
1.4707392454147339
1.6283679008483887
1.1378962993621826
1.4660892486572266
1.1572599411010742
1.6542608737945557
1.2874866724014282
1.2116949558258057
1.7247250080108643
1.0292459726333618
1.2048019170761108
2.0093767642974854
2.15248966217041
1.826701283454895
1.4007736444473267
1.015480399131775
1.0261578559875488
1.8344273567199707
1.1497066020965576
1.6877765655517578
1.401168704032898
1.2949742078781128
2.217961549758911
1.9856352806091309
1.021964430809021
0.8952802419662476
1.2179814577102661
1.8090521097183228
1.247646689414978
1.6809035539627075
1.4697343111038208
1.3730649948120117
1.499327301979065
1.404363989830017
1.844296932220459
2.629744291305542
1.2488101720809937
1.277300238609314
1.4048116207122803
1.8682111501693726
1.5133142471313477
1.4965392351150513
1.5175209045410156
2.0281505584716797
2.040886402130127
1.4124871492385864
1.0969319343566895
1.0873843431472778
1.1029558181762695
2.5058107376098633
2.091172933578491
1.6915265321731567
1.5724965333938599
2.0718600749969482
1.1564863920211792
1.3767788410186768
1.8089330196380615
2.176305055618286
1.5547455549240112
1.2181137800216675
0.8448129892349243
1.9332798719406128
1.3394486904144287
1.955013632774353
1.5962365865707397
1.5855151414871216
2.0277903079986572
2.3916964530944824
2.01492977142334
1.0488839149475098
1.1779228448867798
1.9218369722366333
1.9394184350967407
1.9731847047805786
1.990831971168518
1.3005841970443726
1.3321765661239624
1.4477357864379883
1.4201346635818481
1.9460784196853638
2.028141975402832
1.6633408069610596
1.2606600522994995
1.8490099906921387
1.7006633281707764
1.5779560804367065
1.5566291809082031
2.3760135173797607
1.0607681274414062
1.219583511352539
1.1522512435913086
2.3647360801696777
1.7505173683166504
1.1889896392822266
2.1139185428619385
1.3818508386611938
1.4184361696243286
1.561755657196045
1.2116570472717285
2.0717461109161377
1.4305388927459717
1.421895146369934
1.559755563735962
1.2221020460128784
2.0099120140075684
1.6351419687271118
1.8259973526000977
1.3299659490585327
1.5938429832458496
2.5412864685058594
1.3646948337554932
1.9280449151992798
1.935249924659729
1.6696900129318237
1.7930413484573364
1.5244981050491333
1.8187779188156128
1.4516533613204956
1.013798713684082
0.9323803186416626
1.8754987716674805
1.519601583480835
1.440566897392273
1.2445262670516968
2.0475094318389893
1.2768690586090088
1.0773625373840332
1.1799674034118652
2.1252880096435547
2.256427764892578
1.9887367486953735
0.9843591451644897
2.103412628173828
2.0856316089630127
1.639865517616272
1.8736140727996826
1.616084098815918
1.693190097808838
1.1762380599975586
2.03981876373291
1.977539300918579
1.5214728116989136
1.815185785293579
1.462205171585083
1.439041018486023
1.2804158926010132
1.5481928586959839
2.177772045135498
1.3629214763641357
1.6703412532806396
1.595600962638855
1.4215353727340698
1.084784984588623
1.2938040494918823
1.7567896842956543
1.7773100137710571
1.2700010538101196
1.4410830736160278
1.6551421880722046
1.7009193897247314
1.2545568943023682
1.2176674604415894
1.9762182235717773
1.3986531496047974
1.3358434438705444
1.2423944473266602
1.3845821619033813
1.4251798391342163
1.8382400274276733
1.6858994960784912
1.7098801136016846
1.2836111783981323
1.6355229616165161
2.072834014892578
1.8675795793533325
1.3887579441070557
1.473793387413025
2.0094447135925293
1.9949911832809448
2.0645241737365723
1.447608232498169
1.4637922048568726
1.3969182968139648
1.4931285381317139
1.8520556688308716
1.4907540082931519
1.8059531450271606
1.1993051767349243
1.6681702136993408
1.3161275386810303
1.4918901920318604
1.6197913885116577
1.4557279348373413
1.0941448211669922
1.9802000522613525
1.2177536487579346
2.184425115585327
1.97025465965271
1.5318148136138916
1.0188863277435303
1.207078456878662
1.2903916835784912
1.2352346181869507
1.3374720811843872
1.741097331047058
2.244551420211792
2.05574893951416
0.8489452004432678
1.1446903944015503
1.8523027896881104
1.4107178449630737
1.4136513471603394
1.4226422309875488
1.768293023109436
1.11029851436615
1.9822674989700317
1.3917937278747559
1.4633876085281372
1.1925231218338013
1.400256633758545
1.1789075136184692
1.2793262004852295
1.687471866607666
1.2347912788391113
1.1780946254730225
1.474178671836853
1.5930283069610596
1.0439716577529907
2.5289971828460693
1.3572224378585815
1.1084822416305542
1.3846168518066406
1.787779688835144
0.7437819242477417
1.4317511320114136
1.6937556266784668
1.2187877893447876
1.2067421674728394
1.3546653985977173
1.2945261001586914
1.353999376296997
1.208942174911499
1.9895349740982056
2.3147523403167725
2.2053496837615967
0.6515082120895386
1.8954542875289917
1.2201634645462036
1.1881886720657349
1.8122929334640503
1.1809134483337402
1.0553337335586548
1.7490750551223755
2.0554919242858887
2.0905909538269043
1.4838167428970337
1.9664279222488403
1.0834324359893799
1.7764527797698975
1.395464539527893
2.16530442237854
0.6327833533287048
1.299932599067688
1.004102349281311
1.6158782243728638
1.092390775680542
2.0916686058044434
1.587509274482727
1.3935424089431763
1.4468696117401123
2.125396966934204
1.8982278108596802
1.5113375186920166
1.3589028120040894
1.1887555122375488
0.9842849969863892
1.5024923086166382
1.6512712240219116
1.8478152751922607
1.3780577182769775
1.7499560117721558
1.7391730546951294
1.8964312076568604
1.0829261541366577
1.3736226558685303
1.2976926565170288
1.070973515510559
1.345165491104126
1.2770577669143677
1.8326289653778076
1.8651784658432007
1.4900555610656738
1.408891201019287
0.4249681830406189
1.7960375547409058
2.269268751144409
1.8290166854858398
1.5450971126556396
0.6462318301200867
1.7391647100448608
1.1283761262893677
1.0640145540237427
1.4076313972473145
2.070263385772705
2.085447072982788
1.292585849761963
0.9643446803092957
1.3815367221832275
1.3877630233764648
1.5499022006988525
1.5370029211044312
1.5289934873580933
2.040949821472168
1.0683584213256836
1.5775418281555176
2.265310049057007
1.270491123199463
2.2322757244110107
1.5079903602600098
1.2510689496994019
2.095780611038208
1.2821825742721558
0.9767957329750061
2.124250650405884
1.7596663236618042
1.2317570447921753
1.2854808568954468
1.7635022401809692
1.1874148845672607
1.951149582862854
1.1759653091430664
1.8170273303985596
1.87509286403656
2.0158872604370117
1.895108938217163
1.603711724281311
1.9479734897613525
1.4618194103240967
1.9330778121948242
2.1096365451812744
1.6675124168395996
2.1253724098205566
1.5895190238952637
1.4443209171295166
1.1973609924316406
1.2779768705368042
1.3320175409317017
1.2508217096328735
2.0084824562072754
1.6894334554672241
2.1635706424713135
1.9260159730911255
1.6912169456481934
1.561754822731018
1.7303773164749146
1.9741384983062744
2.1149795055389404
1.7382099628448486
1.6113038063049316
1.0696251392364502
1.6792258024215698
1.3926327228546143
1.0205210447311401
1.7341769933700562
1.6440154314041138
1.7410318851470947
1.69296395778656
1.125131607055664
1.0902889966964722
1.9291292428970337
1.8419373035430908
1.080374002456665
1.9917510747909546
1.9949136972427368
1.1686495542526245
1.1446629762649536
1.9983586072921753
1.3019161224365234
1.76515793800354
1.8010952472686768
1.4233664274215698
1.4455362558364868
2.12145733833313
2.0413239002227783
1.4411710500717163
1.824129343032837
1.5466253757476807
1.7182035446166992
2.000807523727417
1.5161960124969482
1.6373389959335327
1.6098260879516602
1.5162239074707031
1.2286677360534668
1.3095086812973022
1.3865422010421753
1.8197073936462402
1.3665412664413452
1.995355486869812
1.237058162689209
1.8066058158874512
2.056729793548584
1.702602744102478
1.2505463361740112
1.6037514209747314
1.1731715202331543
1.1150264739990234
2.040006637573242
1.8767417669296265
2.055692434310913
2.1489431858062744
1.7005183696746826
1.6754344701766968
1.5556923151016235
2.1620352268218994
1.6723835468292236
1.0983216762542725
1.4638826847076416
1.6680716276168823
2.0182511806488037
1.198561191558838
2.2423717975616455
0.8241448402404785
1.9238786697387695
1.0192232131958008
1.008162260055542
1.933483600616455
1.6831419467926025
2.1211493015289307
1.781875491142273
1.7137259244918823
1.513816237449646
1.2082711458206177
1.4949054718017578
2.7458865642547607
1.8414157629013062
1.2900208234786987
1.4768935441970825
1.7680299282073975
1.4090017080307007
1.3796807527542114
1.0329481363296509
1.5344066619873047
1.6565918922424316
1.6525914669036865
2.0223193168640137
2.073834180831909
1.6878550052642822
1.6656502485275269
1.1934837102890015
2.0236408710479736
1.3465607166290283
1.4067643880844116
2.144901990890503
1.6506361961364746
1.916021466255188
1.6056112051010132
2.1032044887542725
1.1183476448059082
1.9870071411132812
2.338376998901367
1.0037673711776733
1.799929141998291
1.3798377513885498
1.0074951648712158
0.9533137083053589
1.816206693649292
1.3170790672302246
1.7595908641815186
2.616384267807007
1.1049511432647705
1.8476841449737549
1.3057761192321777
1.9237873554229736
0.9603214859962463
0.9215127825737
1.3066837787628174
2.1307644844055176
1.6197682619094849
1.9914650917053223
1.7048205137252808
1.0464390516281128
2.0617265701293945
1.8874307870864868
1.630311131477356
1.2103016376495361
2.237269878387451
1.0993789434432983
1.4558122158050537
2.212419033050537
1.9182895421981812
1.263185977935791
1.5563840866088867
1.4773062467575073
1.8609628677368164
1.7396866083145142
2.0315780639648438
0.7819860577583313
2.267956018447876
1.8270858526229858
1.4832879304885864
1.1930077075958252
1.9034671783447266
1.9840917587280273
0.8036340475082397
1.1016783714294434
2.1173863410949707
1.8929511308670044
1.3874105215072632
1.046882152557373
1.306659460067749
2.0019960403442383
1.450463891029358
1.4180113077163696
1.917292594909668
1.317042589187622
1.6380631923675537
1.7368873357772827
1.960232138633728
2.1909332275390625
1.996201515197754
1.4946825504302979
1.574510931968689
1.497870683670044
1.751943826675415
1.2371422052383423
1.909428596496582
2.0659000873565674
1.965190052986145
1.5332502126693726
1.716407299041748
2.584287405014038
1.0606096982955933
1.3445590734481812
1.2117897272109985
1.9641199111938477
0.9464823603630066
2.345777988433838
1.1658294200897217
1.0166003704071045
1.9699844121932983
1.1824452877044678
1.3743464946746826
1.6263073682785034
1.0748224258422852
1.870240330696106
2.0485024452209473
1.6808257102966309
1.0497671365737915
0.8776804208755493
1.0704948902130127
2.0130691528320312
1.682953119277954
1.3157856464385986
1.3860089778900146
1.3695372343063354
1.1078674793243408
2.004014492034912
1.162920594215393
1.8639552593231201
1.8905327320098877
1.042712926864624
1.9109065532684326
1.2324808835983276
1.5617434978485107
1.3049241304397583
1.1045877933502197
1.8663330078125
1.9829967021942139
1.2286349534988403
2.105940818786621
2.1117496490478516
1.5527900457382202
1.7491306066513062
1.8986209630966187
1.7747864723205566
0.9393099546432495
0.9038807153701782
1.4575297832489014
2.363863945007324
1.2587896585464478
2.172560214996338
2.0421783924102783
1.4632148742675781
1.322331190109253
1.2433940172195435
1.1262788772583008
1.8308916091918945
2.0943450927734375
1.1487226486206055
1.2118281126022339
1.348881483078003
3.0408804416656494
1.191942572593689
1.2692805528640747
1.3390276432037354
1.8307862281799316
1.5767384767532349
2.0360536575317383
1.2259927988052368
1.773281216621399
1.320370078086853
2.611135721206665
1.5586611032485962
2.121861219406128
1.2937499284744263
1.9870624542236328
1.625037670135498
2.286022424697876
1.326728343963623
1.0959572792053223
2.011890411376953
1.36476731300354
1.182848572731018
1.7132282257080078
1.3056520223617554
1.4133660793304443
1.6670944690704346
1.7558774948120117
2.0734124183654785
2.642486333847046
1.568482518196106
1.9555453062057495
1.3683682680130005
1.5270684957504272
1.5803556442260742
1.2934165000915527
1.6062650680541992
1.1770612001419067
1.229703664779663
2.1593799591064453
1.9079103469848633
1.785212755203247
1.481978416442871
1.7637876272201538
1.7872825860977173
1.8342851400375366
2.4552688598632812
1.0896022319793701
1.291493535041809
1.5542837381362915
1.3231314420700073
1.2541601657867432
1.0320106744766235
1.1195622682571411
1.3653452396392822
2.284550428390503
1.5268292427062988
1.8704259395599365
1.6742544174194336
1.1431440114974976
1.406166911125183
1.4856369495391846
1.796470284461975
1.2134064435958862
2.222942352294922
1.5776842832565308
1.967128872871399
1.2537192106246948
1.8029383420944214
1.3738962411880493
1.3772915601730347
2.7204301357269287
1.928187370300293
1.5594767332077026
2.544490098953247
1.519168734550476
0.8570452332496643
1.0967068672180176
2.1664655208587646
1.43124258518219
1.8138188123703003
1.5781974792480469
1.635956048965454
1.8059059381484985
1.062983751296997
1.423913836479187
1.9411900043487549
1.359037160873413
1.622050404548645
2.1624515056610107
1.046208381652832
1.4995964765548706
1.3809170722961426
1.7021571397781372
1.4012192487716675
1.452378273010254
1.2990412712097168
1.7035585641860962
2.005559206008911
1.1756545305252075
