0.9169802665710449
1.0111321210861206
1.2307603359222412
0.930630087852478
0.8912509679794312
1.1041615009307861
1.124786615371704
0.8854719996452332
1.2127574682235718
1.0302740335464478
1.5798780918121338
0.8851650953292847
0.07203428447246552
1.1249322891235352
1.0342943668365479
0.9400133490562439
0.7802208662033081
1.1153732538223267
1.1041902303695679
1.181533694267273
0.9128229022026062
1.2243077754974365
0.6518269777297974
1.1110918521881104
1.2258405685424805
0.869745671749115
1.167749047279358
0.7391803860664368
0.8985030651092529
1.1471502780914307
1.0921944379806519
0.8693956136703491
0.8153837323188782
1.2644801139831543
1.2886065244674683
0.9271164536476135
1.0710532665252686
0.9602472186088562
0.9712902307510376
1.0085093975067139
1.054214358329773
1.3415381908416748
0.9988777041435242
1.0949159860610962
0.8289187550544739
1.160125494003296
0.994418740272522
0.9238320589065552
1.0222152471542358
0.7684372663497925
0.8171093463897705
0.8103761076927185
1.3430393934249878
0.7696592211723328
0.843873143196106
1.5431941747665405
0.8813683390617371
0.6973201036453247
0.23781904578208923
0.9406240582466125
1.0601345300674438
1.1873035430908203
0.9665701985359192
0.5757485032081604
0.8736972808837891
0.7955513596534729
1.2218118906021118
1.098550796508789
0.9700369834899902
0.7904013991355896
0.6367588043212891
0.9676389694213867
0.9165412783622742
0.9943938255310059
0.9976674914360046
1.3581509590148926
0.8600800037384033
1.0654358863830566
1.0276038646697998
1.1560817956924438
1.0139009952545166
1.0171586275100708
0.8705585598945618
1.3683059215545654
1.1890790462493896
0.9075304865837097
1.212113380432129
0.9773672819137573
1.046957015991211
0.9617995619773865
0.6408033967018127
0.9401242733001709
0.8900671005249023
0.9111318588256836
1.0116673707962036
1.2231872081756592
0.8073821067810059
1.0409189462661743
1.135443091392517
0.8246290683746338
0.7602242827415466
1.0038914680480957
0.9473193287849426
1.0454063415527344
0.8700481057167053
0.9239693880081177
0.9300537109375
1.1287895441055298
0.9441750645637512
0.9029592275619507
0.8189201951026917
1.2103376388549805
0.4904317259788513
0.8792752623558044
0.9515523910522461
1.079046368598938
1.045743703842163
0.9147751331329346
1.3205137252807617
1.119167685508728
1.036370038986206
0.8442963361740112
0.858867347240448
1.0555790662765503
0.5166240930557251
1.000565767288208
0.9940494298934937
1.0967427492141724
0.9878722429275513
1.0097368955612183
0.9960382580757141
1.2750053405761719
0.9021093845367432
1.463218331336975
1.0514644384384155
0.9761691093444824
1.2343511581420898
0.9888880848884583
0.9055513739585876
1.196775197982788
1.1360366344451904
0.9956313967704773
0.9831920266151428
0.9234359860420227
1.0260969400405884
0.8649008870124817
0.945982813835144
1.4129297733306885
0.8095831871032715
0.13851290941238403
1.1453148126602173
0.9580040574073792
1.3767770528793335
0.9938470125198364
0.7810695767402649
0.9145581126213074
1.0837057828903198
0.8634201884269714
1.3165950775146484
1.1068841218948364
0.9190931916236877
0.8573643565177917
1.072035789489746
0.7306301593780518
1.001836895942688
1.2620203495025635
0.7864671945571899
0.18812380731105804
1.0003587007522583
1.284759759902954
0.9098247289657593
1.140088677406311
1.311738133430481
0.9370595216751099
0.8398841619491577
1.1108715534210205
1.1375545263290405
1.0366145372390747
0.9194880723953247
0.9897881746292114
0.7493844628334045
1.0579986572265625
1.3453229665756226
0.9940581321716309
0.9806841611862183
1.3187836408615112
0.8130912780761719
1.084668755531311
1.1942119598388672
0.9902471899986267
0.8540540337562561
0.8004416823387146
0.9313738346099854
1.207817792892456
1.2973968982696533
0.9264777302742004
1.0344042778015137
0.9026361107826233
0.925814151763916
1.1664659976959229
1.4481632709503174
1.0063029527664185
0.9194071888923645
0.938848614692688
0.9465036392211914
1.3132208585739136
1.059197187423706
0.8400093913078308
1.2086213827133179
0.8714780807495117
0.8758147358894348
1.0673643350601196
0.8369203209877014
1.622377872467041
1.2744423151016235
0.928678572177887
0.7869514226913452
1.0474289655685425
1.1126264333724976
0.9426882266998291
1.0300501585006714
0.8711134791374207
0.8814533948898315
0.918291449546814
0.8073046207427979
1.3525683879852295
0.7610921263694763
1.011946678161621
1.2696858644485474
1.3371555805206299
0.821736752986908
0.7305365204811096
0.7755835056304932
1.3041319847106934
0.7223184108734131
1.1027432680130005
0.971706211566925
1.0961400270462036
1.1382367610931396
0.8123939633369446
0.7959421277046204
1.5242619514465332
1.2793636322021484
1.4790469408035278
1.0602173805236816
0.9897329807281494
0.6852642893791199
1.318877935409546
0.8122062087059021
0.9472296833992004
0.9888184070587158
0.8756097555160522
1.1262383460998535
0.8134601712226868
0.9818089008331299
1.2185914516448975
0.481783390045166
1.109981894493103
1.0818432569503784
0.8615699410438538
0.8221907615661621
1.2754803895950317
0.9451135993003845
0.9207642078399658
0.9683570861816406
0.9142544269561768
1.1075984239578247
0.8526613712310791
1.0534460544586182
1.1894795894622803
0.7908907532691956
0.8294013142585754
0.3183382451534271
1.2082548141479492
0.9065791368484497
0.8683004379272461
1.1264210939407349
0.7986962795257568
1.4099419116973877
1.316318392753601
0.7566636800765991
0.9485089182853699
0.9307062029838562
1.0359811782836914
1.0995341539382935
0.9879643321037292
1.0501863956451416
0.9783260822296143
0.9129824042320251
0.873029887676239
0.9106918573379517
0.9888425469398499
1.150740146636963
0.9519191980361938
1.0351907014846802
1.131587266921997
1.2270452976226807
1.1191998720169067
0.914588212966919
0.962478756904602
1.132035255432129
0.8247979283332825
1.0066025257110596
0.9962645769119263
1.1229054927825928
1.1841703653335571
1.3550831079483032
1.0550756454467773
0.7366428971290588
1.008347511291504
1.110262155532837
0.8139020204544067
0.9153976440429688
1.1267776489257812
1.1414926052093506
0.981265127658844
0.8427362442016602
0.925727903842926
0.1480202078819275
0.9424925446510315
1.1168196201324463
1.1431695222854614
1.0786380767822266
0.8013256788253784
1.0211249589920044
1.1567579507827759
1.1004688739776611
0.844774603843689
0.9875161647796631
0.9696658253669739
0.3578876554965973
0.8941807746887207
1.1876678466796875
0.8262564539909363
1.1801584959030151
1.0604689121246338
0.9759566783905029
1.015369176864624
1.077188491821289
0.9415248036384583
1.325512409210205
1.0283229351043701
1.2911932468414307
0.7069971561431885
0.8141781687736511
0.6795092225074768
1.0753052234649658
0.6715369820594788
0.9122923612594604
0.8662754893302917
0.9013211131095886
1.0758283138275146
0.8701915740966797
0.921139121055603
1.0115898847579956
0.9539417624473572
0.6680598855018616
0.8543686866760254
1.1162183284759521
1.0011677742004395
0.807373046875
0.9261569976806641
0.9373849630355835
1.1894283294677734
0.9090578556060791
0.8738316297531128
0.8407292366027832
1.1396865844726562
0.8834787011146545
1.0189656019210815
0.8037949204444885
0.6572336554527283
1.092513084411621
1.6504830121994019
0.8614972829818726
0.9717274904251099
1.0162782669067383
1.0549964904785156
1.2211177349090576
1.0887950658798218
1.082267165184021
1.1330758333206177
1.1089117527008057
1.257918357849121
0.9594001770019531
1.1836159229278564
0.8460862636566162
0.9087462425231934
1.0352184772491455
1.3243402242660522
0.7504730820655823
0.6684308052062988
1.1539435386657715
1.1490281820297241
0.9571089744567871
0.8037940859794617
1.1973332166671753
0.8707808256149292
1.3085806369781494
1.16482675075531
1.0296785831451416
1.1628724336624146
1.0172290802001953
0.9112418293952942
1.2316951751708984
0.9910020232200623
1.0726137161254883
1.2852784395217896
0.7862566113471985
1.0954129695892334
1.1064074039459229
0.9932063817977905
0.8922422528266907
0.9669926166534424
1.0535428524017334
0.9621857404708862
0.9134374260902405
1.1846505403518677
1.254965901374817
0.3734891712665558
1.0140628814697266
1.1975150108337402
1.1066536903381348
1.1745328903198242
0.902367889881134
1.0927075147628784
0.9276082515716553
0.4228992760181427
1.2106879949569702
0.7826383113861084
0.910366415977478
0.9886805415153503
0.943836510181427
0.5190887451171875
0.8634334206581116
1.242742896080017
1.377360224723816
1.0807690620422363
1.0337612628936768
1.4026895761489868
1.2559478282928467
0.6476178169250488
0.9016017317771912
1.0104527473449707
1.0665124654769897
0.9845060706138611
0.7821098566055298
0.8567830920219421
0.907354474067688
1.4142762422561646
1.247414231300354
1.040024995803833
1.0228769779205322
1.0662686824798584
1.1151118278503418
0.8799630403518677
0.8909468054771423
0.8109930157661438
0.8142029047012329
1.0562976598739624
0.7262792587280273
0.9963926076889038
0.6586090326309204
1.327555537223816
1.479678750038147
0.8729488253593445
0.23821911215782166
0.8480964303016663
0.9370318651199341
0.7629082202911377
0.9685712456703186
0.615717351436615
0.9385167956352234
1.0433323383331299
1.06913423538208
0.8955155611038208
1.1657230854034424
1.3226888179779053
0.7179871201515198
1.1167062520980835
0.40078750252723694
1.1666663885116577
1.0532103776931763
0.7716928124427795
0.7777391076087952
1.1159257888793945
1.0903751850128174
1.525897741317749
0.9812576174736023
0.7972825169563293
1.311385989189148
1.1585447788238525
1.1081892251968384
0.9433947205543518
1.1036149263381958
0.5686789751052856
0.9487929344177246
1.3707470893859863
0.9931336045265198
0.9644808769226074
0.9130275249481201
0.857738733291626
1.1689281463623047
1.0430649518966675
1.1541165113449097
1.1630420684814453
1.2620131969451904
1.1558454036712646
1.144452452659607
0.7931357622146606
1.0139802694320679
0.7390724420547485
0.9397543668746948
0.8233532309532166
1.3782728910446167
0.858763575553894
1.0461506843566895
0.9668349027633667
0.7630459666252136
1.2530078887939453
0.9532320499420166
1.0155093669891357
0.9549949765205383
1.0802063941955566
1.222130298614502
0.8519574403762817
0.815558671951294
1.0792524814605713
0.7819746732711792
0.4531765580177307
1.1028159856796265
0.963710367679596
1.3224481344223022
1.0579032897949219
1.0051430463790894
0.7058815956115723
0.8328627347946167
1.305877447128296
1.2463725805282593
1.1090173721313477
1.0308231115341187
0.9017812013626099
0.8241596817970276
0.8198601603507996
0.9453791975975037
1.0316038131713867
1.0280518531799316
1.085256576538086
1.0077757835388184
1.8041064739227295
0.9587570428848267
1.4090765714645386
0.9111517667770386
0.8875205516815186
0.9500365853309631
1.1727927923202515
0.9534410834312439
1.1359137296676636
1.184111475944519
0.9585413932800293
0.8996742367744446
0.9416142106056213
0.7966166138648987
1.1157809495925903
0.9146237969398499
1.1078135967254639
0.762817919254303
1.0175001621246338
1.1057504415512085
1.1398746967315674
0.6319816708564758
0.9090665578842163
0.7926662564277649
1.2418888807296753
1.0267977714538574
0.9102810025215149
0.57080078125
0.9094574451446533
0.5958995223045349
0.8629921674728394
1.2812176942825317
1.01961350440979
1.1398627758026123
1.1401829719543457
0.87532639503479
0.9041692614555359
0.7267906069755554
0.8975311517715454
1.1370099782943726
1.0692771673202515
1.0619871616363525
0.6714633107185364
0.939975917339325
1.0285483598709106
0.8806079626083374
1.048140525817871
0.9109851717948914
0.9580446481704712
0.7827809453010559
0.9649723172187805
0.8624059557914734
1.0793466567993164
1.0061601400375366
1.2844148874282837
0.9483221769332886
0.6511449813842773
0.9004657864570618
1.1108312606811523
0.4535067677497864
0.9656437039375305
1.1885626316070557
1.1568043231964111
1.2456674575805664
1.0701618194580078
1.1083508729934692
1.2540645599365234
0.5463728904724121
1.4181950092315674
1.0494416952133179
0.8827810883522034
0.834479808807373
0.7548817992210388
0.8229525089263916
0.8441841006278992
1.2117172479629517
0.719231903553009
1.0525788068771362
0.8660716414451599
1.0128206014633179
1.0427613258361816
0.9519925713539124
1.0920668840408325
1.0164296627044678
1.266614556312561
0.891629695892334
1.0806463956832886
0.895478367805481
1.1969610452651978
0.938709557056427
0.9816552400588989
1.0128852128982544
1.016372799873352
0.7142136693000793
0.9089228510856628
1.13789963722229
0.8541596531867981
0.8673117160797119
1.148891568183899
1.1375552415847778
1.0742425918579102
0.9021925926208496
1.0265620946884155
0.9409887790679932
0.9402948617935181
0.8094556927680969
0.8827488422393799
0.6311096549034119
0.6891492605209351
0.8881924152374268
0.8039333820343018
1.208849310874939
0.8773398399353027
1.0516901016235352
0.914996325969696
0.7450677752494812
1.0355656147003174
0.8037369251251221
1.0303428173065186
1.1893123388290405
1.073212742805481
1.1784099340438843
1.0771334171295166
1.0510127544403076
0.8768294453620911
1.1717778444290161
0.8998243808746338
0.9659541845321655
1.2885563373565674
1.1096619367599487
1.0952407121658325
0.8065735697746277
1.2012364864349365
0.9547403454780579
1.275627613067627
0.7381884455680847
1.125471591949463
0.9008845686912537
1.2369019985198975
1.0125898122787476
0.9748460650444031
0.961169421672821
0.9150775671005249
1.2862342596054077
0.8183634877204895
0.9910082221031189
1.0555553436279297
0.751372754573822
0.994697093963623
0.8317269086837769
1.1374151706695557
0.9977339506149292
1.0062072277069092
1.084502935409546
0.7310835719108582
0.5121791362762451
1.0758403539657593
1.137189507484436
1.0948150157928467
0.9108457565307617
0.22288718819618225
1.0405291318893433
0.9867157936096191
0.9515519738197327
0.9833375215530396
0.8639701008796692
0.9720379114151001
0.9409186840057373
1.049977421760559
1.2367737293243408
0.8509575128555298
1.0315338373184204
1.3951547145843506
1.0404062271118164
1.1284162998199463
0.9723265171051025
0.9865748286247253
0.8698349595069885
1.2957422733306885
0.8246471285820007
1.103705644607544
0.9889007210731506
0.8910120129585266
1.0078177452087402
0.961268961429596
1.0937178134918213
1.1237295866012573
0.6715297698974609
1.1450634002685547
0.8718210458755493
1.4224250316619873
0.48068875074386597
0.7876013517379761
0.7687090635299683
0.9110713601112366
0.4960179626941681
1.0398871898651123
1.1254026889801025
0.2428509145975113
1.1091097593307495
1.1267472505569458
1.2149749994277954
0.15079279243946075
0.8645129799842834
0.7806591391563416
0.8704417943954468
1.2502915859222412
0.8770958185195923
0.863925039768219
0.8060314655303955
1.1629726886749268
0.859229326248169
1.1184026002883911
0.6765689849853516
1.0474421977996826
0.8612774014472961
1.0217565298080444
1.1359723806381226
0.8726052045822144
0.8168266415596008
1.098907709121704
1.155821681022644
1.0476726293563843
0.8173996806144714
1.0641071796417236
1.1985855102539062
0.8781994581222534
1.0714693069458008
1.1105691194534302
1.1727544069290161
0.7521844506263733
1.204702377319336
0.7491731643676758
1.2640033960342407
0.9825664162635803
1.3273658752441406
0.9475130438804626
1.0453331470489502
1.0582976341247559
0.6697764992713928
0.9228940606117249
0.9672436714172363
0.829082727432251
0.7760936617851257
1.0801724195480347
0.9965121746063232
1.0121567249298096
1.189637541770935
0.7063634395599365
0.7030892372131348
0.8205353021621704
0.9116396903991699
0.7738973498344421
0.8113890290260315
0.8562155365943909
1.1417909860610962
1.439980387687683
0.6513097882270813
1.1548559665679932
0.8970630168914795
0.972611129283905
1.2005623579025269
0.9947792291641235
0.5062831044197083
0.7566287517547607
0.940736711025238
0.5490384101867676
0.9082098007202148
0.8107789754867554
0.8122031688690186
0.8873986005783081
0.8378806114196777
0.8231273293495178
0.9065547585487366
1.0072797536849976
1.0716677904129028
0.9860802292823792
0.9297119379043579
1.1423498392105103
0.9501075148582458
0.9357594847679138
1.1359649896621704
1.1186546087265015
0.8083894848823547
0.910651445388794
0.7389863133430481
1.0243339538574219
1.2470062971115112
0.5744290947914124
0.7778639793395996
1.0893266201019287
0.9436688423156738
1.272207498550415
1.2094711065292358
1.0150917768478394
1.130465030670166
1.115530014038086
1.1599441766738892
0.9664489030838013
0.9807240962982178
1.1446620225906372
0.826278030872345
1.0004193782806396
0.7738742828369141
0.8512476086616516
0.967111349105835
1.1287202835083008
0.8542977571487427
0.8867561221122742
0.7934905290603638
0.8233101963996887
0.8718998432159424
0.8153956532478333
1.0700554847717285
1.02230966091156
0.864326536655426
0.9934924840927124
0.9317512512207031
1.29499351978302
1.232276439666748
0.9073814153671265
0.9132673740386963
0.8764223456382751
0.8292956948280334
0.8179444670677185
0.9013036489486694
0.9062963128089905
1.1116002798080444
0.9139758348464966
0.8522512912750244
0.9313545823097229
1.1886893510818481
0.8218680620193481
1.1487785577774048
0.6627997159957886
0.7772288918495178
0.9450103044509888
0.8433900475502014
0.9094091653823853
0.9260770678520203
1.3171616792678833
0.8863085508346558
1.1044118404388428
0.9546601176261902
0.7851209044456482
1.0429058074951172
0.9854821562767029
0.8882946372032166
1.058883786201477
0.9020903706550598
0.7549023628234863
1.0465543270111084
1.3567218780517578
1.191723346710205
0.6966190934181213
0.9367350935935974
0.838704526424408
1.0190930366516113
1.098680853843689
0.9955448508262634
0.4491177797317505
1.0213552713394165
1.3359843492507935
0.7788723707199097
1.0398060083389282
1.087275505065918
1.391440510749817
1.0291515588760376
0.8465253710746765
1.042101263999939
0.9718830585479736
1.0287398099899292
0.8402697443962097
0.8607418537139893
1.0234020948410034
0.7822778224945068
0.8444461822509766
0.9639976620674133
1.395331621170044
0.844454824924469
0.9093586802482605
0.9611748456954956
1.1014231443405151
1.0147022008895874
1.0693880319595337
0.9127706289291382
1.0199720859527588
0.9152277708053589
1.1147887706756592
1.0330253839492798
0.9613243937492371
0.782721996307373
0.8613736033439636
0.9868881702423096
1.1028743982315063
0.8308635354042053
1.0664036273956299
1.416734218597412
1.0713626146316528
0.912331759929657
1.139822244644165
0.9265710711479187
0.9635865092277527
0.9101694822311401
0.733498215675354
1.0504053831100464
1.2752413749694824
1.0430458784103394
1.105492353439331
1.2408828735351562
0.7132217288017273
0.8635339736938477
0.8819587826728821
0.8521204590797424
1.1241852045059204
1.1286437511444092
1.2899364233016968
0.775048017501831
0.871084988117218
0.8355523943901062
0.9285513162612915
0.8945112228393555
0.9459187388420105
0.9964732527732849
0.7861496806144714
0.9092053174972534
0.9413700103759766
0.98017418384552
1.4495283365249634
0.8119681477546692
1.228155493736267
0.30627939105033875
1.380240559577942
1.0702205896377563
0.8650638461112976
1.0764392614364624
0.9851925373077393
1.3534244298934937
1.1503674983978271
1.2716008424758911
0.6964981555938721
1.2083326578140259
0.8258160948753357
0.985030472278595
1.0781347751617432
0.7694864869117737
0.9316423535346985
0.9854344725608826
0.8916042447090149
0.8628912568092346
1.057663917541504
