0.19801217775755606
0.4272645883490374
0.30275362644236536
0.4235515340856131
0.475318233272083
0.5324029835533755
0.3286448667257012
0.29678068974407035
0.3127736327610369
0.01082179318328884
0.3487237582229131
0.1911503434870114
0.3725631846104718
0.23457429971884733
0.035038543490324196
0.08807796216343763
0.3808860751879919
0.6135950832904447
0.05746365201639127
0.22797254691377083
0.32826015310900536
0.18749414198373843
0.4775400938610567
0.23254086925150744
0.404150222221466
0.33880380170346436
0.5310008702875743
0.39493783098824525
0.33331540656479375
0.41260918114030376
0.3465240472775177
0.01435517013379401
0.05271097241203446
0.5248525126226874
0.44369520225653863
0.4366983947256684
0.19451715417005497
0.671569544051285
0.36493402985223317
0.44745056603895383
0.23614566313723037
0.6940090032058085
0.5326980247887503
0.640835923056713
0.1482649424274716
0.23966596356925238
0.4944512360477206
0.12697217279650366
0.8136978799944398
0.47616998797924576
0.047668254985475375
0.47148956424962474
0.44063425883224694
0.6292231739244412
0.08981115370908291
0.31362904952006876
0.03129394555266925
0.4673144664517508
0.13028708447214774
0.5761707070246449
0.28015156899537147
0.4719711789258621
0.3365942430315886
0.12713800302242967
0.4453103384243026
0.4735784651774712
0.6485798575329635
0.35674370903210056
0.25027046867794267
0.43067833997566946
0.7273786688977445
0.5115697731644568
0.06463906224827021
0.384824384835597
0.5749537022436534
0.4029410633693393
0.1661120275368582
0.5999154051432198
0.6653970286817563
0.31679800626427185
0.24747156930849903
0.10360252309034142
0.14269735972274303
0.7068207933866885
0.34716154164107393
0.5563031780530444
0.01854157933605992
0.4000793233985906
0.4422742779939942
0.24688345579872836
0.3034254765629043
0.01397989320611502
0.01361235306701795
0.29192128700344017
0.766763103578956
0.49122663694573543
0.41113736980716553
0.37968576453507125
0.359426799752288
0.009395755771530515
0.3017932695561623
0.3001936763388921
0.13682060916507538
0.24302085523498682
0.34029235960587
0.17876365201960834
0.36906965396919944
0.12194864163799445
0.0172595711766536
0.5483838963198204
0.17395522457381088
0.07828920742199083
0.0707862686757412
0.3101245417679087
0.04975421363244754
0.15474459374613175
0.3399010602519299
0.17978619194165407
0.5784207522091904
0.07883762377956124
0.3674268040443444
0.6630485556368834
0.010345217727461328
0.7254321569902257
0.16918309172325202
0.0792609282851892
0.08002924508587171
0.10527432002433681
0.26695672622331107
0.5421465136244806
0.09489026321593887
0.2870244230381807
0.28928188341624866
0.6514172512288153
0.9931321326945962
0.4598498281711318
0.49508197568385603
0.3662481693305562
-1
0.5095087359003978
0.325475865921153
0.3936753422245059
0.1664542319064484
0.020391057613712887
0.01607676622639635
0.09400143808465504
0.34313936198630784
0.1846193782735666
0.4199095428842651
0.7062851801158256
0.4254775026061121
0.3460573281735788
0.43259177011847755
0.47736930820499485
0.4399271802952969
0.6170877992405834
0.44275976326782657
0.3497474796682916
0.5990299417072055
0.5955403454019488
0.36552490738383625
0.09510608876007685
0.9910627949528701
0.3892847168507835
0.06460171828420887
0.6481529983827684
0.41458478320990355
0.5489691275342156
0.15219830894301345
0.15329563961564574
0.268658132410889
0.6534786527075859
0.3656199430582074
0.3641652716563699
0.39862301881026513
0.8623202630019179
0.4480193757958801
0.20963767709450593
0.3450714386154582
0.6349195294063604
0.4948144492138354
0.37593175723343636
0.58977135446959
0.3758486169581515
0.5215080424037374
0.27656449695354723
0.6743872712919589
0.5297325818319174
0.18125991921778956
0.48835266497212854
0.17189362718283988
0.13488607317447668
0.3661029859161691
0.4519920737323762
0.4061729146024311
0.7982190929708258
0.5233223011875008
0.6998381651632656
0.06518511495224096
0.3473705779117645
0.479521313905901
0.056599120636710944
0.3485996489016759
0.4698691934225584
0.21641624172829646
0.5590792431128787
0.397310418919623
0.15346215779931874
0.519039045404481
0.42447234277742246
0.9650900224001856
0.563237359140059
0.20545248911499664
0.14247809837727124
0.47644330219474995
0.31907104608205594
0.21737317955322202
0.29832438014081547
0.4129208044221926
0.2699527494085384
0.5880303579647537
0.6603247159083516
0.363455536250482
0.31508829001624006
0.1909776998337911
0.1054253047809287
0.6038210042072045
0.38220757624972507
0.5686019720780543
0.15738393411026613
0.4841341256278587
0.23906438523135112
0.29077148607786474
0.25928961057730904
0.16765099228391744
0.56300324405035
0.5098104239942558
0.7063970885083442
0.26094877124136023
0.05235994010753153
0.4916499980148645
0.09392242690314835
0.06053128604788207
0.6254091021561751
0.6407563266740273
0.37527841757406316
0.2962971537236638
0.23651828853114037
0.3502861983232167
0.2885184805664482
0.09046181926470054
0.05477943070221726
0.4421816805397662
0.5389108918332887
0.6578788500826867
0.02120332736628709
0.6808092207097933
0.21890383859071869
0.336167977796143
0.34149095130959034
0.1546702012712512
0.5707412711139586
0.2892878615677405
0.3483548272622234
0.04848133311423116
0.580835914996987
0.08771081647080446
0.7686688034844897
0.43316499583676243
0.46069313691908964
0.05536499854312158
0.2644951218347305
0.4396503603762758
0.4955120648521248
0.36039349414216143
0.22901256529625
0.8776703020111891
0.49940249561345484
0.4109715186539212
0.09746978813388539
0.30876651365539304
0.7555863780161934
0.29796952551974326
0.038740076345317766
0.268390355540726
0.6735802703395859
0.13685012510158875
0.4135364268462358
0.5864796393361972
0.07051304462563468
0.5382734186199786
0.147891509787829
0.7715288767468449
0.48917177438637033
0.34681283163650223
0.5585954986876053
0.5213418630412714
0.4246526102285231
0.20322599092268745
0.13731521591794904
0.030668971076302703
0.11100837462642495
0.2911466426774961
0.5326563237359471
0.48387750877623464
0.4323950818615018
0.29414778596246244
0.45949541417988127
0.47847923022761973
0.5054927978837537
0.6384790810949409
0.5120409268400283
0.3910273141382858
0.42190710095148704
0.4578325402020801
0.36048824324753326
0.21579518857390986
0.2221748651875078
0.28356438707686604
0.2618454616069165
0.5284766579023181
0.30543951940490954
0.6081041158443831
0.4391339047929862
0.05264896641555543
0.41185342140704634
0.33153294415476053
0.5478329375347252
0.2480955765322576
0.12173586260976872
0.4902353061092411
0.6658600924391057
0.16270063925022984
0.5325086497446346
0.7067274103540269
0.07269483461470871
0.5894142185254062
0.07417153139974283
0.43320945289741114
0.5178535455985023
0.20529739223306717
0.642733656759645
-1
0.24268670350997726
0.2885068557873556
0.346591577311321
0.13820279635756685
0.11057893987651013
0.308757402539953
0.33193220216937697
0.1254398143578028
0.5194085248698814
0.3370153250921702
0.48740579388891275
0.29232925554612615
0.1134950177688515
0.8152428715842662
0.22988331303578075
0.3242920468899527
0.06201795665237668
0.3230084899435462
0.8824095439850228
0.6083882735071634
0.5871065893074818
0.5118268669163879
0.5749824601321516
0.6707696673807219
0.4172007997526955
0.5366697543688952
0.6987838440161424
0.2563796639713281
0.49361807545063574
0.11095203414681347
0.36476382421199505
0.5957873524263461
0.6814708872975476
0.5181382434773254
0.24380288113630483
0.4032225023705469
0.23143091279073916
0.17953391854940914
0.24749726959785462
0.38168987034201995
0.20743366645284628
0.6067774959094187
0.03166873366687242
0.01212180802692574
0.42515122859073545
0.4130726196581692
0.13549713992023094
0.5065775852491629
0.46708515699640335
0.544073911545214
0.053257426930022236
0.3006365441995121
0.04515485862513275
0.5987412085187551
0.2279961506626304
0.531221796791656
0.48693415375366567
0.4133749253506939
0.31737156950746
0.8242841637673372
0.6666137123456001
0.6249361024935666
0.5028496781928856
0.6123367197259585
0.2895685484478791
0.21007442325920342
0.35343587467697646
0.16570577836859426
0.32721414296301815
0.7094719601319758
0.6333360032653043
0.05516139231807127
0.4281837701060696
0.487355517012147
0.39204289660860203
0.43968487884750335
0.16584332212314715
0.18189535205062812
0.23705577690058816
0.47039677064703705
0.7514222305920331
0.3209193198007929
0.2914849610013278
0.30111861251256633
0.044947923968763244
0.4553133386584613
0.337199558258096
0.29525144070541925
0.5402726968236246
0.24361999658668632
0.28915229561999745
0.4169955470534831
0.284375655729745
0.6895903324167467
0.33799594578512787
0.6709676779616766
0.38698378095434766
0.5962068141775968
0.5165561761014482
0.0669334049242029
0.07576686578913576
0.28313380927554727
0.084001642650788
0.17278595984905273
0.05185041317520341
0.12897084370974396
0.3044008161385935
0.03796065968706679
0.1915864334105553
0.5451690847208859
0.32368855197359814
0.47405664564264877
0.29629827171736933
0.047849794978988766
0.4679477950334628
0.4270326949213373
0.3086063701195939
0.2907398352203149
0.16004130680987233
0.5736012983380825
0.0458847473750666
0.4471496975369509
0.6262090300572035
0.009533942755004562
0.21629026603839485
0.022477453118709224
0.32074628795534044
0.4270859101860375
0.5041147013027777
0.26698149610736205
0.1926021343423195
0.7492473798928366
0.4597714807538525
0.2122355662019495
0.042230975058012314
-1
0.33378149460704826
0.1757503511853757
0.7477893599931265
0.10593295932843448
0.020589713868799424
0.176183293377699
0.40601344681306495
0.04666901064062153
0.3877924822093584
0.2530853508208796
0.3485046297260653
0.2161655927490636
0.3335458775024444
0.29031244516034044
0.18968440211414728
0.06036809119091159
0.33262262137598125
0.5867502731406561
0.5263070421361551
0.07259074808162744
0.417641601172872
0.7788501240866272
0.3007309338953927
0.18221267360688245
0.4579332742869104
0.46802880074449676
0.5004400467468982
0.46348124151348696
0.13582143164517432
0.4064059770195629
0.05200102481697903
0.387211733564986
0.2940723395439213
0.31491242876580033
0.24785844301785223
0.5360175082765644
0.4021137241223986
0.20041640313792652
0.5594359332470972
0.33313061724384735
0.371067127474091
0.4062212503216528
0.5484952760003553
0.10644815120859225
0.5688671750093607
0.07095897770059856
0.39205104044293065
0.1925981531837244
0.6429864518585363
0.8634149509385942
0.473564211065798
0.20123142225022514
0.16720349464600848
0.30615574017115377
0.03165363841158606
0.23572216450772848
0.41516724206298433
0.6354166818185738
0.06368430906401697
0.3075219386082961
0.4472280065874214
0.6204030491524655
0.10480119652795496
0.5765293905537664
0.6265208545413478
0.5557366508733396
0.2329825095178497
0.4099732910467783
0.08762276940335151
0.4024270353499966
0.3238922292584347
0.4707864472904554
0.601891691285974
0.43844150500694534
0.6689648018659872
0.6982078995226247
0.3568892493306908
0.29596253300457526
0.08327882878295807
0.5008753122206017
0.11935976806257964
0.1451552272718457
0.3438894360617571
0.28416278521946114
0.1734733802661863
0.619365509547848
0.2662156014874288
0.4555519214046726
0.32650710318502973
0.665422662305202
0.2874611638261621
0.07186313420119489
0.3938185957762567
0.5471576571261794
0.5380411643253001
0.08004403812999555
0.49443379421579836
0.34820034829202035
0.011385429022056038
0.00886660263123246
0.1247301188188372
0.24762153712031632
0.5683745849543298
0.09248510833804982
0.5471150497239925
0.6990987946287625
0.2585417228758123
0.25249060822956787
0.4771353155948152
0.3521525815649246
0.26698837694733457
0.501572434655952
0.24848046750431096
0.33411567970900735
0.3454752958360142
0.5365416221452611
0.47443762231057895
0.31268993159460057
0.5385764259626841
0.6355330683685462
0.35735236686897437
0.22329440295517125
0.2698569010103855
0.0680288197417259
0.6172127354022152
0.3217458974282776
0.2286353970640255
0.4476835199425516
0.4051489015781844
0.32843743334487774
0.4604912460575961
0.5362628848585089
0.20064983356709595
0.632327710791886
0.0747320415481689
0.5117713988775915
0.35224345552599057
0.3777753824549018
0.5656214002078301
0.32826663692463437
0.547885487238275
0.32549057540060744
0.4529472196628647
0.26496487507076044
0.4815806838477501
0.08569248109963279
0.07854338082516135
0.3494610146809957
0.5327716523172427
0.5290414547828068
0.49304127237316764
0.20565673958592967
0.05306425753160354
0.09467461956076838
0.6217440287430378
0.41860371587570533
0.3924046387184602
0.8564996951561428
0.31221649624682124
0.1592863153747708
0.7191450086263819
0.46238848298319474
0.029118054322470326
0.5311029399878548
0.37474912364922564
0.6620748918596133
0.16044672792483408
0.07520160768646199
0.5253845574980464
0.7947660913832704
0.42756176224057535
0.26058843529026654
0.09571904635232101
0.45700409923182633
0.617867470131192
0.10831621184107905
0.5523323192480326
0.36202063120778477
0.25260511823800263
0.6240277847316547
0.12649219208562193
0.34453424805662775
0.05222824580866934
0.3283523794172129
0.6987878213601834
0.16208979355379557
0.48592164449188224
0.46242593832306655
0.4864311786745611
0.07831571295604456
0.4258887568990521
0.3096854003921444
0.36915768866975507
0.5745441131434463
0.48610971884806253
0.4088724401167155
0.15884967472920433
0.4960195759603547
0.5698777770096085
0.3447111690305365
0.5234961372364355
0.08274556124361838
0.49493153761860714
0.5517700224115629
0.42279625002572213
0.4937294814366574
0.06815068212197152
0.5376468052861239
0.1542674404768192
0.07148266165699893
0.5245574149296655
0.2295171554075893
0.6613871812436287
0.31265899522416957
0.6012648313844783
0.373903821688955
0.2963384808211114
0.11140550389323643
0.028999453939869652
0.32898416845262896
0.7683171513040886
0.023238164537763468
0.038671556075201036
0.13017467501114238
0.3864605434986435
0.5551121651754057
0.07567208463135089
0.26668160812674657
0.5609070808800863
0.39698014273846927
0.5331528411508661
0.4019833833007232
0.28782892925630355
0.17294837616332548
0.4706214283952493
0.3389816243975372
0.3853953238085606
0.20702065764509353
0.5584449928238613
0.16483888207345362
0.5535262461884707
0.6403451495077187
0.4556870106652178
0.4922835860181085
0.2949851700415771
0.5233987342702906
0.31077332959164017
0.4775604933689694
0.2807899231735026
0.0361953676810506
0.5752735841925953
0.35456501654991657
0.37411957197568624
0.3655942182696655
0.41181792358499975
0.3443932869883787
0.33891872465481404
0.41206437512997596
0.5051099801258109
0.39702593434637146
0.30886542987160326
0.5801069914268521
0.44843483194037875
0.1658589450595535
0.621013862163391
0.5578339544208337
0.4532807705437226
0.49852364958375583
0.048576764427935896
0.4742244338359116
0.6110137452901782
0.021352875329472044
0.27126174568440076
0.18567299208510854
0.16291444522938434
0.4051912964188304
0.5438272567224669
0.4931423390658928
0.11099657281017415
0.43112059295027433
0.38560428761489174
0.3744092730279878
0.27736962360017064
0.439636572212024
0.13639298589162283
0.5238365901527616
0.04921677872919725
0.21335440287274687
0.5491554815844744
0.08244191006206068
0.5288607780191907
0.2902985619364434
0.40075294906762543
0.43398041349376615
0.3941793428114908
0.40110020100990706
0.3680325628969363
0.23859887937170537
0.378360509173475
0.04340765707917509
0.3367281411754941
0.026504087148672396
0.5325943549817443
0.23590801761834626
0.6344068830224041
0.4399548037301512
0.30866944890946524
0.5634818234498394
0.4277516046285918
0.24077214950191012
0.4237230852986489
0.16704597276499597
0.6635971402720832
0.7436252498479561
0.838731689039255
0.3315799278594843
0.08642279936720146
0.04619610746966253
0.04663743333530071
0.24034093722335975
0.1520114750025226
0.4466259417044115
0.3524465169317189
0.2725580689723284
0.5283453011554042
0.38346965148992535
0.38016357005395895
0.6128504391606271
0.3013986834442606
0.5983473835955889
0.36739879650414253
0.5341441303999975
0.3559980053168476
0.23437310646971588
0.3424349683318919
0.6677771354886244
0.7351741242238915
0.05106853070621635
0.36156834560281687
0.4782492190415943
0.41075221845173693
0.4198261067015058
0.5466478887170457
0.39154941048866765
0.3174429976517079
0.23907133101027458
0.2512369649450053
0.10620286394362058
0.6766828742276468
0.3267876532849767
0.04461999253700814
0.25984252132305546
0.35023715161763913
0.4188333479314722
0.6780310047504805
0.6031700671259336
0.4360731112137207
0.4559916376810094
0.4662332867831506
0.7006285661992945
0.7420269655075049
0.13567973640895048
0.310195963983332
0.27452766057148037
0.033290615948374895
0.20062333100958907
0.8047265473303405
0.153754866993482
0.4496232029955222
0.33090630818128897
0.309620359605521
0.878631837385935
0.21527408345078428
0.34003382070436006
0.10693089278830714
0.4042149171357536
0.37670456999913693
0.8290942900654361
0.31720588266999694
0.14900787151238368
0.24404650531651473
0.21134368407245224
0.18759100624012945
0.41766743546455654
0.30041617925207353
0.4639386071863331
0.38767877514223087
0.5312328268904002
0.3480056397570841
0.33143252181393645
0.13811061301568964
0.0705850670211393
0.046203833380572504
0.8816253018042233
0.8436073982582747
0.24238678658509238
0.484348302072336
0.4191849506843458
0.5938212413509624
0.6845340670470849
0.4780880543929132
0.5236197538696091
0.06057344325237771
0.3362961815554133
0.24064967299828194
0.2753059832947909
0.773879417827679
0.2928629418790241
0.3568696733468358
0.3397272445826912
-1
0.46868728724431574
0.6183354329477658
0.2977280850371685
0.45198563274040576
0.3768882745014936
0.17588956806042175
0.8338067159608228
0.26194381480190493
0.4666072734957359
0.37858784552977504
0.07565348899961265
0.24408816137721712
0.0868747822774443
0.21190600730732853
0.49159179019245886
0.17304150044091457
0.6038241583909933
0.15218561516886323
0.08584645367790036
0.05583488227550866
0.2546572691162827
0.4932560085843575
0.4989666060600614
0.3886394249165656
0.62207194865115
0.27587775562380945
0.33176303971016713
0.719245040649916
0.38865958788576893
0.46467154345014355
0.024783252029460984
0.06789947563704112
0.11503819131342376
0.2029000699318795
0.1248629910789394
0.5026578857794636
0.6420568757858774
0.28845567507380554
0.18773426372228152
0.19058128894650392
0.31700421121009
0.27730687664384923
0.8543550322638642
0.25708490844147724
0.5620460711019823
0.3938889583925638
0.06145273820013114
0.3022676521569505
0.2561889375394912
0.302570521329176
0.5824807355323187
0.27574866951147425
0.42897982986445055
0.4299151194900671
0.7890753689438309
0.18593385298094162
0.11449830258825942
0.33667839026814955
0.2900150860456519
0.27183088154748325
0.25363170145930364
0.3620534887093809
0.36452704373784556
0.23941742778067152
-1
0.1379231313173994
0.7078456011764797
0.2616237907818259
0.07089557069994488
0.5096547272105171
0.39427812567838355
0.5054166001516617
0.6545023947929188
0.6128870177246256
0.05457931648317665
0.36321247288729247
0.6685292652463635
0.6400637344548993
0.3654405036261674
0.4116006663802637
0.5964690139703234
0.5108594819427159
0.29239572547065706
0.22152445471643709
0.09917176658962591
0.24250408537776993
0.16849444835678504
0.6393362049103891
0.6967031470447747
0.18816319257276667
0.49046429215815784
0.24612747818500497
0.012807293132527252
0.40344133423858436
0.4325269488097091
0.3445781232391776
0.23776786059259608
0.20376335413137656
0.04489613209498535
-1
0.49947298134479534
0.44780619396448856
0.4767517086059362
0.7037191368436738
0.6300343270312367
0.34002868968830163
0.255843081503385
0.06366592179599408
0.19136417584325818
0.263109699681501
