0.011091003054781143
0.007315128002874742
0.025647423472183517
0.03166093636566406
0.008618220573549525
0.017822852242125403
0.01416755255808217
0.01609358079545193
0.012008548971685871
0.013188959952100107
0.06921048674856355
0.04632812827140575
0.015175401411735758
0.0028322133076143998
0.010777840872293484
0.018174678674039213
0.010407053722097454
0.053201991527589476
0.015398591528437387
0.01332022589861678
0.057741305827838006
0.01573904453894627
0.00888889393464096
0.008611743533550167
0.011082271344871353
0.014475073876266203
0.01700741712310428
0.0177377349833331
0.04679664663624376
0.0731144277497544
0.01755172140370183
0.017846157872664154
0.008825021911680641
0.059727617240630505
0.012857708380200736
0.011218175493531457
0.007349965556445599
0.022806430565156976
0.02358023263341462
0.0312916389796058
0.037136713415108824
0.019579539929151724
0.01363766877233701
0.013178664706578956
0.011483869150216963
0.024454764353580915
0.005974106699163067
0.05480866525716142
0.01515205641758586
0.020428757371893706
0.010699636447063525
0.02343105900404173
0.03415667946906559
0.014178793315273858
0.1305954345255194
0.011965786683881189
0.019347261399443323
0.024176186600088766
0.0077118582535178155
0.019850381795316875
0.03179709705320539
0.010993752098594168
0.01553244577241856
0.027717965865830738
0.010931169823134659
0.009381767890580518
0.02770969326126283
0.023180423390278773
0.009177587775801091
0.014216697577957646
0.012830191661619408
0.0195351206607953
0.04019508707511336
0.05667666444337316
0.00993801748812747
0.02251153908437191
0.013935014924207194
0.016157458300733986
0.013329661355761616
0.019848951356532994
0.059013301578002844
0.013887565031428094
0.007410211673354084
0.00547988801374606
0.012364274090257399
0.40967639883714585
0.016046849261221723
0.010360039073213884
0.01816279359776567
0.04766665953894873
0.022928553854864767
0.025470527817125437
0.0066916585410552246
0.028416287699874174
0.011974237868520874
0.014868122674545401
0.016391178541863633
0.012191589254763543
0.04429287744181047
0.007871005517369275
0.03107891687789337
0.007953779811487302
0.006523621137694188
0.01470359683021984
0.11504996418570969
0.009662141405146114
0.008684346270080063
0.01219104291782455
0.012065745608369784
0.009003838711814541
0.0146573149745579
0.018499646541013725
0.006155182074020831
0.011551477782819774
0.014188006857871117
0.022745614341285667
0.014225849561996866
0.01355921574151417
0.02416313485582291
0.015510590177379375
0.006333678697763553
0.02846617829715834
0.017834541095213874
0.014245968082352765
0.01145622753730185
0.016480275633754572
0.011591933380758146
0.006667544812310515
0.013478247612390535
0.01146411899800846
0.18373741113825925
0.010033932637719003
0.023182383457583312
0.012044986489244878
0.021195718761699026
0.01735660604451366
0.014825538762411706
0.14560397948553117
0.15137065290339058
0.029876954137367323
0.017934195596307902
0.012073283862747594
0.012266819908370433
0.00888985582843103
0.012626855929453864
0.005258617532482191
0.013467620146749874
0.023813862796941882
0.01805265468605142
0.02998407522111112
0.025404786453678666
0.08594456534559974
0.02990565862276906
0.017122342057268185
0.015722330589470573
0.02168118607292598
0.014247607191891325
0.006658991443077026
0.08888011733146903
0.029348167462575667
0.04165125517318618
0.02066555832973825
0.008623932138411056
0.017195862037450122
0.08967039782309144
0.00934781294638651
0.027827227219764446
0.013778317734635788
0.18608566266359225
0.005396321766548036
0.006701106288337997
0.015626576921813518
0.02232929430752981
0.020268310814481685
0.013900704284243741
0.00687846937357664
0.04110925933231448
0.011831584096476628
0.009970975524033351
0.04422808458640904
0.011446478497863578
0.0206868316616433
0.03453017971087611
0.016667786566612754
0.011592228278242312
0.028859856680223388
0.012462818024315208
0.018123950043436452
0.01438441988610303
0.01618339675553707
0.014141702007887894
0.013056291596259036
0.03939916825440215
0.012824604583751216
0.021588343847226167
0.01207138117976136
0.04896938942240803
0.014947068914837476
0.006384895798040989
0.010512486927500182
0.011822730033014034
0.014970284776663022
0.008668766211853378
0.026238191438712977
0.011294115495234978
0.023096636274686277
0.01781126541793392
0.012716899281021786
0.016878846802916708
0.018191242692489024
0.013561245550058125
0.037284992993683035
0.01592387029692547
0.006374356035433061
0.04206019135111052
0.014254661201206565
0.017216708661745735
0.03283934928161283
0.04590668137802508
0.006876074564651704
0.011792407726913349
0.01889831177388331
0.007304317446922347
0.013182017992831642
0.06579810756161425
0.024314035380828866
0.012239656716082705
0.01370396628458891
0.012282771008359618
0.029375110638982717
0.010276490930100341
0.052484172323399754
0.15529039226409214
0.04336100399014127
0.011654022368657724
0.01307849340377436
0.010699465329565701
0.059801875408601234
0.018421259944344872
0.006433341458807387
0.016008562308042675
0.07811802787510583
0.006714769245134334
0.03636131480340453
0.014282478672681289
0.02400647487303745
0.00949151589054834
0.01865857606426257
0.02896332069078323
0.008011497389335199
0.02134945619359177
0.04532374591869048
0.011065799427887862
0.00973042307363998
0.007411085590511592
0.01710860062551918
0.022908029191701196
0.0064336766384558205
0.13814022912353147
0.016771660302000207
0.019013221528976727
0.023603709504794967
0.018037667338899895
0.01615142513367322
0.008209598558575788
0.03266149887786561
0.010248168281254416
0.07251995726367393
0.012446309560195485
0.013062392196009225
0.014065238266251884
0.047922874445369044
0.009652380653158335
0.02237041022387088
0.0088921986110799
0.024294544213330937
0.01547708210568618
0.01568824445416638
0.010477616699235394
0.044555378553501515
0.020764523068296886
0.02680059637742189
0.018415065358152585
0.010046762794399623
0.01642018267534125
0.010539863076271205
0.008715976127000214
0.025831661969680845
0.06376626119516379
0.014980818917702586
0.00978744463982449
0.015424497868712549
0.01663494867476593
0.017491490648722116
0.06832691545305818
0.021137578823279823
0.013485515511217086
0.017221118398814777
0.025698929701216528
0.010149171007087092
0.018209697615079623
0.010654785236523584
0.12389839340585565
0.016023422753129558
0.015751489980032025
0.03538874354002132
0.008919865745057919
0.005626914357724944
0.007199759978671587
0.026041117627616996
0.17308023204164744
0.020341009115005443
0.005608297366769174
0.020268583461073856
0.013452803570393643
0.015231504671862931
0.0173440993466258
0.012530410253519036
0.01495931142751276
0.007608629399697831
0.05570389220241161
0.010617522265794757
0.05144317103643483
0.08809361382450547
0.01441567234205219
0.00922164936627343
0.016133026469034695
0.012403703607033816
0.020457203699818446
0.01928619728510572
0.017567752332025247
0.01393605701873421
0.012990404233637428
0.026410373661317516
0.01147068177950161
0.006469578295379671
0.008413252809764703
0.012624517120734828
0.022240488920187932
0.0295384231717796
0.06706567157977708
0.026797765296216792
0.03772678516714685
0.008142103876291449
0.050177290745912866
0.012703284503560803
0.1901659026547119
0.023327507867683655
0.015588970952601991
0.021458034660892935
0.008894418891585761
0.07011216954977735
0.32701584908518727
0.016278606862317028
0.013836292398727922
0.02100918417684249
0.012532504440396237
0.020496157977923573
0.0105268126411023
0.026427600293769
0.0055969630435785235
0.016563711130760446
0.013060780416675355
0.02881962671114909
0.01344714986797477
0.017276504661715094
0.01191045380500952
0.08383977595374963
0.03698938407254659
0.015826985504701303
0.00663744389222805
0.02261724720954464
0.009965234505928105
0.05953550436510821
0.014105664205447824
0.0031581341988479077
0.023045306783384407
0.02858131225529777
0.08044855937315665
0.013033264590879277
0.012633220166474423
0.09396675266889556
0.01530189178540477
0.039614184508638364
0.012395484077881413
0.023937359999673613
0.010831048880777593
0.010011541766153393
0.02773658079151699
0.017957094921920935
0.01171385847422626
0.015545164697528579
0.013103193994979539
0.0314403294971472
0.024185818796093418
0.010707177255234566
0.07037825598754424
0.02490515977663554
0.011806689046941333
0.01973780002272954
0.0072197736533594365
0.0169241595443127
0.03643597152035157
0.010751243950149288
0.008733836893476022
0.010461903394018496
0.019665806619362788
0.00855239893033965
0.016900553783881698
0.022749112739295526
0.12162119137132785
0.012904891085253395
0.01852092081851569
0.009915658687980633
0.013285101151972437
0.014865798796316484
0.025009248404781557
0.014633083342144025
0.021450612033285594
0.008936023967974358
0.010840898637552
0.015601267195930751
0.012523765294599963
0.07157540366322668
0.0077883503417489645
0.01521518962552475
0.018018761288631224
0.08792107757752227
0.008678642408088966
0.016360617411584625
0.046343457398508495
0.010575874418140658
0.01388890498870687
0.011313903395033563
0.013589957596354136
0.1149548044388257
0.03141414601526563
0.3207379752192675
0.0069010573967069125
0.05554658865384124
0.011656529993166253
0.02503155820596689
0.01910363356220606
0.009116781160219488
0.01443608754174141
0.01645325866390014
0.006504634831698852
0.017543841040424328
0.023465528224257227
0.023658530325922446
0.0439225025609279
0.011616408742576264
0.029773361349469698
0.01245719972355859
0.026569633157526876
0.012926237851378478
0.026447961178922345
0.01555448854721043
0.043631935033682324
0.00757014785720676
0.0395238391897222
0.022778360726112376
0.009279289116079056
0.021079692399276446
0.021034533083514977
0.009431527725262706
0.01291802071513642
0.027106922099911415
0.010123899523210722
0.013289045830778784
0.020712877967436583
0.023120066991419073
0.03675586071884553
0.024217219797040956
0.020391986008041197
0.011245396110992428
0.010172363389962963
0.07441868990395518
0.007836645016177653
0.021924543813834345
0.013064777737666596
0.017381841777438962
0.009460108291975714
0.23272381241103646
0.028501901891109526
0.012215424283163672
0.013194934884548912
0.01348009480119313
0.042814381349367193
0.01865697062057868
0.03738270731141964
0.01350127048274052
0.0267710554560574
0.014563802774494952
0.014941030816658794
0.012817189818911561
0.019222819880293708
0.011930666943567148
0.012008642875957095
0.0336016783801382
0.06161902843915715
0.008877564976060412
0.010840511690816885
0.04847794032432336
0.027112601648051352
0.012287848856021865
0.018216120291488926
0.01687743375996632
0.009267446894453205
0.019169690411245503
0.016225373539924023
0.009106602384735282
0.00699025569065975
0.0167098900268805
0.029565121282784382
0.022222019139684482
0.011361845541530035
0.007694875429889691
0.040356265789068375
0.008936030851524035
0.03138518895369944
0.02277054351053905
0.014051213821577356
0.018439663193644377
0.01064429277418135
0.015520258579936401
0.06542780834414533
0.03376068755111018
0.01143691611704645
0.01733992768084185
0.015237393114543257
0.02190084546137076
0.017903234800752447
0.012381906830753088
0.03226642282339373
0.008026583751730224
0.04956210344973398
0.013597846268411018
0.015998786390093108
0.008838828881514852
0.0300513978158005
0.03055559180473497
0.057906403807665874
0.008190521849643808
0.02775446394462302
0.009207091522581343
0.016676817800053256
0.032990905030348544
0.008151976692909162
0.021451825646695285
0.012363612679734353
0.012528728114352914
0.011766156342377338
0.029818327963936544
0.018715365337245216
0.013693573659598309
0.037366830168387336
0.015700304063916225
0.006044275446991051
0.0036729325968637145
0.02154568744787894
0.015323046776080892
0.017147484357635585
0.019809611723442602
0.010918907954998556
0.010823025910926687
0.05499796682855358
0.10891252590225388
0.013392584138304964
0.008538536376970161
0.012622281890236306
0.27609521560265016
0.034151156718774216
0.008814852241725062
0.026877439139034544
0.0631386051661497
0.03634917637691648
0.010377815133012362
0.010562891798399884
0.01580067418937705
0.025030961142982575
0.0091737526655379
0.01722048721667314
0.011661462600727434
0.026334595254543104
0.029135143191183002
0.018735106000310125
0.01415182754720895
0.02594088891813122
0.014535876976629294
0.023221369972434784
0.02602682224982443
0.013816084153002981
0.012073997545807564
0.014600154923239312
0.08863296894934236
0.011063120256749614
0.010146956371517636
0.020716615663642135
0.014839911786449304
0.009632308552073572
0.013102255291746606
0.022403574145368033
0.02336327718877359
0.0950649836371397
0.017310451813207745
0.011005098993174561
0.008742955346918149
0.04089487821017046
0.012291088789650103
0.010664785217299532
0.01234086056796476
0.01567019717169766
0.016913114159021844
0.01325630901568067
0.020296330123645255
0.012149513232434909
0.00942950272468493
0.01533872952575674
0.019538779767375246
0.015176261606311872
0.01753962624748687
0.008850010002507026
0.008843942846658038
0.011275104145825554
0.012024641960397162
0.01522485853335534
0.01404852041842567
0.015540434463005877
0.011137365625979645
0.2694351206296622
0.019146538219995807
0.019918523519612954
0.04081663727886279
0.005179499469120996
0.02431178795203841
0.022294362550514996
0.02002341941476055
0.016077176357192028
0.015512292317530318
0.019987346019078433
0.005732436578969499
0.005317062796111374
0.012596808245296291
0.04282045082966598
0.024236929508716504
0.025142756463236444
0.015891887653926226
0.015079142069160958
0.007564523954619771
0.010993570850298657
0.009098126642050177
0.02534524051506661
0.02006534932640678
0.019573593405405067
0.017466980563109785
0.024176700103028633
0.01663180512948729
0.058987394732611866
0.021075730279357628
0.01438118542381734
0.01950452661024996
0.005847517512184827
0.030737222438155003
0.015925252124810742
0.01057899142819964
0.038133400194992714
0.029083816165590335
0.010331894234261917
0.013491002794883633
0.017941646581907805
0.02365357240262983
0.012611341504689256
0.0182677228413741
0.032086877728257315
0.006878026833772301
0.006272620477326924
0.009202763174400544
0.021013183033250806
0.03556030842785465
0.018776197705043803
0.02391307772610391
0.03154603297604936
0.012719030323363743
0.0213866715570272
0.027492939930348754
0.010280658614012278
0.020194817848463966
0.0824562786681819
0.0063761551167287
0.01387159748351484
0.02049435071583999
0.016554285258326078
0.01098576841427564
0.012300676497131107
0.014980396630387928
0.02646180190484089
0.01589600044889844
0.013030045551784667
0.024770987869492778
0.008842390202363293
0.03122351747714129
0.02076396197622754
0.02048567314131796
0.22511860972071066
0.018441827183782004
0.009421473580308766
0.017136182377043986
0.014769543168444088
0.011736001172191944
0.013964383816435437
0.011228827742050789
0.01269670024340092
0.01999421499769088
0.020726095547645228
0.021430013578829142
0.019483549560527252
0.007763587630978532
0.062310945604587525
0.08312927038057293
0.04869625574934286
0.01057532024086466
0.018436312549740923
0.01097917204903332
0.01265050334246975
0.012429130210208493
0.01879262235497112
0.06000150582571059
0.016438723061713234
0.015580456074091937
0.016916200796533772
0.022260818137863733
0.007591019010308053
0.020518307588283328
0.013438823997342125
0.014553727020841132
0.005562222646442869
0.03600466621886124
0.08960489534684828
0.013291241326379368
0.012746676898784745
0.009462784579548238
0.024962732537294183
0.024328482835118313
0.006452290901668796
0.01737279523146249
0.015178584490860082
0.026430157474526456
0.04086694155570615
0.029109907063151703
0.01507386599339212
0.016262753667062875
0.028288811024682427
0.01624557021002744
0.015199956978128464
0.05102929810337597
0.004742106357216483
0.03354992356040471
0.016896786365463566
0.022062190042055122
0.01637325222122146
0.004260141834921321
0.006797939621673498
0.057860778738450094
0.012718406256192092
0.007610652295721458
0.020659950997556974
0.014457909375535144
0.023179760848055262
0.030488735456061965
0.007694623295233092
0.007015218578298733
0.009625850108106198
0.008334404962558186
0.01403415332573291
0.04664036795921264
0.015405494277014405
0.05751272444419025
0.008314447634810542
0.02095216298342589
0.012039233227807662
0.023764526650267605
0.017209700690075453
0.011082157254376682
0.01191321535151145
0.006480984539534486
0.012624457255808342
0.007002141256047195
0.021170546978572187
0.007260511595861045
0.01851367062292551
0.07054256039285511
0.022358993338163633
0.01352807207621253
0.016984359304589313
0.021764244351895255
0.020062591063711957
0.013060776957592194
0.009338084662674093
0.007139964496458029
0.019695412883074765
0.013580516346354873
0.013691849707080692
0.014035574097011503
0.036164582542751324
0.03778894755856067
0.008761473758393087
0.017980189259829558
0.05510925605359701
0.011943377790460502
0.013717298306504925
0.006245753303331479
0.007258336253146036
0.006826892250305174
0.01735104617913582
0.009812619890472286
0.013292329746561918
0.015525668565049935
0.020951490286474406
0.0098777631005621
0.03753848047505391
0.024178719029904882
0.015549302203481769
0.010548194480572225
0.014874832380612194
0.009546302102160151
0.033524494503821944
0.027556720743036674
0.007646745534986219
0.0378347218537609
0.007806454120628064
0.022607124643630308
0.03453009690586639
0.010811260392750446
0.012890793189448184
0.014690926674693378
0.008230674829577981
0.010240801194460844
0.008258210589737778
0.010361793487117237
0.01184023261143347
0.012708296485784289
0.010354222056597901
0.006922861987559854
0.018615083735827386
0.002790980595083553
0.028869237742040175
0.03133384968439109
0.006062501253069917
0.04751690319873622
0.012298939743629427
0.01975306002932047
0.010397685844203529
0.011709063545808671
0.018313686288408192
0.053487053311837354
0.03531991625004293
0.029645122803295423
0.015393288468918239
0.0431727270494159
0.004350903280737891
0.016799346920388186
0.035422324787122886
0.0542411067004552
0.015301449514496798
0.012581065309733262
0.012883290872089585
0.013788166792562588
0.00689869042336717
0.013273861531199867
0.09860138204732392
0.02545137913515619
0.08491657905928603
0.009876757671398399
0.02185780112136212
0.011552566572304327
0.017147639367395474
0.013044401905623976
0.008380301555562231
0.021495614836368214
0.018976430720988816
0.008614213489937015
0.022947672779441104
0.010824659512861629
0.007327340782043833
0.011286915194274268
0.0692923125069347
0.046076843718237795
0.029761938537864702
0.015395186266522986
0.024708549466789773
0.016997689996735586
0.006551197566182979
0.01827225943269326
0.023390188379117535
0.00962938294070087
0.01068803292084851
0.018048711315906577
0.014444813942189319
0.013085678576717864
0.013990356232662175
0.05060173984982101
0.007548614223257918
0.02084578821095719
0.02513137309636305
0.012206992421535808
0.011251412072259341
0.02201106660681561
0.02822157612246128
0.012690902505192697
0.012322146769645494
0.008934638824099624
0.04820217055483485
0.02141215390215815
0.014687987037902698
0.020119833314590267
0.007823146594839459
0.021062066326680708
0.013460515047426624
0.012448154756239824
0.0066537551892086825
0.008620220771348122
0.031530094424682326
0.014401662558709801
0.10369735777435618
0.012402328548091233
0.010420841861681728
0.01690247498215743
0.04749937232757426
0.006062999295033434
0.06681248536199202
0.03575545434468221
0.03237647204368911
0.04086160887106425
0.02449184046393021
0.00921148114054961
0.010468420058522051
0.008471732979069039
0.07286122852022495
0.026114188472881217
0.02674492166601506
0.06021057600112538
0.015283820879743355
0.01870864018587617
0.010755889628872854
0.009520309410585365
0.011758201976424649
0.010671463249791348
0.01463930328505574
0.05551335038149377
0.012975766741595403
0.011801330966242673
0.009502089008708102
0.032021523798670674
0.03964370688683952
0.040045066132540365
0.010520693397280163
0.01503441345336268
0.019193244499209217
0.09517141450399898
0.016153030061537087
0.013659355447933546
0.004960770352137565
0.013127449422577432
0.01388085466945639
0.016637143025473398
0.020828043137914413
0.010847000466069706
0.011015700477443116
0.018192356108619932
0.02407375789661234
0.01225285135882845
0.021495332564729706
0.010306514496152882
0.030044836471291796
0.06491501909150488
0.026564388771727485
0.013302047843533234
0.016065509443255747
0.012403790751929452
