0.054415614645254975
0.044832627836092764
0.04325910538534927
0.02993926518721456
0.01809242488067546
0.025689925621355133
0.00935764469190769
0.021358479866916864
0.025520763606659055
0.04165771406322761
0.06979041976435807
0.04258294307048906
0.01490765146545653
0.038359055618257455
0.049307275214721356
0.015602061113173927
0.04246877756808704
0.03782804835966553
0.021468548698480715
0.030319246837918933
0.04503447103624419
0.04076724489592942
0.02145798608257443
0.03869208741058338
0.025569287347094554
0.02833391524902615
0.025074519836252085
0.04554128373638228
0.16008722324338429
0.03998273682785192
0.02094098893013485
0.03313410866696444
0.018219140012404447
0.016334399301373616
0.01961737650916319
0.040658536191445625
0.03336444892509521
0.030557406524647536
0.011627342034248794
0.03276530719196539
0.025587784111959017
0.05069260157003057
0.019058454866947946
0.022772279758713612
0.04691801257848551
0.02582600442831545
0.019217116025025297
0.043227207559967035
0.026960117918757732
0.015960143717410943
0.011727417897231574
0.03691948112167464
0.021915904024985073
0.02620577986096783
0.03880044298839314
0.021792472619770735
0.02586901368133168
0.03814997187171442
0.015087543154344893
0.018209102602982585
0.0284588040852207
0.02997448397730866
0.03728083541598731
0.03135285172117653
0.025292788653679222
0.015497213844247267
0.06859264794532743
0.054074597088631396
0.045602225667540394
0.029401977742688563
0.05893375353770371
0.03381878603621352
0.03127152830194308
0.0497543827662153
0.041464654125867896
0.04087505898754231
0.03480698970365349
0.01959648303410402
0.04046764494209453
0.03523187736321475
0.03725866382052236
0.02668198303240706
0.03511512890865683
0.02756682493529952
0.03932614793370096
0.033589132118542045
0.04764858826119968
0.04370195087728443
0.025781940009279053
0.027462632597642218
0.02574569612014882
0.02656645493169159
0.030128246199655
0.02870469847740403
0.052967572970686064
0.0422399102777374
0.03447512892825908
0.023897580495106315
0.021064578084498527
0.018438996090160163
0.031226845547072512
0.041183198263126886
0.012981146535306756
0.041763589955870636
0.04807642429432371
0.045351866423714506
0.015003105205398444
0.029627697219854057
0.044895975314376814
0.026230600056594115
0.02443015755109322
0.03156590411887129
0.018426528684437463
0.011749292561235173
0.051992219428416434
0.01791928034709146
0.02521576611117261
0.023338977663960186
0.01930901138688349
0.04029154246848168
0.029431378262775865
0.02606432726940239
0.035527916044080995
0.050823568935795066
0.026206973960842386
0.012917538846564283
0.022210989299661563
0.019338616618279677
0.02270888470783272
0.02233966700327314
0.02086665913082108
0.017863683946331733
0.03309603346024676
0.020280671936509072
0.03348327064573102
0.05358001755873237
0.013293920504227797
0.03046913554849389
0.048692074198712305
0.031716717090654115
0.030831757525911548
0.027671226215165108
0.04120175311116
0.02124086178307518
0.02036752725098243
0.03518127420650676
0.03923185382616426
0.03799138415022619
0.013952906114294663
0.026360443735569616
0.036478473665318395
0.034462615477933604
0.03277409558942409
0.03646405593670299
0.01875962930394148
0.018269879965597938
0.01729672062253615
0.02190607691905569
0.014787797395762269
0.0461602034485562
0.04207577097792684
0.04396037268433197
0.04086560874827111
0.03309126477818758
0.021749720038495825
0.02337454568272819
0.014959048280434647
0.01816306102271647
0.033676588777357616
0.027976667654346546
0.04636969868120915
0.03516590539769662
0.028620849323565296
0.028290226885496882
0.026805455846737252
0.02611328915578935
0.019429100625262485
0.02843743535536427
0.024011567431744596
0.015517272263366102
0.02218614879222411
0.01744512420323878
0.043443742291389816
0.028064099277797322
0.042737422797449236
0.028924296116268296
0.028825710033902545
0.020441837787366517
0.023984282754879366
0.022052228306676736
0.0125187500661569
0.04291738260007728
0.030027974653411952
0.04642059827091772
0.029789702907846615
0.019600490117747175
0.02770678752954176
0.020894418694199512
0.0208009041068225
0.039716130821204856
0.017790845066575564
0.04592611275373875
0.03631332401914095
0.024670465827397535
0.03165303175346803
0.04775419856426601
0.029251692866986555
0.038788558943001955
0.020598082160286437
0.03094986190208944
0.026190081380574697
0.04593164285269874
0.02302485860378688
0.013984599617388568
0.04297788794205577
0.024148222427751657
0.031615832559789336
0.09229603474089293
0.034773568800769844
0.030790480430952186
0.034106744823604165
0.06002597040382593
0.039575980516600565
0.033792335128982186
0.02825379980386018
0.036403420523452044
0.01572039243066267
0.04791988175134184
0.026808278131294463
0.03341671457616007
0.02238138693820736
0.02609035699718558
0.03743635836177245
0.03194210650780111
0.036403011440265726
0.023930381766823938
0.04399072565913227
0.039101621158071406
0.017329779225483788
0.02814316068703139
0.019572598336677162
0.03757595959926481
0.031756606572983445
0.014645953260636502
0.021046783468074905
0.029026446196056745
0.028074561478694134
0.030330871565944047
0.020101159755420563
0.032236942345761
0.0445581352556236
0.016300607425929422
0.03044243692516392
0.029309219869693183
0.050918637065415925
0.03184668323921378
0.04947016676975876
0.0156360555578886
0.03252279259082649
0.04372439809277563
0.018576277984367454
0.019394782418032417
0.02261069209630059
0.05377023904655813
0.03080003014361518
0.01613359897608566
0.019946721177698808
0.02083831432075747
0.0259209179083227
0.042000144995445604
0.03329608189997048
0.038745159041855035
0.0385507661528472
0.023961612714972078
0.05423791901472672
0.049145716072118296
0.03820695950195596
0.03306243833263075
0.015820717659499155
0.021125173333623896
0.02304712464204611
0.019708511126082223
0.03327067870546059
0.025403304751153134
0.014207687204444604
0.041655766486756625
0.015580027010022925
0.021592830747418235
0.04133346542010401
0.02163247908054533
0.025881952417935332
0.03211066993901013
0.06108139595664638
0.03059069363172336
0.037934482914578245
0.023786641801289924
0.018617369096307238
0.02378110806708328
0.015082140563377387
0.04066457779328516
0.028637562381635628
0.027041339456504606
0.02080878819163691
0.026769493268590388
0.02692966358644602
0.02036594761703776
0.025559953855439972
0.015707036702478406
0.02249178340361004
0.02803177798718358
0.027859159115093225
0.027784617707988943
0.028820292441572647
0.04348585828122326
0.019154371521068202
0.029460838924858537
0.023907824373980143
0.026813184000645866
0.016392198858647986
0.02115969626219102
0.0361835619603614
0.02307649075707249
0.03886781287323625
0.04591072267984774
0.027559684365205745
0.015974436687851392
0.03671342257640423
0.027064146260907983
0.05746657041050504
0.021802977291478235
0.018388698749773513
0.026606276379044495
0.04338185710601477
0.02829798283373713
0.04071420180820753
0.021152936318542245
0.02624240875475261
0.048879904777979086
0.031042604347142032
0.017875225134636918
0.017983054780659116
0.022033921932418588
0.023972001606471997
0.04454632473829674
0.028820943346033336
0.026875517476848496
0.03912474854344115
0.03827897556547417
0.032879982537959505
0.04218726517734927
0.016985675861998062
0.03297399307644515
0.05196247111584285
0.031267086115781384
0.04612046622182001
0.0228011703334587
0.028698324162817136
0.024720409962637545
0.044053240176248794
0.01859709742955805
0.03791738164512418
0.024754629848128387
0.021355313507621217
0.0505481288142538
0.042426097744688696
0.04480479389455359
0.01855549740614043
0.031115654447750277
0.028274137010305234
0.02004849139736316
0.04216200652384599
0.03519848837245132
0.03672143165176047
0.017367003498078827
0.014728970769747655
0.04165208331424284
0.040038137943981394
0.04411704614686958
0.05053747929219756
0.022582502105147364
0.04098472187890145
0.03571167560368846
0.019771113388029872
0.022451685578312296
0.027674885096011737
0.03343459209200575
0.04045057579636722
0.034169605047489275
0.02076183721637446
0.01610697955870285
0.04752771184791309
0.029156057568829673
0.03466480401532967
0.018500836784582714
0.02772529556231673
0.030713822077194364
0.044786250993957145
0.022762369809488526
0.03720228414595127
0.014595640845302767
0.02227850777742067
0.0249195584337206
0.016316650804513885
0.04103471990038874
0.03787296693275362
0.012897413722388703
0.029573896210310546
0.020625090090609314
0.04215083785341035
0.043616739497340656
0.02067420488327357
0.01635461309507131
0.025587656745347243
0.022957567713759564
0.034224541459906326
0.032607809575394546
0.045603828459967535
0.05899406660498676
0.043659499491767555
0.014448924993166991
0.018119658509166896
0.034902886065327016
0.03058961757146953
0.03021441227090172
0.02479297606167479
0.049111709387582206
0.04748211987802854
0.01627086962991697
0.03190012330870469
0.034537631474303734
0.03449269654303244
0.05124191673497688
0.02737318892408539
0.042999620880873404
0.01826746300200072
0.0294549839894918
0.01533201583025149
0.029681080697902658
0.04256328226879221
0.07386186027429696
0.01776985021823059
0.022248494503632015
0.0420743811954877
0.04426759295099657
0.02154328284059957
0.047457374060598
0.029655869204186305
0.023705152075144353
0.026509215882779876
0.06255934680650434
0.04850499833525895
0.041146924140071144
0.009813062987011543
0.037997707621563466
0.029635958661998987
0.01536817661695802
0.04186571692686967
0.030377299400926046
0.028641133546763727
0.01341103116273682
0.024569643625424586
0.03692221127158008
0.013472450139918107
0.039058319391303796
0.029153198210422875
0.040050307219316884
0.05005713055336565
0.03595121330528033
0.04772383126893999
0.03737927646724727
0.015503900580796193
0.02765439584360387
0.03392732518897477
0.03639700885694682
0.04665736175973695
0.016683305188667046
0.044082643590427927
0.033494786840554736
0.031946569375024166
0.05729755806039578
0.033287559750558686
0.022741970060724266
0.032748272632912585
0.02316696543208368
0.04000216040310185
0.017104235082587984
0.029216398258371735
0.031660206284793935
0.04395717554077062
0.02984653542443309
0.023006659553157286
0.03929916731618732
0.025733506655289687
0.03617905991197247
0.021536800286518668
0.03370396361175208
0.03474331304662607
0.028661370014571474
0.025821412541073504
0.015909471956215147
0.04515910623145201
0.030404356308048313
0.0339304638692292
0.0186627810856465
0.026816046601290913
0.041000819173972684
0.029829449694988054
0.020139290353922354
0.04143038109338565
0.030402954717419457
0.022927454360329693
0.04718730924642733
0.0242257562107001
0.020678216100389116
0.04489434608636292
0.022336811865458675
0.03695208224073533
0.027590972902451622
0.015618015318752182
0.0328583436221534
0.020751646798234706
0.03054513138408575
0.04445697123350245
0.016887319151099478
0.01855323688587413
0.020558961433168398
0.03163616050730821
0.03077412603080331
0.03621307573039502
0.018905002454619492
0.04839540116835852
0.03124692243782845
0.04520431091002788
0.018707700754139998
0.03724545242893532
0.022998469280458945
0.01782374869192996
0.0449151934672434
0.020604306677630295
0.03620877956974601
0.0375044606735393
0.030628277814096973
0.044841446601228845
0.03665324161625154
0.03771968241671722
0.023999998199312533
0.019319833957114337
0.03805176664015259
0.040410551242773256
0.036502788686478126
0.030395473758802045
0.02302280657423969
0.026657708066881395
0.019060131184426753
0.039054551429872825
0.07686051911793677
0.03730768416366183
0.038707853938899035
0.027795909527228924
0.022930177497850923
0.03792548346056799
0.05448700617163784
0.04300064184672505
0.02718744091177797
0.04305768549973757
0.044158471799029646
0.03924785796879656
0.022219337045691644
0.024586099107098632
0.028528305690875916
0.03555421420044176
0.01578266822307739
0.031085481042813494
0.026322504390524935
0.02090185201107994
0.030111012804545444
0.03733171543333201
0.04160192131887468
0.03579901926443495
0.01675760156386984
0.03065749421622628
0.029653076976727363
0.025235514089732233
0.06352254241015397
0.022342573520399884
0.035489416207686746
0.05487211495214025
0.016948531932701273
0.044641886534396755
0.0328739326182305
0.05466647454586987
0.017195525597467353
0.03758866087702647
0.03138425104323456
0.0200108620293454
0.038955301235313995
0.04363981755909279
0.021249671744690633
0.025017159553157274
0.0318024545461126
0.03782047647442285
0.025276095653385115
0.04202897432986759
0.028157870206089824
0.019994985439413585
0.0393214803265544
0.02546826520579469
0.01319921200885785
0.029112577570948876
0.014343356783823579
0.03130475030271352
0.048353141301152154
0.025411242551011133
0.03527088929502554
0.030444728314515543
0.013819071377485802
0.0383880928488912
0.02216706302455328
0.06829131946748437
0.025741545075247833
0.024968559002875944
0.018355459791395093
0.032198800816495406
0.03382777885172348
0.029278904751595253
0.03358130478401688
0.01896246231213469
0.018335633091035287
0.042012186033619156
0.04714948409679187
0.036899758743314956
0.042298275882772254
0.0324154598748287
0.03457630858330841
0.034362910796677526
0.01810997508416092
0.02744622242381326
0.021621996429668854
0.04174865619449891
0.04395535461369933
0.029456294865192335
0.0178267270504803
0.025377573460861638
0.023813654227780635
0.03272968859127246
0.035712190739954484
0.023219203434817638
0.024930988502233097
0.04856571103300263
0.033027318270049774
0.023852440592437196
0.04689660994558945
0.04425176383529463
0.04267395722426086
0.01847812222665479
0.03347800732010009
0.011119846232111832
0.017182072053725485
0.028839950224364284
0.039710151403611414
0.021324697992030017
0.023440463859187903
0.020196225357392447
0.029328541385685445
0.0356774173979199
0.0564720113939698
0.03400010935968971
0.017443973615525903
0.06438164556744692
0.04070845910058126
0.01859119724212556
0.02823335133759584
0.027751586412199977
0.021637289745576743
0.03833603628111888
0.03535072795820524
0.021869009937328963
0.026294735280512387
0.036321709598192066
0.028637750996079896
0.21431136468585466
0.031897186480621946
0.0397584789969339
0.018054339474031792
0.22377531768672151
0.04784426492894132
0.04409166416682797
0.015233864062213285
0.024687782740015072
0.03435986805161252
0.02440294825758767
0.011268434896950485
0.03200259069522826
0.023704554683161377
0.017804061056417582
0.02563012966654094
0.04305709010877692
0.017564764276023177
0.0330007222592755
0.019465600456469924
0.037969789399550265
0.022626953884262394
0.010647617178700355
0.04152275222427875
0.02540399407598501
0.04138967776618353
0.03632426648259022
0.04085164683291063
0.02496670163153186
0.02843017299959526
0.014747423189322718
0.03238706131613902
0.025613066790173757
0.03725177244849821
0.02066331021184243
0.032927485083433204
0.0316250841685924
0.02135647401336991
0.022636478885683122
0.037872615590916335
0.02132708790388474
0.032126701362740366
0.1313964795506723
0.017756847979698242
0.06349302662888394
0.033399619479365185
0.021426048010229754
0.02386023217828351
0.018960425053314866
0.033530382496152714
0.041476648525155896
0.04929059371626664
0.03404453009907181
0.02659154537021135
0.010469138936116035
0.03168353688088304
0.03478537812546659
0.028780452321278523
0.027473548750813176
0.04897904150673501
0.017293178748018907
0.041270171732494663
0.02828845476393232
0.05397266616646295
0.04811247821557286
0.021379863262665704
0.038154385926564574
0.029604594744274914
0.03349437500419934
0.023214115276677733
0.03973007665539796
0.025119153450192718
0.033917347680498595
0.044195960584793824
0.03479295868109864
0.020582371274986386
0.03888988156667293
0.014777302624045363
0.04428943750661184
0.02661947140330698
0.023623141409735753
0.055686195656941856
0.05520300226776912
0.03941134222762433
0.013212737026581597
0.031027082830065777
0.02832823886745662
0.034306090560614996
0.026179248902557517
0.01495579646887159
0.024722778780894565
0.019265840901306633
0.02837987640191557
0.03979543157426912
0.03173094003212034
0.02942924849455494
0.013728915251384843
0.034552869611553724
0.044035817589828795
0.027832453562261408
0.017823923166961776
0.05116079808588442
0.05298883088811088
0.02562396567561967
0.06824677752396156
0.0317298876291651
0.031141142790235048
0.05516378080897177
0.037927062025422176
0.025807656359433016
0.034258225399753824
0.01681814519169683
0.05523281822012713
0.024566570712539704
0.03238518395527882
0.05166830095360689
0.04406464054271357
0.028407308133430665
0.04016619225354134
0.03242019232400018
0.022536553013367797
0.024482762170824894
0.031883030577160576
0.02708315729085233
0.025746955610172793
0.03996579367396324
0.025592316407870505
0.033249031964175675
0.01898426125620724
0.016037651759594727
0.042160147526148134
0.028858072480037387
0.012367895327427735
0.03376496210570641
0.03775075496209841
0.03976619591883899
0.059619448598630546
0.036679334664377776
0.030314469606459584
0.01593526619090913
0.04822389669431249
0.030140527642011625
0.028811519786749177
0.03169755607380096
0.026736914284590393
0.056168759416563824
0.06626779271265498
0.04332675786279795
0.021596967296148
0.03052943890414146
0.01116036799062797
0.01941706587710592
0.022012296574003384
0.027452988160565094
0.059277840812654095
0.02141730855249834
0.03545184326369819
0.03438576015537578
0.03316797983457448
0.021703572064155137
0.025951180463304885
0.02013296518908706
0.025747715939421077
0.054410222061412036
0.02989712605883876
0.030226998260374987
0.027578118242128805
0.04458770074887373
0.03631545022756422
0.050727473470500585
0.044035684927324695
0.018929117301788995
0.05124648306410105
0.035729647367299694
0.04765909997147446
0.028938981571105672
0.03367633129647238
0.031329868312548845
0.02233169061847458
0.030110786152396717
0.044994171083926546
0.011089833545924275
0.030167889679073436
0.025196579743056308
0.042930991353552626
0.05039315151851493
0.04264685575784583
0.04784081911351259
0.02696224769339014
0.05512327316315889
0.035494330178798404
0.015173259941681104
0.03341976300010235
0.06118986523923867
0.05453586747724158
0.02754943203399493
0.04258480845883366
0.030439862687019772
0.03491173355586008
0.03631333922760776
0.04180737757494732
0.041191891581141435
0.03627437341067997
0.03397844213480871
0.03709988657015871
0.024069910377488166
0.03297032063295926
0.01605892228541881
0.01682561557635015
0.035344878249484304
0.022804784163341123
0.023867614264069074
0.037740937719338334
0.04425636086673482
0.033144043193220236
0.03145203888799245
0.031373072305401845
0.05573229442858364
0.03248098779323581
0.045478478908484936
0.025782224895185994
0.020496145352249754
0.033894260421918385
0.037641638809342806
0.01872545627932771
0.03005029255368123
0.03999978759200007
0.0159587414931034
0.018154145621848715
0.04307276350902319
0.02284714988386738
0.025695443547723403
0.02951930388453916
0.04709780247474446
0.04283167200843357
0.044842248711157544
0.042343427504286435
0.02764336424190211
0.01689740140674451
0.0240213814089103
0.028888123110361416
0.019567974911354077
0.03142337413954017
0.043090458486173926
0.029580971659170098
0.02532542592336914
0.06701314461789426
0.02877158309298792
0.04222382708259887
0.01688982782917193
0.03133725574776339
0.030246478612266967
0.02516316921810785
0.021175351364747703
0.024549293145752632
0.023213618725534617
0.01806433920836422
0.026927815076286415
0.03393948716110964
0.023493775301587166
0.042920137426149765
0.01722710913689193
0.020191232754723933
0.03544810054367608
0.03224460805104864
0.014040312744883857
0.02160954268745112
0.017679261955978444
0.02985434093164872
0.03574386583194492
0.0321420933705735
0.05273649504178035
0.03352676178429207
0.03892135214523417
0.050521695090558615
0.039920662920490305
0.04912962645880384
0.02274905751885948
0.015424572967544585
0.03041042571610446
0.032609573617060204
0.04643096411779101
0.01871335480803953
0.04396605781286441
0.04115145631081156
0.02475423534165376
0.034413338789014994
0.011075828499197084
0.021119499441110245
0.020928823360417008
0.03131290145466186
0.022440449390330897
0.045908893337466464
0.04481336931830648
0.029411612797559657
0.04314541633434664
0.019127413986018724
0.03612523069896243
0.020937094835953855
0.027872071885269144
0.03973116457432288
0.037334383833345544
0.024284342450974977
0.03078255153356857
0.030614650909936463
0.026940298662953326
0.026200997462762495
0.02366720736089943
0.03975145105853909
0.02544164652331013
0.03638137268616552
0.03533816482394637
0.02692730785458224
0.06623067702023883
0.025724783385704875
0.018303227177746947
0.03276914340710732
0.0245299695927842
0.06501253434926574
0.030064051656303836
