6
3
4
5
7
7
5
12
1
14
3
2
5
2
8
12
5
10
4
6
3
2
6
10
8
7
8
1
8
12
10
6
16
4
9
8
5
3
9
3
18
8
15
11
2
8
5
11
5
2
4
3
6
3
7
13
11
4
6
16
13
3
1
12
4
3
5
3
8
4
14
4
6
3
8
10
3
5
9
6
4
9
3
3
8
4
2
2
2
5
3
25
4
10
3
21
8
5
7
4
2
12
7
6
5
11
6
5
11
6
20
14
6
2
4
7
6
13
16
4
1
8
4
2
6
4
7
9
14
4
6
2
4
8
3
13
11
10
5
5
4
5
5
7
19
2
6
34
10
3
10
6
6
4
10
6
9
19
12
2
3
2
12
6
10
3
14
12
3
2
4
6
7
3
3
13
13
6
6
9
7
10
1
4
10
10
13
10
9
7
7
12
6
2
2
6
5
2
12
4
2
7
5
10
18
10
13
17
3
6
1
2
12
7
4
22
6
1
7
24
2
1
5
12
2
2
12
4
1
4
11
15
6
10
5
6
5
3
8
8
13
8
5
6
19
9
12
3
11
3
3
6
11
8
2
8
6
5
2
6
12
13
12
5
6
2
21
6
11
8
19
4
7
22
4
4
12
1
7
18
12
9
6
7
1
13
13
9
2
5
9
2
5
5
7
8
6
15
12
2
2
2
6
16
5
3
8
8
13
7
7
13
14
7
14
3
5
14
6
20
6
1
2
20
16
5
2
7
1
6
3
5
2
7
3
16
6
6
11
15
3
7
14
4
9
5
4
6
10
1
10
8
7
10
2
19
8
18
2
8
16
23
12
2
2
9
4
9
22
5
2
3
20
8
5
1
3
7
3
7
6
4
10
5
5
4
4
11
2
3
18
19
6
16
3
1
3
10
3
10
12
6
3
8
8
3
2
12
2
5
15
4
4
4
7
2
1
3
9
8
7
14
3
22
4
12
4
3
1
11
9
3
3
3
8
25
13
4
3
1
3
5
2
5
6
6
4
11
9
3
3
1
9
11
5
5
4
30
5
8
11
23
2
17
5
2
1
4
5
2
6
9
3
18
2
11
12
13
5
13
11
3
15
15
8
12
8
8
1
24
6
4
3
2
8
8
4
13
16
4
3
1
5
5
6
4
1
5
4
3
12
7
11
22
12
7
22
2
9
3
1
11
3
4
7
4
8
4
3
11
5
5
16
6
7
12
6
13
18
1
7
11
3
9
6
8
6
1
10
13
3
3
5
12
2
11
4
3
14
17
11
2
3
25
28
9
4
7
14
5
4
5
13
8
16
11
1
4
6
4
5
15
5
2
10
6
10
7
3
13
2
7
3
7
15
15
8
7
3
7
27
10
1
4
2
5
5
2
1
12
11
2
21
13
10
3
3
20
4
8
5
8
9
8
15
2
5
8
2
2
5
17
11
1
8
8
4
1
5
2
6
5
4
9
5
6
16
7
11
2
6
20
1
4
9
8
7
3
7
18
10
18
7
17
18
1
8
6
13
7
4
7
5
7
11
4
7
35
1
11
1
1
3
13
12
1
23
4
5
9
8
7
10
4
6
6
9
3
5
4
1
7
3
2
13
3
5
1
4
11
6
4
3
17
8
6
1
17
3
13
1
6
1
13
4
9
5
18
10
2
7
12
13
10
2
4
4
11
13
4
11
3
3
5
3
3
8
6
8
2
11
5
6
4
12
3
3
8
1
6
5
4
10
7
4
20
12
24
2
7
1
7
8
4
6
6
16
8
22
21
7
4
8
13
1
5
3
4
14
3
4
5
5
19
20
4
11
17
2
4
10
10
2
8
9
3
6
21
6
7
9
2
8
2
1
3
4
4
8
12
10
3
2
3
4
2
8
4
7
5
5
10
6
13
3
8
4
11
4
4
4
9
2
1
7
6
9
5
13
2
6
9
12
9
11
6
9
4
3
16
3
5
10
12
2
8
3
2
4
10
4
17
4
5
4
11
10
8
12
10
4
6
3
30
15
11
6
14
7
10
4
4
5
13
7
2
8
4
2
10
4
7
1
4
4
3
12
6
22
3
9
13
3
1
14
7
6
6
5
2
27
11
6
14
12
16
6
12
7
8
4
3
4
3
4
13
7
7
21
7
2
15
10
12
4
3
4
11
6
16
5
2
25
7
10
4
5
8
11
14
2
1
6
5
1
9
1
5
25
3
8
8
5
2
9
4
6
4
4
12
4
4
22
6
9
6
6
12
4
6
1
2
17
2
7
9
4
5
2
10
