0.7626431807714098
0.8310739839183949
0.645873772895468
0.7787864552960634
0.8202168817068136
0.7422175135719581
0.6626338485966945
0.8157484940490348
0.7613256499211447
0.791869286635544
0.7306969273533586
0.7840345313774226
0.7948137093286136
0.7468832913718378
0.779584669522413
0.7774435981715242
0.797699447715786
0.8004752319036046
0.7444576547592562
0.7636768802169034
0.6390176753302341
0.784789336300136
0.8581464012258134
0.6963195558053268
0.8039947531596148
0.7583233609437109
0.7792298173377453
0.7962880234040676
0.772764081865769
0.7881801736067623
0.7687313658654256
0.7563818565482694
0.8319485090866715
0.781244104940513
0.7459174482357851
0.7782668286497818
0.7985263940752225
0.820032519593654
0.7950470463565174
0.8754712424414222
0.8072838227501986
0.7836549544668336
0.8028879006083065
0.76713376493971
0.8016170352487957
0.8000502521696269
0.7425050673830629
0.7332156367950837
0.752738579317366
0.7753473659054724
0.8095331211692292
0.7686175022690157
0.8072393733113021
0.8416788838613658
0.7614101179881594
0.6796441255818795
0.8455542592166556
0.8183847174580166
0.7141072729608854
0.7498158492301741
0.8137799025038117
0.7736012978992952
0.7856881218467713
0.715968471479459
0.7757563321525411
0.7836777094168146
0.7628089515758855
0.7817083200556773
0.7961009202103748
0.7714680595435712
0.819924141608424
0.7377326831148638
0.7536642861564515
0.7639200341354548
0.7389106207904128
0.7784855547027216
0.7605730641036819
0.8106581569305347
0.7743033631347456
0.7699838784067214
0.8268765905965835
0.5650370513211109
0.7492148524473079
0.7545487825019215
0.8070356006951735
0.6755952763609514
0.7641696125856445
0.7378069252069583
0.7741958790491205
0.7624278453593278
0.7944487965488891
0.7795155120721047
0.7614940801699128
0.8192645791196733
0.8167810488030105
0.8115679965185394
0.7798676589834099
0.7543675407771782
0.8265512068972177
0.7292899357803423
0.8225273562281451
0.7709831326661838
0.8178323996347059
0.7799345219149185
0.7842704273335442
0.7168167869047375
0.7973606312495047
0.7408230788799909
0.8139327461773537
0.8088763756012806
0.750198142819032
0.7822973665869172
0.7742105036816227
0.7471896382002866
0.7644830195347843
0.8211963946561316
0.7779226295211289
0.7268586438134457
0.8018119413038174
0.7607754926729737
0.7943884854303529
0.7623710945112907
0.7485963110214819
0.8261828158487257
0.7879033930514721
0.764448501253761
0.838377437612489
0.7667915429684994
0.7341195213860146
0.8019670031448456
0.6328866845707435
0.7956092908665002
0.7921465094915463
0.7458542865028652
0.8082114289958635
0.7422434672818475
0.7302320280913508
0.7585208178142968
0.7653048263093638
0.8737652251377261
0.7503977985201699
0.7996688861261032
0.7580465094301406
0.7657619309355368
0.7651994477014095
0.7929463452179755
0.762252201062871
0.688549357530573
0.7610868288659955
0.7737899492501492
0.6990130491143529
0.824635946298218
0.7946416796814006
0.8055040349562327
0.7756640725469774
0.8095699168697614
0.7692655516891722
0.8117892846107637
0.7820594562125315
0.7850558036414543
0.7901684269931886
0.751084267474877
0.8495207872640211
0.7785007601045468
0.8087977504383923
0.7877393572812288
0.7231446158005636
0.7501009332230292
0.7931041318801528
0.7065966793882719
0.8341321109333522
0.8000151028984799
0.6187897478836915
0.8300243817020315
0.8155305731881224
0.7221142786196999
0.8150311284598852
0.7394440642847632
0.860785927024853
0.7647517096226768
0.796637715008087
0.7441023711661587
0.772142138114854
0.7608762012761181
0.7676418717625981
0.7733146251704525
0.7528670398350485
0.7556784388570493
0.6779493396133797
0.7302304883115116
0.7508911344227827
0.7485785114417538
0.7501671229145206
0.7447450296354088
0.7995794339208898
0.7982629131686014
0.7359017561498116
0.8006400626055378
0.7670049150288238
0.8641219962757112
0.7714260790078702
0.7436360855697169
0.7860843364121946
0.7962979686790845
0.7862937328803263
0.7693042720169239
0.7719281768801511
0.7408823770458121
0.7518495933415319
0.7644187032462253
0.7793853782631226
0.7137645280408057
0.7696274958607551
0.5583177370455074
0.8071606553661703
0.6814084479592507
0.794605833531817
0.7613215797928354
0.7470857439501617
0.7868357732790113
0.7549379543870935
0.8276283355945895
0.8180010536750271
0.7744021900252954
0.6871680032830927
0.8736998073354751
0.7123082595627023
0.798433017078368
0.7114150458553268
0.7853863687299063
0.7541199199129571
0.7758612162662899
0.798192959107674
0.8163997348524458
0.6128925660993442
0.7486470760870287
0.817236274735434
0.8127496543867496
0.7860264386805182
0.7703484501784894
0.8070327101701216
0.7978916595161442
0.8080130772370686
0.6941971731770962
0.7371950501552871
0.6518091022932205
0.7793414525132298
0.7749776969540414
0.7835610196284115
0.8096211911680374
0.8110775993869885
0.8058255447603977
0.7509286909529358
0.8030235534829453
0.7631791780796418
0.7875666338652256
0.8048518003780718
0.7253030664551562
0.7285412907030103
0.7319582079199525
0.7518344067722953
0.7478354406637091
0.5964543563717324
0.8232838974586453
0.8076111625638138
0.7293022026893621
0.8183867322682112
0.8453401562105592
0.7370565228223253
0.647900358951377
0.7427785320474005
0.765084474338563
0.7620951143640918
0.7883004913558974
0.7855403235455782
0.7563700092499013
0.6986466728647865
0.6559075415353282
0.805327918331298
0.7744209596592697
0.7342899583094598
0.7461398327269458
0.7510468462263742
0.7852352090345891
0.7451422369767087
0.7774588388626451
0.7725542723996364
0.7634129594138003
0.7909438005958784
0.805821527001257
0.7631815433553902
0.7903719386797483
0.778590358788761
0.8226890667581545
0.7592692383010626
0.8067538398456957
0.7890188682374673
0.8047797774258624
0.8200091949041279
0.7900824362488731
0.7509100922763828
0.7411437355311403
0.7803439833066121
0.7757548871354127
0.8436853584837882
0.770994538200125
0.7002940261486831
0.7531807836833664
0.7410423240704773
0.794609386690136
0.8217069354190643
0.726379437936356
0.8249817727584559
0.7782504099590586
0.7775894206941596
0.614379956520035
0.7854125044615221
0.8057664641500384
0.7651179541166584
0.6687921359022596
0.7696611129561595
0.638995070946017
0.8188928478753297
0.7734011793131361
0.7545639095038309
0.7915064109613509
0.7783219878979124
0.7496607350909812
0.7710164339468414
0.832096637451099
0.7748314988856422
0.7756612774079714
0.7152270000709804
0.7447160529543072
0.7818323643103066
0.7042754566187887
0.6860551800212895
0.8279873414236039
0.7407367575617287
0.7524784420527514
0.8141254088185091
0.778740965505837
0.7767621304329645
0.767780780384439
0.7657775231918436
0.7950998990621679
0.7772700753253194
0.7727687976761565
0.770389897926705
0.7836453805402336
0.765278017278778
0.7659632698507151
0.7687614694956365
0.825317496654354
0.779800629061776
0.7769957446423431
0.8129938622285919
0.8670665680037033
0.8209888022292213
0.8024245849981426
0.7363547206979573
0.7677304816103112
0.8077397221249019
0.7904499740804558
0.7535028849743388
0.7703527130780479
0.6856063436762625
0.7998722565461166
0.7784886758831042
0.7853025629867905
0.8337868173096132
0.7260004779511781
0.7712137512163689
0.7978821818201489
0.8179746132412343
0.7195915005823268
0.7901881034115266
0.7402600051624968
0.7923551409428498
0.7139853179967423
0.8189907850170395
0.7817441783379224
0.7564176548204192
0.7974798971301617
0.7956816903698598
0.767017916027597
0.8016987492706458
0.7853652238075308
0.7610556654047088
0.771947610102419
0.775015372941072
0.7678586830744378
0.7766855754251925
0.7732060105664496
0.7726976236284766
0.7984869641308255
0.8163428317208898
0.7659839262511356
0.7838802435964451
0.793242432393835
0.8098765366163514
0.8048246483105204
0.7891501911640343
0.7875461012746863
0.7311800280825944
0.8053128251982291
0.7895524853478605
0.721485085026755
0.7778564978577889
0.8348887296295859
0.7833734734182884
0.7242143184585624
0.7463603754989012
0.7748567938490638
0.7320354580702843
0.7420826101647193
0.7873086378666907
0.7380725051784414
0.8024750025313696
0.7872672834458043
0.7472928302480594
0.7032471269231213
0.7363414060995768
0.8073687094171879
0.7914654408173689
0.7574561254390777
0.8117662119101114
0.6953870391505912
0.8117289768195594
0.7644221032635455
0.7968807092780692
0.7932542709165133
0.7861481151250299
0.7300247317133298
0.724845512293633
0.7833362321751641
0.7883094817597252
0.7117635916037606
0.7699811779712511
0.798745109101729
0.7377069720540496
0.7636462462709912
0.7612733104852343
0.724581526857359
0.7504418544597498
0.7494701672836941
0.8094275075537571
0.762252284064778
0.6997699227747062
0.6983499347584033
0.7765409270052455
0.7696714117984707
0.8333908412755768
0.7789690701676208
0.81100178144576
0.8081272953663171
0.7941188048209682
0.7696097987768706
0.8399212618648428
0.8260750783732996
0.7030753584327226
0.8002831698441908
0.7973485253198674
0.7937667889722404
0.7534906083243414
0.6600853320709721
0.7472076610220193
0.7691225619426284
0.7486461175765315
0.7911103787386964
0.7059179283982767
0.8040516153680088
0.7482920281578773
0.7693049735448654
0.8036091950856474
0.7633266180669128
0.7680643554513782
0.7665627642164653
0.7958026670219123
0.7405852835402627
0.8090262528630093
0.6249412032623989
0.8435643931404158
0.7830636373211507
0.7546860566945376
0.740146735569205
0.7731452482724407
0.7303232476400691
0.7965214637149933
0.652026550163456
0.626457586253983
0.7774836045733822
0.576139354797446
0.8125977798582347
0.8031662409873311
0.8011483291823338
0.7827689440057541
0.7534121904870318
0.7604122268757845
0.8190219624640043
0.7877888869072288
0.8178079914474035
0.7665479458669642
0.7896236176826399
0.7669692528911605
0.7294756373598774
0.8560193903178464
0.8196331604580518
0.77566045244343
0.787549876392104
0.7624158124565301
0.7483543264734764
0.8072676040240965
0.7782940253683138
0.6968051217926253
0.7723982337957663
0.7914321955352044
0.8345675073629257
0.7731990725727071
0.7714577208420346
0.7769616946196567
0.792961142788354
0.7331458326319196
0.7805537930597166
0.7941324286784327
0.767361450984501
0.725828228365478
0.6981369057390113
0.7943209880717463
0.7590311486172292
0.7817408232120384
0.7993849798329034
0.7340337894427666
0.6156009270707269
0.7044443233078236
0.7586613581787792
0.7716116867494924
0.7525516166935761
0.7877003159859197
0.8120594617110171
0.8004259791342739
0.8040614078458833
0.794760949376194
0.7599979657673845
0.8149296981172844
0.8041427777261352
0.7848757989262249
0.7709295335330391
0.8094810860016388
0.7761464184303477
0.8068480314580171
0.7633688629863693
0.8295568887578426
0.8035487112529702
0.7858585949899471
0.7477302542826376
0.8373370654105372
0.8244008074339235
0.7877204335724588
0.7853280455129491
0.8060534297409736
0.7916511624050797
0.7959331273491423
0.7396143011523594
0.6885329380429046
0.8083231364687768
0.8267180414710107
0.7869609061328348
0.7464600458996503
0.7476913106272556
0.8019318571282973
0.787529935765209
0.7718146198613096
0.8126735503855822
0.7799977503618419
0.7533761241817422
0.738656739602822
0.7999940824953988
0.7886998866605519
0.7743143886644215
0.7700669906877952
0.754095101700746
0.73868225321784
0.8891591389176013
0.5827975106104297
0.7971961126814294
0.7905541569218466
0.7558792631662892
0.7476297712163015
0.7613353730867658
0.7940693722009226
0.8224837774811162
0.8147024192164823
0.7634506172976518
0.7862100122914637
0.8100624812043794
0.8058906769856824
0.8022608708087626
0.750873862665326
0.7649789477823647
0.8208088762287014
0.7816653347006012
0.8020343242145236
0.7701359067730835
0.7757697451563563
0.7324862063759181
0.7889990793162609
0.7499643572557441
0.6971557358694336
0.795476681539103
0.7715943857130346
0.7857403630572444
0.8002824217470788
0.8020470829083506
0.7861783301352284
0.7656681974626637
0.7765670674097871
0.7234890127057496
0.7701315127178257
0.7790391366231662
0.7658656579822232
0.7842946378407779
0.7178093642685162
0.8092107162988841
0.7808399841267185
0.7689597301233826
0.7745385299574499
0.7707580472961965
0.7433329419616767
0.7897615469167111
0.7912133259988572
0.8407883067852432
0.6946817458278245
0.7753299913976492
0.7274792661084952
0.7891355519850627
0.7948891579502537
0.8055919349704093
0.8018231141294008
0.7735150390523282
0.8108879743389443
0.8088399959292949
0.8144021633740652
0.7706418657226517
0.7818914758568736
0.6639549862919624
0.7352396509794298
0.8124826806163126
0.7771983823392421
0.7840650911399294
0.7919874746501887
0.777852299305377
0.760147952209256
0.7570704386983269
0.7970391061110937
0.7811135118785733
0.8063862176474552
0.7520569127944925
0.8442507973851329
0.7524987984759998
0.7856056207799234
0.7958398601539001
0.7664284341173997
0.7924844156961386
0.8215348702404603
0.7935102442625597
0.7962953765902812
0.7873150050254445
0.7442398887728303
0.8070506656334637
0.7238183752094128
0.7526935643375884
0.8085623800481089
0.8006567728346783
0.8195721288270278
0.7372261683059544
0.7762396751959224
0.7291637915874789
0.7625404740541122
0.6542267267808562
0.7656742067759097
0.7790926850639883
0.7916397375159241
0.7865740974801814
0.7398029610470566
0.7630900048823966
0.7741495854701836
0.7892880669617997
0.7491213758043629
0.8635246833041801
0.8185463395444323
0.7555075360244172
0.7634385483101348
0.7880047207534244
0.4230157529435987
0.7333313143311737
0.731051946930118
0.7758406708223307
0.84538020139541
0.7493461503763028
0.7359814462397513
0.7913453181867913
0.808186929261401
0.7720984067906651
0.6431087303384581
0.8005761444864589
0.7926009222078158
0.8222117996852751
0.603904374937599
0.6176152158568506
0.7760529219225636
0.786343942580978
0.7113754672362407
0.7641260315019454
0.7776053517765373
0.7845303361520422
0.772138735821545
0.7414188058966487
0.7869113621437551
0.7568835546038634
0.8029137584254178
0.8126079066685313
0.7369357838202449
0.7321933607505905
0.7272091029197585
0.7165384580295981
0.7891257139526273
0.7922815170623676
0.8564804417402456
0.803248960208087
0.7379501959276196
0.7830286626546681
0.7436329481856673
0.7343982546107082
0.7780578590583951
0.7874757111376316
0.8021302676472977
0.780402108028686
0.7622257267386591
0.7662237227057097
0.8155902157141299
0.6824280731213777
0.7715338868831143
0.7020850274796293
0.8052907550731376
0.8215929432086937
0.8284505570440626
0.8003751020407113
0.7550079492077475
0.7421931907497518
0.7786571041982404
0.8053255873103853
0.8216678195752034
0.7587203494626911
0.7908159912300028
0.7663026515617187
0.803986080841394
0.7174616771233153
0.8052864645112461
0.7613605783858555
0.7689484270180731
0.7706947876157344
0.7776517244686629
0.824860391408188
0.7509465992781811
0.8005750724191159
0.8034176971590548
0.7836516390941757
0.7709001257776844
0.7420687236765764
0.74254264322277
0.7813291927962005
0.7691217686486791
0.8213752248907058
0.7867579720700086
0.7851200111130516
0.7447541221827655
0.7983693972914057
0.7870269786892881
0.8065870354421303
0.7708300311436884
0.7232570033679656
0.7649004154206562
0.8122145904413278
0.7803103905040342
0.795520868684924
0.7168014614223381
0.7258106367430155
0.7766612700899217
0.8081176819236799
0.7712613709344796
0.808886230095025
0.8140144893095485
0.7618613953851305
0.6183274149945543
0.7666296582153305
0.7623222796535469
0.806851964069881
0.6572070521305875
0.7840773986016243
0.7149766183750027
0.790568027155665
0.69787099512632
0.7303757483683911
0.8148584522587619
0.8292657717773754
0.7754696508098878
0.8216563456826578
0.7614858701393981
0.6953254651924925
0.7743951645455525
0.6360793182687006
0.7200139536180516
0.7195332561153314
0.8584674113884625
0.7759901298937246
0.7782594366717182
0.7921008714312615
0.7663149539860685
0.8069206886339906
0.7801622873469953
0.690356503048362
0.7739739032816947
0.7890602931953867
0.7771103551713057
0.8016022293951182
0.7123571011649701
0.7999219866502916
0.7706312866727789
0.6900336863038365
0.809850792569849
0.7805570320870266
0.7665724809715059
0.7691229096431969
0.8069917184607471
0.743752724483983
0.7967503228885984
0.6504852573279847
0.7593178499030057
0.7330302212453204
0.7776293345088047
0.7626625968107777
0.7877634967927682
0.8134036694816376
0.773392902549813
0.7858777386421165
0.7912494227909063
0.7780443096316565
0.7759244542309807
0.7790375331220398
0.7752243211966968
0.776545348764689
0.7964021218572519
0.732058023311164
0.7477698729878757
0.7880256597784422
0.7505157111787469
0.8127548455199205
0.7781063934329271
0.7080219371350733
0.8097238883063415
0.8127020905029305
0.775847833674247
0.7555962419592271
0.7566375742950784
0.8224841163899977
0.7945231172458083
0.7996629711115886
0.7508233626505043
0.7980178404522875
0.7605456897915432
0.768679162214236
0.8041936576333911
0.7727954569708426
0.7579829733000856
0.7839282856604345
0.8021924873982553
0.7571284599442841
0.7868496703201386
0.7728722757747035
0.7860134960639429
0.8324703105703175
0.7269843103889341
0.7790342769965476
0.8139836828261842
0.7941331242701473
0.8010530661114703
0.7393060663088543
0.7506188228600872
0.8005560924690078
0.7845480384896707
0.7884505059988891
0.7243829997101039
0.7952161327591367
0.7542407551564163
0.7125195592248896
0.7575477752842481
0.7616795027929384
0.7804964930101111
0.7451731737822529
0.7851918499846982
0.8235724167806775
0.7818832388278607
0.6974796919688345
0.7576767529011019
0.7764986600594517
0.764131386589807
0.7605978050628578
0.7929508757998989
0.8377674111534501
0.7875539314168811
0.7491019287465335
0.7536013428243178
0.6891600768579805
0.8124124626128861
0.7879319600766559
0.7805045549783272
0.7652378443854994
0.8391729400321614
0.7422426391763809
0.8035987116243528
0.7960027044773068
0.7629334172349804
0.809055163482944
0.6274480602271497
0.699855649883181
0.6407160012007403
0.7369123816288328
0.861519337732702
0.7302076039351622
0.7544514108906831
0.7370492338786911
0.8000182506085203
0.7164627593087325
0.7484155523722215
0.7753390265284839
0.787494424855721
0.7833123455084965
0.8389994204376445
0.6657318849442566
0.8076951513915953
0.7149666761558888
0.7734504838250321
0.7899371072221912
0.7890369718587722
0.7700977714606484
0.6761328971791352
0.7891921438144519
0.7602549762815844
0.7833128586641356
0.7236942303229383
0.7894588868482197
0.7724073374283088
0.74956554568261
0.808194754061
0.7583103379263489
0.7595529734770297
0.7553470352020176
0.8309639881599482
0.7987963382586828
0.7661033304488353
0.79018681956138
0.7847300488977179
0.7518953624679379
0.7970503047616374
0.7939581050211627
0.8158199040178504
0.6692291153484531
0.8060277902156876
0.7872787206940289
0.7803853456506096
0.7250249737164352
0.6916467159127595
0.7851185233184442
0.7356407986202858
0.7626358332859193
0.772681359219515
0.7713264217208858
0.7529028995508846
0.7804682291606935
0.7748441753944241
0.803396953496281
0.7761587002645329
0.7421110914998097
0.8147384970971336
0.7497231918727287
0.7472150461422254
0.7885403085270728
0.7106637858248643
0.7412498978565659
0.807234245132539
0.7625863026511278
0.7570369378317316
0.702414979221863
0.7692156597738059
0.7454245920469379
0.8101366055539916
0.7724337383792346
0.7710642651905186
0.8051450004779303
