10.667547225952148
9.792366027832031
10.390753746032715
10.135241508483887
9.126476287841797
10.647117614746094
9.85595989227295
9.859256744384766
10.193358421325684
9.893436431884766
10.085375785827637
10.039605140686035
10.412392616271973
10.532183647155762
9.865893363952637
9.179560661315918
10.20901107788086
10.452458381652832
11.668012619018555
11.70465087890625
11.466073989868164
9.801797866821289
10.403512954711914
11.1011381149292
8.913115501403809
11.058009147644043
9.547033309936523
9.930159568786621
10.038047790527344
9.827770233154297
9.251337051391602
10.779372215270996
9.39571475982666
9.598930358886719
8.930866241455078
10.068217277526855
9.43729019165039
11.27082347869873
9.54442310333252
9.959996223449707
10.439826011657715
9.628619194030762
9.441261291503906
9.492965698242188
9.81641674041748
11.119878768920898
10.225381851196289
9.422086715698242
11.427041053771973
9.923356056213379
9.896635055541992
9.802667617797852
9.893539428710938
10.285683631896973
9.897636413574219
10.968071937561035
10.142620086669922
10.812283515930176
7.283108711242676
9.493096351623535
10.139945983886719
10.015802383422852
10.289987564086914
9.63270092010498
10.452037811279297
10.441439628601074
10.112492561340332
10.625728607177734
9.786413192749023
9.90571117401123
10.561853408813477
9.280539512634277
9.407578468322754
10.022539138793945
11.108153343200684
10.235210418701172
7.654003620147705
10.224576950073242
9.92100715637207
10.776487350463867
10.033102989196777
10.7605562210083
11.092061042785645
10.426000595092773
9.895365715026855
10.177507400512695
10.345049858093262
10.639005661010742
9.879034042358398
10.941582679748535
10.001111030578613
9.911619186401367
9.212489128112793
10.086552619934082
11.054627418518066
9.910542488098145
9.864315032958984
10.535261154174805
10.071696281433105
10.441380500793457
6.576898574829102
10.235835075378418
9.916787147521973
10.68626880645752
10.358573913574219
5.655999183654785
9.973211288452148
10.050786972045898
9.553906440734863
9.211403846740723
10.007303237915039
10.58027458190918
9.746359825134277
10.252338409423828
10.028923034667969
9.937762260437012
9.247666358947754
10.658184051513672
9.627448081970215
9.321859359741211
10.919675827026367
9.98372745513916
9.49001693725586
10.360294342041016
9.69035816192627
10.4642972946167
10.157974243164062
10.195115089416504
9.367937088012695
9.735756874084473
9.765597343444824
9.64029312133789
9.817755699157715
10.651981353759766
9.534992218017578
10.72343635559082
9.56441593170166
11.82801342010498
10.12045955657959
10.143266677856445
10.353693962097168
10.683494567871094
9.742227554321289
9.556379318237305
10.422009468078613
10.280139923095703
9.2476806640625
9.79080581665039
11.625396728515625
10.862090110778809
9.72307014465332
10.032353401184082
11.31639575958252
10.447720527648926
9.830456733703613
10.627930641174316
8.588272094726562
10.982322692871094
9.938225746154785
10.468085289001465
11.293822288513184
10.022711753845215
10.502849578857422
9.584627151489258
10.392736434936523
9.72977066040039
9.204324722290039
10.047130584716797
10.516448974609375
9.750144958496094
8.835675239562988
10.064009666442871
8.68235969543457
10.547694206237793
9.25245189666748
9.090184211730957
10.399109840393066
9.57145881652832
9.844897270202637
9.701148986816406
10.256078720092773
9.670891761779785
9.799416542053223
10.261614799499512
9.39276123046875
9.982346534729004
9.827262878417969
10.757949829101562
9.93874454498291
9.891717910766602
10.239602088928223
10.454669952392578
9.863241195678711
10.033266067504883
9.155305862426758
9.963042259216309
6.981542110443115
10.63219165802002
10.041168212890625
9.95724868774414
9.408859252929688
10.258405685424805
9.7693510055542
9.943902015686035
9.627238273620605
9.920719146728516
10.038783073425293
9.518251419067383
10.086038589477539
9.561893463134766
9.929988861083984
8.707412719726562
9.722696304321289
10.2280855178833
10.778834342956543
10.337815284729004
9.071479797363281
9.91602611541748
10.419173240661621
9.764732360839844
10.580520629882812
9.309584617614746
9.19207763671875
5.9822211265563965
10.723634719848633
10.304008483886719
10.787781715393066
10.081538200378418
10.309694290161133
9.625398635864258
9.833794593811035
10.849574089050293
9.356538772583008
8.787252426147461
10.062055587768555
10.129030227661133
9.761090278625488
10.780984878540039
11.328276634216309
10.434673309326172
9.630396842956543
9.08021068572998
9.91835880279541
9.657920837402344
10.442455291748047
10.284507751464844
9.86221981048584
10.65596866607666
10.111358642578125
10.130446434020996
9.428802490234375
9.633159637451172
9.878955841064453
10.300553321838379
10.032322883605957
10.95361042022705
9.31035041809082
10.92049789428711
9.66883373260498
9.945283889770508
9.36567497253418
10.120240211486816
9.428428649902344
9.459651947021484
9.999716758728027
10.6688814163208
9.535431861877441
10.55903434753418
9.479223251342773
10.247224807739258
9.026532173156738
9.224044799804688
9.30163288116455
10.571416854858398
9.858738899230957
10.145062446594238
10.479471206665039
10.73820972442627
10.88139820098877
10.496696472167969
9.862861633300781
10.401604652404785
10.477993965148926
9.854992866516113
10.393996238708496
9.5960054397583
9.503668785095215
10.295989990234375
10.564946174621582
10.33936882019043
10.558188438415527
10.289194107055664
10.396846771240234
9.782320022583008
9.9166259765625
9.765840530395508
9.920063972473145
10.142999649047852
9.758227348327637
9.9025239944458
10.276323318481445
10.127049446105957
8.859631538391113
10.215091705322266
10.239262580871582
9.169825553894043
10.53958797454834
10.78588581085205
10.354188919067383
9.698158264160156
9.729266166687012
10.08637523651123
9.389171600341797
10.141641616821289
10.010313034057617
8.95618724822998
10.162599563598633
10.186132431030273
9.978575706481934
9.823831558227539
9.209059715270996
10.479453086853027
10.608271598815918
9.528656005859375
8.855896949768066
9.765800476074219
10.26385498046875
9.484704971313477
9.76745319366455
9.96633529663086
9.824259757995605
11.086581230163574
10.04904556274414
9.395021438598633
10.449445724487305
10.668136596679688
10.374663352966309
9.687239646911621
9.612773895263672
9.253857612609863
10.32220458984375
9.899009704589844
9.958709716796875
9.699739456176758
10.384961128234863
9.701244354248047
10.669950485229492
10.003592491149902
9.265185356140137
9.062426567077637
10.897075653076172
9.986804962158203
10.24232292175293
9.817108154296875
9.561613082885742
9.869502067565918
9.191385269165039
8.985939979553223
10.558259010314941
10.854547500610352
9.730112075805664
9.933135032653809
10.693492889404297
9.745427131652832
10.873048782348633
9.76376724243164
10.856473922729492
10.140989303588867
8.902912139892578
9.666597366333008
10.138467788696289
9.149413108825684
9.429797172546387
10.098649978637695
6.071196556091309
9.551796913146973
10.029863357543945
9.740005493164062
9.068532943725586
9.821854591369629
9.152924537658691
10.096235275268555
9.931275367736816
9.633705139160156
9.89152717590332
9.8605375289917
9.373878479003906
9.963754653930664
10.816272735595703
10.414790153503418
10.56295108795166
9.087624549865723
9.86294174194336
10.45158576965332
7.058538913726807
9.983475685119629
10.299074172973633
10.568808555603027
8.886260986328125
9.940406799316406
9.153529167175293
10.342577934265137
9.149601936340332
9.252413749694824
9.679769515991211
10.874188423156738
9.258925437927246
9.929317474365234
10.18320083618164
9.478561401367188
9.360615730285645
10.564838409423828
9.672840118408203
10.778238296508789
10.050830841064453
9.674371719360352
10.098041534423828
10.233038902282715
9.691347122192383
10.595226287841797
9.936086654663086
9.168890953063965
9.300554275512695
6.5140485763549805
10.066387176513672
9.59498405456543
10.431324005126953
10.072503089904785
9.68862247467041
9.956561088562012
10.409732818603516
9.658270835876465
10.067882537841797
10.213708877563477
10.226823806762695
9.837170600891113
10.13814640045166
9.248002052307129
10.23238754272461
5.415325164794922
10.018072128295898
10.397967338562012
10.398523330688477
10.055420875549316
8.916274070739746
10.838144302368164
9.867003440856934
9.520977020263672
9.488243103027344
9.397320747375488
6.094344139099121
10.15135383605957
9.393832206726074
11.254500389099121
9.882197380065918
10.44682502746582
9.121988296508789
10.469435691833496
9.945966720581055
10.148756980895996
9.818068504333496
10.037681579589844
9.962367057800293
10.24631404876709
8.416935920715332
8.98351001739502
10.254048347473145
9.869650840759277
10.004728317260742
10.45901870727539
9.955024719238281
10.347808837890625
10.726649284362793
9.813417434692383
9.285633087158203
10.490233421325684
10.533970832824707
8.655402183532715
9.816117286682129
10.010558128356934
10.17794418334961
10.017921447753906
10.008658409118652
10.092711448669434
10.18596363067627
10.038382530212402
9.85993766784668
10.875969886779785
10.234107971191406
9.710561752319336
9.927068710327148
10.373992919921875
9.69792366027832
9.14513111114502
9.51175594329834
9.238012313842773
9.681663513183594
10.044465065002441
9.799992561340332
9.642966270446777
9.467392921447754
10.119422912597656
9.84946060180664
9.830012321472168
9.708640098571777
9.610875129699707
10.105196952819824
10.208107948303223
10.02454662322998
10.715784072875977
9.496047019958496
10.268829345703125
9.830024719238281
9.134854316711426
9.285504341125488
8.889060974121094
9.858466148376465
10.320904731750488
9.028925895690918
8.930865287780762
10.948918342590332
10.088868141174316
10.329643249511719
10.057931900024414
9.255293846130371
9.890548706054688
10.47559928894043
10.254252433776855
9.708088874816895
9.412428855895996
9.903115272521973
10.099352836608887
10.12382698059082
9.337587356567383
10.466805458068848
10.464274406433105
10.405623435974121
9.978446006774902
10.559528350830078
10.171916007995605
9.825349807739258
8.918426513671875
10.04149341583252
10.283536911010742
10.127619743347168
5.1650896072387695
10.271761894226074
9.714083671569824
10.14962100982666
10.35702133178711
9.951440811157227
10.648775100708008
9.285913467407227
9.499037742614746
10.10098934173584
10.208860397338867
9.211618423461914
9.555542945861816
8.023880958557129
9.538790702819824
10.170550346374512
10.722149848937988
9.220575332641602
10.255281448364258
10.423001289367676
9.917900085449219
9.979121208190918
10.521905899047852
9.297412872314453
10.616082191467285
10.178149223327637
10.291748046875
10.13145637512207
9.443841934204102
9.26649284362793
10.647981643676758
9.476597785949707
10.618241310119629
9.59140682220459
10.288763999938965
10.889309883117676
9.717802047729492
9.50313663482666
11.36073112487793
10.767196655273438
9.758344650268555
9.335862159729004
9.308573722839355
9.95682144165039
10.052661895751953
10.15192699432373
10.125288963317871
9.309061050415039
10.971345901489258
9.260469436645508
9.472983360290527
10.20515251159668
10.06223201751709
10.684027671813965
8.4705228805542
8.90029525756836
10.178760528564453
10.3715181350708
10.626002311706543
10.198765754699707
9.790059089660645
9.172801971435547
10.164396286010742
10.534347534179688
9.675429344177246
10.175183296203613
10.726984024047852
9.40080738067627
8.747740745544434
10.121037483215332
10.414979934692383
9.875655174255371
9.414230346679688
10.100221633911133
9.212162971496582
10.687118530273438
9.364388465881348
9.227524757385254
10.305167198181152
8.734850883483887
10.813668251037598
10.940131187438965
9.022501945495605
9.400739669799805
9.563929557800293
9.716062545776367
10.009990692138672
10.28073787689209
11.018190383911133
10.060335159301758
9.814188003540039
9.134735107421875
9.106337547302246
10.323760986328125
10.262578964233398
10.412751197814941
9.23388385772705
9.671567916870117
9.777046203613281
9.72305965423584
10.918747901916504
6.034867763519287
9.521842002868652
8.599370002746582
9.726400375366211
9.5968599319458
9.490548133850098
10.631882667541504
11.029885292053223
10.750361442565918
10.025450706481934
9.669264793395996
10.158669471740723
10.635701179504395
10.929644584655762
9.380935668945312
10.863715171813965
10.426319122314453
10.27590274810791
8.770715713500977
10.407130241394043
10.043374061584473
10.786709785461426
10.592411041259766
9.432698249816895
10.391414642333984
10.099365234375
9.310290336608887
10.118934631347656
10.578507423400879
11.50409984588623
10.191232681274414
9.884620666503906
10.519389152526855
9.593449592590332
10.316597938537598
9.431239128112793
9.399126052856445
9.642967224121094
6.790312767028809
9.756306648254395
9.365362167358398
10.40188217163086
10.722390174865723
10.0973539352417
9.666291236877441
10.456892967224121
9.449014663696289
9.679546356201172
9.569071769714355
10.735854148864746
10.713977813720703
11.325379371643066
10.391644477844238
8.564677238464355
4.946967601776123
9.645234107971191
10.54183578491211
9.116198539733887
10.758988380432129
9.286487579345703
9.158797264099121
9.18422794342041
10.105514526367188
10.289307594299316
10.000176429748535
9.219667434692383
9.472498893737793
9.902667999267578
8.909210205078125
9.91830062866211
10.17587947845459
10.922205924987793
10.339373588562012
11.222646713256836
11.126880645751953
9.527483940124512
9.835112571716309
10.294317245483398
9.69686508178711
9.201869010925293
9.289261817932129
10.01949691772461
9.554722785949707
10.437338829040527
10.07832145690918
10.2650728225708
9.135904312133789
11.034031867980957
9.727876663208008
11.402524948120117
9.93974494934082
9.788773536682129
10.077807426452637
10.1876802444458
9.65768051147461
11.23285961151123
9.5701265335083
10.663544654846191
10.73005199432373
8.79554557800293
9.667400360107422
9.307672500610352
10.070281982421875
10.317405700683594
10.152400016784668
10.245490074157715
10.51229190826416
10.665247917175293
11.20121955871582
9.901406288146973
10.881367683410645
9.786181449890137
7.414250373840332
9.435296058654785
10.137682914733887
10.469768524169922
9.984428405761719
10.095921516418457
9.433449745178223
10.188051223754883
9.212213516235352
10.297429084777832
9.041808128356934
10.288751602172852
10.434233665466309
10.198944091796875
10.339324951171875
10.877687454223633
10.183725357055664
9.95450210571289
9.856019973754883
10.160340309143066
10.119483947753906
9.804879188537598
10.087470054626465
6.378971099853516
9.81066608428955
9.57540512084961
9.49781608581543
9.716229438781738
8.620277404785156
9.643646240234375
9.592934608459473
9.139372825622559
8.522272109985352
11.047730445861816
7.120419502258301
10.2730712890625
9.546737670898438
9.868145942687988
10.308076858520508
10.07789134979248
9.73991870880127
10.303400993347168
10.320237159729004
7.411619186401367
10.537046432495117
9.89535903930664
9.688560485839844
10.380107879638672
9.403437614440918
9.798866271972656
10.023627281188965
10.203702926635742
9.740018844604492
10.219808578491211
9.31098747253418
9.269390106201172
9.769295692443848
10.140218734741211
10.656591415405273
9.243751525878906
10.372049331665039
9.768170356750488
9.209273338317871
8.855463027954102
10.781709671020508
10.54257869720459
9.833593368530273
10.327430725097656
10.467135429382324
10.190437316894531
9.47118854522705
9.488973617553711
9.888226509094238
10.152154922485352
9.82990837097168
11.09501838684082
10.35899829864502
9.696681022644043
9.197598457336426
10.37929630279541
9.972466468811035
10.376931190490723
10.429795265197754
9.831744194030762
10.368279457092285
9.92542839050293
9.872122764587402
9.9038667678833
9.850082397460938
10.21825885772705
9.94493579864502
8.82910442352295
9.794836044311523
10.057652473449707
9.214659690856934
9.612570762634277
10.587323188781738
10.037688255310059
11.114619255065918
10.995136260986328
9.812183380126953
10.094654083251953
9.251075744628906
9.856549263000488
9.619050025939941
8.270851135253906
11.107728958129883
9.334774017333984
8.983111381530762
9.947046279907227
9.764530181884766
9.915698051452637
10.241890907287598
8.813538551330566
8.851590156555176
9.010811805725098
9.982247352600098
9.763226509094238
9.731322288513184
9.735782623291016
10.525260925292969
9.571762084960938
9.260002136230469
9.587254524230957
9.909334182739258
10.281420707702637
10.101280212402344
9.389595031738281
10.162337303161621
9.248693466186523
8.720915794372559
10.294010162353516
9.476146697998047
9.99030876159668
10.661694526672363
10.289063453674316
11.009756088256836
9.998321533203125
10.351831436157227
10.341611862182617
9.774130821228027
9.823770523071289
10.48883056640625
10.271807670593262
10.499588012695312
10.091763496398926
8.950149536132812
10.203034400939941
9.573415756225586
10.791333198547363
10.249930381774902
11.111361503601074
9.710246086120605
9.854720115661621
5.295295238494873
10.54817008972168
11.031425476074219
8.62371826171875
11.540081977844238
11.24080753326416
9.589972496032715
10.095878601074219
9.403658866882324
10.577130317687988
9.5174560546875
10.913753509521484
9.473174095153809
10.278762817382812
9.173569679260254
10.074560165405273
10.430447578430176
9.011299133300781
10.171574592590332
10.392230033874512
10.213028907775879
10.607738494873047
9.606437683105469
9.421344757080078
11.126107215881348
9.6216459274292
8.81192398071289
10.030519485473633
9.625482559204102
9.673440933227539
9.81471061706543
10.23459529876709
9.697226524353027
9.494489669799805
9.891183853149414
10.246195793151855
9.800049781799316
9.414471626281738
10.198328971862793
10.425361633300781
9.577115058898926
8.768329620361328
10.392560005187988
9.468002319335938
10.018364906311035
9.019089698791504
10.287724494934082
9.824798583984375
10.585350036621094
10.560904502868652
10.091509819030762
10.781759262084961
10.348917007446289
10.570412635803223
9.162968635559082
9.9760103225708
10.913628578186035
9.436453819274902
11.42165470123291
11.016444206237793
9.724078178405762
9.1051025390625
9.682894706726074
11.08855152130127
9.999214172363281
9.971229553222656
9.683819770812988
9.97814655303955
10.193375587463379
11.151514053344727
9.189908027648926
10.886474609375
9.062871932983398
9.273275375366211
10.142681121826172
9.969350814819336
10.081293106079102
10.030499458312988
9.722749710083008
10.876440048217773
10.954407691955566
10.027099609375
9.882033348083496
10.4204740524292
10.7866792678833
10.046098709106445
10.507159233093262
10.315776824951172
