12.131462990188409
12.669132938427612
11.049345664714771
9.369354309112136
11.378768141432559
10.428603446525063
12.449673194818207
13.647234516142417
11.944984844993442
9.83621220807291
11.652756197443699
11.364761619300376
10.738430336137052
18.30955961407057
14.648268473951028
13.969604733753405
12.503459890186862
10.539675518780472
12.165332988629622
12.412200781728938
16.63356379928627
14.210337103789062
17.47060491825875
13.270070694844698
6.540282824603059
11.999130079197151
10.182229678995649
15.131209729198376
11.495530084373813
11.550218293687623
16.03320170083812
13.143803764557223
11.983918356289143
14.030813008799207
12.581102315979757
15.121293075787326
11.664714318921982
11.918763580919764
23.890375437112663
13.357715653264123
10.699735605964824
19.0383547567716
12.793208815430626
14.071456962731396
16.42285634705093
14.137713462633334
10.048325981326705
14.298025852204287
13.779120991977509
10.065292531119816
11.870029666251071
16.72490573216798
11.09666487658541
17.718484426724114
9.43278100918918
13.839717480066376
10.181063755491143
13.819499829426709
18.737708213725064
14.485125584519293
17.263084444882423
11.796086977663709
11.6029755926867
13.666696559665944
10.821379085406445
11.735990516930446
10.219749002889895
12.802136536090698
14.651490567027267
10.720708913600284
10.997345619940695
13.88995618296536
9.899562901424597
19.587982487130887
14.664123070919098
12.037581192546552
11.835908415697743
13.742380770465937
13.217608493898378
10.607266925954189
18.728510457270108
15.051873124276892
14.147142691374912
10.692824720452041
15.701554286311996
10.79719563329848
22.918559685078993
16.119990631471893
22.499478814033626
18.928396523251685
9.861890096066714
16.979934063701645
9.352710443675804
11.76212179206371
9.987049236866328
17.640869045031007
17.837633618023585
14.109568118001759
12.257083668839286
11.868366052689202
11.405012274103926
10.498791846445634
9.805069043883492
18.97928491347292
12.86003383988512
15.522137000030623
13.198311744945375
15.840606697815714
12.497972809820887
11.162302088244154
15.695225906101303
11.59864224392396
17.542055127252013
17.77196299790983
12.975926258692056
8.773640090203449
11.015614884557776
10.170528962730478
13.13006698966291
13.149414944419528
13.898332325117744
11.851505762670529
13.418093754300081
11.638720368067201
9.806223914615762
10.319208312247776
10.035194090184772
12.590739231233721
12.755521187944563
9.604378513611776
19.083401256778455
15.909437262829435
12.21294791485211
13.93211547251098
11.174725908369119
10.199003641549146
10.716687907171073
12.148978642348446
19.723477479737014
11.740716365616093
12.41821996899412
13.075242956497933
12.595108846527452
11.55811483185512
11.89261047752434
10.97986583557495
15.651878363183108
11.159770365169441
15.047628749007504
17.115946343486943
9.954048997371332
10.624498797121912
10.367151181901338
11.18477702372506
13.16151054155035
10.526580706572915
10.380672778779708
13.708263979480645
13.560313683437835
10.383672891801675
10.34226971843163
15.191516564159459
19.600597093072622
10.82791279271251
9.927751973741566
11.229163272521612
11.156250415857375
10.66622292725031
12.089244427079741
17.17742231865175
12.145160170868529
11.46651015511174
11.513086062165035
13.278031974099967
11.43250196539913
12.015508289369128
16.568110318729516
11.075627246667194
10.486270811677091
15.562286576068479
13.905646766365619
14.748154592945037
15.791656108527844
11.15996051725465
16.4383070206037
10.665010361767688
16.931892361522117
11.105967356573077
12.188627441971654
13.587025746791149
18.0092097119615
16.230438207273405
10.783822891686983
18.22698918566971
9.713208996625672
10.539044246794107
12.960377669602096
14.153793692492268
15.042037731758832
11.78638584018194
10.79342328306241
10.751527964228028
15.64949383880942
11.52420244231057
12.038903231982422
11.013504412232733
10.946770139765071
21.28848922377426
10.832572940303123
15.410389153211243
11.758265791833276
9.414637953981954
14.213185843247777
15.023719691887445
15.04403540117675
13.812319592582302
12.434850719521313
10.990888451783366
18.56667313700684
13.485949406304252
23.18010392986416
13.461358810956739
13.035115940912155
11.427615780515396
14.123534336769676
17.732298828701268
12.798205768754741
11.324313043902567
11.912927308221635
13.881752532722874
12.5963666378128
14.416091082736914
12.543854760483656
16.02259304679979
12.72028360040944
23.68719892691243
11.494372880492081
12.95764531101834
11.393407912564568
9.84817981798416
11.847034619841796
11.682410514889542
8.486061373226091
12.308015556363783
10.16895504243872
10.482260685075566
10.99450506163357
19.964576603315468
13.025158316101482
9.090843163681875
12.841514949347676
12.603965663054499
11.124319035122895
12.125173155317647
14.369972501831988
10.3556482539002
12.959715618110197
19.76251971666685
13.517893815946088
12.851801691998906
15.150579668856897
10.881800526956736
11.600797641403483
14.529051504275179
12.140833698647938
9.71391974587937
13.640023843757
17.70708917468307
11.05263397190487
11.198003361520572
24.338273186731435
10.783916719013593
15.661701209210287
10.59459957776477
10.912329081007664
10.790795316446323
11.40646167617465
13.453655820849903
17.753740891103615
11.904927266786016
21.13153946738988
11.499122864222857
18.796742376126808
15.984399127093617
12.824368042272312
11.540331030700905
14.3650585886893
14.143026249082764
9.983942880292405
13.202362346180548
18.1686077854076
15.148071316964803
10.374188190639337
13.749498497916463
12.684683089609255
14.080000352989453
12.845162272839817
10.635640739040255
11.336172304918374
8.894668985203337
11.88391221701063
13.618494708635808
13.355092945762433
12.335561101633921
14.360225871640623
17.289642146153533
9.829109177800229
11.371749771205524
14.433473343839925
11.712235198273385
12.33748973859962
9.32101894844266
14.510375749717454
11.053318658580269
12.282242692295815
11.085840940323342
19.274589389797857
10.203127011454619
10.787694925991701
15.971728664726
14.055743964754251
11.538564873488395
17.551314745493094
11.8337855038154
15.577098233819907
10.688341049163634
10.826536429578782
11.273776282103936
17.588705363491904
9.416153978678652
11.8204624745416
11.561197988864235
10.653421717125505
9.312537654142869
10.087883297495436
9.61690706385259
14.726301024377207
19.453477339787632
24.000772212506103
13.042312559620191
16.92740265775962
9.952842675250618
13.94906807291313
19.255534282324593
17.81021350718463
16.929889542094283
10.531834069948495
12.473185397981272
19.11895350712129
13.656876039885228
25.41376645066174
7.666318055052788
12.383559874500504
9.93455867004448
10.394189959451394
11.469234732335313
12.211359493239142
18.769378510535184
17.304765263139444
10.980832832446223
12.454365061182003
12.230587699475695
20.966247840855278
17.92816469604741
10.92058713752986
16.750039509069655
12.797112705172651
19.030290734494894
10.320121751587275
11.050293959181761
12.891466715362455
14.965764757992625
15.259225458584485
11.455221537660433
10.686091101228168
13.666559728367128
12.757456227413682
12.463904856040678
14.79604659983847
12.01232711653085
10.777391517177138
11.67949268290124
15.864255151729104
15.71020690322026
17.52012787797298
13.069392801025579
18.535900318642394
9.473962657006537
15.546013908298432
15.10232068634615
11.238947314257594
13.22964576896894
13.739840899660546
10.171722157717527
10.293136655651615
14.771626408579827
19.44839136851907
11.041637262655135
16.02778980747301
11.276893037173593
15.279535070947395
11.503375915581177
11.750993860691516
12.956570396032818
10.693545547135045
21.720518111436288
14.858497156714767
20.204897315746027
18.91693230709928
11.810210686597626
6.5190111129515005
11.308452762163668
11.742897525529747
10.171527162686578
15.733550437394976
11.372209052706996
13.19693501137671
12.344501914868964
15.34525442863664
16.87874384301906
19.302157507956974
11.483725933932671
11.392541462376762
16.458763196895404
11.87810929065944
14.604618418381767
10.509772169219687
11.19993047804263
16.979429394781903
11.957069578288156
13.632137767086759
10.345379981004255
13.850439647863004
11.050277967517125
23.949139253387347
13.072194889519082
11.379481987637929
17.49380453087118
10.894348883988378
12.321313244427616
12.40151152099645
12.5456480344827
11.801819559565189
12.425029447477147
14.637788305192156
10.65352010946247
20.113360838888294
11.015701526959122
12.561165638251884
15.285725127533768
10.06916136143432
10.502682449102918
11.275035121257618
11.294562963314583
11.962721718652109
13.984340402307266
14.255541446519604
11.002777821443791
10.00764965050432
13.225347248343795
18.16842051872134
15.169970897483044
14.856873590817022
14.780411368659424
11.598981665772
14.786022534736068
10.165978886090937
15.772783943057815
11.568888865006807
13.578264864743229
11.263665576073455
10.472020661603743
15.12418149376542
10.721964591049403
79.61019900588536
17.24129374655548
10.36304089269157
13.347803413833487
9.955781502589065
13.998837809051494
11.21489956148682
16.16977549573407
10.703454576347054
10.256433600148524
11.219914966753247
12.834526603066617
12.56773409191055
10.986933510499433
11.507729979069337
12.091721758509866
11.04304433623709
11.793193875631966
16.08260772987339
10.564251763034816
11.556203899850658
10.028476238112285
15.19953780847546
11.892904660943337
10.534699229069837
11.433642925059424
14.897389170083603
17.975174713352203
13.667275354938061
10.462988788060782
18.36280589017733
19.562962627348192
15.89183819720661
8.094766719660914
10.51052111772824
14.338267041237376
10.903116141861837
10.82165045759647
11.389535590603428
10.47047902251951
12.162127558077703
16.87401779125146
11.199649913244164
12.319279319842897
10.841597572157886
10.747360884081965
15.971066213856993
11.200093362859901
11.640812861960669
13.48004504465384
10.134730548169935
18.015298146847876
13.750950787283413
14.472647554270482
10.65567431596962
11.872136837324835
13.49759754733932
10.81626818326193
11.189354068531763
14.864495128871923
7.269842153614954
15.92777040529008
17.172533231568142
13.336020811016219
13.990590729593947
15.194755952100738
16.37723893253137
12.162808685702275
14.454241700475702
13.60974022622336
17.36190230569614
13.948340005735233
10.837306060015463
19.628860773412917
10.703650704198369
18.386092458600558
10.415501208439416
12.201729762568561
12.71479546238573
12.760515333947618
13.363177146536014
12.69545525158635
20.076354000984328
11.684015901734321
11.146256433624819
8.595016381097627
10.167080899357627
13.211117865449664
9.842839457467479
11.269268146373129
11.161575515628547
14.088517220213648
16.641554694478476
16.103312341225084
16.210630359934047
8.602137228728719
11.892565810988401
14.885182710673005
11.186396324443116
16.914520444229208
14.973542754716938
11.469721499307994
13.225636835021271
12.72333380541246
16.631725101384554
11.651005683074338
11.650446675373221
16.868852327687392
12.81871261169056
12.140582545007847
13.86210610012593
13.857634264833788
11.6524693377584
10.323732558951486
18.115944399351662
12.003841756767526
15.629426803021458
13.382592882500164
15.308324024650398
15.360270189692127
14.375107175672962
18.10197991220855
18.792881781244937
12.245976697823087
19.102492925284473
10.509401547742357
9.626342948774873
13.229434664333507
10.239713934046119
9.471376914323931
13.582546823942936
12.565433798802133
11.409128420256067
11.021263564540078
11.703150777501026
19.623420643532043
13.256258423056355
10.15276364783824
15.570396607458541
16.02162043464534
16.504371020537064
13.775133977003106
10.562494676068928
13.888711690385467
14.63722357157586
13.738050037230376
23.042737912652708
14.938845912879023
14.059036470245692
16.054214638223034
18.080894463364153
10.70413308648517
13.87451543826276
10.917076545423363
10.781086194875718
16.44855615301171
12.902934827158871
12.41624383015267
18.05882893001778
18.234201057783284
10.280352142454035
10.132117395147729
12.603460182570641
18.21617351166639
14.782420291034565
14.705300695479295
12.851132689780432
13.624924229523748
18.962235832182696
11.19004094226492
14.53967513148294
11.058011799939035
11.386093002561111
11.306270528760201
9.479197202560744
14.848729121542345
12.090209870950087
12.096648039989715
13.375901272443327
12.436839886226155
10.35506862265073
12.911964297371014
13.784025947361657
16.00954716842975
10.567905355558871
10.216523293020202
9.575099484203413
18.6215242195245
12.087386804169352
12.120611088462978
15.84129141811911
11.250512123569797
15.605501752465264
16.030526627291916
13.818344504105678
13.293514341384345
19.378339088829716
17.367316046133524
10.501323643272032
10.686994838571751
11.794141921948729
7.587876877452276
14.688541575003304
10.393436007044036
15.03052915470122
12.326988012967567
10.456559103449699
12.727498660904509
11.6337721243783
17.554884304000076
12.427500777861287
10.194997147901907
10.749303298802268
14.260718590172045
11.92117530515873
11.46937958572094
12.272012805060967
12.29201080938486
10.741535641708099
11.078879924105614
11.322384768201657
10.362346397600467
13.93381180947134
5.459783291317365
14.636155585219072
12.33082864907358
10.691120469134878
10.990277246823982
14.02300364857238
11.362530883428779
20.43536409164892
15.56581137982375
19.74519506546616
11.648585178582357
13.265435822168076
10.327848396873113
14.933528837775048
15.55765080529252
15.530040473503954
11.38957051407997
12.356491190321291
12.136071913040174
11.58580941071132
13.398172140695365
15.517304798599913
18.534236574350103
14.75178525858943
13.089258268649594
13.898653667872106
10.823452315216379
20.824483975438433
11.177339989386466
10.812867084687596
11.040006347890248
13.647899849112623
17.71381416930838
10.271041002220224
17.28608088184848
9.771985177579143
16.9072274491454
19.44002000243984
10.682056685510052
11.282802793135613
13.507648904963007
11.635552480288567
13.81005691548087
13.683190146055619
10.245435637030054
10.188675478224548
11.810866516738477
11.376269970004913
9.914443773701745
11.216261230816484
10.895242992968146
15.986129670064447
11.519969232080953
18.916258139857607
11.874867852498133
16.099909286052235
15.337830534276158
17.900628267174756
11.416714283904097
11.438614747938338
18.335655614764196
15.951682583497497
16.371662451715302
12.644537593346042
11.76184475084487
16.74805928708895
15.598365896957404
11.522398265818373
14.627231367683155
10.027744701221934
11.455872939557542
8.67931043422133
12.56622345382236
10.43445701464176
9.749897254673174
10.855245311676319
15.658700265013008
15.592309970996169
11.126887396572295
13.126709820692353
14.397139069910004
13.68635903316412
12.292886308829205
9.943188176953832
12.572936609010686
14.755588905271907
15.458652039712003
11.596610987761393
13.834821384060277
15.541837078990705
13.346103840895127
11.658275331582736
13.2842240606078
12.656369720390101
21.05831518994238
10.868535605606045
20.070466916931377
14.81907573659512
7.136479820926282
15.880266087064797
12.50503213525086
16.994506044158374
11.121032678591936
13.345591482061979
10.704992502955918
11.107231846251906
12.014286314500566
15.281286796635131
9.251846319479066
13.489718849775297
13.67795087328715
15.333732331007795
12.738582788351051
11.843230448393173
14.178581410941476
12.708233366494635
11.14370156907981
11.314055684121726
9.993477645225775
21.86931407632377
14.635314069769642
11.38451220075546
15.076313397165041
10.936161682902013
12.726454836454803
12.62738447046402
11.37566318948137
10.536787819580754
6.621658184444783
15.12300541967603
11.450507961120628
13.31314835241744
14.384846345385917
18.678189999896947
10.614326768786384
12.357390149442292
11.757254421894594
21.41393160443669
12.054492121929691
15.829697622319932
11.315630320716354
15.75571362562677
10.173716619400604
19.92298160466577
13.886790360902145
8.009962901453695
15.664089403837654
17.417751819353928
9.92800114730421
10.985246816036312
15.892132503091169
13.953456834405783
11.353699783705363
10.476375983277771
10.512165454295157
12.895962166287228
10.721851486477382
11.589230862546339
16.38046122802791
10.987040502767705
10.663896235208943
11.378197064590365
10.902841884930524
12.204085532967769
13.370913793892763
28.57353026118473
10.43097703510121
15.224249364002297
17.82928945978409
18.570524086581365
10.508193210813948
10.555832058188786
11.129469342115764
13.718704341252483
14.508737787841431
13.728238149071517
10.744916256097122
11.487412216818553
9.607025193035216
15.032804535984742
9.649579081729128
11.680463689323966
11.074790190291917
15.312739575641816
15.753803095207763
10.3841693262228
12.887289077040377
17.119224681556172
11.593996496789766
12.614426130900997
13.213203675370577
10.743552067307728
23.46760690216786
17.363146540747557
11.085495254479516
16.716405373248104
10.809725403203403
13.594732387017448
11.642864472022131
15.76608579790868
11.65231183205906
14.503186067593369
10.694728799883455
19.65641002264695
11.514146715197231
15.011368388977605
9.588676373924686
10.417238400123912
10.171321653916694
17.662519374457013
15.863054674832762
12.32315016756544
12.386451679138485
9.894763120315147
14.740023074735246
12.255793212211882
17.81075695729607
16.60857681293031
10.04220359218446
14.8968010161542
13.33172072475926
15.537494133509963
14.485408221503086
10.870135919919347
11.329881066326022
12.659621641884264
21.323398534708307
11.722726349195801
10.814466953942564
13.999548189117784
13.965897405530525
11.26305953801296
9.739957430754174
11.355733153238882
11.360186234735782
10.636938795717692
13.6076016579655
14.223039496259586
12.416361268896713
12.992417720305905
18.59880551281019
10.073547155542787
13.99146735027189
12.559431488383977
16.703892096637382
12.193239884366616
17.07727504806849
17.507665242077778
14.859505121777815
19.703495099948924
14.202729285101517
11.767674904550066
14.712818975738525
9.78065112286217
12.588353409403128
11.700174312068032
19.79650553622892
12.47325151403373
15.791956093496239
11.838859042084565
11.78930538588573
15.060101802441768
19.66582136557071
15.459696487103281
13.503123992037233
14.68243223817131
14.049187282694717
14.885167790959713
11.15072671055472
11.558544006717861
16.46370125558395
14.776208253004892
9.725607767951146
12.376784936277414
14.050661987875268
17.304095580292397
18.029420915128487
10.064014913391803
11.15306793738981
13.140688631760415
12.904038221494334
11.769893682236951
9.889962424174618
13.138668177488404
10.547271419849153
10.466188396529311
12.546025904597967
15.183411944779163
11.798211572715292
15.639525587079833
11.690367925626932
17.181836576977698
12.262108206712403
13.680846880639802
10.785986017746852
11.014560700496025
11.182508437431954
10.594153562056668
14.049744161907839
14.316362719959184
11.791320674804735
11.756415647683331
11.247712280616431
