0.015502991463031695
0.05023294651133634
0.05444025008557333
0.051915609710585994
0.05164251275559345
0.055582911372558205
0.035218620073566194
0.062357062345177246
0.06488607215924194
0.05231496446773128
0.03210632363892228
0.04227746002484579
0.0405555481785766
0.05484517346144894
0.05287881868402129
0.05679232917079999
0.06242985746104068
0.05036302311931288
0.038184739216791795
0.10651653401114661
0.05190484707773037
0.026287135024222613
0.0725844734632736
0.024034170949370322
0.037188609064389144
0.08697662967789738
0.0698425008615566
0.058367065189053206
0.05430293767107879
0.04547350677332343
0.05576406939769746
0.060148894936766235
0.07604016454818525
0.05741493748496449
0.07084771646513799
0.051985149434532134
0.06745452961832878
0.05626119743311041
0.040790912096089586
0.0563436225604218
0.0672321935839134
0.03715055017370358
0.06881359466817318
0.058205596995727915
0.06381162062087428
0.08196247804887626
0.03958144510836195
0.05758674126673517
0.04167170755490687
0.04106895431005598
0.05512713251629562
0.06835034420588942
0.054657185070544304
0.044575061091563034
0.031203332201094166
0.06741745783031702
0.0599618949952219
0.03144459625782869
0.03569465771794167
0.031743202502219195
0.05572920538729386
0.06728294007466518
0.051085192799577274
0.05735081460182845
0.054833034398174
0.04241868088191814
0.06217654689802016
0.021682608830336736
0.0810009708280765
0.05219207850813323
0.050539418986564416
0.03342033708159767
0.033951151205846304
0.031081112318369613
0.025306388107922094
0.06578906701047495
0.07789517081520915
0.043842000739570466
0.06083810344413214
0.049886417762112584
0.060100320683874164
0.0750235843146005
0.06811114381430913
0.017252398292875965
0.04486652645059846
0.032744280185658656
0.06583439599495174
0.04647192689397319
0.07287014000828695
0.06274496595013325
0.05534079533286757
0.030890296391339098
0.061833603069429505
0.07493065433062579
0.07352128211555958
0.06254978897386605
0.07919470900158622
0.026619970247439957
0.06505278272537282
0.0636367947770878
0.03739644160850715
0.06545319316132266
0.08843217241959289
0.03858129211523322
0.04079562814248212
0.06271090375561798
0.03818701396619643
0.08543400401408666
0.045446406998731474
0.05999220918812344
0.027261640451933796
0.03787371427684302
0.05778759115051872
0.04403154616287184
0.06984652566741986
0.027173108851329997
0.05977929007571452
0.09018680548648854
0.03987549438757318
0.07557638032863251
0.0402843858835668
0.029865685524009145
0.062409888447351076
0.04740265999173778
0.08591265936384627
0.06426607864189975
0.08996060038024707
0.04646249540681529
0.04722427945637241
0.024493012120050995
0.044863639810821074
0.059194077416866143
0.024376182479934932
0.06314429370081512
0.05695587926966154
0.040427170454834654
0.04315492292536597
0.03832072178294584
0.03908930471290522
0.025543837796984683
0.06558109106727127
0.06453568336576736
0.06127463716383398
0.057537888459967775
0.047863451778337125
0.04784919996664482
0.08336477782373272
0.050869581382841936
0.04357231243407981
0.06947941511762593
0.03712549977830218
0.07297619281299396
0.04081555702497589
0.07334622077200159
0.06966496532032364
0.06829821290086181
0.054400433672493906
0.06550710629062041
0.06106880583952465
0.04891781230788582
0.04943329304619189
0.06348448113330665
0.04766486315850602
0.058184493892562285
0.042600767096031875
0.05316946311039849
0.038560262003524214
0.036895111300323996
0.03595089604230072
0.049752655542507504
0.03368146196096957
0.06276422555757798
0.04793859833096324
0.05383829390914535
0.06088584614228041
0.024473602275743998
0.03570881749871673
0.04760643769142763
0.07863858661140183
0.07269267028591099
0.07217858029896385
0.09036326200664893
0.0302601741783768
0.04460621846125816
0.036813238138093785
0.03788773461147486
0.08063065720766911
0.08607780677665146
0.03355622637175879
0.03553440289017481
0.06395695652274833
0.034845272308440416
0.05545121743064654
0.03481325023008588
0.04095476067419767
0.03503156605859858
0.06183626005325467
0.030720540396483437
0.02448737552297553
0.0635703965557394
0.06398564806933885
0.07102713011971558
0.05531370030088619
0.053852277241761726
0.06665558955231918
0.05895174134665084
0.04050119738518738
0.05671983622879014
0.037801207517880415
0.08312945282746721
0.037151207948881215
0.05162563987397588
0.08308254587227251
0.03408987532824437
0.03245397304278697
0.11822602050089757
0.05478644960793964
0.05435353128046876
0.0482718691070671
0.04511744487608509
0.04486388971943618
0.04134622768133957
0.05133762374818029
0.05973635470333264
0.05630486490783027
0.061259062824934644
0.06247573511716215
0.04203669001968774
0.07865764315617807
0.07682270158761549
0.06094447092350867
0.06495608337898667
0.05769663977025433
0.0500677857033259
0.05351533280996693
0.03983008354963654
0.03457068894196652
0.058676870732155134
0.028877902450422148
0.039227014826830255
0.05384478857145815
0.06244490874234106
0.047943575140027415
0.10270799308194578
0.048550285773303725
0.08609376391043143
0.04799012577389756
0.06765175622103127
0.02438295794508729
0.0653914328065696
0.04681102867551677
0.048826086813739816
0.04697592800031609
0.08417804777369842
0.07885637048675234
0.038633079835791014
0.038035117886417925
0.02641975186521119
0.043539151440689
0.05019549185445916
0.05933826887040902
0.04316986449637181
0.030979922667582222
0.023673891922501373
0.044581102085765496
0.051736262338002874
0.060213815720504174
0.05937288402358497
0.055210588466316185
0.04513396429663065
0.08090578615316316
0.04901634964749102
0.033780769068625885
0.028818793820170944
0.08074941661917952
0.043883927596891054
0.07693686844644533
0.06334110452073137
0.03991506461529699
0.06594674932393443
0.04252889517370763
0.0573024110800774
0.043642140193395795
0.06564717371655464
0.040165128070135114
0.0628517257953005
0.06543030677168842
0.025225157792397944
0.06726333200674131
0.029000984024236103
0.042600910044055855
0.023745965274280415
0.07747072100641106
0.08339923391872289
0.0409423752949425
0.07506567541274632
0.07047761245205676
0.04054265118934618
0.025511858883819447
0.0363472471006987
0.052596513951041986
0.05409419810821578
0.041646231466681574
0.045396715329017616
0.03728573261470884
0.0529507799127767
0.044574705384261316
0.06992609864739256
0.07327880121897942
0.03910011446021269
0.08193851727044582
0.0387310031788448
0.05371844384800856
0.05943111854545857
0.061902556153979875
0.07537923101557797
0.1628185196812174
0.06109140366276688
0.06209025132067042
0.039811702492578246
0.032688291738222845
0.05388024866347476
0.06322249402358582
0.03658269710897406
0.03434147081718048
0.06623892769061544
0.04477261274967764
0.018373563404955995
0.04462289502046805
0.02152437224098957
0.04540853991397931
0.029649886548173843
0.07487970004803607
0.038087870540369564
0.05368909804033888
0.08457127118320862
0.06913702107817224
0.04683232829041736
0.05510960363442214
0.034447534880111
0.04412175245130892
0.0379075499950417
0.04986224778724092
0.03513106516963696
0.05726593594189215
0.03047050733489735
0.030087141478281385
0.090428555050787
0.046778014378151496
0.05550878868829124
0.058080744054718886
0.035986255536592966
0.06014888428178743
0.0233827931347318
0.044668633141860266
0.16614408007901083
0.0623971709125242
0.0890238673157678
0.04753746283856367
0.5273164322281633
0.051623137178342826
0.024707095330162816
0.07800161813560445
0.06575430644454455
0.04282542122542031
0.027877139877774286
0.05147765477713197
0.026681848723347716
0.049018389791502914
0.08353613491665211
0.06639656317585266
0.0630194679896087
0.08691838236799124
0.05591080090355836
0.062282479262551135
0.05605399913703377
0.02432837111699607
0.059223628570457376
0.05538921401950124
0.07471289260993237
0.05283556636100426
0.03864456495556119
0.03535989603526903
0.031564217553794474
0.024286343717736365
0.04811948351046472
0.03332173823674027
0.06361217251945743
0.038451462866323054
0.04776975398962606
0.04315333655042245
0.04732032121795784
0.02565821431766837
0.020644007447517983
0.050035429092219676
0.0665103587914201
0.031991052808705484
0.03188153744302847
0.07422116262337182
0.08184216160343635
0.08992854959124597
0.07262506911515579
0.04496078667114592
0.059743330272805005
0.021000483382369678
0.07236792931741402
0.11155560696668217
0.05023433912280574
0.04477072124181232
0.03588273724224235
0.07440644566839344
0.0630493142933468
0.03514014782917641
0.041467005487201704
0.06722277870892025
0.06638595823079527
0.07880251982136546
0.043073299324042
0.165377403626626
0.06161893126913526
0.06173591558677633
0.049005105542253694
0.03587770579167274
0.03322850285518099
0.05875414923041531
0.03618075265424678
0.03878465796823135
0.05573197687454455
0.0488268747112451
0.06051248191422988
0.037785101150434035
0.019706320199203563
0.05435223474402841
0.038937507263042695
0.08866565031368398
0.056965736631523496
0.023208113170219345
0.05750166101462199
0.04120561002704729
0.05041972521846737
0.055433438452219035
0.07912361310521751
0.05843556129889355
0.049114983251709134
0.0695034459920002
0.03243893768274962
0.04795528666565402
0.037752550107420034
0.043993574686844304
0.033080572694928354
0.06108488250744312
0.04770065612049491
0.03950825320756953
0.04652361867140591
0.07559370904920534
0.0683587931044224
0.043665403374329434
0.03997372173210537
0.0549685902951379
0.04153272304677027
0.06051915344901959
0.07590133361715051
0.02777871904665964
0.06428646717059282
0.053418394649310454
0.04477872209528049
0.05887106900710249
0.06486761496839683
0.040067192646323926
0.08941704031333456
0.048008064992121596
0.04106603862908254
0.03660169717967553
0.09391033625337661
0.03981492508781265
0.040722027682931185
0.05679176777473615
0.06808795120606853
0.03885985269583047
0.05837172613620099
0.04641329408635356
0.13062766467725098
0.04672861004070541
0.040396650791275045
0.0329584020965399
0.02710948168674671
0.036543294625207584
0.05066536224900352
0.04698713633483307
0.06070815060506361
0.0775495824902222
0.04325964342641423
0.04994537124907352
0.034511520569159834
0.03896847160125657
0.056512904450474945
0.05188138700142309
0.05833355045542486
0.05469318436673101
0.033532530369209515
0.037228685015945596
0.027665486646182784
0.05305656959445652
0.06171340849894324
0.04021394404435858
0.03190425830028397
0.034305019069467216
0.09436742358480055
0.08807196382670042
0.022589781973793018
0.060032173441054625
0.04004163798786202
0.0526645687305702
0.04724710517830056
0.0330258568106217
0.044742891644358976
0.03511678990171444
0.0647086402057167
0.04770248276111923
0.054229784433338736
0.053927844937828734
0.045277277461448315
0.0608077846412458
0.08600107613292345
0.0361433197636207
0.03011816635821192
0.04483011794695843
0.05900827761040557
0.07558011744273223
0.04911917495078994
0.023776435020163265
0.0509022034044673
0.06364220086794145
0.01605015973065951
0.06861273938977229
0.041549817412852255
0.07205687627498163
0.07353449034572147
0.044041161428152655
0.05515653689874994
0.0352110395105463
0.0544372819697317
0.0664772329252457
0.046965941225777255
0.05512603335731973
0.07156664367886204
0.02009318138788214
0.026068761609564062
0.07158137795574618
0.07602040032469011
0.05773367918355637
0.06289960906612665
0.09468027006235379
0.06621278500790882
0.04344558851553073
0.06331669815029681
0.06311481163813229
0.04889704254380951
0.04160699197848656
0.0478789604705997
0.018844549579620878
0.046595130000199624
0.03026260796855447
0.08712505713621864
0.06880286262374609
0.03772350837479277
0.027579978264537758
0.054789345156047484
0.04398875162031655
0.05440152821443569
0.018163043727603242
0.06461592039377115
0.07068785913679815
0.02948561185390827
0.055028815100180976
0.055366175709135546
0.02811919924159163
0.06966278170785596
0.0931797194009423
0.04520767625135867
0.062331802496159966
0.07118989841803654
0.07570194798974679
0.050864859157986025
0.035672850144052644
0.058972746837655056
0.031712022241996186
0.0199189360798672
0.05651459368946978
0.07680647401337755
0.015278758226956101
0.057946034334952524
0.07459577961052491
0.03773739685111811
0.029721807207580195
0.053492850404647116
0.04633327529037016
0.05325317179892902
0.05374900973779197
0.04947892077069856
0.06243994148574786
0.025659400385584202
0.045413279112101995
0.06179825670442049
0.057019046222429724
0.04445949798514148
0.047839838830706534
0.05037312120589721
0.06175932718460701
0.06085912341543304
0.04899074366351936
0.06752531820362048
0.042451421406407994
0.06598435269924408
0.03907331231756642
0.07457069419825173
0.06737905400950032
0.0674367630412276
0.04952775430537082
0.045989869826895555
0.06013107560694219
0.07333171493652788
0.050084572403528635
0.056115185484028864
0.06632188949603159
0.07198024857092467
0.07220872497065889
0.039654051973372524
0.05594575555926801
0.08687210655528559
0.028848058324598608
0.0360934042985026
0.049984527186321674
0.07104841320557004
0.04202775189255606
0.04804997541078096
0.051845104688304076
0.0761987540146311
0.03052192675829523
0.025543158714981952
0.055311728805544594
0.02589689266367382
0.03634209189164091
0.07095688279088634
0.03320327274929849
0.03465078321481835
0.05864403007327683
0.04665476440410242
0.02565661295934071
0.048951348470594756
0.03095920802286358
0.02601259084806111
0.04748698297732691
0.04334437137620901
0.06095045916606357
0.10608870733698694
0.038472267397154744
0.06775457536121433
0.08485910376058646
0.0437594582415475
0.027755563052880714
0.08466837342986881
0.04278440564115
0.040356693151461356
0.07758802974428965
0.05676648440399467
0.028295228035955192
0.057312630430870294
0.056481880448121705
0.045105490770046525
0.05525351703347001
0.03773908859792784
0.03984696433722383
0.04611463417471682
0.033812179039974785
0.05648570912126209
0.04228793528833615
0.04776910946953117
0.04275604994876935
0.03604325020049065
0.052543975094811304
0.062340464219154935
0.0361149260219485
0.052633188267179574
0.07015426356430059
0.08427517571098152
0.07516728010117772
0.03636721680577813
0.04969387066833117
0.05198988717423381
0.05557714909837321
0.04423955617949077
0.05801695110944672
0.0506580482800103
0.04026515677401658
0.0572090901388007
0.04483068147642433
0.026905348878508917
0.07045377121135994
0.06760734666537245
0.07290237710747964
0.048788977182294746
0.036055015714018486
0.07866217874083287
0.03610964960928444
0.034836901640604066
0.07724998506898255
0.04941370281011505
0.013375943348530577
0.054177463983001994
0.10517098300445991
0.08552871680732611
0.045302539386407735
0.030336575964378845
0.052393591398073217
0.05020320131925736
0.02032907854179224
0.05041343822891782
0.06868814066871466
0.047957697444344694
0.060613745159543944
0.024393489160738486
0.065418567490197
0.0421588594197554
0.07740438986282373
0.03827237037451547
0.05880892994585725
0.05960999024218096
0.04233608799213678
0.05179077486251798
0.06947855440327488
0.06268415341135916
0.048809921614725096
0.039992069468194696
0.033955080053380035
0.05695959461259102
0.0992259108898059
0.06328743219684178
0.02817535348024026
0.08140380994864259
0.04243821146163184
0.08445463868560597
0.10009365718145155
0.05548218425363717
0.026742924303273602
0.046272008877096524
0.08877898241888074
0.05326332997376337
0.08515680134763162
0.02968853435989915
0.06108649352204826
0.06164360815548115
0.039931551050001624
0.04915257179669791
0.04025156066031084
0.08415416438382152
0.02758617602298628
0.10297225904440814
0.04366954082231492
0.048199008893201604
0.07266200501391809
0.07983554286630373
0.07336086910626388
0.02517602599571461
0.04326361824568847
0.009699866420666699
0.07678150876742319
0.082925883837763
0.028477120226682112
0.05627083947142935
0.06412335815248477
0.05584596534042211
0.05596705751944758
0.049191305514238046
0.04519675914272712
0.04386857368430349
0.07154098171626663
0.059161480991785885
0.03837606793442134
0.04588708889752548
0.06231882063615153
0.07505076213034685
0.05261452351337126
0.056152420350069406
0.04685324812893466
0.04665749889197412
0.0657026465267364
0.0849661288855476
0.025881114544400594
0.04979958618454336
0.05430863366853881
0.034180483962634865
0.01913124962505274
0.07617368146743929
0.053187815122134656
0.07633004291648081
0.061344738827026374
0.04476191219167655
0.05118183368414864
0.020958954519863397
0.03478125572596785
0.045036701795227035
0.060453943422240544
0.05538044139935734
0.128719564439614
0.04931099303697063
0.06804320842572865
0.056185389846530695
0.054021389500877835
0.05819376828830566
0.03318509492286462
0.03825318870395409
0.0782842619530737
0.04210904709223806
0.08788232521174417
0.03786799100670252
0.052165315099570266
0.07620289630843415
0.04729535843340658
0.045171346360551305
0.06196747093459995
0.07543444068101175
0.04036073081587462
0.03886838327275169
0.02150004203974714
0.022398046507543925
0.04252085154802195
0.05926133010898287
0.05224225951492299
0.04622660318896059
0.04748099461935417
0.03198193217795504
0.03268963478213919
0.030396263122459168
0.06517434047675694
0.052797387127586935
0.03990003177291437
0.06874218111580294
0.05190502951557773
0.05387774795689115
0.06533909560801844
0.06035981699650528
0.027001254569346468
0.03930017788435374
0.07147331102107476
0.07551542759775758
0.025773880492094673
0.04196979046688629
0.04608723839170098
0.049194086241059594
0.04764463515818799
0.03836134662783082
0.11140522857820218
0.07863900583260255
0.04249122217244119
0.044906633936002145
0.0449934754207007
0.044109915907550555
0.03671092515450983
0.03519843762320232
0.06851078873856575
0.03954302864704315
0.03023517421785824
0.030412351106676564
0.06047520853301282
0.05691041310898173
0.04495351413778964
0.07782869653443404
0.04655241099781031
0.04480792637403157
0.0490309252783971
0.07095954732502881
0.04298392709204313
0.07427743928676862
0.0661394309934627
0.06368831897460257
0.05459824709074038
0.04520634494596735
0.03266543304151421
0.06232279453122142
0.07133227791635388
0.03894454687019206
0.05498778757811016
0.08205912249595268
0.06760913026583418
0.04029504752969002
0.04225898846019731
0.0463612568035489
0.016187596988411587
0.052722335209653325
0.039481179561537016
0.02316061051333471
0.025535131614067553
0.06626136396110058
0.09129219470907893
0.04366960714327573
0.07696922251840256
0.07272941070129171
0.03660392565726805
0.04860100992145719
0.07210836844327023
0.04519819822187369
0.04372578684272707
0.03981932109736351
0.03174278406334408
0.04420824721060613
0.05048280923831029
0.04247437785999914
0.06641939793364338
0.05450381310327776
0.049987554606423026
0.05628782415782851
0.05994537808536943
0.07577231599073318
0.05003252262841454
0.07221629768317368
0.05780334605759391
0.02046622871583337
0.018628701907993653
0.042741563946128616
0.07386320991475412
0.030336714262246104
0.12699133067769924
0.06863058867319673
0.03427156381145984
0.055590726828337544
0.0659930945695039
0.04597854792790679
0.05629963612601857
0.057127482072649144
0.06149590701290182
0.053342643332482044
0.06655679181328736
0.032676521101640946
0.02335498618346494
0.06364635253136634
0.04393078462810443
0.0627496533944677
0.037574371858676674
0.0464123919782661
0.03887471188169465
0.05528746668797702
0.05378006731935522
0.05826977472366147
0.02892415021827554
0.0619953123134119
0.07019207899455779
0.045815059872022064
0.0704234308155379
0.07696180566258397
0.06658943772322262
0.05957082208704435
0.047356478488304064
0.0495921309027191
0.03823152240052068
0.06920572502604724
0.051159706228844117
0.07630385738956509
0.033702136266498414
0.06205834225638898
0.03998252718311564
0.06116182064174756
0.0652308353285783
0.07632806541019506
0.08048115706339766
0.03573903792236317
0.036933301875857305
0.07235585805840805
0.06547398145735571
0.024006470240298096
0.049488313212354654
0.05205704778192278
0.06516657933468789
0.0527674932679581
0.10797586089185907
0.04009100924208134
0.025979858169866213
0.08071756858625377
0.06600862268675131
0.0613937219588201
0.01871178843884523
0.022987527059174843
0.034364655824378684
0.03553430252536339
0.06748726858097129
0.0618318592556068
0.10444656077122894
0.07123354682488038
0.06264707594043066
0.023164072954555928
0.1944713008770725
0.07323507188365792
0.05874769999867654
0.06576131811791186
0.0587932398214091
0.05746817120324813
0.06839297942216403
0.0658227256160963
0.04467260584378413
0.06537632590609355
