56.89154028635762
60.78757980881484
10.343215290985547
103.58728511514781
77.55103809292808
132.0705362400135
106.4191351861973
75.06335227761282
81.76795875184196
103.06294041840333
115.89922104513064
118.63278061677411
47.49609042203392
100.39632031788501
142.75588760810027
0.35579098442840185
44.448171520803136
119.71069366772673
75.14276705602836
70.92548153868415
64.91542704386507
67.91235247065848
57.508637999895456
63.001296354908796
43.671020806203245
121.42541102257142
21.64771708221114
60.857081266944846
93.53584851131097
27.76331379463925
25.608822345868866
60.19786497048913
66.38311713757872
165.58204994690942
68.94220055625584
153.4751463747613
51.22052343951701
62.11185580819026
78.85236564392302
116.95754848148323
52.1917509868093
83.66687084334124
51.31383581839247
123.67179932632868
54.269082780795785
37.827371990275104
65.02437694920978
81.54817856823804
140.70907629416357
28.699020502755168
27.796508149611565
27.437467795121293
59.14637778877299
31.68170856480678
48.00929515258019
96.81851920457426
15.842884726214892
118.44216406828531
45.190812190689506
35.96241154697152
65.5812967868088
0.20265549329684515
61.03726619943618
48.55309848178592
67.34095358220408
44.87699052244756
74.16982703687765
61.59840000371871
0.7815383630518788
91.52234679078192
46.749638129902486
122.18540104918182
63.002658907466696
62.43485473062985
54.204726376873765
104.88903313912623
51.45528282702721
63.098737104935005
50.01688442097045
26.749012302818727
60.88551764860788
10.812458357483607
10.522637941644883
105.3263715597211
58.99242160557551
35.55276635641159
150.39991611131057
160.12769021903404
100.34616184556779
48.4150403779723
37.08176352803751
106.19036229247205
115.70854962570388
44.0173721565819
45.144696878105655
68.60226470816059
47.22409402950357
34.42368682425694
99.58182335186844
60.85937146715542
39.124524289516636
77.07803340178096
80.4745070155864
66.19333673991693
42.660942627839766
96.98587604797687
44.044039145665884
73.47617202535434
48.95878157864655
79.0332564906591
41.129676763094295
46.98491181803673
56.45197632489287
98.75119903010352
81.62813070576601
122.75516023470124
71.46147162394719
81.3605897351767
68.79393171169768
38.25949173880771
88.02082496630977
22.679932359940928
76.18699664672184
82.50784586981831
40.822751640808534
80.9989751573495
27.076969398976274
1.4882756534400352
36.6250327304283
14.339117242417405
98.65581035471193
67.9805973056293
83.64967971923373
67.82032611586449
143.62342055212775
84.65060981110678
35.97211537072995
90.08440631238112
86.05693400326858
45.08997502510528
101.56230968014442
60.925220477451305
87.5778153648009
29.14672241792454
103.17637032388231
104.93946514174395
49.70845577359165
133.85002924993904
50.044503715550704
77.07059176235744
39.13022101456233
28.056810844863996
79.00047171756333
29.956836308480774
91.63005444960386
88.47394741342286
123.63647218661313
30.01586870523911
134.00393712445938
43.91736692825956
56.377995939456895
77.67854980443258
63.58537998891094
82.63575547384525
37.9420441229835
64.47580563729724
95.81965339615994
56.77004699128911
23.01981621923756
105.40051430935375
159.10077043052445
47.61804454415506
44.54194002860311
41.577803662130385
89.67122522719174
146.19461396519299
114.93026506507573
55.58799747218633
62.77452368170104
47.37334837494301
44.0348235784212
97.38551759143915
29.947022917361362
57.45268893083987
46.92526614325686
62.537450086971816
69.52117720362276
53.04812597601163
95.33667752777494
54.10742528513727
101.75615987371923
115.52467565266006
98.29916821837384
18.76426848672722
79.09232549192757
75.61678650042403
83.12106053866671
69.72354357889157
75.19043251875458
101.06674714155876
52.181499774216206
60.04543074343904
87.56192081289802
70.56804266374739
88.29219868175107
102.20905338955164
82.10109016486423
58.09388473237942
115.48270868958869
103.23155703012814
0.8772211867801741
89.19428338328893
84.32980375940379
40.60369013542394
26.505658963224096
55.40235284609563
46.14448220143168
102.7721954026816
108.4070978064493
45.93712678915005
99.96266754885606
87.08606893911154
96.26485893578963
62.37251696607542
63.358590446135885
73.10734977294142
59.3986476700828
89.37545900928605
31.04473493993099
90.68633567543031
52.46851336518803
89.21431237700655
22.05759020407156
56.72702028775074
104.5973272196936
67.92421344840966
104.29322813467748
72.67835738344002
86.8948525200428
100.32020734951752
39.889736925256166
121.8705092847852
61.61279196412807
27.385123031426563
72.50019663277541
60.9789309533448
56.82890320703098
0.9880870826109854
98.82654864118477
95.55723279738545
55.51486691292558
74.89159855188116
56.2415645993629
89.55968540605112
102.33709313849864
91.95215573933399
98.90171200980876
93.22623192389587
57.367775516476286
57.0474091590165
56.91048994917941
89.54633963691501
63.58285463584694
107.22390371356964
44.16586404236383
56.57033016340663
79.6274396258059
45.027167640985446
104.04655853040704
69.52907035897421
133.94140094738987
160.40443190911716
84.76038100405769
5.9883717098335225
17.56303589294079
108.67386047345846
53.4907073906286
25.943457785157754
25.311288260420596
91.8179145815946
62.472750303623386
111.5636869860088
78.71368860394963
96.67715482732608
90.85927286329444
97.51338462126537
50.54225813145313
53.91341300108307
80.43339764590752
97.94087861729963
100.12547134217336
61.199962425166824
46.1906609718403
20.57100771743509
57.853658707986014
82.25002320999742
24.036345652660835
51.488220175196254
67.10379326787444
100.03891046550997
119.65229553172101
170.48042519219146
48.23516335776599
23.896880100960022
87.92625399896932
50.84633653737373
25.6968704142131
64.65871892653136
83.83068404254551
79.44551794825207
63.95683158606331
72.32286047266727
108.66954527590467
53.620242370151665
52.00088418375672
121.1210456414551
0.5820976419475877
67.31571007904621
47.08053543613546
36.16792584978699
77.03807344332051
41.984220444081195
61.93068541585015
133.95072920671424
83.07013050822857
74.42514273796615
102.33446356272117
94.58843765244592
114.27997511269353
90.10472166636434
111.75470346727434
47.83362116968007
46.38663877590892
86.62561683078327
74.87776158938712
108.55317171839151
41.251311607433486
67.17175153132217
129.54249129309062
55.35312618690128
71.72900313638617
58.1411354852083
31.623898180984643
42.51220373240625
96.86974480410129
73.75972547104327
99.18357756158187
59.27002077748373
105.1625777851589
111.1228205483331
66.97453404686878
61.49041476248729
32.08315172370157
24.236110821953744
5.557751898213284
97.04890132595997
28.796293428928255
49.82788798955628
66.45044607494765
112.16197465024605
53.974484770723045
30.75373987730279
79.97300619402645
76.09235704432149
63.53894786974888
107.2029505418809
88.26440015412761
121.00429197034397
61.389601973161994
72.39435990548449
105.5622823293308
57.31012585641824
80.06887478276154
81.22741864111015
56.29534349655088
58.645110465846955
68.43705527905645
97.80161421600775
40.619547852891266
87.25271793831254
73.76636690481384
56.32014289124871
49.235124211318286
73.75315188044846
56.930855917472634
64.68828088010441
42.840818967257995
37.60212333560415
51.74143150422875
112.4181013987651
79.37998016471563
95.60995818070329
118.45226811367138
89.05484158347458
123.08649392198494
131.22818819719973
86.13425295926686
73.31590645839904
25.566114321859658
80.04401015457739
81.55664257060702
90.11723730702722
66.02063971683711
89.63157669962308
79.13153977842302
40.277343062284515
67.63833460914013
71.29327032577129
45.77193559805759
59.747231621995184
39.93427311367311
114.93147534245497
17.02334654190464
85.41546693189255
103.37006472292836
51.54056657742385
95.97178547963253
0.21559435829276982
32.04493994035993
127.3497018178284
53.242894978600674
104.98427732038193
19.621230029377845
46.101255361349594
62.41826329930825
42.003226246427644
85.58451302417407
27.36855663990027
30.713897789691362
142.3974709055813
71.14262047884283
73.62701849560044
69.08528944548655
57.21344707567843
133.2782337982038
82.65349290567936
38.1156560685119
62.24307047934832
65.4046018638836
32.307936942764464
65.5779080232774
61.571997448607405
42.45383238051776
95.35018178785995
119.17959472582247
121.55129111579656
45.251530094136754
73.15233629241476
32.10235962264717
78.49717946886912
24.74383660532982
126.70524525288674
88.39215496173892
58.70933326675887
84.30554861117326
40.30593771349197
67.51928713160983
55.37254039334836
97.6458625375242
65.21013040800352
186.19806792611385
116.86120176505968
44.94025574387497
71.87826621760118
66.33025792376074
57.68419019002726
63.41779377741431
68.88153740723888
93.63089560904152
73.31016542971993
94.83486615402488
127.45388062542183
100.1656863777972
74.44421960592355
1.7250246663405486
42.45877930778713
66.13299706711672
52.0298173120716
50.84453539684718
38.365962851158585
47.687362523221466
40.37437774287965
105.59967498819994
19.75441943143865
83.75969398729411
66.70930423757062
49.90672289997856
73.70466007161238
52.64608284048488
75.82307579318726
45.313278931080966
101.40734617236522
39.25577694403606
84.02594746152477
53.654017233657854
60.04276849530462
126.82900338592057
80.62753362514198
76.56126150014616
93.36544650849943
28.855442588106136
85.57451019646962
44.88994995968305
83.96422093918542
58.94320493266442
60.514349188097015
61.57216821116815
42.764340979525976
37.54281030525805
64.51588132715119
91.57167944454305
66.6204625818479
56.22091227261279
49.76534032915614
59.43266515170818
114.64310368561281
152.2540609154821
41.98430481686228
70.73561702971065
53.13391018811755
63.24166913408007
76.13095420830311
89.45768733484869
88.99382164223427
40.26142607087245
77.31401434198898
52.90497591856282
77.35546910842382
101.74120478362323
51.508622196070135
90.66146307340304
32.515929808213926
73.07233322646078
56.04221995597011
28.52800056054036
63.30572349611663
84.13463723106794
35.52526841720121
20.37498856831995
30.887774887510066
85.43409094576435
45.261279010858296
68.45188054058825
96.26322196924328
69.35569043811346
73.57862170656786
77.27849623337156
78.19302223010936
207.19153564282485
53.27539095149121
38.66730828315801
47.71031636311354
76.27262660305752
133.06570881933857
81.02808951695172
84.39983771127064
47.16475188525225
83.55029045157995
100.11765732291421
74.31357703621335
45.219180088107514
43.92848922043638
48.888315566999225
41.40073692941572
63.42585048353091
19.27057769005829
26.472945244708278
68.24581447345315
158.3487850353437
61.565537363117
25.248794579792005
69.12514773311692
80.51160300633546
33.29371987697101
89.87719627029472
65.43050211116397
59.11904663233671
69.94950064884375
86.90582702933382
18.055436370796237
46.52719293418248
86.6856267649331
144.66581582583407
56.5780827475261
65.26688956624193
58.760561430822236
46.112212651425324
102.75000567319647
71.8249255669261
86.38937257797357
55.30775312476583
64.07001530636097
65.8454351624652
46.69367941894916
96.87465970034621
59.16203492647264
65.27305216952924
175.86815963256845
86.00647113713298
39.00062466081861
73.26334839378177
58.545991092390146
55.452309492931974
85.35988959310077
71.68583652525675
1.5227013174448603
89.69141803484422
99.47352048585653
68.6822068997999
57.166491449630485
83.75910016663225
75.91346761231665
96.88319888009698
102.28937922416583
123.53043518383716
45.00380120187449
119.41166506758854
103.36129697641483
0.08466150656070545
53.77259808928284
22.526373632886834
26.521311063073384
21.15145022908843
38.06157318806803
86.9681762144741
85.23340597873194
68.16010487729011
97.41293586444144
57.6301222593676
89.09660704394729
94.18629168277631
51.207358171568956
67.4831676522286
46.021966286772965
83.32230413810849
98.3242097708967
77.65150185693678
76.92628269566357
64.40035872850648
41.383870697557725
24.731897428439854
61.03509054012951
79.51934991803589
62.703509563657185
71.66738011844545
32.970416845181674
66.83346900155912
52.267957132594596
44.857972561329575
55.83616302922312
70.92224672223644
79.8468572759603
29.788834755040433
90.59060205332538
104.00342051282513
44.228128750313424
85.38396138073499
123.96882101450356
45.2062601264155
84.09699655875903
38.68495922716666
95.31162539410843
71.05116851411715
64.57642028222935
76.3722916535632
92.52457930119996
115.09125166659459
113.90149066652856
86.05544643123277
62.561040247102035
96.8510264233636
19.692598034905554
69.56942184708097
89.37815359992092
84.29843033557854
103.37210662658703
143.88766219832743
38.881118021705554
116.03002708616938
78.57161959355865
80.06157086876752
20.500993668018808
62.23192014925425
74.19916085857842
45.64738240030926
76.58565067758425
105.80513857616788
21.51438454310695
50.963888630518774
21.707153642369455
68.8050120945657
119.3948961271858
112.93912464612255
9.040595094773506
54.69318117348715
160.06661932514868
0.7695191831601682
57.97166659390918
67.75460727357878
104.87264877073845
57.61260562432058
138.90830396250422
47.87564149338922
0.8421514857919672
58.21874544058399
65.51074921107677
40.02989014320135
146.0810041760849
111.92645199287355
89.13465195286949
23.672912781286428
97.05321766656722
46.61269249310848
57.25502198785171
63.819770694946776
65.9386391542104
77.31023660057457
83.46972019698995
84.33673096524522
0.4417521307594607
39.180323361972434
127.584274717003
6.789690114427869
0.4555030033129754
73.414886769278
57.69462681355917
63.19198441310538
101.19921621529659
81.10113732240039
95.63237615682469
58.59045693623497
75.3501312204851
140.0381878360934
86.37635120999268
92.2100648266799
41.81442631936419
9.086370526718168
15.686435954067907
75.27294765676922
4.551707023382401
36.33534975273594
143.95856638318966
57.70839928567219
52.483959413298294
62.03628430724312
72.61435702842863
21.05311328034226
39.362770133619186
74.02834431819633
98.58804659033925
86.968087660969
108.81081842063641
150.9578911651382
74.76080595419724
39.02574341173101
100.49439911678691
33.630570669294826
2.562604764584011
47.195895671769556
27.21825876700508
87.40271889812603
27.479435700838234
55.421512379737834
76.31231033076617
60.443713365422965
32.76428392016691
86.81866658837397
72.57462780182811
121.94265227870629
51.70693147454041
52.58066559773027
84.71670878722364
12.021250718318534
73.47366172172744
104.67930765362372
46.304732112157886
96.6732220418445
80.92301405493272
45.68397125936834
128.87720395173653
75.28758109346485
82.83956715112917
170.58236437647656
136.31528254836917
96.3868895196392
99.23593772593419
88.27079696143103
100.71928825036314
53.97723363678384
49.71702429963878
73.61762886718255
98.57372211393655
67.17737592634593
95.68477415799013
68.76530701548353
70.43450733984365
23.702131909857332
80.89120882110224
69.13009044162486
84.27181364482111
58.76946527312543
99.42260550774651
67.04693464665739
56.282093516049734
90.90111969825149
64.91300328745642
21.863711451406576
91.0321617832072
68.0275466117193
66.47806215563155
31.023343480906256
154.35267649057764
54.71078650849993
44.73433529403908
0.13346493408338111
59.21200400053009
91.14706114161712
123.95950501081117
36.998215424279294
2.029987376703699
74.37637074434654
47.57779457086587
122.03399862671729
81.49968962758068
78.3373743453145
69.86580182732592
34.43799414645103
104.34255061722274
61.72126537434257
33.62791472624713
94.42266558491285
82.73167810832155
116.96989783367425
41.775298254696914
21.008566073474988
106.8166401087928
123.86241128098962
99.14253436961337
62.04945437811538
51.63409487734585
35.04465380646567
83.72386987833838
61.21412103861007
56.46892023115001
84.75399297373919
65.32392389009415
100.38981298243182
41.10059839742843
76.0631501058306
83.23736097345815
75.87365233248347
45.839346362883376
58.97045431598291
87.32311198332047
86.17270359935432
55.42690215643756
75.06487647730387
111.86853034378682
88.50982400152135
151.74170396177936
38.19059390084709
82.78263258897759
84.16972271730687
47.34323164142248
40.948119963583075
59.81092908124073
78.20725162045315
97.00261937282667
102.84632747408443
31.554812257388743
40.92029199586924
73.8234616438358
98.0927180009832
45.09246703039094
41.51262232170833
110.90543626632393
82.11160263741962
85.18955185115806
67.95714506058232
41.35528142111097
101.8167496975323
30.32905894885472
32.753035913221844
67.33444459942375
70.17346864666625
58.05676021255141
80.16833082142324
68.64446552205483
91.76349054741418
25.192249435798956
34.873213256192784
39.11839069025641
34.88152678884998
98.90568679921114
32.55918245353019
37.75501862288258
40.12251279440412
71.05001098265645
72.21392018159233
58.09677508100773
78.31834063078999
82.30257107308327
76.031834482525
42.79354062097601
69.10405157615968
57.20682237536079
39.40348065982501
82.88832226116703
65.38042649324846
0.7036652135063397
73.71287318999367
139.70671156524392
66.84156812124367
46.792478377093275
162.43073615539842
113.67312415718447
124.14360667674327
71.03592158162465
97.3477731322315
104.74696002576738
75.94520632853337
42.10730761800335
117.98841376733952
162.54119968160282
51.996581908340566
47.44886952575013
65.47254003869239
21.613705294135208
43.7955270757702
50.82277960972118
33.581649123983055
56.43150637238914
40.11580395810958
0.4056612619100707
72.69881692135527
84.53798500961737
31.47212803840909
62.05095896576684
41.44454988362753
31.414177150339086
58.390276486436214
123.54702996591742
58.7779332226827
3.537979378849622
54.06786514344768
68.48268748367565
92.48237789928602
51.71272407637582
31.154787725881803
68.81836912917043
67.02585470575166
72.18157861331599
49.729734081325184
35.797220087220026
26.83972715904848
58.30800130221798
56.78432147030495
24.36758881940671
80.57028215087917
19.81678582910811
21.633322851151565
82.81340365595341
106.21007590778677
70.72177017118895
62.692568719356935
86.044476937919
135.77191203076373
69.4129567268433
70.47689449260247
33.69385787589979
29.03458960965773
75.45274186963383
59.50569222595204
156.3219719060593
72.45868028642998
80.99910828558465
94.59324435054653
64.00300015744413
67.42472540957608
67.5667205256604
64.3548161348333
107.14669717181941
49.986685545236725
1.9007184629798224
119.36865249805763
59.83177413472929
55.87558312288843
37.3556540224357
52.70013120755175
36.020378450572316
141.63833832958875
75.35708767641529
41.80209615191642
109.66953377301876
57.01740204253328
39.52028870558812
66.3664887369232
36.96195859408988
34.969104601699016
78.41716820492205
