-1
0.20839531853177853
0.24014586861264825
0.0566996060918774
0.11057761117686536
0.012281510532173948
0.10093778557783409
0.3546018286207424
0.09230831594989203
-1
0.3044226913895854
0.2597327425490246
-1
0.043435358843763296
0.27486140814499666
0.026511714019965188
0.10705168410424319
0.09244062502703303
0.046090067541811414
0.045264819132159566
0.07789291123333893
0.19463050809757113
0.29738818186364163
0.4003847806635691
0.06023428277614413
-1
0.40984829755769064
0.08292918246437553
0.13659318049637298
0.03031361751384138
0.22673655888278424
0.05870836037715496
0.721966649071932
-1
0.05929100165796226
0.01947253276000132
0.050891493643670176
0.08928265903180399
-1
-1
0.08153539638694057
0.40317144082634754
0.06438067973564136
0.04562431466470152
0.14693120886049302
0.27079174963612995
0.11436513462627983
0.10015537570028046
0.22647505295676457
0.054855421947683454
0.08243819948814002
0.0475594916878513
0.17648102739457808
0.04895168375492945
0.20642055450444505
0.13824915751157948
0.009504034076229479
0.9444021697977611
0.8021183713648128
-1
0.08237761170727359
0.10763312153182804
0.03410040263771405
0.6312897010222768
0.023567141353956062
0.1436190407775295
0.08384669769767523
0.288777064763977
0.2092338289560737
0.20821994819228157
-1
0.0431799450091421
0.07176923400346054
0.036648708717224185
0.21588596314668412
0.07008970189900951
0.050008102963677976
0.07739571175638607
0.25262836142902273
0.9696245180630848
0.08231244550679798
0.10201377135012164
0.010743482963604134
0.2884816156620552
0.04794486611435731
0.045801538712764864
0.032786208305233676
0.11991481602312458
-1
0.7225301216695423
-1
-1
0.3032341166221017
0.43574232838678584
0.016834081300722455
0.015519165854865
0.0882583413484246
0.33080866191449565
0.12440292046521094
0.11909748377257091
0.10042017969786148
0.04915852209597661
-1
0.03605987977722223
0.14017305222168266
-1
-1
0.7216049974075264
-1
0.15989113050467338
0.03816558490736992
-1
0.06600468629193655
0.08628112401518191
0.1098430337057285
0.03949672208690214
0.5196634105797444
0.01634626531375992
-1
0.1865190550496196
0.016491186278003476
0.48478228558584735
0.030068727897895258
-1
0.13264869483109096
0.4320544569391648
-1
0.3199417255347614
0.07019318526570745
0.04217025097079824
-1
0.21023602169024094
0.16376915770207534
0.1668466983113409
-1
0.22380646176138747
0.034538020670326644
0.02391190027100628
0.04657918318126649
0.050981899839036796
0.22668513217382588
0.08241260206382735
0.032277038851677195
0.06467020800084627
0.016206509380853815
-1
0.1806436649153521
-1
0.8892587969776413
-1
0.38760353133070574
-1
0.17428885581814468
0.022291455988226908
0.40909239359582705
0.36733363544144854
0.17566604337934025
-1
0.22750267333895152
-1
0.18792877122431098
0.42531187762653033
0.6860389981697854
-1
0.10814500594044214
0.5643559455195543
0.03715154154474226
0.313795596555486
0.044501950784013006
-1
0.7146714296126289
0.11158356831109224
0.619635405777665
0.16915563294448901
-1
0.00890331088364246
0.8129372406299724
0.06199635439832868
0.03197159372660441
0.4424271474186852
0.10419192340135776
0.0784950728221002
-1
0.20918975029991968
0.05648330588748504
0.007739495663914929
0.6964702656795294
0.7482370238009934
0.09481428273431716
-1
0.54894764601283
0.3745172928278422
0.04685396263269063
0.1184696426676058
0.10655749489810087
0.9939267621945025
0.01860176001995731
0.07963014096445713
0.06633067041377416
0.030602763454842488
-1
0.17755225118760934
0.07017396793541604
0.06971384885419349
0.1937312876017632
0.05198446470852201
0.3045459828421641
-1
-1
0.20530111268447407
0.12217572558801172
0.04651853617142817
0.09218932319645243
0.02503183752327035
0.30748888405465435
0.12016185041589231
0.15232627283843192
0.22104461486479848
0.08058992743852086
0.9440399236730497
0.04953118163341658
0.023193655932369505
0.2291317472739468
0.061658797197286785
-1
0.0895056000297489
0.37183974372158946
-1
0.03902335979477836
0.028098145001541293
0.040908184607678706
0.0753527463982422
0.4294154199201383
-1
0.3662490087927971
-1
0.5124009362679598
0.25368267418548024
0.047770265368818905
-1
0.5638309593092635
0.08537190418517422
0.358206489555837
0.02229694177756105
0.7862375420772098
0.2436951725906959
0.47524518031581575
0.046622450147317605
0.0383930447423775
0.2963934394434252
0.027506973167515714
0.5186220086146449
-1
0.01936150661097462
0.571458769321316
0.04204592113986707
0.035840412650138875
0.10745317496309195
0.06187971655601225
0.42004664323883867
0.14328597923728695
0.38633908214359575
0.9277667962386693
0.0271781411663698
0.25092279656002225
-1
0.09253739358937425
0.10723169772692961
0.028881374717008197
0.013363827547404004
0.13943025406416804
0.22369942671647988
0.05228937236647188
0.07381685138756908
0.37272356246376426
0.7406350389374561
0.448548857835183
0.1341927053764764
0.009851873189346787
0.06717448186307308
0.4337095734131417
0.2171829884595009
0.04749295542444638
0.02889479390022503
0.238925653759253
0.07179829093481645
0.4883585244565817
-1
0.09806408842171252
0.24872266460503473
0.06470660886375951
0.010442058188994867
-1
0.0407214112573965
0.12640671805098425
0.5631170119563257
-1
0.03793101259922121
0.3027551587277672
-1
0.02923645666479532
0.3062808247070453
0.16162246327119556
0.11161503364729942
0.01114343259260571
0.23613251655427422
-1
0.08568563118475676
0.024538358548474207
-1
0.07320953538576373
-1
0.19999830180375666
0.027191947638204313
-1
0.12158433253511586
0.07992021613508751
0.3217414890809246
0.36638999851227266
0.03656182281227422
0.12642738665646044
-1
0.06105618309955736
0.24842953239927448
0.23274984662944706
0.08277621585652464
0.16850009976364239
0.03836852881003101
0.38221607745584424
0.07548187162156518
0.5931256104938507
0.18163025904705363
0.0559977686940436
0.04888560923041313
0.300263441675979
-1
0.2272232922760435
0.516126779478629
-1
-1
0.06508934788261407
0.044991471939314714
0.016243080103445533
0.08295804000044464
0.2160571067172667
0.07792608247462714
0.16021252923223514
0.06581770702098971
0.16644346391966863
0.02245680956364795
0.25491355363971924
0.02741648276849435
0.15902666005331967
0.32130181513190165
0.3784188869294082
0.07970736602415261
0.15206772911390246
0.011623886799266285
0.07486981825120474
0.25247341461877526
0.7672020074379928
0.15345672372146515
0.13413362429301567
0.10975863599771277
0.03186582375992027
0.0584005403548174
0.36370239856376113
-1
0.5129411724779576
0.029298931304915326
0.07091246076326876
0.4332194309811099
0.17945948934816633
0.1984785466797453
-1
-1
0.1209954652059485
0.14200778785872217
0.16973348682169087
0.26773039504874546
0.0077754162473004755
-1
0.045107461919612526
-1
0.3062204466848319
0.04980645100345702
0.05409271679826088
0.10572095527565005
0.09561635216397026
0.39789677444626004
0.5256537257597534
-1
-1
-1
0.06296890762795787
0.15554689707134978
0.10867716291192601
0.22686302994761753
0.05902266663956996
0.3277199871557255
0.08266021239019383
0.04697825702458687
-1
0.41682512090621
0.2902585275252354
0.1653150729840666
0.03712553951413445
0.37103862991360553
-1
0.04907541250168178
0.21332990215970904
0.0761990788522468
0.07779524184318208
0.10133618348220219
0.35188817611462364
0.11582202645490833
-1
0.629205993684085
0.20266601969351705
0.12110515444438634
0.05151864400075805
0.09969664183374274
-1
0.18508400416093337
0.10059555514161611
0.2509483174625692
-1
0.09717999195483273
0.1324812555657222
0.20423139880759353
0.3364992939144122
0.0846067498896129
0.07968656262263057
0.027543003001689798
0.23275980820966882
0.2886448790309304
0.31426947670962724
0.3245614437258678
0.06425003320228964
0.11487009199010834
0.2768296525009541
0.21509388157230958
0.0908848875724322
0.02784359793875436
0.06080983054838439
0.061241360252193434
-1
0.5149323942509537
0.18029184653430527
-1
0.41303265640853276
0.1728841647224176
0.31878934290427247
0.10055262020704436
0.2113809368896393
0.0416555345468669
0.0410716989341426
0.1578413780155412
-1
-1
0.14884855155210475
0.06095657823188286
0.12821883438252885
0.14502966530933212
0.11161993743016053
0.17238983871731478
0.05458177806886454
0.0993361705772619
0.10358158884449947
0.2860477269170477
0.1394641591824326
0.12843734924893113
0.10855119844664063
-1
-1
0.2302177468587854
-1
0.1480553683835946
0.09650851587895073
0.1596025335864311
0.048449995577736354
0.16878445283025514
0.38767850787236974
0.1073624657564339
0.24070040181383692
0.3216083479110393
0.3943147123291846
0.03811812262504814
0.21268444129732902
0.05682502978792175
0.006290822324421201
0.4318928960354692
0.2774767341444606
0.33511241441552697
-1
0.24077461252023924
-1
0.04454745205362055
0.10143531147139462
0.14268130519045688
0.08013960071091794
0.20667365028192528
0.043175145560812506
0.3201208025810704
-1
0.09020091406939047
0.029297868235478954
0.022192803508100937
-1
0.07955767050852655
0.39552312924842936
0.28610032387198
-1
0.10481407335908027
0.5342158145852642
0.055146207529163126
0.01352159950744401
0.5813289112399489
0.09626790799127831
0.07471028273085296
0.23068845499547902
0.016646029684268045
0.03579696011755422
0.03299448596543979
0.061069885135243245
-1
0.0678081345691608
0.31780174344672485
0.026312846149880265
0.1099559249731194
-1
-1
0.13306948437325453
0.5019765742464779
0.08890116937747355
0.10783829315837505
-1
0.28770866591019567
0.04913435345560397
0.04153581665420618
0.45109223107188584
0.1393723849763574
0.12140321445810645
0.08691126872518937
0.011366938049911138
0.06385825831959285
0.14071189267630008
0.011751346720800741
0.08253491553041085
0.3027535481956917
0.016225718200810063
0.04803001838028954
0.020729777459756273
-1
0.037080679392198425
0.023540566262877368
0.24047708159700235
0.07951744411859346
0.021099268786092352
0.06257443620871712
0.04758275988601491
0.0709832832567611
0.05001017585277586
0.10083900727594068
0.035961585624541166
0.5209890527832324
0.38646308973799587
0.04542690032449061
0.10589506414445277
0.02195540261091874
0.0916266746445926
0.08147949191475422
0.12138854502936379
0.04787509666874843
0.4630576039346289
0.3571910730963062
0.2423603170099264
0.6099779599814147
0.014410403420555126
0.3779015345728858
0.07718915975443404
0.13689060041395307
0.2588907161048751
0.12759577720234117
0.10795720756124835
0.05009665234795554
-1
0.1125452025293161
0.031430109658588
0.30960728713556085
-1
0.36959649222254837
-1
0.025128674900482168
0.5182677904698625
0.24844698297298753
0.0361772369105056
0.1250565265276777
0.3584451949383844
0.1874171014256073
0.06822182267457358
0.22408584548412377
0.5453132699557328
0.678360137167192
0.01706997679700524
-1
0.2310088458347825
0.04358100205688737
0.16775030403677554
-1
-1
0.05755069586190214
0.17331322160761023
0.11534678286184338
0.0956661125100197
-1
0.23803247001180153
-1
0.08398549438804628
0.04115982626901348
0.12248338256488824
0.08113178489762977
-1
0.04945286367916441
0.05184409070976657
-1
0.009354825230515664
0.0489594389952635
0.43228530477545113
0.7136333966637655
0.044100391825793867
0.06405752537938966
-1
-1
0.009022514137584096
0.1372531218828715
0.09012954684326979
0.047199535375863085
0.518330149568804
0.15026485849551538
0.021952239291241956
0.14815193994934261
0.03452078957618693
0.20195416059540391
0.16298610765926289
-1
0.12313681983188472
0.4144539445153106
0.17637270826066342
0.6464532288095937
0.027167709335190138
0.21544931494463343
0.03723381036288573
0.2570895781362562
0.2766313496408126
-1
0.06908176723658378
0.1245446748519961
0.12831290672143064
0.22281055382910114
-1
0.010112934592366167
0.07329315891733594
-1
0.07168580454539975
0.03864351706586973
0.07670113217468094
-1
0.08355191704718773
-1
0.08608628732765415
0.2040325864662749
0.5825952064521948
0.040318771302854786
0.44725235742567543
0.19298722651697386
0.15566059274300306
0.6389197681986932
0.04703938957791057
0.09103036593625491
0.16975340175049405
0.9472254812802375
0.020118972548157563
0.06778744738405362
-1
0.12941105159604305
0.03894134538371738
0.035173069325292836
0.21656420393276984
0.03808670740525691
-1
0.08212676993629073
0.218093722375285
-1
0.2470417401900944
0.294136206203712
0.2007609334279714
0.020142946329692612
0.22842567447700637
0.20845596019933316
0.07146828463814373
0.0324190113658531
0.05317425079473335
0.18763136553884016
-1
0.011597263928272686
0.38900504739208225
0.7711726756420949
0.3272353028511992
0.10278358439901442
0.017198627385152605
0.45139266659179933
0.24496873601728378
0.26978969577456086
-1
0.027169334549586414
0.044153700298977396
0.10995546363394906
0.09944175774741035
0.09368426485325716
0.061743620694356655
0.14427088016800949
0.4285963009009524
0.07321286283775226
-1
0.016297784985615193
0.25296682374886104
-1
0.2488726148307698
-1
0.0774465185908582
0.17034009613418322
0.11064667430508765
0.5453036604797447
0.023324963260628898
0.08407137405317526
0.0721411153195725
0.3048471631782936
0.03156777644739139
-1
0.9128636723895598
-1
-1
0.06574819217595114
0.07447923533589185
0.604356431405162
0.03283150464669516
-1
-1
0.559042289587102
0.3893729663471727
0.02851022486581702
0.1156349467036334
0.7789797264015772
0.3329296813989804
-1
0.011537411970868728
0.008902851721995793
0.022487313606844604
0.04902934656182704
0.028988745150399526
0.47485331657117363
0.18753963715792732
-1
-1
0.11971478775647784
0.026181706384458204
0.034040767160815014
0.02902903218065277
0.19984307405613247
-1
0.030434124577628202
0.12753176421491932
0.07989152715043879
0.29260141959522334
0.05011119469351192
0.009042024152728208
0.27875397413478953
0.04795111388901191
0.1834750384731693
0.020286071697910746
0.021190621100159877
0.2513280072353154
0.12267951045251908
-1
0.17282631190236533
0.027102363925555692
0.11539620804709456
0.20645300326265997
0.05139403541512408
0.034424124791219445
0.030093386894054695
0.4446357292433917
0.01703593561112848
0.1589863518957009
0.06515191159069834
-1
-1
-1
-1
-1
0.07005747307347703
0.16797664495461748
0.5293610295603327
0.12657835058184408
0.8580009168709771
-1
0.0653501460351811
0.2758079993683021
0.0722606687445421
0.25230459756810897
0.0998697873543962
-1
0.5053773751671291
0.12247856091719637
0.06720452924122489
0.3032514996818975
-1
0.0788608866627179
0.5617346250025267
0.15900012323931506
-1
0.22507730121829658
-1
0.021606441313261802
0.5099312105327085
0.37717385581208734
0.013414643038834998
0.09830372392045426
0.08441432388630514
0.30714404094792486
0.05260148848402419
0.14371451837515695
0.29689788096433506
0.9700211710162822
0.11590051288205391
0.08810737473168415
0.04424710584372322
0.2261420824118435
-1
0.022724892348837473
0.044368195828243
0.17229201846161576
0.17194118377059148
0.29676468063200045
0.09573686473694214
0.028334198515601112
0.025654960320729638
0.10405292438971593
-1
0.10562648905703653
-1
0.04495163923970486
0.16458284096254053
0.4934404036399525
0.5820401802428528
0.14976885820045036
0.07758262921173065
0.033129277303480933
0.3634008458527483
-1
0.07086327239405923
0.03159555518446701
0.10365430358556414
0.011641132750838236
0.09506652161446905
0.3928149042236792
0.08267352647873825
-1
0.23694636593188884
0.12364799180789511
0.18770647833220733
0.09719809566987624
0.09829689307201012
0.09962698574039824
-1
0.597164099899247
0.9588115080941298
0.4235066530299002
0.06358477274924679
0.05700362816344471
0.3216747005217179
0.8504940560698339
0.13037968485931858
0.6825742653839626
-1
0.15641849515299894
0.04608121961319572
0.05878215706603761
-1
0.025892506552783617
0.06206335029744529
0.12214328125072182
0.014190336725010529
-1
0.0120831858177146
-1
0.04437195074610149
0.03917676901848227
0.0900853520703267
0.13731055392794608
0.12458727571789224
0.13531932055866502
0.6745286462151467
-1
0.2283277094116328
0.01606177359589823
0.17579374113396828
0.10641156926057724
0.48678143673581564
0.04492952909536443
0.07066136108544031
0.6228044036147939
0.1432824823319053
-1
-1
0.0508172351846215
0.08144901673344387
0.20922754540382243
0.0359043207232791
0.4977925169263665
0.13397562751354164
0.024576202856325467
0.20741239234897627
0.1497612830962275
-1
0.03046747066781886
0.28781732803316895
0.3469819482424941
-1
0.06355626272410164
0.08681050624285676
0.22413911905917697
-1
0.029248569375997853
-1
0.5039699068709065
0.040623343648377476
0.07544427657177914
-1
0.09395865507968396
0.014939363935882022
-1
0.2627528606260824
0.2385504076744717
0.02002667320004071
-1
0.021124629860452247
0.274770544312039
0.16046265717965774
0.1510220570849065
-1
0.21382368403509922
0.014219967578393545
0.24065658939028536
0.8500537121620309
0.05217418627347648
0.175407973317656
0.19113336578428577
0.07937448889834864
-1
-1
0.17166426356924486
0.3497445474146051
-1
0.20059996096379487
0.34486423224965623
-1
0.052604405937331254
0.023761228906826134
-1
-1
0.1663968889150331
0.030577802675322605
0.38810922370916423
0.8402999628567501
0.27278879059378164
0.0975653271367111
0.27752067186434004
0.39006551625748165
0.0721626638100762
0.3370648156937529
0.0345711036761214
0.4148835114881979
0.10079263911255189
-1
0.10957981294997533
0.026922508677409175
-1
-1
-1
0.17006935475801396
0.2609344359433571
0.07648145353760968
0.11996988766223804
0.27937337168701704
0.09304772566037121
0.3905251086538194
-1
-1
