98.59770965576172
101.97090148925781
94.65045928955078
98.07321166992188
102.32228088378906
102.95109558105469
101.44060516357422
99.91664123535156
100.97026824951172
99.22206115722656
101.47833251953125
98.93022155761719
102.58784484863281
97.27516174316406
97.83236694335938
96.92005920410156
98.46190643310547
98.24723052978516
94.81552124023438
102.08501434326172
81.1555404663086
102.45812225341797
94.45195007324219
95.48681640625
101.52372741699219
101.50605773925781
101.37718963623047
101.88996887207031
101.61853790283203
102.02315521240234
100.87332916259766
101.85050964355469
101.7844009399414
105.5931167602539
100.62590789794922
97.06791687011719
96.59603118896484
99.54363250732422
104.2660903930664
98.69700622558594
98.10275268554688
99.23121643066406
98.9244613647461
97.25704956054688
98.32112884521484
97.0184326171875
100.77567291259766
102.23832702636719
100.72279357910156
101.6098403930664
97.81896209716797
103.55805206298828
98.44934844970703
95.46159362792969
100.04737854003906
101.33101654052734
101.60686492919922
98.67180633544922
96.48117065429688
95.08902740478516
94.75589752197266
99.27684783935547
98.41571807861328
96.46392822265625
95.82588195800781
96.37887573242188
102.2343978881836
99.91370391845703
101.88053894042969
103.9696044921875
99.74009704589844
97.59733581542969
97.70382690429688
99.28099822998047
95.72745513916016
103.00912475585938
97.67937469482422
98.50910949707031
101.37017059326172
102.23272705078125
101.9433364868164
98.0787582397461
101.93488311767578
99.17342376708984
97.79778289794922
99.97624206542969
98.70578002929688
97.10624694824219
99.94938659667969
100.72714233398438
96.01116180419922
95.65968322753906
103.00951385498047
97.4581527709961
98.11389923095703
100.13204193115234
102.07168579101562
103.35273742675781
97.44188690185547
96.17375183105469
101.95384216308594
96.44086456298828
98.59552764892578
97.92970275878906
95.18863677978516
101.80360412597656
97.05661010742188
99.45298767089844
98.93585968017578
100.27704620361328
100.40200805664062
100.7676010131836
100.08069610595703
103.49195098876953
99.0100326538086
99.96054077148438
97.98358154296875
102.32540130615234
100.67416381835938
102.37694549560547
102.45616149902344
100.05886840820312
102.11133575439453
99.6977767944336
99.50890350341797
99.8216323852539
99.90733337402344
101.20540618896484
101.49134826660156
101.8771743774414
99.34503936767578
93.66893768310547
97.58859252929688
95.94439697265625
96.81989288330078
104.06168365478516
101.72486877441406
96.72398376464844
99.0771713256836
101.66557312011719
98.52151489257812
99.94017791748047
99.7332763671875
103.8612060546875
101.3381576538086
97.69459533691406
105.02352142333984
94.69800567626953
98.49588012695312
100.1574935913086
101.83232116699219
103.15543365478516
102.11018371582031
96.57525634765625
102.55332946777344
102.55095672607422
99.2870864868164
99.89112091064453
101.51237487792969
98.72664642333984
101.67603302001953
96.92472076416016
96.6307601928711
99.79335021972656
98.79735565185547
94.73486328125
97.08338165283203
100.74725341796875
98.03060150146484
100.05294036865234
94.27784729003906
102.20458221435547
98.4157943725586
96.95230102539062
98.75853729248047
98.87994384765625
99.4532241821289
101.56566619873047
96.06237030029297
97.76651000976562
101.5544204711914
99.05733489990234
91.84001922607422
100.66978454589844
100.07312774658203
100.4946517944336
98.94322204589844
99.649169921875
99.86994171142578
97.90643310546875
97.33181762695312
101.48454284667969
99.81807708740234
98.40484619140625
102.63385772705078
103.7255859375
100.76641082763672
99.39580535888672
101.72804260253906
100.54670715332031
99.78421020507812
99.81713104248047
95.89482879638672
98.09244537353516
98.62847137451172
98.51007843017578
100.0661849975586
103.5656967163086
100.45924377441406
99.52368927001953
98.07449340820312
99.46473693847656
100.44684600830078
87.72689819335938
100.67245483398438
98.54088592529297
99.002685546875
98.94951629638672
101.3076400756836
106.2967758178711
95.6427230834961
98.4825210571289
102.47454833984375
99.7813720703125
101.87720489501953
97.64031219482422
104.01882934570312
99.45777130126953
99.12832641601562
94.41863250732422
98.69647216796875
100.22843170166016
99.85370635986328
101.56039428710938
96.32646179199219
100.47118377685547
97.1254653930664
98.15213012695312
101.6141357421875
103.23269653320312
98.04348754882812
100.11141967773438
99.71139526367188
101.5299301147461
97.67400360107422
97.5234375
96.14234161376953
99.7247085571289
95.92976379394531
99.86212921142578
99.73619079589844
101.88543701171875
99.0345458984375
103.52901458740234
102.5945053100586
107.87002563476562
100.28449249267578
97.74191284179688
97.11893463134766
101.6288070678711
96.26123809814453
100.84243774414062
84.28983306884766
95.96330261230469
100.50363159179688
98.34541320800781
96.59403991699219
103.95820617675781
103.08660125732422
95.27578735351562
98.0824203491211
103.0211181640625
99.54145812988281
98.84977722167969
102.28327178955078
99.83027648925781
96.71469116210938
99.86216735839844
96.86028289794922
99.3786392211914
97.48587036132812
97.80372619628906
98.79523468017578
103.1106185913086
101.66584014892578
103.7541275024414
100.6836166381836
97.93822479248047
99.55256652832031
99.66289520263672
100.6023178100586
104.96754455566406
103.545654296875
95.87625885009766
98.77008819580078
97.21434783935547
99.09241485595703
104.55233764648438
105.46772766113281
101.86170959472656
100.75146484375
97.8198013305664
100.55152130126953
99.99343872070312
102.76273345947266
98.33168029785156
94.97984313964844
99.69044494628906
101.83746337890625
98.39044952392578
99.23007202148438
98.40250396728516
99.55925750732422
100.13778686523438
97.62342834472656
71.83259582519531
102.76009368896484
97.18077850341797
96.75724792480469
97.65080261230469
96.53673553466797
96.17633819580078
100.56511688232422
92.9993667602539
102.06588745117188
97.2857437133789
101.91207885742188
103.19747161865234
100.25640869140625
103.81216430664062
105.13700103759766
93.58793640136719
102.2712631225586
96.5075912475586
102.28504180908203
99.36502838134766
99.35121154785156
100.04852294921875
102.19552612304688
99.27422332763672
100.00251770019531
100.70149230957031
101.41670227050781
99.69169616699219
101.19683074951172
98.14435577392578
98.03058624267578
98.47402954101562
99.28620910644531
100.93868255615234
100.64131927490234
98.17832946777344
98.73035430908203
99.29011535644531
99.51054382324219
97.82889556884766
93.64590454101562
99.5149917602539
101.19268798828125
99.50677490234375
102.4219741821289
97.73013305664062
98.62940979003906
97.99601745605469
98.27063751220703
97.94685363769531
99.6523208618164
103.16376495361328
99.59339904785156
96.70915985107422
98.54527282714844
100.9574966430664
97.45673370361328
103.53731536865234
100.3749008178711
99.51510620117188
100.00006103515625
100.72562408447266
99.31888580322266
98.18251037597656
102.03960418701172
97.05834197998047
97.92047119140625
98.37359619140625
100.27652740478516
99.08941650390625
98.93761444091797
98.77055358886719
100.87492370605469
98.3331527709961
97.07984924316406
97.9793472290039
96.97897338867188
101.2452163696289
98.42680358886719
94.558837890625
98.17420196533203
98.76696014404297
102.68455505371094
99.5338363647461
95.7164535522461
99.63802337646484
96.79444122314453
97.99308776855469
98.3077621459961
96.8280258178711
102.6594467163086
99.91339111328125
97.3896713256836
100.42951965332031
98.4723129272461
99.62427520751953
100.72539520263672
102.27484893798828
99.37260437011719
97.36497497558594
96.8383560180664
99.66790008544922
101.6838607788086
96.33564758300781
99.79698181152344
99.21852111816406
102.36511993408203
98.62781524658203
104.17443084716797
100.9514389038086
100.36946868896484
100.96234893798828
104.65507507324219
106.27953338623047
103.32709503173828
96.15508270263672
102.0254135131836
100.91773223876953
99.58818054199219
97.22592163085938
100.23454284667969
100.41999816894531
98.30511474609375
97.40705108642578
99.04218292236328
96.64420318603516
97.6609115600586
99.89977264404297
96.58252716064453
100.24821472167969
99.76953125
92.63034057617188
98.9126968383789
102.22123718261719
97.76766967773438
102.60479736328125
101.31866455078125
101.66254425048828
94.32208251953125
100.75896453857422
94.74202728271484
100.4640884399414
97.15100860595703
99.96690368652344
94.48352813720703
96.38520050048828
97.929443359375
100.33304595947266
98.75757598876953
99.72699737548828
99.06222534179688
98.76295471191406
99.70320129394531
95.1902084350586
101.97335815429688
100.23987579345703
98.18811798095703
99.18186950683594
101.51406860351562
100.5707015991211
95.34422302246094
95.22367858886719
101.83956909179688
99.4041748046875
100.27489471435547
98.93170166015625
100.74279022216797
99.72862243652344
103.44212341308594
95.96868133544922
99.88764190673828
97.2834701538086
104.1729736328125
88.33714294433594
95.70748901367188
97.89836883544922
98.58934783935547
99.23259735107422
99.4537353515625
100.70410919189453
100.61942291259766
99.31381225585938
103.6249008178711
97.81224060058594
96.10064697265625
100.85292053222656
99.74982452392578
97.78912353515625
101.27770233154297
94.00269317626953
99.01622772216797
91.67254638671875
94.6640625
100.88066864013672
98.1899185180664
99.5028305053711
94.07872009277344
99.60175323486328
102.92282104492188
97.33499908447266
94.00860595703125
99.15740966796875
102.90072631835938
97.79024505615234
101.17455291748047
102.0649185180664
99.54391479492188
100.02910614013672
102.590087890625
95.75933837890625
97.62214660644531
99.49459838867188
100.14513397216797
101.49517059326172
104.09002685546875
97.57913208007812
99.72223663330078
98.28701782226562
97.6782455444336
95.63874816894531
99.38468170166016
99.79393005371094
98.0055923461914
98.34930419921875
101.12283325195312
97.59512329101562
91.94908905029297
101.68031311035156
98.78500366210938
100.06388092041016
94.7042236328125
94.62591552734375
100.78609466552734
98.75028228759766
101.56501770019531
98.53752136230469
101.8307113647461
96.6607666015625
96.36333465576172
102.9169921875
96.96142578125
103.91807556152344
96.18986511230469
98.36260223388672
96.54964447021484
101.51616668701172
97.58203887939453
101.98866271972656
99.0107192993164
99.24466705322266
98.06230926513672
98.53636932373047
101.3356704711914
97.08444213867188
101.75147247314453
99.22928619384766
101.01911926269531
93.88581848144531
100.80370330810547
100.51325988769531
101.30033111572266
99.00768280029297
99.38602447509766
98.69148254394531
99.14208221435547
97.06472778320312
100.59342956542969
97.15355682373047
102.13764190673828
96.97311401367188
98.02926635742188
99.16541290283203
103.30511474609375
99.85124206542969
97.73096466064453
96.16555786132812
103.71317291259766
101.80794525146484
99.1108627319336
100.72065734863281
95.77576446533203
102.40737915039062
97.1698989868164
96.15782165527344
99.68513488769531
99.59088134765625
94.45421600341797
98.28282165527344
102.61695861816406
98.63908386230469
100.40028381347656
99.10136413574219
100.47618103027344
101.02613830566406
98.9769515991211
97.14065551757812
101.60281372070312
102.06871032714844
97.28060150146484
98.8213882446289
98.21034240722656
97.2836685180664
102.80770874023438
103.83186340332031
98.65874481201172
98.4043197631836
99.44390106201172
97.20004272460938
100.3805923461914
101.63871002197266
99.58416748046875
98.4728775024414
100.29017639160156
95.50999450683594
101.20951843261719
100.71690368652344
97.21973419189453
98.08653259277344
100.05253601074219
98.705810546875
99.33821105957031
98.14569091796875
100.14732360839844
101.45702362060547
99.41622924804688
93.26007843017578
99.71452331542969
99.86965942382812
100.09624481201172
100.65043640136719
100.47969055175781
98.84786224365234
99.00556945800781
100.3082275390625
102.99404907226562
99.0009765625
95.97451782226562
98.91020965576172
97.88531494140625
100.29788970947266
97.87168884277344
98.30874633789062
101.9547348022461
104.7054672241211
100.68601989746094
97.71976470947266
100.7477035522461
99.80510711669922
97.3212890625
99.71115112304688
100.43172454833984
103.28844451904297
94.46675872802734
97.42351531982422
98.60635375976562
97.68818664550781
96.82556915283203
97.16725158691406
97.45452880859375
98.2798080444336
100.09246063232422
99.62609100341797
99.40331268310547
103.18602752685547
99.06352996826172
100.00190734863281
103.49309539794922
98.2779541015625
99.0993881225586
97.09086608886719
97.49177551269531
100.90540313720703
95.70706176757812
99.6158447265625
99.38178253173828
101.72584533691406
99.36302185058594
94.06255340576172
107.454833984375
96.11540222167969
97.3492660522461
95.11967468261719
99.38903045654297
104.79393005371094
100.80719757080078
96.94499206542969
96.95980834960938
99.3211669921875
99.83991241455078
97.2674789428711
103.20028686523438
100.74176025390625
103.03368377685547
91.22688293457031
99.9543228149414
99.18916320800781
99.76238250732422
101.306884765625
98.45143127441406
94.11474609375
102.57904815673828
97.63326263427734
100.47306060791016
97.10172271728516
99.76727294921875
95.48719787597656
101.65111541748047
96.21965026855469
100.21131896972656
101.7336196899414
99.78562927246094
103.26142883300781
98.69564819335938
101.1275405883789
97.57504272460938
100.2008056640625
96.50932312011719
97.22635650634766
103.31996154785156
96.02703094482422
100.97179412841797
98.8968276977539
103.60287475585938
104.22797393798828
99.99174499511719
99.94647979736328
103.83385467529297
99.7947006225586
101.05787658691406
104.74073791503906
93.1060791015625
94.97071075439453
101.87801361083984
94.9586410522461
99.0675048828125
97.39616394042969
97.08019256591797
101.56683349609375
97.951171875
98.72783660888672
100.51199340820312
96.54466247558594
96.32806396484375
102.03437805175781
98.3729476928711
99.39415740966797
98.81743621826172
101.60198211669922
100.06425476074219
98.91155242919922
100.83956146240234
99.23013305664062
99.55995178222656
98.8525619506836
98.65264129638672
98.51026153564453
98.76238250732422
98.23175048828125
101.67239379882812
100.85273742675781
98.98392486572266
102.45761108398438
99.8690414428711
103.43960571289062
101.15101623535156
95.82563018798828
101.47960662841797
99.35213470458984
103.01917266845703
100.42036437988281
95.98904418945312
100.20862579345703
99.75142669677734
98.5273666381836
98.54915618896484
100.95919799804688
95.5707778930664
100.23409271240234
100.86724853515625
101.62644958496094
96.6532211303711
99.67691802978516
96.68202209472656
101.6072769165039
102.34564971923828
97.63506317138672
94.9087905883789
98.11872863769531
102.09209442138672
95.4736099243164
95.41720581054688
100.54327392578125
101.26402282714844
92.77887725830078
99.39068603515625
97.7013168334961
97.45106506347656
100.76933288574219
97.00086975097656
100.04879760742188
103.08212280273438
95.15843200683594
97.06800842285156
102.95436096191406
100.49693298339844
93.97550201416016
98.40277862548828
96.66815185546875
100.32003784179688
96.48353576660156
100.31354522705078
99.24591827392578
100.25532531738281
99.30821228027344
103.69697570800781
96.90464782714844
99.2885513305664
97.53230285644531
96.09163665771484
103.5512924194336
103.1005859375
86.90032196044922
99.20606231689453
102.28947448730469
93.78546905517578
98.33118438720703
97.53575897216797
99.47071075439453
103.3227310180664
99.34323120117188
99.3642807006836
99.7420425415039
98.91544342041016
99.20585632324219
101.1799545288086
101.89695739746094
96.3381118774414
105.00701904296875
104.42916107177734
97.94735717773438
95.15708923339844
93.55338287353516
98.24878692626953
100.32051086425781
98.24896240234375
101.18904113769531
104.15201568603516
100.44171142578125
99.75994873046875
103.68565368652344
96.11903381347656
98.65020751953125
98.22907257080078
99.57097625732422
99.5449447631836
102.95887756347656
100.46085357666016
96.13507843017578
98.41461181640625
100.92362213134766
101.47982025146484
99.17679595947266
101.16577911376953
100.38285064697266
96.32463073730469
96.51116180419922
102.25599670410156
99.7982406616211
100.55121612548828
98.29720306396484
104.04557037353516
96.3448715209961
97.16167449951172
105.67778778076172
97.88704681396484
98.63874816894531
98.1766128540039
96.43988800048828
100.5319595336914
97.11275482177734
100.9244613647461
100.30887603759766
100.05774688720703
104.18070220947266
103.92333221435547
100.6174087524414
99.8218994140625
97.07271575927734
100.34737396240234
98.91284942626953
98.88999938964844
100.88420104980469
94.81456756591797
100.4524154663086
98.7896957397461
103.98744201660156
98.56908416748047
100.06810760498047
99.09186553955078
98.38993072509766
102.06156158447266
94.96052551269531
102.93304443359375
106.62137603759766
100.60948181152344
98.90925598144531
97.84270477294922
100.45611572265625
98.4303207397461
101.79060363769531
88.30796813964844
100.103271484375
94.90333557128906
99.93875122070312
100.95402526855469
98.12226104736328
100.55819702148438
100.0317611694336
98.58527374267578
97.31556701660156
100.51085662841797
98.87189483642578
101.36369323730469
107.19923400878906
99.16138458251953
102.01641845703125
99.68505859375
100.01100158691406
101.9180908203125
98.92074584960938
101.13662719726562
100.82563781738281
99.47212219238281
99.64305877685547
99.03473663330078
99.86337280273438
99.1111068725586
98.70258331298828
106.6810531616211
96.67636108398438
99.68404388427734
97.71359252929688
100.86810302734375
102.29386901855469
99.81438446044922
102.57699584960938
99.1727523803711
96.43304443359375
97.83417510986328
101.62371826171875
100.07085418701172
93.4101791381836
101.11822509765625
97.97867584228516
100.24496459960938
99.92543029785156
96.8017578125
98.05755615234375
96.91289520263672
96.86044311523438
100.22049713134766
98.93206024169922
98.53800964355469
99.59565734863281
98.28439331054688
99.45474243164062
98.8226547241211
101.42062377929688
103.73283386230469
101.43701934814453
96.65682983398438
97.71591186523438
102.72297668457031
97.42610931396484
95.2242660522461
99.82917022705078
101.4024658203125
100.24140167236328
101.99357604980469
102.26962280273438
94.61595916748047
102.59186553955078
96.169677734375
100.47138214111328
