0.015502991463031694
0.05023294651133638
0.0544402500855734
0.05191560971058608
0.051642512755593534
0.055582911372558164
0.03521862007356627
0.06235706234517729
0.06488607215924182
0.05231496446773133
0.032106323638922074
0.04227746002484586
0.04055554817857666
0.054845173461448925
0.05287881868402134
0.056792329170799905
0.062429857461040676
0.050363023119312914
0.038184739216791726
0.10651653401114658
0.0519048470777304
0.026287135024222582
0.07258447346327376
0.02403417094937034
0.03718860906438915
0.08697662967789732
0.06984250086155648
0.05836706518905329
0.054302937671078765
0.045473506773323465
0.05576406939769745
0.060148894936766194
0.07604016454818545
0.05741493748496454
0.07084771646511716
0.051985149434532064
0.06745452961832886
0.05626119743311048
0.040790912096089545
0.0563436225604218
0.06723219358391336
0.037150550173703584
0.06881359466817318
0.058205596995727936
0.0638116206208743
0.08196247804887619
0.03958144510836193
0.0575867412667352
0.04167170755490687
0.041068954310055965
0.055127132516295536
0.06835034420588941
0.05465718507054427
0.044575061091562986
0.03120333220109421
0.067417457830317
0.059961894995221886
0.03144459625782867
0.03569465771794164
0.03174320250221923
0.0557292053872938
0.06728294007466518
0.05108519279957723
0.057350814601828386
0.05483303439817396
0.04241868088191819
0.06217654689802015
0.021682608830336746
0.08100097082807639
0.05219207850813317
0.05053941898656448
0.03342033708159766
0.03395115120584623
0.031081112318369634
0.025306388107922077
0.06578906701047496
0.07789517081520894
0.04384200073957045
0.060838103444132305
0.04988641776211261
0.06010032068387427
0.07502358431460049
0.06811114381430912
0.01725239829287597
0.04486652645059851
0.0327442801856586
0.06583439599495185
0.0464719268939732
0.07287014000828713
0.06274496595013322
0.05534079533286783
0.03089029639133907
0.061833603069429276
0.07493065433062579
0.07352128211555937
0.06254978897386597
0.07919470900158619
0.026619970247440023
0.06505278272537275
0.06363679477708771
0.03739644160850717
0.06545319316132268
0.08843217241959273
0.038581292115233284
0.040795628142482256
0.06271090375561796
0.03818701396619641
0.08543400401408652
0.045446406998731516
0.05999220918812342
0.02726164045193379
0.03787371427684298
0.057787591150518666
0.04403154616287179
0.06984652566741976
0.027173108851330025
0.05977929007571459
0.09018680548648858
0.039875494387573145
0.07557638032863245
0.040284385883566864
0.02986568552400915
0.062409888447351194
0.04740265999173775
0.08591265936384655
0.06426607864189976
0.089960600380247
0.04646249540681532
0.04722427945637237
0.024493012120050988
0.04486363981082105
0.059194077416866095
0.024376182479935015
0.06314429370081509
0.056955879269661204
0.040427170454834675
0.04315492292536595
0.03832072178294583
0.039089304712905205
0.025543837796984666
0.0655810910672712
0.06453568336576736
0.061274637163833814
0.0575378884599678
0.04786345177833716
0.04784919996664473
0.08336477782373264
0.05086958138284194
0.043572312434079795
0.06947941511762586
0.03712549977830222
0.07297619280055011
0.04081555702497591
0.07334622077200152
0.06966496532032358
0.06829821290086173
0.054400433672493975
0.0655071062906205
0.0610688058395245
0.04891781230788586
0.0494332930461919
0.06348448113330661
0.04766486315850617
0.058184493892562326
0.04260076709603186
0.05316946311039851
0.03856026200352422
0.03689511130032397
0.03595089604230078
0.049752655542507546
0.0336814619609696
0.06276422555757785
0.047938598330963166
0.053838293909145386
0.06088584614228043
0.024473602275743966
0.03570881749871672
0.04760643769142754
0.07863858661140179
0.07269267028591106
0.07217858029896387
0.09036326200664899
0.030260174178376766
0.044606218461258146
0.036813238138093785
0.03788773461147496
0.08063065720766929
0.08607780677665137
0.03355622637175877
0.035534402890174815
0.0639569565227483
0.03484527230844043
0.055451217430646856
0.034813250230085885
0.040954760674197566
0.03503156605859858
0.061836260053254634
0.030720540396483424
0.024487375522975557
0.06357039655573948
0.06398564806933874
0.07102713011971558
0.05531370030088626
0.05385227724176172
0.06665558955231923
0.05895174134665085
0.04050119738518733
0.05671983622879012
0.03780120751788037
0.08312945282746714
0.03715120794888116
0.051625639873975886
0.08308254587227255
0.034089875328244354
0.03245397304278697
0.11822602050089756
0.05478644960793972
0.05435353128046873
0.04827186910706704
0.04511744487608503
0.04486388971943616
0.04134622768133965
0.051337623748180176
0.059736354703332495
0.05630486490783019
0.0612590628249346
0.06247573511716214
0.04203669001968773
0.07865764315617808
0.07682270158192164
0.06094447092350866
0.06495608337898669
0.05769663977025432
0.05006778570332596
0.05351533280996687
0.039830083549636484
0.03457068894196652
0.05867687073215496
0.028877902450422092
0.039227014826830324
0.053844788571458274
0.062444908742341154
0.04794357514002738
0.1027079930819456
0.04855028577330365
0.08609376391043168
0.04799012577389753
0.06765175622103127
0.024382957945087217
0.06539143280656973
0.04681102867551672
0.04882608681373972
0.046975928000316095
0.08417804777369844
0.07885637048675226
0.03863307983579102
0.038035117886417974
0.02641975186521125
0.04353915144068905
0.05019549185445918
0.05933826887040903
0.043169864496371765
0.030979922667582246
0.023673891922501425
0.044581102085765524
0.05173626233800282
0.060213815720504126
0.059372884023584774
0.05521058846631617
0.04513396429663059
0.08090578615316316
0.04901634964749105
0.03378076906862583
0.02881879382017092
0.0807494166191795
0.0438839275968912
0.07693686844644526
0.06334110452073141
0.039915064615296564
0.06594674932393445
0.042528895173707705
0.05730241108007742
0.04364214019339584
0.06564717371655446
0.0401651280701351
0.06285172579530064
0.06543030677168826
0.02522515779239795
0.06726333200674141
0.0290009840242361
0.042600910044055834
0.023745965274280398
0.07747072100641093
0.08339923391872288
0.040942375294942455
0.07506567541274622
0.07047761245205685
0.040542651189346204
0.025511858883819436
0.036347247100698685
0.052596513951041854
0.05409419810821587
0.04164623146668154
0.04539671532901767
0.03728573261470892
0.05295077991277661
0.04457470538426128
0.06992609864739262
0.07327880121897934
0.039100114460107034
0.08193851727044581
0.0387310031788448
0.05371844384800856
0.05943111854545857
0.061902556153979826
0.07537923101557806
0.16281851968121744
0.06109140366276691
0.062090251320670316
0.03981170249257824
0.03268829173822283
0.0538802486634747
0.06322249402358573
0.03658269710897411
0.03434147081718046
0.06623892769061533
0.04477261274967783
0.018373563404953677
0.04462289502046797
0.021524372240989607
0.04540853991397931
0.029649886548173878
0.07487970004803625
0.03808787054036955
0.053689098040338876
0.08457127118320869
0.06913702107817221
0.04683232829041718
0.055109603634422175
0.034447534880111014
0.044121752451309004
0.03790754999504172
0.049862247787240896
0.03513106516963701
0.05726593594189215
0.030470507334897368
0.03008714147828137
0.09042855505078727
0.04677801437815147
0.05550878868829133
0.058080744054718934
0.03598625553659299
0.06014888428178732
0.023382793134731763
0.0446686331418602
0.1661440800790109
0.062397170912524155
0.08902386731576764
0.04753746283856368
0.5273164322281632
0.05162313717834281
0.024707095330162836
0.0780016181356044
0.06575430644454462
0.04282542122542037
0.027877139877774314
0.05147765477713199
0.026681848723347744
0.0490183897915029
0.0835361349166522
0.06639656317585266
0.06301946798960868
0.08691838236799128
0.05591080090355846
0.06228247926255103
0.056053999137033704
0.024328371116996032
0.059223628570457404
0.055389214019501254
0.07471289260993243
0.05283556636100417
0.038644564955561234
0.035359896035269116
0.0315642175537945
0.024286343717736362
0.04811948351046465
0.033321738236740256
0.0636121725194573
0.03845146286632297
0.04776975398962608
0.04315333655007806
0.04732032121795788
0.02565821431766833
0.020644007447517983
0.05003542909221964
0.0665103587914199
0.03199105280870546
0.03188153744302849
0.07422116262337183
0.08184216160343638
0.08992854959124595
0.07262506911515586
0.04496078667114593
0.05974333027280497
0.021000483382369674
0.07236792931741404
0.11155560696668214
0.05023433912280579
0.04477072124181227
0.035882737242242356
0.07440644566839358
0.06304931429334683
0.03514014782917638
0.04146700548720167
0.06722277870892028
0.06638595823079504
0.07880251982136545
0.04307329932404198
0.16537740362662595
0.06161893126913526
0.06173591558677626
0.04900510554225375
0.035877705791672834
0.03322850285518095
0.058754149230415276
0.03618075265424672
0.03878465796823132
0.05573197687454461
0.04882687471124503
0.060512481914230004
0.03778510115043402
0.01970632019920353
0.05435223474402835
0.03893750726304263
0.08866565031368409
0.05696573663152354
0.02320811317021934
0.057501661014621945
0.04120561002704731
0.050419725218467375
0.055433438452219194
0.07912361310521747
0.058435561298893636
0.04911498325170913
0.06950344599200022
0.03243893768274964
0.04795528666565409
0.037752550107420034
0.043993574686844276
0.033080572694928326
0.06108488250744309
0.04770065612049493
0.03950825320756962
0.0465236186714059
0.07559370904920525
0.0683587931044226
0.043665403374329434
0.039973721732105394
0.054968590295138016
0.04153272304677023
0.06051915344901963
0.07590133361715043
0.027778719046659645
0.0642864671705929
0.053418394649310405
0.044778722095280526
0.0588710690071025
0.06486761496839676
0.04006719264632399
0.0894170403133348
0.04800806499212163
0.041066038629082494
0.03660169717967551
0.09391033625337576
0.039814925087812626
0.040722027682931095
0.05679176777473621
0.06808795120606859
0.03885985269583047
0.05837172613620103
0.04641329408635358
0.13062766467725118
0.046728610040705436
0.04039665079127499
0.03295840209653988
0.02710948168674671
0.03654329462520742
0.050665362249003504
0.046987136334833146
0.06070815060506374
0.07754958249022226
0.043259643426414154
0.049945371249073466
0.034511520569159765
0.03896847160125664
0.05651290445047498
0.05188138700142318
0.05833355045542488
0.054693184366730895
0.0335325303692095
0.03722868501594563
0.027665486646182746
0.053056569594456614
0.06171340849894343
0.04021394404435856
0.03190425830028396
0.034305019069467195
0.09436742358480046
0.08807196382670038
0.022589781973793004
0.06003216536960173
0.04004163798786206
0.05266456873057023
0.04724710517830053
0.033025856810621666
0.04474289164435895
0.03511678990171444
0.06470864020571661
0.047702482761119304
0.05422978443333866
0.05392784493782871
0.04527727746144834
0.06080778464124577
0.08600107613292371
0.036143319763620736
0.030118166358211955
0.04483011794695845
0.059008277610405564
0.07558011743531508
0.049119174950790004
0.02377643502016324
0.05090220340446724
0.06364220086794131
0.01605015973065956
0.06861273938977243
0.04154981741285227
0.07205687627498158
0.07353449034572146
0.044041161428152696
0.05515653689874991
0.03521103951054628
0.05443728196973177
0.06647723292524592
0.04696594122577725
0.05512603335731973
0.07156664367886192
0.020093181387882138
0.026068761609564048
0.07158137795574619
0.07602040032468999
0.057733679183556354
0.06289960906612668
0.09468027006235392
0.06621278500790892
0.043445588515530716
0.06331669815029678
0.06311481163813237
0.04889704254380967
0.04160699197848654
0.04787896047059967
0.018844549579620905
0.04659513000019959
0.030262607968554487
0.08712505713621857
0.06880286262374616
0.03772350837479276
0.02757997826453779
0.05478934515604759
0.043988751620316534
0.05440152821443573
0.018163043727603218
0.06461592039377118
0.07068785913679809
0.02948561185390821
0.055028815100181
0.05536617570913565
0.028119199241591585
0.069662781707856
0.09317971940094227
0.04520767625135875
0.062331802496159876
0.07118989841803658
0.07570194798974675
0.05086485915798608
0.03567285014405263
0.058972746837655084
0.03171202224199627
0.01992714765885278
0.056514593689469816
0.07680647401337752
0.015278758226956107
0.05794603433495252
0.07459577961052495
0.03773739685111806
0.02972180720758024
0.053492850404647185
0.0463332752903702
0.053253171798929036
0.053749009737792085
0.049478920770698584
0.062439941485747955
0.025659400385584175
0.04541327911210192
0.061798256704420476
0.05701904622242973
0.04445949798514152
0.047839838830706465
0.050373121205897146
0.06175932718460695
0.06085912341543305
0.04899074366351938
0.06752531820362033
0.042451421406408014
0.06598435269924427
0.03907331231756644
0.07457069419825166
0.06737905400950042
0.06743676304122766
0.049527754305370826
0.045989869826895555
0.06013107560694224
0.07333171493652778
0.05008457240352868
0.05611518548402894
0.06632188949603153
0.07198024857092465
0.07220872497065878
0.03965405197337261
0.05594575555926805
0.08687210655528564
0.02884805832459863
0.036093404298502614
0.04998452718632169
0.07104841320557005
0.04202775189124719
0.04804997541078096
0.05184510468830412
0.0761987540146311
0.030521926758295202
0.025543158714981955
0.055311728805544795
0.025896892663673825
0.03634209189164086
0.07095688279088636
0.0332032727492985
0.034650783214818306
0.058644030073276864
0.046654764404102426
0.025656612959340724
0.04895134847059472
0.03095920802286358
0.02601259084806107
0.047486982977326876
0.043344371376209036
0.06095045916606348
0.1060887073369868
0.03847226739715477
0.06775457536121442
0.08485910376058652
0.043759458241547505
0.02775556305288068
0.08466837342986885
0.042784405641149936
0.04035669315146135
0.0775880297442894
0.05676648440399473
0.028295228035955168
0.05731263043087033
0.05648188044812176
0.045105490770046525
0.055253517033470104
0.037739088597927864
0.03984696433722384
0.04611463417471691
0.03381217903997477
0.05648570912126201
0.042287935288336076
0.04776910946953113
0.04275604994876929
0.03604325020049069
0.052543975094811304
0.06234046421915506
0.03611492602194852
0.052633188267179574
0.07015426356430059
0.08427517571098148
0.07516728010117762
0.0363672168057782
0.049693870668331135
0.051989887174233806
0.055577149098373295
0.04423955617949083
0.0580169511094467
0.05065804828001025
0.04026515677401662
0.05720909013880068
0.04483068147642438
0.026905348878508928
0.07045377121135983
0.0676073466653725
0.07290237710747968
0.048788977182294746
0.03605501571401848
0.0786621787408329
0.03610964960928435
0.034836901640604066
0.07724998506898266
0.04941370281011495
0.013375943348530643
0.054177463983001994
0.10517098300445978
0.08552871680732595
0.045302539386407756
0.03033657596437886
0.052393591398073286
0.05020320131925725
0.020329078541792264
0.05041343822891781
0.0686881406687144
0.04795769744434483
0.060613745159543826
0.029020842976904614
0.06541856749019696
0.04215885941975543
0.07740438986282355
0.03827237037451547
0.05880892994585732
0.059609990242180805
0.04233608799213659
0.0517907748625181
0.06947855440327494
0.0626841534113593
0.048809921614725096
0.03999206946819461
0.033955080053380084
0.0569595946125911
0.09922591088980581
0.06328743219684174
0.028175353480240254
0.08140380994864257
0.0424382114616318
0.08445463868560593
0.10009365718145165
0.0554821842536372
0.026742924303273578
0.04627200887709652
0.08877898241888076
0.05326332997376335
0.08515680134763158
0.029688534359899144
0.061086493522048216
0.06164360815548118
0.03993155105000158
0.04915257179669785
0.04025156066031079
0.08415416438382162
0.027586176022986263
0.10297225904440796
0.043669540822314924
0.048199008893201604
0.07266200501391801
0.07983554285210577
0.07336086910626394
0.025176025995714564
0.04326361824568843
0.00969986642066669
0.07678150876742318
0.08292588383776286
0.028477120226682084
0.056270839471429336
0.06412335815248481
0.05584596534042207
0.05596705751944752
0.049191305514238025
0.04519675914272713
0.04386857368430339
0.07154098171626656
0.05916148099178594
0.03837606793442129
0.0458870888975255
0.062318820636151566
0.07505076213034695
0.05261452351337128
0.056152420350069406
0.04685324812893474
0.04665749889197407
0.06570264652673649
0.08496612888554764
0.025881114544400584
0.049799586184543436
0.054308633668538796
0.034180483962634865
0.019131249625052697
0.07617368146743944
0.05318781512213445
0.07633004291648081
0.061344738827026374
0.04476191219167658
0.05118183368414867
0.020958954519863387
0.034781255725967915
0.045036701795227056
0.06045394342224056
0.05538044139935739
0.1287195644396141
0.04931099303697071
0.06804320842572871
0.0561853898465306
0.054021389500877655
0.05819376828830565
0.03318509492286462
0.038253188703954034
0.0782842619530737
0.0421090470922381
0.08788232521174419
0.03786799100670254
0.052165315099570245
0.07620289630843428
0.04729535843340655
0.045171346360551125
0.061967470934599894
0.07543444068101182
0.04036073081587457
0.038868383272751696
0.021500042039747116
0.022398046507543797
0.042520851548021994
0.05926133010898294
0.052242259514923076
0.04622660318896055
0.047480994619354074
0.03198193217795508
0.03268963478213915
0.03039626312245922
0.06517434047675712
0.052797387127587005
0.039900031772914374
0.06874218111580294
0.05190502951557771
0.053877747956891195
0.0653390956080182
0.060359816996505306
0.027001254569346482
0.03930017788435371
0.07147331102107476
0.07551542759775756
0.02577388049209471
0.041969790466886404
0.046087238391700924
0.0491940862410596
0.04764463515818804
0.0383613466278308
0.11140522857820233
0.07863900583260251
0.042491222172441154
0.04490663393600217
0.04499347542070078
0.044109915907550604
0.036710925154509896
0.03519843762320223
0.0685107887385657
0.03954302864704315
0.030235174217858308
0.03041235110667662
0.0604752085330129
0.05691041310898191
0.044953514137789585
0.07782869653443408
0.04655241099781039
0.04480792637403152
0.049030925278397114
0.07095954732502889
0.042983927092043225
0.07427743928676865
0.06613943099346273
0.06368831897460249
0.05459824709074037
0.04520634494596735
0.03266543304151424
0.062322794531221665
0.07133227791635384
0.038944546870192144
0.05498778757645308
0.08205912249595262
0.0676091302658341
0.04029504752969017
0.04225898846019733
0.04636125680354886
0.016187596977673645
0.0527223352096534
0.03948117956153701
0.02316061051333473
0.025535131614067532
0.06626136396110055
0.09129219470907914
0.043669607143275675
0.07696922251840256
0.07272941070129191
0.03660392565726808
0.04860100992145719
0.07210836844327036
0.04519819822187366
0.04372578684272712
0.039819321097363504
0.03174278406334414
0.044208247210606115
0.05048280923831031
0.04247437785999911
0.06641939793364342
0.05450381310327777
0.049987554606423006
0.05628782415782852
0.059945378085369455
0.07577231599073324
0.050032522628414525
0.0722162976831736
0.05780334605759382
0.02046622871583342
0.018628701907993664
0.042741563946128706
0.07386320991475424
0.03033671426224613
0.1269913306776992
0.06863058867319664
0.03427156381145982
0.0555907268283376
0.06599309456950403
0.04597854792790673
0.05629963612601862
0.05712748207264915
0.0614959070129019
0.0533426433324821
0.06655679181328729
0.03267652110164095
0.023354986183464967
0.06364635253136623
0.04393078462810438
0.06274965339446763
0.0375743718586767
0.04641239197826604
0.038874711881694675
0.05528746668797702
0.0537800673193552
0.05826977472366149
0.028924150218275456
0.06199531231341197
0.07019207899455744
0.045815059872022106
0.0704234308155379
0.076961805662584
0.06658943772322273
0.059570822087044395
0.04735647848830407
0.049592130902719106
0.03823152240052071
0.06920572502604742
0.05115970622884421
0.07630385738956506
0.033702136266498366
0.06205834225638901
0.0399825271831157
0.06116182064174753
0.0652308353285784
0.07632806541019499
0.08048115706339756
0.03573903792236317
0.0369333018758573
0.07235585805840816
0.06547398145735572
0.024006470240298058
0.049488313212354716
0.0520570477819228
0.06516657933468774
0.05276749326795808
0.10797586089185902
0.0400910092420813
0.025979858169866168
0.08071756858625381
0.06600862268675131
0.0613937219588201
0.01871178843884521
0.022987527059174843
0.03436465582437871
0.0355343025253634
0.06748726858097126
0.06183185925560677
0.10444656077122884
0.07123354682488045
0.06264707594043067
0.023164072954555963
0.1944713008770723
0.0732350718836582
0.05874769999867654
0.06576131811791183
0.05879323982140926
0.05746817120324806
0.06839297942216394
0.06582272561609637
0.04467260584378417
0.06537632590609362
