10.15645527740372
18.44899957355557
105.7819565433601
14.393101407867412
18.65223505756342
39.6703513380325
34.11753970521631
171.95502112652161
124.15067446768349
25.58906184441638
30.938130403587618
9.963881542390627
458.52558155686506
20.224456345465224
21.34454963945031
17.97127352492768
42.082999184268644
18.719966112563664
242.68013705782414
4.5480588255063825
30.220025671701688
14.536268835685322
27.522103717598835
76.03660992535093
43.960640759429204
41.38619549082493
16.658913877250008
27.777150398254108
26.602880492441923
50.34218286602423
64.11109014069054
53.752339408677166
44.89422815588668
27.520256991750394
20.484357250269365
31.29753102378788
11.078230244055824
6.685335856613641
22.188084750955383
14.522746056499475
30.20159281642462
48.4521029567668
27.390868319334118
32.57814436713049
19.71971562949812
25.31234109299224
31.64657512693362
77.18795180998342
23.547617051467146
12.935496236279498
20.760205173566483
83.93092595017981
49.408738887632374
12.929563411920746
16.266486938753243
78.32754202157844
253.54137210957114
47.01522974451486
73.77033740432589
15.783151956241444
12.065592674883678
18.736531369244467
11.916565324806
32.64164710222508
16.744643279678975
25.421228336554915
48.520309013561054
55.478370668358814
43.75336422988885
27.83838769779715
99.22561047650325
166.8078733863076
66.87975704403641
38.0644174468951
70.3237115374461
221.4476895036736
16.74210387636694
38.73822842039242
170.75359521305424
22.528145381733378
20.116725955146578
47.646532642416155
52.00150072952059
7.890188619279845
7.806508004124559
13.883328174957645
13.884537889578425
42.17667815705696
14.673544832646469
299.1828941482473
78.82707486270809
23.897084992686523
151.53625495591456
17.59651932960003
20.078966106416917
12.871726420967583
81.75617497049036
30.39503140171729
10.547719167896913
17.638836071020684
21.920010797163112
20.742985711860943
36.92484650586628
12.689878959778511
58.655413286488695
48.66433606558785
85.12936279243897
31.191142873095995
8.526571237294773
20.79481888152646
14.07770282504507
65.52630080847364
51.914290512362236
16.213966887244695
46.38631219180844
13.986511656999891
28.058855773449274
8.32123040721957
41.7259560861072
25.417274020033584
45.03134179637307
9.90405028154654
69.89877821376693
15.772331491969751
144.21006949249073
6.733710722708516
4.549930417124113
14.321421865718579
27.69810241890346
36.60932028635075
166.86720307426467
127.61457662200384
35.59765827311278
10.472005437804317
49.523094498561726
53.53576622370463
9.740342350191288
14.589306941450284
20.787167378846384
36.50326162192685
6.545472847507119
51.611923625314255
4.891406287128171
43.58021775824821
45.29510528282536
109.2036886010864
34.62025485623573
12.656938342205637
90.91510471996918
85.87189333688066
7.297849335765769
14.57876641889028
13.646963752884943
55.46527093430974
22.52295632243134
12.098094091633097
20.638240231011896
15.284268080178892
14.568359001937504
24.524358580532265
29.266194728351586
113.86415150517625
69.09166300822052
21.421805230404654
18.117021942956907
88.52220729291723
142.9942553027567
25.586078134785943
44.22425404755658
31.797401835381223
29.772805376292858
28.531955552554436
163.685671577986
14.431413382500045
11.560750839460116
16.949362088688336
12.889825905130532
8.891108350888096
131.61678006108858
12.654407372988985
46.230054099617256
81.15290495155898
39.659695746795165
25.502529387361616
80.73330705053456
17.03537810371775
15.611962360151827
51.63312133447547
89.02814056966254
54.50540001709909
37.564957876874594
18.03622954612716
165.5140353714339
31.124227791811542
7.282404399382422
8.191821770724847
17.982630001314458
102.00100839867315
75.96500223516924
18.66412399249569
12.312266795851313
85.39340460952828
16.952580230168483
27.94373672923271
21.852471579449787
22.85012245353356
25.404582416148372
117.69505175960259
17.262010145571505
17.87131951892005
24.33235326071063
26.797500710517358
28.066591213354563
36.07745644668831
20.145739019500798
15.523928692425784
114.8310093591291
163.03915751570457
58.43913731271248
31.402909605299364
167.89607762165934
30.27024165693893
27.217313213751083
11.174066460721015
64.35072990888774
22.729927742098877
16.78337718672842
14.178176635464236
44.841237313366925
113.1688228803446
36.61866693246687
123.01441063570049
35.18162009219004
7.288216447662399
69.4741361581855
51.62188359716547
41.91483443275304
21.187147894481924
28.825388414528597
113.8814626299754
1.7286027215385542
18.149056483245367
27.76966480030564
104.62953491625241
23.181125889203994
59.97804797790714
16.455599626966304
62.483455036933165
11.843933295736878
30.105932844920584
26.580590582354446
40.58557133549339
8.275464924507283
63.28841626655922
80.62174645467533
16.44660296179249
24.254405418769057
30.90185971392048
15.095299813742587
24.236008298275745
28.278473221456622
13.538496743939529
21.28310675772054
407.48794451144613
28.013426463923036
23.338185795745172
13.191924360823359
68.53295223105847
40.818077347433906
27.156017503627638
52.1414897533256
5.37810022703085
34.59073993267887
33.838748563161545
111.91866475804181
14.43604787286439
16.62236184378082
289.46357625716274
18.833944423043643
16.512558557864146
37.6096171267263
59.53407462976174
21.28691602750152
18.24509073865691
22.2246723417421
181.93005658413202
84.02534416257053
4.9433977862951926
70.61232041405816
126.61409188374977
69.80765656224169
11.972396896110014
30.005595089481503
110.50528234025948
15.275417745481105
94.63152307742283
31.775931861586738
84.09825465001998
42.916105966839815
107.75032634294143
29.330777389997895
10.205124483562454
21.92709306768118
40.67230907318533
66.77136516121786
108.66452357770716
59.43915511109503
72.90611764635601
47.40614346327378
28.431139731863013
77.388543783322
15.867837776890472
54.3649436986791
102.42541321614014
17.807645803987143
9.338276446986391
6.334449762283515
31.624637493635866
21.75629939249549
27.543661061873042
23.247670071072477
18.128899589170004
87.91908418016948
30.377097609940353
23.955921227053032
53.69320990113752
16.06457723976408
229.90526028842152
10.315520987286467
7.395088270323347
45.93591408822872
37.3988631880394
33.18374682268759
12.704154629881538
18.733694626164255
12.739619538911422
73.19880042864251
28.372552572826667
23.826700689864
48.379033130342
23.8766784181526
18.073456262847014
18.996216766157932
15.446049434306643
57.95620901484898
31.286772391094054
51.36528116060422
249.44706025320062
63.45457348025164
33.651147953563985
14.75305933384725
13.876766197826973
93.11485623706716
170.70910839425207
21.70834663319175
47.33594231554405
12.12318198022111
504.61094356225703
23.15734926077007
44.85365049993029
17.886287709949894
9.53695595531092
17.790563663932808
46.14411308338489
22.3915217082811
268.1044802355079
5.4153516840746825
159.12860743507528
35.233407728740396
22.29912060415509
65.88250633051469
16.556992990729846
12.574116954739452
9.602059639631545
14.70276449595647
12.841748945403314
49.92598140207082
38.23456401863412
48.3175184139575
212.78709226806745
25.81862996707006
435.3173686817604
42.35486924100203
37.451799169465765
71.51153858959874
27.0002167032861
54.33837011526206
10.47409627656898
41.48256603988141
31.22021797569976
29.48474395033268
10.179045780894697
186.95730839624233
26.419539988330317
183.73031794809071
17.13856172446219
32.82843887685504
31.44482253597111
37.8872134935786
168.0577993289172
31.8628501984984
18.58323788949759
59.09531935586631
14.832482607404577
72.83036092807711
20.190262591315438
21.869337192385373
5.842885917305339
12.96713997994969
34.013221541024976
13.579072766259184
51.602564034886804
19.51225362591672
133.125346928096
8.751731125930545
19.80514583318663
10.919458700543148
180.5899562734084
71.9728483003101
59.843428585028676
60.14377238496076
17.63247339212094
31.92623859082483
33.7250247105614
16.96911905101234
9.363590031649005
17.357541008022213
11.260626107709925
24.088102871236572
95.13707199809215
12.37356958633713
21.703258290552277
54.497956317773586
8.531896102719191
78.40360290477439
23.02503819436603
12.97376818369703
55.41376962182891
7.0010939633476825
37.548013248685834
19.830093334133558
15.101459047571074
8.32593250042289
32.96606848666013
30.674578108165793
58.763783945981274
10.725552320180851
84.81010677018425
64.22332210637438
63.53507175253628
48.04936268649957
443.78293108986935
102.31758513787838
105.2099674880719
235.55163772332287
5.1487215040584235
55.26008089246479
69.85010928011675
20.072835915325992
41.156135644442
52.35072027073385
15.973222464254427
151.2409748648936
7.659882342536876
12.779228515531583
42.83640051890451
20.9443536414194
14.085470126219048
23.008038082450756
26.555476927850027
8.113285570674416
64.886706067738
65.11151841643914
29.15897216353223
25.55270513609201
136.51816168140837
48.25634589795252
120.20101769913809
11.217632402737275
13.756035529792612
98.29133811520224
24.364107412601555
38.27766260086782
12.652664950575092
61.75983575963424
18.441655056442855
9.340452486611573
33.49687102150711
23.552050279126505
22.330570012752947
11.13623763228042
126.51626783891452
72.21630159377783
17.075535702745775
16.04770763105889
11.110026643367496
19.016177765817265
18.346467314963526
16.221317096893536
28.178968779310516
17.29589687280851
25.231085310156335
18.261535773483057
87.70495247381685
100.7847328755553
15.15481920452903
76.02030354041591
20.036157384277796
18.532499267302512
13.983621770079976
23.058497567393605
55.429036945750475
53.417903622103786
27.50562673179662
16.329167186646114
26.708429108459033
12.189333483243718
14.966948743835461
20.43554093478505
131.31939544193418
44.39252039769456
20.072544582255013
111.22476318095501
58.60923122171456
48.02540458243705
19.194522627883508
24.40595704250827
31.969469029009232
13.804494522726127
42.66751162294873
20.180701260710688
25.147232916151584
15.97428461313052
74.35494103420382
19.23921999937105
27.12238155170281
29.61806216342109
130.05720046570661
9.805551629276316
17.224148100809227
31.542098511159107
11.844335850342567
19.80927369529393
186.91180511148787
20.734401702731972
16.25089501605869
19.76586630617094
19.128101657994034
17.721561951144437
53.220749607770266
54.46374656526647
44.348787240634394
7.180358811623436
87.69551394791533
32.74522486067888
11.243628212572315
19.84687882586092
40.01833232312746
24.13121308436612
18.66405155100721
57.38337579464733
64.97997856091916
22.300536580537887
41.2486028844128
80.07454588169739
28.214409119100655
108.71103372725455
145.8972619631393
23.705090854783997
82.70561866699784
48.97321866268178
47.90500563107064
14.056560851552721
94.81375584489456
82.25988683796041
11.298612608050492
70.01580936169636
51.7793286302513
29.93754839925995
11.93023405548794
5.99709465001093
27.336638061993177
55.271845630568585
19.79147938740174
13.299183958860546
12.905618656506318
27.29572267334246
94.47425848389638
50.027095899612675
12.254533334194239
32.55334933171928
70.16918372446779
13.75882872614012
130.0118649014692
15.48577697906023
16.621026877059617
21.382260696572715
11.378002685053557
42.274126652083126
46.962906950975295
40.69337421461072
100.30700746073737
205.4856639859994
27.55697008314707
129.53881609389484
12.322383923345614
74.07678994603918
59.92991536879186
40.127993632573826
292.39471061463314
26.88699285217308
50.00856320200387
17.596835091154485
16.564276238190867
21.514436382721772
11.988679047490333
14.188813178354373
158.87105397862115
54.77989275192156
9.439917832979123
12.064117580016424
86.41234797872904
15.704248532646893
21.274034418030233
10.917056464568043
51.338999922749075
42.51858047855077
35.063040755607176
69.82662630280227
11.0285060297588
10.491422511087942
13.753507602413189
70.92698460842165
8.608205669173556
27.21776841451776
24.55999262281195
44.497235916882055
19.314108261612336
27.877012452844554
19.859894375944407
24.359688742170665
89.64691776626356
87.5433583087446
12.2491952733234
27.681376826177125
44.636734037115964
28.862330570785026
67.88139149564289
13.95143955617737
61.560978263496345
55.58548413378085
4.387268772524525
32.184191835422226
10.169889877647257
620.4630729059056
52.280565651542005
25.63493938030819
18.933060342440733
22.913314895337606
38.207973536910956
30.88301202470674
2.3774385750061846
139.18495207556148
12.750260044281683
110.20175061920364
96.63219819253028
17.20861253955747
91.47805307570961
8.373141165049972
26.76044363272415
36.31620412737801
34.030368416264935
12.15480731030019
19.09902518559864
26.93774117291151
86.0743296251277
152.9137681887818
71.3868576608946
23.09902891081033
38.13087722341779
12.147573106492608
7.67965759461233
63.928959074369914
13.40050262698463
92.86946142880547
21.398546523849433
69.49574614933074
40.484600490626676
138.74542720547586
24.345081596487194
122.93061700545074
33.98432780612929
25.84693333179757
32.82350930167591
44.079094141372515
11.409336511592555
50.92519652263774
114.60761591491915
113.13098321879404
30.082540930297547
54.24024298769071
10.933984197429972
22.625409610466104
50.86896227102845
29.126817456669954
28.964181018274274
23.960847650732394
12.18621703856357
20.686604948426005
16.678860078677634
9.402752871075332
17.398978144707705
22.886914957453673
49.95164891373264
37.25562493440555
27.45084548142592
25.066739964174698
30.473345447294506
17.87822627521669
55.68862046132622
44.23745745977321
35.26458453817353
17.968088329129067
32.112643796460674
14.974989019982958
61.66791887528837
33.513623208327935
20.596045515707218
62.92889715084764
65.57711485382745
39.68802677322718
28.720219802291687
26.989591569195586
99.13825578447603
12.484253247108118
69.60250555478035
64.05760372395595
76.58725644607217
92.36046518690067
12.673675517040412
15.40535604977416
78.60190113384164
13.321404860851738
19.209431669645912
63.79248183654497
16.024015899107532
19.665739161904884
16.468918992383745
17.780359401132415
155.50910807053756
19.5752609370809
17.974750794881025
10.429471751832367
79.26163554715264
30.466228103951696
25.211805658102357
99.49826857695973
12.5918229290906
8.516864111150195
30.187762278408755
18.409543032299162
43.494623512904546
30.95921280422938
26.267350063993085
28.459044021137103
16.125658864796595
123.57629255010984
12.537025498122622
15.822262774573929
73.97509616717541
56.67738428446841
14.459367740941518
5.723975583428956
2.7099335201294865
10.249319692037465
108.46464920275878
9.107889531416028
15.825039158287524
285.68941064158236
25.540578451521615
129.08151360644771
11.36768548846978
15.233289836880441
34.94604398562295
22.775121923458194
22.185759418353356
53.68877863054173
17.005338363377305
12.764785523840077
17.375939894690184
41.976227044586224
175.82378960916984
12.959957739048276
25.530755384503596
147.71809747630007
86.57104826892999
17.33692240611677
48.7932259808238
31.74725933121949
9.400203375772495
10.122738392451488
166.6288370577703
94.9783591390832
30.359898880557004
555.8696238017288
16.14452306266115
28.638088979522173
55.10940487574661
52.26364867214215
21.068478981222896
21.881630613187163
42.97399305108085
995.2456005150183
23.28368597186184
12.851933929162776
17.982395997524332
35.14896057747831
81.11548990289113
44.952633168470186
77.84151162723263
18.969011078869787
13.886152966112167
33.9241449323859
9.026156582603587
34.899013050406516
14.626620062315324
132.08875520562003
27.265090557346053
42.86756409306249
21.7727577544107
35.42430168898879
32.244367008103225
19.732882238330117
39.63920984878885
67.78903757231551
9.010827339804209
48.21678129651203
9.141127702781082
81.94107335561598
9.630259212609914
27.52246956840297
15.076699708946874
121.5027637593288
16.669991288214838
17.5400601671434
55.47849462959342
46.29785954794233
64.70496288030543
157.76115952367508
29.719771628687926
35.33279295617743
52.54503728687314
11.18349857656439
63.0712697579207
7.67792323847635
16.72477189594566
32.465447446848096
64.64135574923714
46.89950524178379
6.140665662163778
23.657323377314523
124.84152105962056
49.698281993560656
11.163250391422558
14.509384464704647
31.244933624867976
5.733806250244929
18.4299921853835
19.958024721997212
12.608053476739434
44.67208450248674
44.11898658210602
15.629927886705083
22.98572999342539
35.56344704103565
20.696267421406954
31.994492733535505
73.27182412557819
28.141960489711572
123.35832707073168
127.06295158745459
15.015033074234266
238.24579240837116
22.89843208810161
126.52608143525204
17.038694887388694
12.795140751731669
5.920393603607796
42.33751378955225
25.389699594676042
33.775899541216866
25.214045878187985
133.2809718213962
14.371134854396896
54.626632672440174
10.131029953191632
14.81747309932963
21.60030053344712
49.895078724065804
17.93816397933981
25.45840410327601
53.21958530369374
16.884148570288875
38.1964977669411
112.97854411485609
46.16872037769444
59.83649052225787
19.86681788413434
20.369579272200582
151.48185617805018
2.035660399820353
44.344156282878544
91.65759129589811
14.022952400381087
67.92235649107313
58.68476767234029
38.861807854212024
12.354680361163595
18.855492520964802
32.51028743208555
115.32374807377974
197.42643740182754
26.848845800764497
20.661366618088294
14.920815560976122
16.309916713538037
17.390012423681558
46.11532218028429
79.47710721034655
8.494822018078066
34.28195789359657
163.12235302169674
16.724239744764603
17.017377441165205
11.274873274664497
28.0467478634033
8.18303040590584
17.432513957035738
19.253064238975185
56.11927511509632
25.198850637440998
10.442590363556466
5.904462540809935
4.834342570191278
3.698656919123998
36.672405612619336
8.887433496194154
95.03927263562205
13.638035428089694
39.41646458878625
14.845651392406802
13.010028657273793
82.82229515758239
49.20150598645863
77.28961518671422
110.54069291634352
105.74082845745802
48.42198178490814
10.554968966460768
13.920856611643265
9.828008389478654
25.945258765655407
124.70295386761799
9.512328206532054
15.947348567788055
12.26464870907347
20.188212918501797
11.971114085198987
20.205930455948693
15.225501554168453
8.821799492559474
41.55593709107849
12.043171175935838
37.78645933515977
34.61086108536036
9.164588022605699
27.944953140210483
30.60791534578205
15.533866821064215
41.57344696227139
115.1999180799537
9.41371053962283
67.01793758706775
19.17260450914707
57.73826560587406
11.593293416887285
