46.75066982422113
60.67697740358228
21.895662715146546
101.74877116245385
63.81783235112279
62.49403806182885
105.58022520524106
18.362892133602895
99.9738082534193
19.603381751286026
35.54498793271579
137.87624733189068
33.90060558541584
33.95286744631782
54.8302615552499
129.23073559106734
67.3675147021995
122.42899224035149
9.013290307167265
8.130106960996844
43.05994038705122
162.74924473280043
86.13664164161482
97.56257465117552
39.70607152927553
50.67867617895531
66.12833910127436
27.032430046032207
50.9381877591764
8.224858106019445
172.18000746927774
16.33195368764377
25.50706120861435
38.22818822452799
85.37382474576484
43.95245797423986
20.981924583794328
37.843417958149544
40.86100162883816
95.46918355085688
81.92665207550692
108.73714575840918
95.8063623989467
98.77970741470862
69.61806511040392
23.02098092442483
16.852543168632092
64.5219386753837
137.19426644934245
46.7338453454262
127.7358293971623
25.117922735791904
36.195672647085566
20.44637215851067
86.88532748810476
66.51898215923526
65.2007529466943
32.931332895036796
148.58092203540957
97.27835350370421
125.76519203026109
108.22070394352045
72.66108544008006
24.68222916234735
95.8250236490324
35.82635244612197
32.874468919788015
60.75717449418292
85.43729906501446
80.15977736072048
62.55617620427617
53.63439587022407
51.29853168679794
104.39291806574555
30.59559110327325
102.81993479333198
147.21008970369792
68.4413242810536
107.87834998631557
48.09033109311956
84.3778245091821
119.55327607450637
48.75896005965571
145.18955637194708
107.9803357502817
40.10489508292606
114.05917187850136
100.93444344957518
33.48162474594106
76.36064088041167
56.20784741862192
123.35081279816718
56.12735386735308
135.9461079336269
50.055207519035264
79.56406666419417
19.03160238488239
78.15247746943736
140.94991291696968
53.28282980362322
55.891168867341605
42.99207300729506
89.9672597684479
22.25042696702534
65.36679059882705
42.96956646675827
29.822969484924577
40.50037903474759
65.31996207349025
73.71151132526506
93.63183462821974
93.15734496571345
50.676137348967444
28.392359923717216
94.68782768753809
79.34397084008248
53.90057914401685
23.045504430357123
148.74017406908695
74.64497289119114
143.70527193320606
19.207247167907916
185.29009591388976
77.23218558668691
59.19616357910129
80.66459240836039
93.04714182702422
103.59061753611296
40.8576069108048
96.5733744731794
46.20586910722388
42.86004759260241
53.90764841885284
63.16400743603721
68.90830296333091
99.66578507884512
89.6228900693221
146.7316839689856
87.1720167260804
54.876200200089556
152.01540780935713
24.72951585095211
38.427978117804265
105.87246841494051
90.83499866456688
42.88065833256809
108.00203984370121
50.32078872613834
41.214370295983784
25.470224458875723
127.32487276567853
6.675678879952234
93.10808662024581
97.16493028832365
7.820157587903351
85.63069665610799
52.47933859411774
94.2649153069226
16.84454667468855
21.129291847817566
84.9523636225121
43.72138529298382
20.352602297701406
93.26269728362907
61.04383743429385
45.54252254345862
15.411394009987205
27.291712522032466
93.1163546581783
23.800478945721473
74.88079836225894
35.603718612779524
77.73943840612068
29.54700544454287
75.09893042063236
97.38655100144896
81.38317902497505
55.2223618014126
22.436478234527872
38.37904177560835
24.857880649516627
95.6768214384885
97.42952401427245
62.30427848729353
36.56335426970934
83.96719441614957
40.81212560815301
77.14242497966413
46.720276694349636
46.31062499160435
36.31195469712962
122.67644055318291
167.697932312643
26.724186666369572
133.6241984921556
70.57597314527943
40.948050462133835
132.8647834162967
23.456007690778467
9.946796584739532
54.78830759265949
34.99771242860569
63.18467340370246
90.45230444408138
76.47302625184649
104.07675605579612
35.38293667638587
42.16670655567276
51.565482404509034
23.050666600587583
33.58195122843865
61.15320560565228
54.48481840859171
63.096882387195784
58.080897440531075
45.29129627860417
89.11889240071172
70.4784652519692
128.11822370474906
5.657142645558553
52.833553113872064
65.14530326096413
93.7553693353257
101.57343713363002
47.14654782314529
3.6381325647345246
46.83484235158084
22.79872508832679
32.50044311400843
108.61005276763098
62.600275714240446
63.27756427585641
10.886178231833561
138.9291913680772
142.29293668808327
33.11712617554177
39.82564384367738
26.91964971693595
23.844525982514202
93.0582504281136
86.04489827430388
40.966311139191234
73.69416438303377
125.92504333982521
68.31060649766337
63.76073395676467
104.58982806788514
108.42691461814668
26.323423774163114
27.571477354441353
30.114902611833138
68.57365579822118
226.61395247296738
116.53869771932952
58.202774426964154
22.48387786585651
119.53684627692208
69.06082182337845
44.36623615663786
35.21404017162567
110.20569491750268
69.30703114488273
42.22463061920893
19.787043855898492
26.029834357543475
80.11028836098035
40.00163745991581
25.27507089792107
71.9567398723027
29.84225759000273
70.10466057358035
119.15753691268579
53.16311605503752
25.502503326719815
82.87149422486547
33.580892570162725
48.64632369478935
74.68417691819141
129.8224572241379
96.62941453213078
83.25369086595259
3.586286738501318
75.7654882650065
37.333624329479036
27.68036643606558
101.60667959331455
37.56181234076553
50.31573645309508
50.89974063209964
77.83631385187209
132.48004990631745
49.93319485936014
77.83402936673532
63.34625102604475
84.3903454168658
56.51913132485326
69.05937163268867
13.813687404190352
7.500832459574723
93.28404960375045
20.871301090886924
21.23058044513731
16.01553240352424
103.9099371884123
47.16016109275932
145.05421269708688
6.049222261886037
40.71235758818085
95.95468690524618
56.91563897411834
34.162707407344236
69.00952007677245
74.27613733618014
9.710214148685461
80.1748481152973
47.09317949461617
47.52723143041242
68.43208583113817
49.2121817563441
12.248100516341175
14.858719479360706
28.56581444708513
76.5595003659615
41.745391490403414
107.51433317068785
113.24926926671777
94.09722869080463
44.37998311335318
39.631305687386096
41.06864200713503
74.84224935941802
34.28281912659804
20.928532936670642
69.78342890525252
10.324727615137574
98.68508694827592
79.81271645917752
77.0478593784933
74.6304102289113
67.22512048017178
62.769613911743185
55.18930502937106
26.37679873782949
103.11658256445601
42.38465570750601
21.853117851325166
74.61938088689023
83.73120673569319
16.651174286591257
50.04630619903964
13.25334073102752
30.701708435942855
25.422779004889758
14.072277116447475
80.87782729359083
21.13132281824255
29.30199652920999
49.49749987213202
75.67608078938564
17.331228905100453
92.56061396394095
66.10921933157324
88.15868037905128
59.745794453063134
86.45852252391741
47.31659225685736
44.99250228239253
42.54456496568884
106.62689529761913
69.31844752615223
192.8346666937584
106.69003113166585
132.18299996997024
55.957094839098524
71.14102733477519
110.97853124755889
46.70738614951069
102.99952735079339
58.237156701894264
44.50570499281866
82.80719342765569
62.974209276206224
29.62524626088066
98.62637258541487
73.39532839817788
66.32348657698219
66.59123999065419
5.674771450685182
58.977262785137235
62.38398072237701
58.186016246605185
10.46803343812699
90.4644154795716
113.32540603099561
9.80865240352928
180.09728649560896
19.147914511717257
37.65386739681018
77.88845468061572
80.59289611730311
79.52120967441716
112.8060535083708
84.09055193368029
141.73426337861795
55.89917956802605
119.39695447958276
54.19370039870247
45.13780853752593
8.91502529212744
126.06546375078845
82.70094537811083
33.38323168674731
31.090530233944108
212.7199507540784
72.63070711119188
67.63590856417068
142.92282199997632
44.60782696511022
29.933070054996406
1.9346124650618426
103.51478988683279
87.06610587731025
32.02729736607059
46.563197342960144
49.41649663971972
54.84839505952655
26.873568949513892
58.5252272149009
46.394799385549376
70.22119113437111
128.62593858377713
29.37337475759584
131.35336499432938
50.676651354272245
19.802941086714636
76.44489580538601
91.41719531899366
90.16503357360556
24.727295708357186
25.81917966365978
70.22611951164377
57.099589631219345
124.64429041831835
63.05760450523547
78.90247306147161
96.57313467047172
64.52196248700596
78.3337210400721
193.0591986768319
39.50303919639462
105.83467465901406
101.30203700448212
51.127752359249264
116.19305994601993
21.415567619544095
18.18101615768466
66.32649385025626
78.98422416614756
64.71636198080823
43.70480159951044
24.260817038867984
41.29915406964869
70.77588733309257
41.691515657874135
43.82502158712569
124.68484956152315
128.93481293564068
54.50422088210154
58.21749558965236
146.66562119873007
35.50564354729206
60.31816526282158
50.121930994478475
46.4100117775258
23.69970092648298
37.5675053851977
156.30315752648633
39.90243462808851
93.85200125606397
72.86996626556521
78.39239287008262
29.16933946509445
35.420626226557744
71.5656400459787
32.10690535753494
106.82413573520974
70.45309284702606
61.220208403095285
45.74209644250377
60.80633075440162
21.038927287638064
78.08027226440359
80.20102920493294
90.15515006892767
87.71015162688842
17.1447056349807
65.04364110996381
71.73725204399567
102.93974772109415
38.53923898019546
44.82149313598956
129.09932977056664
11.653694398836208
76.2748174440169
68.51536240392721
115.72063226768705
85.4175314310346
80.51234748180119
67.38752142228411
109.78121681154936
74.60341080058366
39.16616618857363
81.81671359869874
158.64039957733866
107.22976306323751
96.6733386640526
61.575977116547875
50.14454744943368
28.519907986310308
15.923836039367707
23.3248394051748
59.15738227454998
70.820056461501
56.31017358767705
15.192746832189673
40.62110086208222
101.47290401538203
53.84004057247747
51.895695712205
24.503476244539414
108.57010302111655
84.72901683412971
15.244590179702149
92.12616413182845
103.23431179397792
79.9790429591804
108.85939355897997
97.28932901932586
96.96042926244613
45.72408499918381
43.256956919608704
35.862782573935185
144.02788784679805
88.1359055614857
39.5478204233639
94.64824290315873
62.55980014136877
26.125127112196353
30.95250486978112
31.68972088782874
81.62172948805971
55.67175658246382
57.049883632877076
67.22787903305223
79.72265418102596
119.38733249887964
70.48622987567069
77.67478818615454
29.44565320501405
29.394640532458613
100.2305494093675
51.59203720325003
22.934350396670848
85.92224707202796
37.73361072377067
83.71017330392489
80.37775319971418
32.48159892024405
66.39191319726424
98.96075278793052
126.04076412323883
3.5679720362116996
137.8569663652178
52.030915941767745
38.243409577145705
75.28011239968431
35.8459167243901
92.65355341352668
54.188671482968324
7.08591811430649
164.9120271382675
14.657404405961294
30.80661867477967
39.69037256936795
26.45868017560692
68.18217535298913
143.7230441624819
38.54342671078539
59.87649998254449
29.88575255061435
51.92159649682074
75.76556390831668
48.842715008657464
164.94556827694922
69.03315910546388
19.5595826904288
40.64379016765999
38.33422450292517
102.46236559228933
59.25010041838582
74.69596394014272
66.30049796223642
129.16967558708464
37.26165908893408
76.84591747187375
17.29934545305243
137.40295927991076
108.45823790149838
106.86524020043984
161.05734535595258
83.17482145470667
23.919037065241103
18.693386091811746
135.90276500622446
102.02549360323432
45.94423935666438
11.603043089970004
105.77171119529856
61.788061888465236
159.42743869486299
31.336744102426906
38.85471643141258
35.45466669324826
30.982455590903008
177.12410701562735
45.408770633434436
78.29600366364173
61.00859373596558
49.602684622897364
68.69748499053064
29.03980861411921
33.476621838285524
55.228430033190314
39.81692187078184
53.10108314043791
118.86055834517845
71.86917726025197
42.36092865798391
64.5173596902335
75.21080278233741
45.50396330449609
1.2848339216250981
111.7894236559173
103.64434860670747
91.90782984601023
94.4125896904488
127.7473981282617
39.56379480792017
78.73822827446907
24.54614219009187
134.12584284358772
70.98268845497252
118.75729498157348
48.90725705885345
64.33010435039344
87.4848927846124
26.60270900039495
134.1509779081686
49.83591867722581
61.56146185641868
57.99485760607387
120.8440138973874
105.16592817334417
28.48824505353864
69.07757562752077
75.10910920009668
105.01193826746713
95.70246094552313
83.09015487751178
42.755430058091434
66.22416523765473
39.23814430623284
59.43807676697482
123.76013413686378
58.72595011889326
27.54546817157892
35.09582233903282
31.856978294755034
24.626231020305084
15.274393520823438
16.024041140190846
18.29347674469367
25.765174876269406
113.11001095984606
53.570506990084546
18.543541593965983
75.18784219924099
90.6510822081466
44.02519625651899
23.62777283018637
21.783287024906688
59.49479782658962
87.78006052666338
96.42741590155806
74.63441824758029
50.40096482899213
59.678278218302964
41.5271247012602
47.99478394330022
110.71377252290769
76.97229418666703
134.41727772567938
43.63467705099846
72.17618110636472
162.90076544768655
56.68535862947857
70.64667939283278
126.51825762965476
113.86830942308143
100.70354044421734
26.356213159595086
68.03668366539986
101.31667898016168
113.68633717489304
70.21840002633576
101.46390566145654
18.55532126070127
22.00465502060495
37.02848009968603
74.32726063093283
28.04255253875016
80.71357253194405
61.435952586265515
39.79657319490773
51.87374101692147
39.054672278867386
37.32338643646797
123.15767140212488
94.35598075153919
183.60288753503022
61.21016557824199
74.1038722842264
82.79986325160037
43.13514590251327
79.55668993511796
124.27398624427457
21.83765752827352
105.38704512142793
20.223713734034593
53.769265111771155
54.61401058149053
29.519497411160874
43.63845608642656
44.50160048166734
70.1940702555281
41.56393795328561
35.83916405351921
91.13439106426256
64.2940076434121
179.6046620741652
72.31639909852775
67.87784552383403
37.986437419253946
48.96187246374391
35.79075728524849
38.043001139837024
69.06801458264826
135.83247500834244
54.79662494502819
96.92430507803687
80.48621262746643
36.05184520136533
63.569992216496495
138.96659679681395
88.87334179631713
37.78546607925658
114.9363107396658
71.18241214925257
59.874925740389465
71.31434170331985
61.81857620359975
173.21261826525415
66.23055206510853
123.42662842664379
158.98840676052845
40.90393583996911
42.00682066438074
50.786194163938404
161.03528916953425
93.10768888126138
60.60138665202488
97.55394842157719
76.08121564447858
99.3761064260277
62.500233718701274
27.58590246245503
121.14166857086786
50.83618413047801
47.514832221032826
17.840026035703417
166.872872498473
101.56485391719883
39.678671750509224
33.18503627292149
15.379968778859709
38.24635929526975
72.65800505615854
50.91234418523583
129.73651659208713
39.43308961837335
201.3213415902414
49.613148099014964
29.625594285734664
93.48953997097821
37.34967529365935
90.00047765119868
100.59458711600207
66.10000069091643
62.40764876964379
42.42123392321772
79.56648727118815
29.081127812608234
65.25687400475968
65.14580352461392
111.06300809901371
26.20852773372579
61.71146413684116
54.62635629433501
16.78393756943466
96.25278757083626
15.230879982222142
39.839433276323824
29.001677185596733
26.53695556540153
56.48729920794448
91.14099433322242
75.70573927401283
107.22522521881304
115.51340293092386
25.116517696547124
43.56969140350587
88.88225428649913
137.86148051070134
147.96264057179795
95.21026154722963
36.49889080267731
136.06161314055518
31.401763748127046
57.8820151607529
172.89847483525534
119.51537887777533
43.080407959715586
112.71352769639377
100.7926197604674
39.86986112559565
88.03114263732402
39.39106340359392
30.580567418024472
58.20067992331436
68.45258686431562
99.2339958317622
64.45992851523152
20.301184752156523
20.638567268366053
71.17688638412378
26.9468709980709
59.85814637293674
60.18974055084063
64.13264281715675
69.33706366780908
53.332206160235074
58.57765302499825
73.09671768046856
29.055658925671953
63.702751700705115
119.25252916792712
72.87742837700279
69.35574741926692
92.44826922592806
80.14178693826692
80.40443248145085
48.73752953347042
101.80019479893072
106.59040003320277
46.31455714238026
28.854978659897984
74.80970861158751
112.49476209839872
44.37751645850872
70.88229298925793
23.188798045911703
27.708989085499127
34.42949885081733
65.8188717818454
61.988094384377995
135.54152072206972
82.58864538847973
48.26116191338561
88.89745818905944
121.97455974730094
59.843048636268215
74.36186263503077
67.65868946010836
63.79237668108972
148.03072249500576
22.083590729879308
70.14455893313571
24.091803854267187
44.080983146290386
159.71573546845082
51.10085466006381
6.359334395638066
13.409341455938208
60.215982171628255
127.74947913266514
38.99324425507596
179.9350733000122
198.9286642426502
20.135726295272985
47.13123704359568
52.146373433470586
54.54885303715067
105.68975507342967
40.13154487720689
78.1395555952027
43.48053338540208
74.48582523464944
13.779510036527379
17.800861738841228
76.795755366431
30.30197032900824
115.12357581133638
24.636519760712307
65.00257188652246
21.059969684097275
47.70688188995725
54.47692729551324
24.49738671750197
7.620909707395747
16.25489593386954
38.89762489880346
99.94975776010158
32.22738359135596
30.096050253480747
15.229329394755556
21.488652869609435
88.52944917331199
21.105679950704967
165.03132785958005
98.62452507553562
59.63725113796374
153.37732155906696
38.71846489763063
84.72630119181954
122.79746391973202
95.22327166704638
13.135708853958924
102.1757020828734
10.480352104664647
4.912052493538075
122.70180737979334
168.6932101910646
106.15050209459606
52.70839868305113
92.27728614482213
52.332373523622785
1.2476808499704388
68.51765952828153
33.26778254159371
136.91536378673422
40.25539403677998
23.474543385981914
25.185694062582257
29.8024256218938
46.860063383864244
66.34469674336859
71.92203040659706
112.75844925346856
76.71497394886917
72.49469448748467
20.466751111420457
42.92866512435395
155.30136733967058
40.366084344740145
36.28044468359794
117.26993713479001
111.70552989274657
9.385779548354165
84.42539282043397
41.49950039171039
72.72443952849635
77.67315685538013
128.17406858623704
80.86120533440845
55.56212096244923
48.56023257929838
26.348583183486166
28.363543318577193
15.73871556007037
128.18143926412375
65.69380630350445
68.64416041805136
69.94906850036672
29.772840030653043
12.060702151425328
32.593687788532
23.69431779887377
52.51811651277461
61.94696475790039
126.77298716033519
