0.23873374420930887
0.2505290251935008
0.22327812761122362
0.23069997577683019
0.24758903425724205
0.24836133946709038
0.25064548454826774
0.27347442363434626
0.2587794111714442
0.24938531682876602
0.21066469235797253
0.2606464025243102
0.2521783930307963
0.25513927934795366
0.2313760005751369
0.2092364560695495
0.20917649667717175
0.24809927159292006
0.25961040229126164
0.24374408728653452
0.24869628273319877
0.2845385226070112
0.2469179709045311
0.24023242152669763
0.26428130027155206
0.26458895374725167
0.24246546894989057
0.2806353559423695
0.25660085452025294
0.269625914016695
0.272267576870841
0.21148143554933688
0.23415341763539999
0.25027238229884774
0.24716305983018794
0.25095219603462593
0.27367115092479327
0.24692330299530435
0.25441465173118777
0.245354821285923
0.21308121507826627
0.2301695073480308
0.24998421990676184
0.22930031629080333
0.25297684684252664
0.20765945822705445
0.2772171827124598
0.26129014614980467
0.23518437837302986
0.2670965446967439
0.2883680169193055
0.21715436615867412
0.25351623439803306
0.25498868002485164
0.23562520614791369
0.27938185897723067
0.23954346291304193
0.22777197986697872
0.2693241161880964
0.20494079233355328
0.2456375085624486
0.23954423991509413
0.2765198772854523
0.26595803270091034
0.22423184734861717
0.24811411822400592
0.22304296387237005
0.24230952318424315
0.26851825354744274
0.2426365583833225
0.22686876700156788
0.22519478282763683
0.2568300817504827
0.2610245197161154
0.2554320110118057
0.2551208824833549
0.2562203273948136
0.22039906816686516
0.25345943955006794
0.24573034423957885
0.21542300860857855
0.24023471310703992
0.2488054398408432
0.24089080750594027
0.26303403102926737
0.2503318329800583
0.24323201633693114
0.239047424172336
0.2296240814026244
0.22296224997741543
0.24962003185974097
0.2631640496585075
0.27824974981825745
0.25830451884964345
0.2550309033152415
0.25281245186829326
0.2854404888520407
0.26610662957699627
0.24481789229008583
0.23750252344347694
0.2392319523689156
0.24169587363686296
0.21170519619019473
0.26424277921370365
0.26508154252266825
0.25202613244609107
0.2439027723040692
0.24711411071139922
0.2499772003361161
0.2368533236735522
0.26322956709809564
0.26851051764318945
0.27854024949792255
0.25388067003623727
0.20126434340551808
0.25717503106489725
0.24476892963240438
0.24010759669604714
0.2720349937918046
0.2350065606887576
0.2585097643803938
0.2347897790600565
0.24432826896761212
0.20839033046191138
0.25424619731171716
0.24742744749798806
0.21177282172676726
0.26322707814394286
0.2234099020465244
0.24424195249313058
0.2639593499897787
0.21716117385367067
0.2569812384328336
0.23127219439986002
0.26839034036098164
0.2383860427107617
0.2554085948523629
0.2319751592568115
0.25496276821551633
0.2003910804353268
0.24233233683144356
0.2335195557099394
0.26224764203684753
0.1856720633472117
0.23277552544044755
0.27090534819191986
0.2545231101802084
0.24704920713595177
0.2565025653802676
0.25246607125759746
0.23259160931054904
0.2786442475510422
0.25957879682654544
0.2510768616590876
0.24093708063709623
0.24953851337486485
0.24438341413692893
0.24841185781562664
0.25041944515234726
0.23653160972954512
0.2503803577096533
0.23956152242320733
0.2405010312041931
0.25402597691596107
0.2536157928193502
0.2413906969170091
0.2580378312320303
0.23083577809945524
0.23418223763906218
0.2431324537652958
0.2426164240933865
0.24491263801582494
0.21914461137703292
0.2564201053022856
0.26943455351853524
0.2732652744305125
0.27854229579380274
0.23944344032258164
0.28019290113476897
0.28536237024853794
0.21868856639513284
0.26219002469647
0.24912217161084765
0.21254636244116965
0.25656170130514677
0.20539035295656052
0.27037614986242475
0.2545084899107839
0.25491395669155426
0.24037043843100803
0.2501455492295085
0.26174975339910156
0.22503420482059688
0.2422103453843804
0.24052452078659045
0.22130586383842102
0.26296375752632895
0.23085546044594654
0.25937248404052593
0.2625832603254514
0.28914937193680357
0.27723121922490146
0.2417044990161787
0.23482958946692645
0.2656866625352244
0.2602965438094623
0.22475336778993438
0.2674993573180423
0.24605243260965892
0.27113064061614506
0.26212985102250164
0.2695427244653441
0.24627852242773102
0.261047722182413
0.25034798094115973
0.22680947499162585
0.2610179630672861
0.2461065067034074
0.2461020629282377
0.24843858420062553
0.21833057065153455
0.2346734113058161
0.28321120351402135
0.2442797330460073
0.275246382917643
0.2754699195786919
0.2581622293425677
0.2423233205528765
0.20203414814716675
0.26894799173518263
0.27241701029166415
0.2044917036223843
0.19993162890453564
0.24717525524211226
0.26830956929771355
0.2573336512036015
0.2125900364802753
0.27178011981859906
0.22343726351661336
0.28537459260751624
0.27393025694742323
0.27260879494755585
0.29193049492837486
0.19654904766348927
0.2382373674942045
0.27437938729212674
0.2594312150295195
0.27615109606131916
0.23625742305626063
0.23583876222057776
0.2601958757549141
0.2557756604162684
0.25352657039756193
0.24437908438200323
0.2157281314952296
0.23809827486222995
0.21374711993385961
0.2504216451901725
0.23571267419685532
0.24403101194124122
0.2708456821743835
0.20654265012248296
0.25302433246259065
0.2152686270084597
0.26879433127378716
0.23279625960559963
0.23695093452650634
0.2322177620783567
0.25354546809476164
0.21622070184881526
0.2372550276778926
0.19255128959480022
0.24468172517676245
0.2822754835837236
0.1926676866309412
0.28545346060772636
0.24792831208059152
0.252801776579524
0.2510345733888809
0.25269633770448796
0.2537286410982969
0.21053919991962033
0.2279858239156255
0.2661508306005601
0.2629450842889837
0.2530444013375532
0.20164451597040722
0.2440589118507518
0.24137835545942116
0.26853077747818344
0.22833432501230166
0.24725640722254605
0.2675064904397798
0.2668570195602118
0.23060745946890593
0.27935441580049913
0.22139875187878744
0.25694261313794353
0.23313042381899618
0.24945427361828293
0.25026252639991337
0.25953498239164996
0.2758730570628851
0.2470231098789088
0.2447956616547261
0.24367229285098652
0.20938646560244123
0.2614795912467869
0.21014746296234812
0.2751183941255409
0.2802256280301267
0.2595526850502872
0.272177055150917
0.26138921795989345
0.2617916883992314
0.2526859762488474
0.2546261528979308
0.2598281989347764
0.26389057713732716
0.2464041585338479
0.27725083507639214
0.2311640214651643
0.20044879345254038
0.26736586939348983
0.2590427037403028
0.2512247938165352
0.24504632672137364
0.27753558982231674
0.23786663148866288
0.2518979269889899
0.22659760192819497
0.2646986609577865
0.259019445495337
0.2504692324396263
0.2566942361688955
0.2081067020950142
0.2408158718553802
0.21992764208241544
0.2520291370372468
0.24200902275399952
0.2090354139885513
0.26988012742686496
0.27990814677118725
0.20325580948154354
0.2564749793268585
0.255104082773253
0.28399972369407306
0.2502210167498148
0.23938278638756358
0.2448956213576462
0.23642328652964334
0.27231346275831864
0.2536962539780506
0.21457765224854985
0.2684861768575439
0.23430783859299215
0.2320327535206979
0.21064445518124375
0.2549249774659038
0.2600047480495853
0.26767325708163997
0.24308897809653995
0.24554618371577774
0.2814519396971267
0.2747205153139245
0.25332247866180857
0.2337981710739672
0.27176063831615715
0.2260839517651751
0.25203740774979166
0.20828997847297703
0.24883730636092377
0.2688389073138047
0.2032671010674777
0.24435463300569582
0.2548864161842015
0.2761275059373477
0.2119914346428895
0.2522693975544795
0.2332991819076381
0.251589388190621
0.2675530771840613
0.21965992160858175
0.2439893309716641
0.2587059783893435
0.2527226413776693
0.2501624420985288
0.2442441107567338
0.26286422240691365
0.2486109487746411
0.2736294053419118
0.2567157954824255
0.2554585605174209
0.22994857669083688
0.259365467347054
0.25346937273592934
0.246290789958475
0.2559627172120536
0.23530792144910356
0.24171167472989186
0.22771324452485453
0.26377214298004636
0.2542048381494058
0.24481256991366024
0.2046584279970831
0.21089414405969134
0.23748543273915618
0.26824481617266616
0.21740725115039566
0.20267097496180964
0.2237730201741961
0.25585085260015744
0.2510315760678776
0.24019749508826607
0.27129220991529823
0.2125797059162523
0.2514858650491501
0.25197846172982996
0.22879294683262413
0.2501714513362696
0.2119986380471554
0.25828671774672474
0.2789341659547033
0.2659665157018708
0.2503243900073944
0.26554568788117305
0.22590800353438717
0.25667981856590855
0.2557568631707431
0.2377095747417896
0.25075897318191215
0.26387505722134874
0.20435464521021446
0.2684554116958121
0.23463484541473817
0.24577395233389704
0.2676487955922089
0.2154152152286456
0.25899469232614597
0.26221722083310184
0.2441469953623579
0.21216295679561625
0.2631637538587955
0.24401231799573186
0.2656964669482083
0.23644182908469732
0.24698495900441636
0.2088238728897263
0.252916559693749
0.27665840760260557
0.26428028990867125
0.25855231377313226
0.23817863369555536
0.22543056152046742
0.2768449307199544
0.25756462517094425
0.23335401726549862
0.23249059727267973
0.27448069327631486
0.251572581019445
0.21158389496736107
0.2327525056717959
0.20891768512654563
0.2395456693501346
0.2478451807147194
0.25076822430261725
0.2526263719671512
0.2458352267666492
0.252330159868439
0.21652688432150474
0.21561902171488356
0.20257285750767762
0.26391557661896936
0.20009517393531484
0.21740043608802323
0.21104140154124712
0.2578294608312074
0.24835542420199444
0.25444922059948055
0.2573519864151734
0.24865946745920636
0.21400570734381938
0.24898930553071258
0.257688043184979
0.22931716293308335
0.24626300460176725
0.23071844046244494
0.24596687398548311
0.24939153299376232
0.2742523246317157
0.2183093962975429
0.26435103548171623
0.2745827380217676
0.23065897245949984
0.24608036340877704
0.2666472077377174
0.2538422686222215
0.2502636616511121
0.2445994383972986
0.2597899812574082
0.20743158369504033
0.20698819002596772
0.2628902189644714
0.2624089532616447
0.24176788725917742
0.2529607068754507
0.2666125557787229
0.24535968472628414
0.27704299373967417
0.2392451147867462
0.25915056984834905
0.2480075282893453
0.2587186840975568
0.26038066869434134
0.2373548761219053
0.2465257389835183
0.23831951835999957
0.258472714430659
0.2247083029614541
0.2446002145049132
0.2127296171090708
0.25368095357274006
0.24838340141604348
0.26648730973875756
0.2344503304151654
0.23308089994700742
0.2457820052064667
0.19635677294254367
0.2622755783331525
0.23161392465395936
0.2782872262483716
0.2643382029950863
0.25711125834186127
0.2570006297827203
0.23122757770545782
0.25413837309234383
0.2553387671886214
0.2538359713093916
0.24329611641926657
0.2181294071894903
0.21767845650420026
0.25021435471867737
0.2400839815750574
0.21394433710008443
0.2558087309722501
0.2513832971306749
0.22147539041910155
0.25718166397935077
0.29207305656508686
0.26009824968340545
0.25435031642391115
0.1994316893281997
0.2391217277113177
0.2599599880199999
0.2102925893905156
0.265259980185295
0.22502888921925707
0.2579226756976004
0.2462248087951267
0.24902455143316088
0.26045288012260714
0.24767835686157383
0.21684330650642647
0.23911636674211378
0.26173019713493373
0.23814758460783259
0.2643924220596284
0.2626472359794342
0.2786590639044927
0.2374931631932012
0.23411942002904923
0.26167984963055213
0.2593241163993205
0.22513038749893075
0.23484860049965559
0.2924308651462292
0.2579459054866279
0.25193619236558706
0.2539513586881904
0.272968514849245
0.24545253868286837
0.25399736063448386
0.2524188338334762
0.25879605616426876
0.2666535682931449
0.2373909443254422
0.20959588084462177
0.25008266265741114
0.23595500513342563
0.2450529439613841
0.253315124897392
0.2664277804384527
0.2645975750652218
0.25935232385494944
0.28785528226593626
0.2571055295112671
0.24565841784754172
0.23794543194986245
0.25557891887771356
0.2619503797483188
0.2563946816154522
0.2887650265248586
0.26000030902276594
0.25762320674175604
0.23896479107839624
0.21983782443828814
0.2559741041476512
0.2654291166467815
0.25024422340557817
0.253404405531738
0.23353940513053423
0.23203767219896237
0.24775735684138633
0.26639794473228284
0.25864650397017863
0.2771028859526895
0.2621017750240556
0.2426611164499126
0.23421406044832904
0.23557927439022674
0.2550603066095869
0.23807454103344888
0.21278022846397948
0.24850506817068152
0.254999620219417
0.2724443017122396
0.26241696972163464
0.2621280155092926
0.24686404135126122
0.23651583210609706
0.20768947262821247
0.25210559610179706
0.26676433917172715
0.24855892915355676
0.2580880174468714
0.24069131558685936
0.24163286482977298
0.2759203062618494
0.23876290973182174
0.22441128963451745
0.23117572756171006
0.2466807319347435
0.23961807502294552
0.26108396301742187
0.2508261024376258
0.23130740353046408
0.23656708530625994
0.21859046360942927
0.24775976887256784
0.24950196132052022
0.21769315189052446
0.2738409531236109
0.2647781644232663
0.25212807065090165
0.2867029954631323
0.23971002584011497
0.24044474200150462
0.24997561567916576
0.23791285608293822
0.24607949963172943
0.24279025131939186
0.2325371579402595
0.263069804909519
0.286492252687536
0.26595940913187216
0.2491009532494921
0.21320725529642506
0.26327131695154443
0.24671801536030208
0.1967568897691889
0.2629822956618484
0.2675881861340857
0.24936619174401736
0.23640909117445777
0.26574669682194707
0.243031505428273
0.28932974350198387
0.24372839986797523
0.2522942337568338
0.22948873171016426
0.24776068769296372
0.24786497436074367
0.25415809241664883
0.2716888446272637
0.2801311734186698
0.25722356729255647
0.2423620314556471
0.23043091873173507
0.2441420057797229
0.26800959850198997
0.24620265787729928
0.2697714557456985
0.23951315969365217
0.20199796813460735
0.29129122570854327
0.24355185556803763
0.2676586771041429
0.26726886334872474
0.25835851254830033
0.25182226519962014
0.20621556737712515
0.22396927844847514
0.23048576133745416
0.24109324161110907
0.24932208928549948
0.24075018330739423
0.2725948628421161
0.25220513834246233
0.20747717211817807
0.2712180345843639
0.2514300099803962
0.208036696794189
0.2521978228529165
0.2666690123975598
0.2412619442656696
0.23563337591399466
0.25816857814432936
0.26744249871603876
0.2906181655973481
0.25718094141169495
0.26883609107604745
0.2632926504911559
0.260896632244337
0.2479099054723591
0.25428730642329145
0.24630916965846106
0.2372075224875202
0.23318178442301726
0.26555512964241956
0.266423420671987
0.22305861362558244
0.2519638698310256
0.21567555415776546
0.20937842301024312
0.2699457058471564
0.26315790443612663
0.2507506657750434
0.20171082577510996
0.2653215006435549
0.26521724913736205
0.22467251882934147
0.23571396898138097
0.2532378683385022
0.25520960530287184
0.26317990107277356
0.28251420140009353
0.25519524451575704
0.26204765368554017
0.25427677795070014
0.23331898120433842
0.19621873944403007
0.25838659388282287
0.28430771733618104
0.2855774764625249
0.2435473535274562
0.25650304337948765
0.2451477647092783
0.19383171658564524
0.24868853552724324
0.27336305946169903
0.2205715753863618
0.25858486076855913
0.24842202981741518
0.21169562575783674
0.2488063698612776
0.2829175799577716
0.2766203281916496
0.22642029220813636
0.21942381998927657
0.26900296470117935
0.22274321973160133
0.25673943207104427
0.2341891815138735
0.23104851513581304
0.19402494848628432
0.24834137837243034
0.24311318182306796
0.2832923423272089
0.24776497242026713
0.26734064972692945
0.21638152849831083
0.21117413005995117
0.22778670831783687
0.22729487120602668
0.252716640161837
0.24218604589005768
0.2153373587325772
0.2546461295538172
0.2016922969593029
0.23785408438179634
0.25663540233592647
0.24171799397993635
0.26433677883116385
0.2249482925110335
0.2453641550529213
0.2436505207413155
0.2464975297929073
0.2023594875289933
0.25224505572251593
0.26504154379825895
0.2149336944068932
0.2731277014528031
0.23530350170687347
0.24341328498501683
0.2676098772408188
0.23267914114908242
0.22724889453594216
0.24506562124385603
0.22316832285057697
0.229969713618501
0.27648066076905425
0.2607531044886554
0.274341545275887
0.2165382512269987
0.2503068680860335
0.23416892739799616
0.25740690418782003
0.2909418100869174
0.25476620275898576
0.27871944360121814
0.2742323988525895
0.2572925601646618
0.25064622447900176
0.21803661567956675
0.291869372040921
0.22200370792265053
0.2472367312803435
0.2575480723062929
0.22125044977023023
0.25561737218550257
0.19809676029652995
0.26305409704431487
0.23687708460178183
0.2550480403711308
0.235289958080666
0.2436558502700354
0.26128892665237813
0.2419783990252948
0.258440535177148
0.2585297066755069
0.2514790562443001
0.22998441760803084
0.26740788408566
0.27607907167587176
0.2613430231477817
0.2626834915078197
0.2575259375667094
0.2595788291816815
0.23290654442305309
0.24767777408579905
0.2538840486498234
0.2317015510030953
0.2812593819016927
0.2546722118767954
0.21103509960239714
0.24070021323100324
0.25967932555006423
0.19338108263483733
0.2568108206947278
0.2782350322755761
0.25094597903054905
0.2568463852299432
0.26448431925697957
0.27327745890873256
0.23511433101203272
0.24744448222333626
0.2515403052976127
0.2684237005999702
0.2364317572290381
0.24939087259011267
0.2451013484218308
0.2622703283238088
0.25885850204654914
0.24089869399239877
0.24357580837492215
0.26803082838727676
0.2376303095522634
0.2409494257425135
0.2564831385088736
0.2693535088186556
0.25556237764907297
0.23631292683785377
0.26277720666607085
0.24772694825600927
0.24018019784022676
0.2439731997723934
0.28432755708773816
0.21102548772438928
0.2380734858993509
0.25003322553599516
0.23472713070632312
0.24305903314591076
0.262542937326347
0.272925567478282
0.27219857148331583
0.2803720913952111
0.26037128604457394
0.2743788930319475
0.26532767305419547
0.21016819062860204
0.25718691821947653
0.23220529585296928
0.21919629642122476
0.2652429390464257
0.26908681067753226
0.27195464041925405
0.1929522310085135
0.27997826438292994
0.25757746665332587
0.26335899698875936
0.25228605904607493
0.22828448764490972
0.2551885069585141
0.254029160631561
0.26602838589050193
0.2428719311206945
0.24886344633096674
0.2833665045155711
0.2518731230526613
0.24314323620444417
0.23274596507126166
0.21185232279289246
0.21778519688691708
0.2518962029781646
0.2707903963802515
0.22138721997346014
0.2690781957158986
0.23615736683167915
0.25566311297357563
0.24560699026357125
0.28269742504559764
0.2600212564084449
0.24943705898868754
0.2596160812428728
0.24032840487336968
0.2431057067667689
0.25899516602924055
0.2548085624031693
0.25181534831964225
0.24254744756927726
0.26028699986710907
0.22847692087606947
0.24850879311260798
0.2564419508345317
0.273148915111788
0.26192876697108264
0.25573080120795866
0.24987948275811123
0.23586033296386028
0.250891529136253
0.22814738266022178
0.2618222510101639
0.25320984573686645
0.2510165535035458
0.2500954733719732
0.23922965553260112
0.26642012565274475
0.2336422292044309
0.2505985503234991
0.2564245093970484
0.24474869002874733
0.2541913579622934
0.2727483822393816
0.25799384207554227
0.2755712913435794
0.21196649303033172
0.2501866233564158
0.22976416468081517
0.23388793191181353
0.28104318874147927
0.253514292237047
0.26572885936226487
0.2571190645835844
0.25418366705721146
0.24501263136033363
0.2644220057728419
0.2424010781890148
0.2596562181999185
0.2720093177157962
0.28321264515621214
0.2587979360889249
0.19865329849921398
0.23351248988122036
0.2450843383935683
0.21491629106129623
0.28482320743250034
0.2603572748686047
0.207818711093243
0.2247363934004767
0.24909499288777948
0.21414039503991367
0.2665533518672094
0.25938469310678663
0.2113100363642395
0.25303238533903943
0.21828935880112338
0.23592452727362623
0.268573719544293
0.2602409166687438
0.25993171381654223
