0.14979248054235475
0.15437480894715522
0.045586883557178826
0.05095472386938871
0.15190618859800792
0.09101839332803094
0.08299256960577876
0.07838930165048741
0.06737506704929035
0.12772235659357925
0.22679343632359994
0.2742151814365599
0.07788882131571245
0.06478970220633275
0.057181003522252534
0.08198383494389289
0.06690513366190683
0.07634020276298223
0.1500917588933874
0.043644858015225836
0.09733079011796077
0.19073165964472513
0.06737067731281364
0.053896300778651936
0.05417182133869174
0.23040816547622775
0.10900731296665743
0.11843455583228815
0.03623391271501333
0.05107835966547225
0.139440709340456
0.24017083055382668
0.06058270050958104
0.15763622757655021
0.16402943312374096
0.06960637093025708
0.21708667635785528
0.05268526982958249
0.18025492872094837
0.2362775756727036
0.06162580348391069
0.09715957898904738
0.0907958133833664
0.19746570090169147
0.2749079026731279
0.07377011179492474
0.05697717748167755
0.0491576632094085
0.1236221176848939
0.06333276560437152
0.16483142047555285
0.36112503332750334
0.32924029330313637
0.0567828612150752
0.060655842245198315
0.2824652552028768
0.05274358685798181
0.2618875380614966
0.1706347374724721
0.19720372463266916
0.05435930216002248
0.05709784630760069
0.18208033868586018
0.1997354670629262
0.15315670380807522
0.08028273980647871
0.2486003130741299
0.22566513518626125
0.12446770926601497
0.12850858827660921
0.1430864687947866
0.2628593494238843
0.05618842146378881
0.18422276995257578
0.10320748656389962
0.15056599639376475
0.08586838326788018
0.18295144494287377
0.19404235251610583
0.08577558409549083
0.055776874143486914
0.05854219236783208
0.0885604108735903
0.05427477923442003
0.14823711326549896
0.13956030981132825
0.15334079942178194
0.16307605212350046
0.20636759185575687
0.046231337344337646
0.2983343531918261
0.11120593896891577
0.2079702656487928
0.1570082323907764
0.06116038657837842
0.07461432887558361
0.2752703781849313
0.13802096436868427
0.05601136466685232
0.13158045747375013
0.1873458622704155
0.22347444266635763
0.28865753347732326
0.19927736599346468
0.05632238578987422
0.0905532834277501
0.04042915600134542
0.2106409339688782
0.2305440614592392
0.2299956688947587
0.04843608710981384
0.04937097972185844
0.06160059392005027
0.21315610081071992
0.26078108776822995
0.21479592357248445
0.18789259235007083
0.17348564761637686
0.09873376719108011
0.2044762769877638
0.27621617982485447
0.04880924534727308
0.10341118117312652
0.07399027867043857
0.047822545562162366
0.052632176457829936
0.07498648932201489
0.1954271325732295
0.07827124728279221
0.23249136197590176
0.11147142544750559
0.22903267215978554
0.05812301932390574
0.1226075218717941
0.18732029562483868
0.07911715943011924
0.10315345113470964
0.2239520697546842
0.1967086643935152
0.0591908447441847
0.19667293966311994
0.057861961362132924
0.1283845292260412
0.22078923241935408
0.048387489940009146
0.15307586030482795
0.06869171772215689
0.15950937636977133
0.27845854565800254
0.1471539196603381
0.06923454218556499
0.20158766699822317
0.20251015860736932
0.2750346505596305
0.22036898652354237
0.1439093727034854
0.055520363070872075
0.13192271716359133
0.07920561866469694
0.13125314981029187
0.18079284119034836
0.2686916922897577
0.0744878622307491
0.08970114447684051
0.053547030313280716
0.05070223575618941
0.24814527395019748
0.10307992402477573
0.05031751847357976
0.34925064504081366
0.06728590377214172
0.11273172503707764
0.05813097827667172
0.067449223915742
0.2228793281364121
0.07687577491743158
0.11708483777632796
0.0603623683244909
0.060008563763337824
0.1487977792121853
0.033958157484165856
0.06306388418596702
0.24360272560332136
0.2132891751152409
0.09673217288879392
0.2264524572520545
0.1364556919746754
0.04161824163355012
0.05160622097937503
0.0748426850107388
0.13965184898031127
0.21474649819254787
0.16248472170152076
0.05527166327138214
0.055199663522397316
0.09054436370893157
0.24301764412882004
0.09213080827924719
0.2512484922619472
0.11554979229170315
0.15289580710707915
0.09194761007448013
0.2954647328454665
0.22221290379693964
0.06440819056424228
0.06746342872362088
0.2342580743362322
0.11341486078054762
0.04450632238227269
0.16989420111446588
0.23851353732599442
0.15045177301113088
0.05862676133451806
0.055808167398932615
0.20543859538725867
0.11032459371998934
0.04403627572870408
0.13335000090047439
0.04882626298232692
0.2133126266102095
0.17234496796894128
0.17425396612426203
0.20784355627401846
0.059054066546904135
0.19207158515219502
0.11946517443987542
0.05606559124593155
0.05014297483648942
0.2603546631201563
0.14856326552627935
0.1606500789190246
0.14565039396051552
0.20788770760011357
0.22692649690254477
0.1829858264377974
0.06028525273917318
0.08235109224339678
0.05128442952670666
0.1891138679737811
0.3788589182667063
0.12478910161387836
0.11815596389588344
0.0693298786590238
0.05751091934414875
0.08015255025331439
0.10211740554890397
0.13164232282023425
0.10441398670068329
0.1232553594726093
0.17863338078973895
0.061744206494575515
0.1973244047011142
0.23801794180264327
0.15058558395608712
0.04688400852453603
0.2313273418651857
0.06200775013750734
0.05109344711321822
0.21854859507605215
0.22032086396389472
0.26411429484634397
0.2549466823238142
0.0698353988065886
0.047972787878543054
0.3137381201686608
0.2135743629166765
0.05279034387011209
0.025140806428870427
0.11203773263280556
0.07661236098692213
0.05946040673842063
0.05696484202273158
0.05291530572751868
0.17861223046234273
0.07067470948570126
0.09156448527280488
0.2194200080820217
0.2285511769614338
0.16013669508525083
0.06744157458526241
0.1134084309839447
0.06378536916801539
0.04462986514151272
0.09178389899291668
0.24950167108144333
0.12490700859607291
0.1961634986053341
0.2592518811885289
0.07631013107725398
0.15758809016589867
0.16109092328416275
0.14501784945043916
0.052682583401827465
0.11501590475371667
0.2033947850398881
0.08077004102718162
0.05658315515389955
0.07677972240536339
0.12388498712132727
0.22265401184128064
0.06772575075164505
0.1909598351970237
0.15083376960213996
0.2541657026203031
0.06408766682634602
0.07762652022731643
0.21152739055517952
0.21679393263263858
0.1834593237847359
0.04224095889469998
0.14247517443187577
0.04432502369243133
0.060127023675789676
0.13024570583992223
0.21794971796649143
0.22044791024492272
0.11829263166313672
0.08262378204300612
0.19233471575383695
0.2097458544975303
0.05935679326512804
0.13061223913608902
0.21366562459421137
0.08054747868728523
0.12068386005399188
0.2783605886553303
0.5913732849486864
0.1723305007646465
0.11119598324360515
0.10792778815622535
0.1544488882410699
0.1960332732340087
0.11991504646355039
0.1765602824601159
0.1494903500620757
0.055390866709483
0.3568399997261146
0.23733318931614292
0.06622572831711691
0.043903959012842546
0.059511542654464455
0.18523372325018617
0.14899732271589913
0.17725037384775882
0.20433027816404328
0.23946550430682018
0.060706615541755014
0.37807720404932527
0.05321310483327451
0.06324422347992827
0.11112607549206033
0.0673132002871822
0.18060270469990042
0.1114200767899781
0.2038424765171319
0.06738653939919276
0.1427731747104428
0.14505290177878233
0.15271667129151156
0.19120003666102342
0.18521574512942354
0.16250692495792488
0.07302111636164457
0.049183714369129536
0.1706221811984095
0.04455104590134616
0.05335360813345948
0.26418329634135734
0.10489225891624712
0.2510127372332724
0.08103840093117069
0.2228814954734943
0.052854894875157626
0.0700317498789161
0.05047229362605617
0.11706036947916656
0.07016598885210745
0.23426676050966772
0.053229773791586193
0.1348408688488047
0.06360191619651753
0.056764294886818216
0.08804124449804128
0.22563610668181716
0.09804727294342899
0.058192663679403775
0.07030015843756622
0.04372237082302818
0.09496415827814761
0.06069138283174794
0.081034960563787
0.09443376828529405
0.0584667856503015
0.11604036761866157
0.21437206716550833
0.04814533001516007
0.048517197066051156
0.22742204671543984
0.2867690637880498
0.07560759314018697
0.19688008683415126
0.054190579944782706
0.08860673186640192
0.21092119059769254
0.10336832350499142
0.049357786995254165
0.22176366606122255
0.28974642403548306
0.055637496359452636
0.2196552158681408
0.15471236212683168
0.050115339073614165
0.05475558564684481
0.17113058879485063
0.21339545039285743
0.11827982106805247
0.1520699971205356
0.24611692257696333
0.07708068113555867
0.12281931043032701
0.1506510479422226
0.2201720853168547
0.07259427712863856
0.19874037713201947
0.13266408775023394
0.3328611589600739
0.057582395202224725
0.19757731371072965
0.056662754796182054
0.04496803610425392
0.14695420326047445
0.11442078273992416
0.04591618527759206
0.05777474065825807
0.046608264766284706
0.058858629938086875
0.09446293151511448
0.07625472555456407
0.12132685788137225
0.24729706659608272
0.10431787667665525
0.10551386985118658
0.05651587903017379
0.2266626685267389
0.11318865740422397
0.06342595461959963
0.18524079906109608
0.05972805912054099
0.05432303299990211
0.07234386287119972
0.07236042757661186
0.045239144670498915
0.11061556323808491
0.20192150906587047
0.05428515176793652
0.11691585331727372
0.0568927238628103
0.10799599922613641
0.06346231333856005
0.08042722896397894
0.16141445129387835
0.21669107473733132
0.15079921396460655
0.05795973009272617
0.05231080075877701
0.08283552121871597
0.04833046548208274
0.046111747709516426
0.28725334784953155
0.1408719074982965
0.04869448129309192
0.06285799207369151
0.20288061377885802
0.11400146707843639
0.266357640886258
0.2169642158326034
0.12227138933860786
0.11885439924553223
0.1376915267068934
0.21198080736626723
0.050000652735736756
0.3887716297712501
0.16477387672417002
0.11133373506059561
0.2196797555880628
0.04827694203386248
0.2632759941384414
0.09455229235762944
0.11065386598737277
0.05016997080191256
0.14709887439019778
0.10023428665767473
0.06104356586489418
0.18020475887956544
0.26821164009557985
0.3446696789946086
0.1373061555647516
0.1235603869083651
0.14453821122947558
0.1535203039226217
0.05294826063306023
0.11383657759605638
0.10777212916744451
0.21077935532589753
0.15070373124912242
0.08417964065981291
0.07271871283561379
0.27036933430442295
0.09166670331347723
0.15348736861699455
0.053639047370271545
0.07071011615557089
0.144900428162575
0.20587054813160224
0.16625440703411554
0.11216097028874032
0.056787912975289505
0.07652913325466963
0.10021296537447318
0.07577424533386232
0.08959441147941768
0.19827693797328708
0.08698028720176872
0.18773797486523572
0.2249354087566683
0.09092014045695608
0.1635157323007061
0.061764999554858334
0.05301901740568646
0.13043674925402307
0.07900726208020796
0.29348726441199996
0.04231280678594044
0.1710031257612867
0.07133622769849836
0.05214618102186075
0.06403553261914768
0.1671914298825699
0.1188887834070064
0.28421998130952253
0.10073987574410498
0.06037111512359306
0.1790587931500886
0.08326445964012236
0.04672419940371155
0.061390718957301006
0.05928027731251631
0.21890297561805655
0.19639929920791904
0.05975797969695883
0.10329674582877442
0.058496592311650594
0.11770826709253049
0.12746052792752238
0.1582160287346525
0.10449151649880344
0.031636780587603816
0.06343762942428138
0.05381824108302436
0.1645286904507809
0.21006155194127923
0.12998991845048247
0.15077248502351331
0.054133469143360896
0.19468222553684272
0.08278539816855345
0.1237245730432001
0.05476505910621116
0.1869513529215253
0.024988425039581662
0.07290780145108786
0.06911745068825308
0.10227591278302983
0.12822658006980228
0.0509166610730534
0.1210332509013677
0.06769089342289177
0.19214024630589271
0.12270313180768962
0.18072453908029845
0.2162890383184639
0.2721924621064114
0.10670264828276488
0.05321672958465395
0.17720337649681844
0.051514004063836175
0.053487386706215514
0.1624049152223646
0.20653509990202953
0.1468281162968225
0.1635533439257432
0.2145848457395912
0.08778989860534223
0.19598883901442837
0.06356757040803669
0.13652596497624386
0.11941783709962402
0.12882036840976216
0.18502880833078733
0.17635498829496413
0.2163448839394831
0.18560319500283706
0.25555448420497984
0.11180561990206671
0.10915066742918264
0.1983580225046829
0.09723588454904915
0.2768378172243032
0.2081128750649202
0.16853597851214935
0.08183235815815719
0.14746001894732538
0.06414607739533931
0.04814412436609386
0.11520571378717728
0.06159378218799296
0.1354948467887341
0.0811767318348941
0.1116410628757574
0.09530846176585774
0.022357358487590254
0.048619983542350156
0.10833395643135807
0.1560055843026803
0.1146182082167833
0.19332909152849076
0.12273910690920602
0.15316222642764404
0.11676057120311187
0.1945248464328386
0.04562389639832503
0.07905789861290867
0.05324947312370126
0.060376968108921375
0.05815356950492253
0.21268691264928072
0.20454118645331534
0.10243149972646687
0.2235563495528879
0.25374816036875064
0.25561412739163536
0.11393223759230935
0.055625932674619426
0.07486973500643981
0.2472095965823903
0.14593368706006601
0.16957037744022233
0.246182392263472
0.11785115180587077
0.21760703576193047
0.23276778750471896
0.2690099464924796
0.08940331789834653
0.1899637886517635
0.043790245252383404
0.060244070851734964
0.07349779161087575
0.08970294411486715
0.3053690079808717
0.06181434759671037
0.08568258520531807
0.1361338597625714
0.4236826562938126
0.16510215607083573
0.05975589571194981
0.17208536980431843
0.22996636935292872
0.0522228640782703
0.05942252171534033
0.133137185343757
0.06177712061577767
0.05431442841279752
0.06926132862838272
0.05704032074139085
0.05659042997265519
0.0451492637366154
0.14233831948038453
0.20830545687809018
0.21394681365615648
0.17169614060424704
0.19984488076095222
0.2552963526199615
0.0473427459689699
0.21232276788313503
0.1683563268686337
0.06567043476201923
0.17279653123943078
0.17305055967629265
0.19709337656030848
0.11757308176408024
0.21141718216413927
0.23000061929113233
0.03850271874046757
0.029239237251218665
0.10831116854723274
0.1475237041159524
0.049533244120221795
0.06871221794411585
0.06412736227482285
0.18372245518493077
0.09652703377362963
0.13411608396081173
0.06388276180825095
0.09506332109555288
0.22702517386293147
0.059395024946015514
0.16424926641904203
0.2305950947695
0.21771724558351416
0.2261073233590977
0.11440271097818198
0.04952824299744485
0.10096914475161677
0.18413748348128256
0.04708784155676078
0.0688896845630132
0.12591054620647943
0.13760843451288338
0.23551550237477517
0.23043554138831693
0.2072060862595829
0.2657843586377778
0.2459983743820639
0.06725441776045873
0.2755678520506084
0.29164460011191695
0.11492096702556323
0.16709355102673448
0.11834896950328498
0.1297275717195143
0.24359949692386573
0.04696678478405376
0.21815087626191812
0.19235882817074496
0.09662672295147583
0.05331860693443204
0.07140358891469126
0.06717330129792089
0.05781604716959437
0.06207568827693485
0.14092797985808092
0.07988471176791148
0.2663460098881084
0.2138812648756935
0.2144514152090342
0.17673568882862795
0.10282846072365041
0.18079966405908446
0.05517788877433311
0.06286744161186962
0.2637398014917758
0.04634798383374618
0.14994488285144367
0.1915179797015848
0.23217935879331017
0.0693114823609499
0.19508561601922345
0.1538198954758295
0.16701432813153197
0.23706752797600278
0.19406551941013656
0.16440768683069787
0.17366303034218897
0.18931873249445744
0.09983575926026254
0.15678374363479766
0.0771469684139999
0.08367811896738293
0.22296538731102494
0.19479065527643544
0.13021851472824
0.06469691423320034
0.054081382367843135
0.07010434065267233
0.11317877495561719
0.20563177964202228
0.21012563548185068
0.05117539055155184
0.1666623153027201
0.18101169247926174
0.06232145830148353
0.1809122262589361
0.1562603073185191
0.13161313365577434
0.13591024087577988
0.05490998144350024
0.28081117045360876
0.09036728695618365
0.19426000285755662
0.16431298566548763
0.0814004116695541
0.07173096850575279
0.05639519159228583
0.03891336881147009
0.11626406738132748
0.09928903917488444
0.06260407048947295
0.06705513982024446
0.0780869578520217
0.05516835313870043
0.04400112530060166
0.13243693402400988
0.13361032972392883
0.05393482117758994
0.15544713102785615
0.21809714369044197
0.06058932422014687
0.3160997882060063
0.1417768580803306
0.059864294046109906
0.18707393559329819
0.13456780445535807
0.06139466395724373
0.12263057637055513
0.04813491509259064
0.13078047057847028
0.049722646688602046
0.15701603491979865
0.22651625018497284
0.06864869981845208
0.10588346209903059
0.11263824402840476
0.14673924543860858
0.05948373132715537
0.2094833039052117
0.06496470319829836
0.21257707387792066
0.10180317846850688
0.05541642806677755
0.040212017958652126
0.14266356357881751
0.05631378825097376
0.21370462554609349
0.05533986581965743
0.0823597668952701
0.12844906484875585
0.15451354225027342
0.0826176046993559
0.225203484291829
0.05178233382789856
0.14215254656592788
0.18290488891335668
0.11939995596609516
0.07405660686345246
0.054655671854596875
0.21010210733055745
0.1909977825788597
0.05684165189510531
0.042466942873039835
0.04482440690798957
0.056853911051862834
0.14018999874101737
0.05234046720865259
0.18886729710978573
0.05358917787737898
0.062217716114013805
0.23084752715060333
0.0500076511375919
0.25097727182661345
0.21101132871082587
0.12122652830083709
0.06423276785750018
0.23160588011934688
0.12796713082856634
0.2551403664839353
0.14846363255699963
0.05860461222054186
0.10596334913698562
0.14190666008672123
0.051999236208487
0.21669463415100054
0.0774208241499433
0.050063038301133164
0.10485140971602892
0.05811024994590394
0.20675884953587917
0.1499021380115746
0.05255900665666735
0.056914892088486414
0.051058137855311554
0.1904061857744329
0.09026513698479675
0.18154102136254924
0.06429149782743829
0.15770622504616613
0.052367463081550374
0.051113489902261916
0.31586455330676605
0.048571808498039576
0.0706790496326749
0.06001408881222681
0.0605510730277615
0.10441216025878784
0.06796124955528905
0.14740099181244448
0.22109539632111294
0.037806180417091634
0.34901171669761283
0.052034313037916724
0.12054566700061628
0.16922510065070404
0.4662120214196464
0.049700500133793485
0.14077800287928363
0.12350159058137229
0.1332891281183406
0.08046050541690541
0.05750426237656466
0.05197478188870869
0.05220450470340805
0.24418078059513038
0.11439537054231964
0.09800136985088212
0.16642213308204887
0.18189960552724627
0.11142787752714318
0.22511229692812187
0.09790040846985168
0.14116475689637395
0.17999791143726465
0.06064262889381689
0.194477185538073
0.24087500755091762
0.2145720905553195
0.23443253475574252
0.04737243029436132
0.2136816997614419
0.14442816985490034
0.222990381333331
0.13639471366080855
0.07524204089571022
0.24438813485449956
0.03968811935712137
0.08112181945921995
0.21526957053407583
0.15522573087794783
0.0652567662655698
0.1078130307948058
0.17232938521486005
0.0984382679057505
0.24923966181098073
0.14891558540038305
0.17693519407586053
0.2293827665930096
0.05426408612365476
0.13450712916813864
0.2774924049881007
0.09256169471325132
0.052680745979857106
0.22146781247423009
0.2366319204680329
0.06398532994597105
0.17194383079177872
0.19261354630234467
0.3019533618812405
0.07329807276492023
0.08948319620619835
0.05667129410797371
0.20411120313152942
0.09457923621367356
0.06644286697968597
0.1605097857811885
0.21505602095119103
0.17037370582668543
0.16740753928117125
0.13322690890213362
0.18902592970879767
0.051850361475125374
0.05168519070722634
0.0738689027115454
0.25263509103086623
0.226083927766568
0.10698397856034537
0.06365040173535474
0.054452198492764746
0.07726836522321233
0.20522577005782042
0.04465971940279587
0.1057091673061619
0.07303851904990692
0.13288320989309643
0.23824093299194077
0.21726647357985845
0.18975990370955884
0.05742731057764106
0.24089570644907374
0.06715900760490208
0.0518333719851509
0.21056849162777075
0.05146192803102562
0.10784737241048994
0.2782717190219004
