222
221
201
317
227
285
309
225
178
208
243
189
226
194
243
217
183
217
333
192
201
183
325
287
229
221
285
205
107
169
214
184
243
217
206
219
202
222
208
92
170
199
145
288
201
201
215
290
258
258
189
200
183
334
198
271
241
193
274
286
190
227
203
207
254
253
200
198
159
234
199
210
95
210
184
194
296
251
211
208
225
223
186
219
204
280
188
211
164
189
289
273
189
196
368
186
271
261
160
220
218
187
225
170
200
151
201
193
166
257
189
312
337
230
246
255
279
211
228
164
297
195
201
218
251
210
366
305
208
251
272
232
270
270
184
210
227
186
207
279
204
180
217
266
170
259
246
181
249
216
185
199
174
202
225
233
314
155
235
238
211
226
244
201
252
160
236
239
271
247
213
198
233
210
184
236
264
244
117
179
301
261
178
336
190
279
242
282
280
259
201
238
212
187
215
313
333
202
247
309
299
194
184
305
262
195
316
213
306
229
303
208
293
258
194
143
240
217
93
194
210
175
222
229
213
222
224
233
205
237
275
225
170
185
192
206
198
327
247
193
218
244
258
241
212
170
301
179
160
286
218
263
200
169
208
168
181
208
189
209
219
164
279
246
288
305
234
266
252
220
172
216
176
197
242
212
260
297
243
245
282
252
278
167
217
187
244
242
243
300
286
181
195
152
226
199
200
169
231
204
217
186
272
196
266
229
198
159
153
238
205
190
217
196
225
170
225
317
223
232
196
277
186
188
318
262
219
325
210
255
392
347
194
257
187
161
313
198
222
186
260
196
200
162
168
216
226
208
157
252
200
220
222
168
224
203
209
201
192
271
166
196
157
280
283
226
273
205
173
244
218
210
180
192
188
197
207
219
268
216
205
251
246
245
127
203
203
147
237
426
158
215
175
259
286
167
188
220
185
160
269
161
232
312
186
211
289
315
231
209
228
257
247
264
172
212
430
137
206
282
187
217
290
171
247
196
188
182
299
205
220
294
240
185
333
178
255
191
175
252
230
274
186
188
311
221
202
197
279
227
198
190
163
193
89
223
182
191
245
284
159
201
226
173
256
228
220
144
212
187
206
220
200
273
221
264
188
181
222
227
203
228
199
252
223
232
191
211
200
205
359
264
286
185
277
196
210
213
210
256
306
255
197
217
209
179
186
106
233
212
312
200
223
263
217
263
189
295
246
180
328
167
158
301
236
255
261
237
181
185
180
188
219
293
207
288
281
166
260
238
143
107
292
186
184
288
215
203
217
219
199
275
241
226
218
188
259
171
276
210
229
221
228
176
182
219
170
194
229
284
297
236
210
276
200
200
257
172
262
275
317
215
291
184
268
224
210
294
210
189
272
249
223
192
228
294
276
392
204
236
211
241
205
332
342
183
342
272
295
208
184
225
187
189
219
288
209
214
165
210
351
194
287
250
278
221
225
229
187
215
221
217
273
278
198
265
290
223
192
195
208
303
237
192
121
212
224
288
191
383
203
200
222
218
225
280
225
238
215
161
218
300
235
183
244
211
304
271
247
222
257
271
313
265
178
212
270
210
213
166
275
196
388
274
107
203
180
248
251
196
280
331
176
237
214
254
207
279
201
212
178
153
274
185
180
198
206
181
181
239
201
176
241
239
185
205
223
213
285
196
190
200
329
223
232
322
250
208
324
218
178
210
196
303
249
254
174
235
184
210
147
221
217
207
229
170
125
172
195
245
201
186
258
191
178
272
204
303
212
296
257
190
178
217
239
191
216
207
302
263
220
273
218
268
222
208
286
210
177
175
220
170
181
216
237
276
230
206
199
104
211
180
206
271
301
231
241
258
224
185
214
227
282
170
273
189
247
237
268
285
220
330
233
155
202
311
232
199
209
267
216
209
268
188
296
215
210
231
201
174
243
220
313
189
269
250
224
151
183
277
308
264
208
201
242
189
259
236
253
319
195
242
180
216
176
185
206
304
271
194
198
173
210
214
209
187
227
289
269
184
222
259
204
208
215
259
207
249
207
180
187
194
179
176
264
309
193
240
260
172
337
338
203
179
201
313
173
275
203
289
176
182
194
207
281
257
234
220
194
210
245
211
304
242
166
178
161
209
266
281
122
312
299
200
147
222
168
281
206
323
199
251
235
270
302
208
273
274
255
258
199
256
181
229
204
248
299
210
202
169
267
204
188
181
179
189
223
197
193
183
186
260
176
203
191
229
194
235
237
286
249
236
176
242
202
297
225
234
234
293
169
173
219
199
213
227
217
206
184
308
204
177
299
170
238
260
187
267
186
172
