99
153
117
103
102
116
189
249
99
120
98
103
97
114
118
108
126
110
107
104
144
107
106
96
199
141
100
105
119
121
115
615
104
107
124
115
107
104
171
111
123
97
106
106
114
116
122
114
127
109
113
102
100
109
121
123
122
104
107
121
122
108
182
115
104
124
108
112
105
105
133
116
100
107
104
97
98
98
127
132
130
108
111
118
120
137
128
126
114
104
172
108
121
106
105
108
105
107
101
112
100
119
133
109
116
101
116
99
120
169
106
120
127
132
114
130
137
115
96
104
153
136
103
106
113
103
100
113
117
108
129
105
104
152
101
105
109
101
122
105
124
108
102
112
111
134
123
114
110
107
102
116
106
100
104
109
111
131
111
125
131
106
97
116
114
144
121
162
110
111
141
102
229
101
113
193
109
115
116
110
105
101
135
137
117
116
137
112
130
102
115
114
102
130
150
110
102
99
107
110
133
106
100
102
104
104
109
112
104
111
158
158
104
99
106
147
109
108
112
107
108
107
112
96
100
122
112
121
106
108
127
129
110
106
144
128
97
153
117
117
107
106
110
98
115
110
113
121
98
103
134
110
131
118
100
116
118
108
176
130
103
120
97
115
99
121
109
104
102
123
109
110
114
117
102
111
107
108
130
104
383
111
124
101
96
121
104
105
100
99
119
104
103
113
113
109
124
147
108
105
104
113
128
100
107
130
103
155
117
102
125
127
109
116
102
108
108
96
99
102
97
111
120
131
101
102
116
98
110
284
98
116
112
113
108
108
112
109
108
103
189
122
106
99
117
138
106
93
139
96
225
103
131
126
127
112
104
138
106
192
112
106
112
115
130
122
112
120
106
106
114
109
119
110
118
103
119
116
113
105
107
100
155
98
102
112
103
104
107
117
101
193
127
111
104
126
102
114
103
101
107
98
105
106
102
117
101
111
102
135
106
103
111
103
102
100
113
102
106
111
162
102
101
109
115
104
115
125
132
127
160
99
101
133
142
135
110
119
102
111
137
126
113
119
109
98
119
109
97
159
122
108
122
144
180
110
101
110
261
103
134
113
110
131
132
120
101
110
116
98
129
115
100
106
107
108
112
115
124
136
106
112
116
118
103
126
107
108
171
123
105
113
198
101
101
125
97
101
104
99
103
151
116
105
221
122
124
111
109
99
106
105
114
117
100
107
109
103
113
127
109
126
127
110
111
123
117
113
119
104
128
110
107
105
124
101
109
100
105
113
102
107
109
411
99
114
116
118
135
160
104
132
141
104
111
106
99
115
105
101
111
102
139
107
111
101
169
107
106
96
108
113
102
238
104
120
102
99
131
107
118
117
124
105
116
102
102
282
119
113
115
112
102
114
108
110
112
109
97
96
113
106
106
116
706
109
98
115
118
126
132
103
111
106
126
103
107
107
108
98
114
125
111
99
107
133
111
121
105
100
104
108
100
134
106
125
119
108
117
100
110
109
237
463
116
118
112
142
102
110
107
95
136
123
143
101
108
110
100
481
138
106
99
113
125
158
107
97
114
173
189
127
140
115
106
140
103
148
120
96
106
100
98
116
101
119
137
115
117
114
119
130
104
108
145
110
126
112
140
108
146
101
136
106
109
104
151
108
129
99
120
109
109
181
119
147
121
115
119
138
206
122
210
120
123
101
126
103
116
102
108
113
111
116
107
120
132
117
100
119
125
389
144
102
147
196
105
106
98
109
150
268
103
97
104
116
105
108
128
125
113
103
106
113
127
121
115
142
104
110
105
99
97
96
110
105
104
143
151
104
113
110
100
119
105
133
141
97
104
117
113
115
110
104
140
110
103
155
173
105
200
149
108
156
158
105
100
101
112
105
228
129
205
105
108
108
106
97
116
109
117
101
119
121
108
106
110
109
116
155
112
100
102
106
106
132
115
121
133
105
167
101
116
112
104
103
103
102
109
197
107
123
126
112
104
107
120
106
122
103
114
106
99
429
179
110
114
108
106
154
102
102
115
105
114
131
117
96
109
99
139
112
104
122
116
113
110
211
137
99
135
102
111
127
116
109
101
116
101
124
119
107
146
106
108
110
101
99
108
106
102
162
109
99
126
124
99
120
108
107
111
130
106
122
120
116
107
107
108
126
105
121
102
102
106
113
120
125
118
104
141
155
137
113
162
155
144
114
138
106
108
103
99
105
136
106
154
108
102
116
108
102
106
115
103
113
153
133
133
109
117
123
111
103
102
98
123
109
110
98
110
99
118
106
100
109
103
101
122
111
116
118
138
130
113
109
108
97
110
101
