20.46513557434082
19.12769317626953
18.529447555541992
35.326759338378906
19.813499450683594
25.17032814025879
20.93718147277832
23.54981231689453
22.530292510986328
18.557950973510742
21.9714298248291
20.023283004760742
21.33843231201172
16.018980026245117
20.629348754882812
20.171306610107422
20.49549674987793
18.186511993408203
19.62099838256836
17.514896392822266
18.643217086791992
-1
18.194263458251953
23.652999877929688
18.103513717651367
15.982460975646973
21.841318130493164
22.270713806152344
25.139644622802734
20.10224151611328
26.113618850708008
18.260866165161133
21.93067741394043
19.084882736206055
22.637313842773438
29.682947158813477
15.537688255310059
21.264415740966797
13.648795127868652
22.628490447998047
20.1793270111084
23.371084213256836
20.533329010009766
19.677600860595703
19.75652313232422
17.53340721130371
19.775562286376953
20.440458297729492
16.958730697631836
24.052949905395508
17.151649475097656
18.06505012512207
25.55239486694336
18.733274459838867
19.318567276000977
18.5097713470459
19.95496940612793
21.878467559814453
17.939346313476562
19.497154235839844
20.760238647460938
19.089570999145508
22.832380294799805
18.654338836669922
20.200178146362305
28.493566513061523
22.78780174255371
18.725494384765625
19.08747673034668
20.649076461791992
19.722091674804688
16.864463806152344
17.74017906188965
16.942211151123047
20.841272354125977
23.412111282348633
21.519733428955078
35.12382507324219
14.697319030761719
20.924358367919922
22.120868682861328
23.503694534301758
0.9216180443763733
16.205530166625977
17.696918487548828
16.477615356445312
18.037033081054688
21.333505630493164
39.74127960205078
15.928759574890137
22.29341697692871
25.790870666503906
18.0203857421875
24.076274871826172
28.01535415649414
23.33367919921875
21.27181053161621
18.91905403137207
18.43684196472168
31.383373260498047
20.74649429321289
39.09693145751953
24.190990447998047
17.967891693115234
19.895036697387695
19.648107528686523
22.61614990234375
17.393150329589844
21.3493709564209
37.61998748779297
19.011577606201172
25.037019729614258
18.534225463867188
22.157886505126953
18.902498245239258
19.180091857910156
18.85930824279785
21.79546546936035
18.202037811279297
15.680684089660645
20.286073684692383
19.562095642089844
12.831082344055176
14.889711380004883
18.67491912841797
15.131828308105469
14.04403305053711
4.005315780639648
21.690719604492188
21.716049194335938
23.90004539489746
25.34591293334961
21.9999942779541
18.365562438964844
16.82097053527832
-1
24.374530792236328
23.594934463500977
31.974573135375977
19.7811336517334
22.780500411987305
24.329477310180664
18.583959579467773
22.82977294921875
38.9758415222168
58.45787811279297
19.3690242767334
20.911483764648438
20.53516387939453
13.876914024353027
22.620145797729492
18.52759552001953
18.875751495361328
35.17784881591797
17.440990447998047
19.50240707397461
23.1108455657959
20.053922653198242
21.434890747070312
24.471420288085938
20.848129272460938
17.01676368713379
20.640605926513672
22.35993194580078
18.239463806152344
21.01764678955078
18.683481216430664
20.36993408203125
16.88044548034668
22.67031478881836
20.004167556762695
19.04338264465332
22.297239303588867
22.487855911254883
18.438615798950195
20.273235321044922
42.41840362548828
21.472620010375977
36.00732421875
34.82128143310547
16.510713577270508
21.097976684570312
21.314476013183594
19.83353614807129
14.943368911743164
21.1297664642334
17.00489044189453
18.754714965820312
17.18131446838379
15.867147445678711
21.120182037353516
24.69646644592285
23.306631088256836
17.194915771484375
20.931161880493164
20.26862335205078
20.452516555786133
33.97577667236328
19.61236000061035
20.55992889404297
18.326459884643555
17.153701782226562
19.902297973632812
29.103849411010742
22.095787048339844
22.537494659423828
19.533117294311523
14.981117248535156
22.890092849731445
17.339860916137695
19.14392852783203
21.060083389282227
21.624439239501953
25.428770065307617
27.250288009643555
21.01655387878418
20.667497634887695
23.042560577392578
17.52760887145996
16.054349899291992
15.381685256958008
22.057025909423828
20.125892639160156
0.5469565391540527
17.592144012451172
20.28959846496582
17.980615615844727
20.879627227783203
12.357927322387695
31.06847381591797
15.69761848449707
17.923973083496094
27.305946350097656
16.33681869506836
26.282283782958984
17.475418090820312
17.313692092895508
24.102481842041016
17.657011032104492
21.235795974731445
19.094074249267578
18.993864059448242
2.3309166431427
15.15485668182373
23.969650268554688
21.500751495361328
24.072111129760742
23.46219253540039
20.43372917175293
14.829564094543457
20.806453704833984
20.289779663085938
21.211881637573242
18.82697868347168
18.787914276123047
16.475603103637695
16.071508407592773
20.080791473388672
18.97382354736328
19.215087890625
20.80493927001953
22.835803985595703
21.212827682495117
18.072412490844727
17.597368240356445
18.878612518310547
20.045852661132812
22.417205810546875
18.03903579711914
21.330522537231445
19.05437469482422
14.100785255432129
19.059101104736328
17.89351463317871
32.64523696899414
23.103466033935547
19.99616241455078
17.927541732788086
18.268924713134766
21.481464385986328
34.454742431640625
36.91565704345703
18.603315353393555
19.130115509033203
20.532512664794922
20.5205135345459
15.29548168182373
25.47402000427246
19.998075485229492
15.773053169250488
17.624191284179688
20.49713897705078
25.959590911865234
19.687952041625977
16.234098434448242
19.19676971435547
22.383241653442383
18.43134880065918
23.775009155273438
19.68054962158203
20.202177047729492
25.640989303588867
18.628246307373047
17.969928741455078
20.967836380004883
16.549211502075195
21.743879318237305
24.52446937561035
32.364723205566406
20.18657875061035
53.32957077026367
20.070207595825195
18.757301330566406
20.78896713256836
18.67413330078125
21.933555603027344
9.87807559967041
26.91172218322754
18.38695526123047
19.514482498168945
17.187610626220703
18.264925003051758
23.18714714050293
22.0458984375
21.067529678344727
22.12678337097168
35.85303497314453
21.506084442138672
15.594623565673828
-1
19.38210105895996
17.23286247253418
19.85226058959961
10.953678131103516
21.79004669189453
20.684650421142578
27.090839385986328
21.710771560668945
18.04356575012207
19.365055084228516
47.9099235534668
26.488994598388672
23.006528854370117
18.769983291625977
21.84453582763672
-1
21.57059669494629
22.390483856201172
16.360511779785156
20.03299903869629
22.80255126953125
19.351594924926758
20.853042602539062
21.45690155029297
20.46584701538086
24.262365341186523
28.4045352935791
18.712900161743164
20.944053649902344
20.48815155029297
23.83721160888672
16.666587829589844
16.206653594970703
16.877845764160156
21.137922286987305
19.9314022064209
20.35624122619629
22.629230499267578
14.999295234680176
21.1546688079834
28.06563949584961
14.63603401184082
25.2637939453125
31.853343963623047
17.407072067260742
18.50730323791504
19.67957305908203
17.006080627441406
20.3508358001709
19.20818328857422
22.59930992126465
19.31556510925293
20.067110061645508
17.802288055419922
20.50956153869629
27.968414306640625
21.782203674316406
18.95675277709961
30.455062866210938
27.114761352539062
23.137041091918945
39.829383850097656
22.703882217407227
23.351572036743164
16.406763076782227
15.0339937210083
18.945592880249023
24.096820831298828
23.822607040405273
22.84881019592285
21.715980529785156
26.103715896606445
22.437307357788086
19.28223419189453
18.814260482788086
19.85758399963379
19.220577239990234
22.15285873413086
19.825132369995117
14.686112403869629
19.912965774536133
26.35700798034668
18.242891311645508
20.056421279907227
15.512317657470703
20.70389747619629
15.885885238647461
19.26929473876953
18.098066329956055
20.248624801635742
20.30152702331543
18.127233505249023
17.87071418762207
17.96608543395996
20.291704177856445
19.09063720703125
17.47923469543457
20.977710723876953
18.10103988647461
18.119890213012695
19.215740203857422
21.26923370361328
14.553994178771973
16.743066787719727
19.005701065063477
22.057632446289062
18.61598014831543
14.622625350952148
45.626014709472656
13.894950866699219
17.982742309570312
16.618507385253906
15.95884895324707
31.57015037536621
19.780494689941406
22.560462951660156
19.22072982788086
20.343355178833008
25.184185028076172
16.85300636291504
18.814655303955078
20.53629493713379
22.04087257385254
19.981563568115234
14.58536148071289
14.62497329711914
18.94743537902832
17.23052978515625
25.604942321777344
40.548912048339844
21.77239990234375
17.865720748901367
21.17043113708496
0.558224081993103
15.703709602355957
20.89846420288086
17.14095687866211
16.969757080078125
20.96095848083496
32.27079772949219
22.090341567993164
19.97366714477539
22.056753158569336
23.643869400024414
17.280263900756836
18.401859283447266
20.933366775512695
21.209611892700195
21.631567001342773
32.208251953125
15.939857482910156
20.3536434173584
15.175395011901855
19.708267211914062
19.49839210510254
20.760902404785156
20.847938537597656
18.273557662963867
18.765798568725586
19.389068603515625
16.323415756225586
21.01129150390625
16.34600067138672
15.97426986694336
17.39286994934082
0.30153220891952515
18.728769302368164
20.591693878173828
20.966716766357422
16.676013946533203
27.72533416748047
21.413122177124023
16.54314422607422
11.093477249145508
23.372013092041016
26.747426986694336
33.20941925048828
25.576881408691406
17.374343872070312
21.95834732055664
19.379886627197266
23.864255905151367
24.231107711791992
23.13397979736328
21.100378036499023
-1
28.4368896484375
19.496686935424805
21.29030990600586
19.467588424682617
19.00790023803711
21.056726455688477
22.8255615234375
18.111587524414062
21.731170654296875
22.402408599853516
11.928726196289062
19.89193344116211
19.127197265625
19.722135543823242
20.85883331298828
16.434024810791016
19.867834091186523
19.9672908782959
26.338947296142578
22.125411987304688
21.903419494628906
20.29936408996582
17.334884643554688
18.117565155029297
22.504920959472656
17.199254989624023
19.892194747924805
22.477569580078125
25.21000862121582
19.173093795776367
19.547115325927734
25.23378562927246
18.21381378173828
21.590099334716797
21.08111000061035
21.313753128051758
20.999637603759766
22.267732620239258
23.8280029296875
14.780400276184082
18.71351432800293
33.25144958496094
19.616811752319336
17.758563995361328
19.060400009155273
20.382761001586914
19.244291305541992
21.528148651123047
21.332534790039062
17.354585647583008
18.820877075195312
18.135093688964844
19.549657821655273
19.78169059753418
19.239431381225586
23.163339614868164
20.283889770507812
21.8791446685791
23.875410079956055
0.43383440375328064
20.33951187133789
15.034524917602539
17.895967483520508
17.726673126220703
18.590578079223633
16.342069625854492
21.62953758239746
23.01981544494629
31.456348419189453
28.353485107421875
19.423160552978516
17.936138153076172
20.917484283447266
29.87046241760254
18.183462142944336
22.690715789794922
18.06214714050293
45.42038345336914
21.718608856201172
18.230382919311523
18.523988723754883
18.593294143676758
25.979581832885742
22.110233306884766
18.784332275390625
24.198556900024414
17.766759872436523
19.846471786499023
23.22144889831543
17.21988868713379
20.686649322509766
23.60478973388672
17.734487533569336
18.2393741607666
21.98841667175293
23.5429744720459
20.038835525512695
24.67115020751953
27.561534881591797
23.61581802368164
27.45176887512207
21.98152732849121
21.322725296020508
24.217758178710938
8.752058029174805
21.105859756469727
19.065832138061523
17.478443145751953
19.10502052307129
20.7891845703125
19.957042694091797
20.629653930664062
20.380659103393555
19.018699645996094
22.90912628173828
23.360761642456055
17.960041046142578
18.914306640625
18.938692092895508
23.472713470458984
19.51422119140625
22.291893005371094
34.89356231689453
19.9868221282959
25.58446502685547
14.987983703613281
25.514423370361328
18.088375091552734
22.04479217529297
16.589088439941406
24.450979232788086
20.98386573791504
16.38631820678711
17.573135375976562
24.67998695373535
21.903884887695312
23.89668846130371
20.631114959716797
18.441417694091797
12.477174758911133
16.582820892333984
16.161773681640625
13.330114364624023
20.6716365814209
18.861373901367188
15.57157039642334
23.407102584838867
15.571354866027832
19.538528442382812
23.063074111938477
7.276034832000732
20.212209701538086
15.766134262084961
20.13874053955078
23.885194778442383
20.54587173461914
19.36543083190918
21.006446838378906
16.441009521484375
19.939163208007812
15.00225830078125
20.912046432495117
21.376907348632812
23.690914154052734
23.772472381591797
15.157548904418945
22.667306900024414
23.75632095336914
18.863874435424805
-1
12.374150276184082
18.562225341796875
22.8622989654541
21.60208511352539
18.989089965820312
17.599943161010742
12.781013488769531
25.55817222595215
16.349740982055664
23.534305572509766
22.50710678100586
23.89344596862793
18.738679885864258
27.13956642150879
19.846786499023438
20.237260818481445
18.840497970581055
22.40624237060547
18.49344825744629
19.057462692260742
18.772018432617188
21.750734329223633
23.047168731689453
17.927204132080078
17.983963012695312
21.89620018005371
23.222055435180664
24.119897842407227
19.289016723632812
17.47732162475586
20.862035751342773
23.712360382080078
21.777212142944336
20.107589721679688
21.17815589904785
24.172746658325195
19.24081039428711
19.246368408203125
23.625085830688477
15.706658363342285
18.25130844116211
20.507749557495117
16.273168563842773
21.53948211669922
21.166275024414062
20.910921096801758
20.891712188720703
24.43384552001953
24.16949462890625
19.010173797607422
21.48508071899414
23.910888671875
34.02948760986328
16.404085159301758
31.120803833007812
21.12125015258789
26.465171813964844
17.466291427612305
20.461353302001953
27.718172073364258
19.48661994934082
21.841266632080078
46.91028594970703
22.788793563842773
17.671348571777344
22.990493774414062
27.34446907043457
19.417341232299805
21.47932243347168
22.522573471069336
29.159940719604492
22.879926681518555
19.803138732910156
21.837472915649414
22.72012710571289
21.45162010192871
21.727100372314453
12.632574081420898
12.728554725646973
-1
17.418550491333008
16.925678253173828
15.321514129638672
35.57093048095703
18.20668601989746
22.914478302001953
17.947879791259766
0.4724747836589813
18.51534080505371
21.78067398071289
19.675731658935547
18.417694091796875
18.237350463867188
16.109323501586914
5.093806266784668
20.974960327148438
19.42561912536621
14.25942325592041
22.78510093688965
25.390783309936523
17.94187355041504
18.166162490844727
22.410871505737305
21.68105697631836
22.491931915283203
23.853811264038086
18.396169662475586
23.60960578918457
21.430994033813477
19.776126861572266
23.153715133666992
18.86543846130371
28.594446182250977
35.02594757080078
-1
14.791318893432617
20.478334426879883
18.50943374633789
43.82344055175781
18.94921875
18.28124237060547
18.051042556762695
21.76236915588379
15.537919044494629
20.832744598388672
23.407421112060547
20.68264389038086
25.142127990722656
23.655853271484375
19.199981689453125
19.71408462524414
23.99919891357422
12.791206359863281
20.0032901763916
21.95505714416504
-1
14.66772747039795
19.013687133789062
21.187803268432617
24.259824752807617
19.432798385620117
18.808706283569336
17.891359329223633
19.533674240112305
15.52076244354248
-1
21.291051864624023
35.280052185058594
22.021957397460938
18.423364639282227
19.412628173828125
18.131196975708008
23.151180267333984
35.11003875732422
5.204016208648682
22.154172897338867
18.9073543548584
14.109993934631348
23.290876388549805
31.530607223510742
31.927907943725586
17.969348907470703
18.85993194580078
19.791173934936523
34.29835510253906
21.594064712524414
22.88190460205078
20.36629867553711
21.778051376342773
26.768085479736328
21.442041397094727
26.10002899169922
17.26179313659668
16.9140625
21.3026123046875
23.46510887145996
21.0792236328125
15.992794036865234
19.697439193725586
20.268320083618164
17.75227165222168
19.73975372314453
20.495468139648438
19.234811782836914
19.496273040771484
18.102834701538086
20.520572662353516
20.98307991027832
19.919153213500977
19.313486099243164
20.416038513183594
18.949533462524414
19.05129623413086
21.17818832397461
8.50658130645752
17.354564666748047
17.161731719970703
21.811229705810547
21.251161575317383
24.109174728393555
21.506330490112305
17.016796112060547
15.836138725280762
19.370656967163086
-1
21.44633674621582
18.461647033691406
18.137126922607422
19.208955764770508
20.563825607299805
18.90260887145996
19.591421127319336
34.30236053466797
16.685348510742188
19.658920288085938
17.571687698364258
22.31268310546875
21.216127395629883
23.524099349975586
17.47504997253418
20.559066772460938
19.13315200805664
36.22248458862305
20.79126739501953
21.507089614868164
11.492568016052246
16.73476791381836
21.07364273071289
14.750100135803223
23.994598388671875
26.297399520874023
22.387836456298828
19.960115432739258
23.698640823364258
20.086763381958008
6.234592437744141
-1
18.897401809692383
18.20627784729004
20.090730667114258
14.109596252441406
18.7474308013916
17.27635383605957
32.50227355957031
21.180599212646484
22.693004608154297
28.822193145751953
16.586063385009766
22.8132266998291
13.46866512298584
20.39842987060547
21.3935604095459
19.682199478149414
16.170730590820312
17.467721939086914
22.207672119140625
19.2458553314209
22.16165542602539
22.1196231842041
24.59839630126953
23.272085189819336
26.285860061645508
16.893505096435547
19.044818878173828
20.923185348510742
39.07688903808594
22.742074966430664
20.184782028198242
28.251056671142578
15.501011848449707
12.422399520874023
23.86229705810547
23.772705078125
17.330848693847656
13.852301597595215
16.65172004699707
20.550962448120117
20.787639617919922
25.965791702270508
22.212257385253906
19.635793685913086
22.817646026611328
18.36989402770996
20.99142837524414
16.1734619140625
19.54224395751953
-1
21.268970489501953
22.58676528930664
18.620519638061523
20.814250946044922
15.201292991638184
20.750009536743164
16.539705276489258
20.31883430480957
16.978683471679688
18.368240356445312
18.098060607910156
20.362672805786133
31.42391014099121
20.641704559326172
21.162839889526367
19.6160888671875
19.490598678588867
18.9559268951416
19.675453186035156
22.836620330810547
0.4121723473072052
16.071033477783203
-1
29.45147132873535
20.80378532409668
18.995025634765625
17.76612091064453
