0.8985842935792733
0.7510972266741995
0.8058940033375697
0.8703234169210767
0.8544807875442525
0.9452870292253359
0.6856807828239561
0.8530071364683296
0.8530220100504486
0.7341446904526445
0.7924700852887194
0.827831055142642
0.7388409778028272
0.8424904699216955
0.89568392384425
0.6889738215474885
0.8925939903877669
0.8955396332572698
0.8754515378635115
0.8795843854403681
0.6502456350935841
0.8475541521059273
0.8604232271082761
0.7353162027733662
0.5602182306197026
0.7051072239814943
0.8441322502122042
0.8299834076390948
0.681743408344544
0.8712922883423817
0.8323977712883002
0.7019392671276818
0.9126729789338498
0.8540669091168742
0.8978576012512721
0.7781294790167599
0.6435811197165725
0.8691633311711172
0.6716770981946254
0.8611682870630313
0.777974996205375
0.7862021703974422
0.8135977942278704
0.8200952707547964
0.7160197268435619
0.5747369493631714
0.5470321882419483
0.885063699839862
0.765963517751948
0.6478226877964423
0.8044144738389923
0.91390573676295
0.8210210456238082
0.8379658833422456
0.7564219754532191
0.8755819415748378
0.6953484037290172
0.8183019945835791
0.8285200185064125
0.8892998806472199
0.90460122100553
0.8106532407577653
0.6540570436634134
0.8824799314892235
0.8716206335688719
0.8729736873913492
0.8498900986353428
0.870901186631744
0.8325438313208227
0.8686470189986413
0.711519646051028
0.7559703023612848
0.8402328189627066
0.7764573047958891
0.8480151978090442
0.8366809573061793
0.6992853345848762
0.8328069205817763
0.849648742700732
0.8679899474814816
0.7608724312254951
0.9119604066414247
0.8411258074185098
0.8858720789764829
0.7136048234545096
0.8507997867332786
0.8591522412824563
0.6915156401345463
0.8082284301732809
0.8252113439830393
0.8512141013295672
0.7292918861645925
0.9028225823122877
0.8084870013130997
0.7109484045394294
0.6905863680729039
0.7458157147611824
0.8763541903557375
0.6637327603947354
0.8040206018001308
0.739174666063374
0.9001021454691172
0.8407899513496049
0.873619916273541
0.7915444512104131
0.6203600118412598
0.7647023037453745
0.7799198247881378
0.7134624889271362
0.7445665227369035
0.7001442442749414
0.8884227995951042
0.7974090396698341
0.8205179396594146
0.7273378901006078
0.842559951913562
0.7194913231630902
0.7961343057452811
0.8968627399430567
0.7815248483700112
0.7128092618627554
0.8591506607281079
0.7195730440026483
0.7537203386925801
0.8534004427341197
0.7814668160249411
0.7286436124620568
0.8156446892919118
0.8514034093874149
0.7301758373873204
0.8115135237251765
0.824416370674329
0.7681389814363798
0.7069578114810126
0.6999429156638911
0.899077748803591
0.8784126253839402
0.8217412159836786
0.7573050772044485
0.7903359566695938
0.9006550893200709
0.7530858876025304
0.8467789289365353
0.7761088090189151
0.8698856133182327
0.8135686206606965
0.839004742859405
0.8681713574603006
0.6310016945606933
0.8904490622949852
0.8864795140745894
0.845914931160664
0.9148003976693428
0.7472814997862924
0.8363052423639727
0.8617031644811788
0.8921144057395649
0.7325971559929497
0.8506047473604126
0.6397844067551673
0.8536603477803628
0.8798558541049711
0.7558901109908941
0.849344183432468
0.6555544100837288
0.8381666242152332
0.858941902598877
0.8458492250923187
0.8983444282454247
0.878365906837268
0.783733519038534
0.873202137221813
0.8018076441127744
0.746236670753605
0.682955266078029
0.8629797486107813
0.8086633185850796
0.9255376712188507
0.8160304372504652
0.687448791185818
0.721777861179095
0.8511227982028777
0.7928064991915815
0.5962051899665685
0.8898886933144112
0.7758413820024719
0.6061516141364818
0.7300286868358543
0.8319726529047311
0.7927215567343052
0.7982180784418049
0.8570555628172507
0.8803769055859985
0.8990335014222346
0.872136258029048
0.9141742599668301
0.7699693811609959
0.8772244809039118
0.8561491754702772
0.6180597994585699
0.8327406064475493
0.8897691139611944
0.664606320331605
0.8997219522377194
0.8582858238106094
0.8547567143583072
0.771559054011334
0.8226552813373167
0.9015883917071419
0.8174359614223129
0.7513694916868594
0.6694985500656747
0.5968429710230125
0.7477921995323995
0.5312635127658409
0.7342736877305187
0.7484823237661374
0.7792101036194709
0.7511799118209892
0.9080634679310788
0.7720845334572477
0.8904455536323834
0.6611746017084416
0.8635388011014125
0.8810324927382531
0.8628082623299109
0.8863368494146536
0.8096144493505004
0.7836253600868044
0.8725449436729418
0.6326382034785174
0.8772833319612388
0.8501266914673049
0.7783540638968539
0.9210080474692971
0.8789083571110345
0.8552417318576989
0.7754977539349086
0.8916607052952992
0.8664347395093273
0.8506903272338748
0.8104188434139972
0.8794973572083619
0.816671180939423
0.8908548740484199
0.8567563655874542
0.6667499367204254
0.9008199017049994
0.6620315088724382
0.8371244702565397
0.7801458751660862
0.712818418811184
0.8075659885349087
0.784163570574264
0.8116341744817193
0.8814793652452892
0.8693352853928416
0.9030681416839967
0.9066767742027343
0.8131776027845592
0.9361280488429626
0.739113953323855
0.7459915126312521
0.6732524159735516
0.8006670066628485
0.7041742385287898
0.6851880930737504
0.8919454580785474
0.8603189783475104
0.8363975009764434
0.8618389927964178
0.8379475690537461
0.7125660494424324
0.7077145433790859
0.7456029606629212
0.8522264040799021
0.5816883712001613
0.8854356055512105
0.807759609756353
0.7402473647152749
0.8691275026186844
0.9090378564893867
0.8780083920179498
0.8135471054977619
0.8510710727877513
0.6614365631161685
0.8070960215820875
0.8510164137928493
0.8092939841379683
0.8244875143920246
0.840871115371636
0.6059187869108213
0.7862329945618037
0.8826147417642178
0.8769957786706649
0.7334036669138239
0.5987539444732654
0.7303811617343643
0.799316124907213
0.8410095218202809
0.7911541661182357
0.7890575077523234
0.8100824608298991
0.8924101176689423
0.793227548721321
0.6820577402123833
0.8832886581434098
0.7808103681680643
0.8540827650266543
0.7279724225106401
0.6939960012475094
0.6148201130901194
0.8890437269869993
0.663930380656644
0.696503626598625
0.808428424336555
0.892739148046227
0.8997134723290052
0.7370644869578725
0.8049216041741423
0.7751009589263551
0.9157609419938907
0.8691956910150913
0.875628057789848
0.8200864612424474
0.8532135319911001
0.6010644494826158
0.8608895062009168
0.6002718932336437
0.8969824779147244
0.8852376594611566
0.827736664423947
0.8056460440883729
0.7317324250290042
0.905768296139549
0.7383775234017996
0.847729506339979
0.8839932955760036
0.8919165060322637
0.832948613127868
0.6101448310800135
0.9025312889222501
0.8860662099352158
0.7143825598732474
0.7637369297570435
0.8555653787867812
0.9014376848864043
0.8428931934065318
0.8507984770434823
0.8496853855231121
0.8748750692048397
0.9117555685359158
0.6614090687513298
0.7918397681420912
0.8571257210439398
0.6372514079916228
0.7798604424257003
0.8626621137123052
0.9274782948953795
0.836438127179931
0.6946625552726504
0.7487447711622015
0.6770238243847427
0.7786324934534924
0.8704509884324372
0.8078471080122404
0.6742975546845773
0.8795886436005965
0.7954441158781642
0.8972721573208884
0.8415962031405807
0.7818889304073137
0.6810397883601642
0.7480972032903267
0.748864802799633
0.6535336995803072
0.6784917663300157
0.7731133562726777
0.8755686766079551
0.7118199180712523
0.849432125481599
0.7568885702622234
0.6442703191523991
0.7252036728173895
0.7573164157795136
0.7949620213259697
0.8467235518682412
0.7343421664526987
0.8470080366116624
0.8336722703418121
0.8566171387834329
0.7439300069820122
0.7849119378488818
0.7979082162183049
0.7934341370682811
0.8907463447343447
0.7850117398368726
0.895597372635337
0.6772241804448762
0.721418950577631
0.8753905920251055
0.8833483281057182
0.7854461038019386
0.865685020251053
0.6208541709354514
0.8667660593326649
0.8975952701955745
0.8072625484217247
0.6864915816913753
0.7692500488994132
0.7655058587644635
0.87260570604599
0.8221926614319871
0.8412329803354356
0.8041179723451265
0.873101518045879
0.8089348709810059
0.7233687603073725
0.8988207496080634
0.8013250282397966
0.8019313074624854
0.8068751226551214
0.9106191002816736
0.8870251573649433
0.6454926680360391
0.812020791927395
0.8121984285829862
0.791919430980025
0.8898930591716001
0.722713768524837
0.814244821417456
0.7267125968011958
0.7362447035948296
0.8059694659295877
0.7765064462221576
0.7783157428944769
0.8718916848375113
0.8189230202813272
0.7612513396911588
0.6399328981094112
0.9164640274756568
0.8897113647695023
0.8634373554138394
0.8149152383655489
0.7573829426659489
0.8884530666895061
0.631359191646954
0.6813495631472067
0.7359720395624852
0.6347467099869519
0.7855492692484158
0.7389083511072192
0.761435562468121
0.6602028949978064
0.9018823533840403
0.7562955956822759
0.5877510518040209
0.7465951433330609
0.8409362824790696
0.7905438939317498
0.6046675105738939
0.8542307274796994
0.7386777631671513
0.7377947204231533
0.8521137641049483
0.8671550480936941
0.8766293374786684
0.8622729152952187
0.8681177963241582
0.7679786451985484
0.737868058968224
0.7704052350782103
0.7826909762565908
0.7089321753666697
0.8320176307556657
0.8619564984098826
0.9008666465429906
0.7880922123816839
0.6685516940045442
0.8963413705311651
0.7684536989611634
0.8715668858810888
0.7480020459881613
0.7016742707665113
0.659589612293714
0.8790882544484794
0.7774102288728422
0.5947198786887139
0.7956339563263748
0.6764182862959438
0.5510279760695311
0.7826409395338396
0.8929469777350972
0.8029783725715631
0.8613148704074456
0.8724304113242842
0.78947440089565
0.6689284543933198
0.6592613742682534
0.8899687564044712
0.8689408939852512
0.7387707035645646
0.5356410624924117
0.785953247531376
0.8306502474000366
0.7690150968745595
0.5670978702374683
0.9039095928000476
0.886209439442056
0.8420452704184462
0.895022658691325
0.8751631680731187
0.6430616031543825
0.8703863941278962
0.6371829053301848
0.8843754232002082
0.7286588686080548
0.6545900988811235
0.7990118895065077
0.6828001096456846
0.8185631220351632
0.8542975587057686
0.7640776489890824
0.8226235013882615
0.746448667480613
0.8465763989200933
0.7320612794038347
0.8579609131324738
0.8415902213384263
0.704348780676197
0.8690060139012376
0.6790146827647248
0.777720775162844
0.8897488485393079
0.8708228510886671
0.8238335414842206
0.7626529333357176
0.8242921735655111
0.8104058990177745
0.8720980682383375
0.905704575747412
0.7705903229858267
0.7723190620796232
0.8551910652253045
0.9142812357390881
0.7856094390239925
0.8870831241072319
0.784244638484616
0.8331547568097579
0.8308248365056935
0.8989979215315853
0.7556518193851247
0.7271672850183665
0.7906775255636724
0.794871279883226
0.8165026016710557
0.7974783777934571
0.6914324418031681
0.81381546125241
0.7652348501485323
0.8814467995554547
0.8444183756866016
0.7761106190682912
0.8612105727927267
0.8414118186224862
0.830596485950156
0.8562292183640619
0.7416749221845741
0.6551309609350909
0.8526661038951108
0.8834387959751647
0.6981576673000356
0.6103613065735064
0.9189362544472447
0.7963438513074077
0.7495833605846127
0.6498440583339926
0.6172989337962945
0.7572925162713413
0.9059160905164425
0.764501482592506
0.7473765276683335
0.7906610266556702
0.8607690121501002
0.8336844708200075
0.7340769592890757
0.8269668404493139
0.8573324745257307
0.6713260336212017
0.7968803902010158
0.7867004347429682
0.9129057993933478
0.799832948816568
0.8465031540546015
0.8782551304747619
0.8704722255794197
0.8290228679600773
0.908653714624274
0.890011296365756
0.8820780271777213
0.9072826723645595
0.7230433977685289
0.7129964894097477
0.7078106621594185
0.7307551862446773
0.6867004781608964
0.9030458950449726
0.6110998943117175
0.8738416590118628
0.8400098098936579
0.8793781195486319
0.7565251984956785
0.8636112104094685
0.7177699112464876
0.8339850995221034
0.7856221717542538
0.8868053829137728
0.8724723961591343
0.8984229880304412
0.6256521380349472
0.8731625181177576
0.8823421118617701
0.8206140978110464
0.8256160538350499
0.7488745408069521
0.7212387804126482
0.8702198850175689
0.8770395358662838
0.7968938584444244
0.711639241495586
0.7891797942216294
0.8210005918345624
0.632512540560267
0.8500142523589983
0.7195791486031357
0.7906946536373276
0.8322667088416171
0.8747489107273152
0.7458051119088799
0.9039925897959796
0.8464544990861463
0.8514088342028461
0.8326787059378249
0.7077585416682923
0.7201680302652095
0.6831524973195613
0.8347669827018042
0.8730960712931406
0.8504490557554596
0.720979643475247
0.8772160993529956
0.6915668218885724
0.7725279594022791
0.8351025719186147
0.8295491590840056
0.8782470918034837
0.712907137554805
0.7505867140375466
0.819516901316182
0.8627955806090547
0.7692320619791919
0.8930081321128354
0.8772791614576373
0.8552548751006219
0.9040772573305877
0.7522420938004486
0.7516903008983875
0.8463844177811157
0.8408331960453084
0.900392127591058
0.8130152512795537
0.8923888865042766
0.8626069083582115
0.6952240775806339
0.5699749625230153
0.8134180407732394
0.8874136935830352
0.7906610900265483
0.8359029491695791
0.8849562260772672
0.7832302181966375
0.8135621799181147
0.8739864652300418
0.8854690926661035
0.8364691475359499
0.7916366779451189
0.6988189848836532
0.8664157486952881
0.798066323440056
0.7587910085812705
0.8066122191808449
0.8216062835331746
0.7776468117351503
0.8233897509602807
0.7488139072404192
0.8586965147462944
0.8800932365032521
0.7577809210042975
0.7738921922698316
0.8161013916780075
0.7567597748163644
0.8166473975022144
0.8160863159399008
0.7309724284542634
0.8245952103070184
0.734957502561564
0.6546678324085398
0.5944240406035075
0.8351789333282605
0.8801469360697881
0.8639421201772917
0.8008895642528916
0.6954373871208327
0.7301799170796297
0.8049707199568636
0.8125826717012049
0.7782246189921334
0.7032371847864173
0.8363307018397017
0.8559509260866338
0.7503815874571031
0.8909363481026484
0.8659038557498543
0.8509145002973746
0.873583066563445
0.7839584971906141
0.874899195012877
0.6922962787815509
0.7389671014066534
0.8360142630646432
0.8085769231266455
0.6363668367218411
0.8918594451272297
0.847319757974349
0.7829555061882663
0.7913888479233883
0.7386369426976688
0.84078197515379
0.9169535364718163
0.8636044385573394
0.8581900084495694
0.7760699947858292
0.8799985113276586
0.7607841216346606
0.9018546889845745
0.740717678537964
0.7637968709028582
0.920516477481752
0.7083886684731129
0.5907375544764332
0.6535144380762693
0.8770272991492735
0.9019201235554231
0.7928883096137705
0.7198871329786707
0.8868160859219038
0.8886383995176753
0.7413201755444815
0.8610759437408662
0.8483601849495382
0.8644730883477116
0.6982968175004926
0.7402581969320943
0.8637569516148067
0.8324940495372154
0.885215288858081
0.818658243301259
0.8656587809155389
0.7903790742645687
0.6992951955700609
0.8863267217030311
0.8520206843930092
0.7258519746591963
0.8422160125897988
0.8305711593000566
0.7958564948323009
0.8613446818908179
0.8801407179826869
0.6921733976757652
0.8670592186316339
0.7899176518307041
0.7906427876552942
0.8976062945236071
0.7396539541893878
0.8725888170675921
0.6562302028769629
0.7488563657495104
0.7703565783283102
0.7129082799329387
0.8951591817180795
0.856147812374373
0.7924034690613193
0.6826346872271152
0.7939975735160298
0.8396997362170093
0.8208159484983786
0.744272738614787
0.6449260386280089
0.8114738326802786
0.6627598164124007
0.8725731598106771
0.8423358177167095
0.8212940265323466
0.7768305321065709
0.8039638300555998
0.8606817063901975
0.7157744634360411
0.8021886158931057
0.7855243259652311
0.8546054120210311
0.9219465560039142
0.7606732937673013
0.8854600786093989
0.8320451374150724
0.8933083077912953
0.8921855400056548
0.8634396288896586
0.8909601300863044
0.883437624583539
0.6443509384125605
0.8647768167330936
0.8539768733281646
0.9137402237217311
0.6509044747002789
0.8500381557173491
0.6425195849414758
0.7804367653563928
0.8685936270808982
0.8489532999548278
0.8135096779895807
0.8035866807211427
0.8915495273539498
0.816062863829026
0.91864916308935
0.849355452408563
0.6975789461226507
0.8710369070208638
0.7456993783374122
0.8204234055649128
0.7989866301432307
0.6857882339867443
0.6898085106400202
0.7146304520177605
0.8406332737585338
0.6884603807851417
0.9102927360135243
0.7719286616486964
0.7511340261049532
0.724871850861645
0.6915741694111898
0.8113608586549605
0.4702548798667596
0.849292090634638
0.8298882858242544
0.8626612762220911
0.8346374639149854
0.805908666774948
0.842821228451169
0.47385278799414177
0.713762368811941
0.6729818128519458
0.8509137164382498
0.8973345335889107
0.8653971459297061
0.7098912507527095
0.8778564928163162
0.7809518229965802
0.7925008376950091
0.695976917247275
0.8687482419077193
0.8622676477388644
0.739902499507302
0.866274923055009
0.8093659780372127
0.7331978310314855
0.7160417940028074
0.7767326540928035
0.8598416088440988
0.8788069610355662
0.8248488285178212
0.8207302669283005
0.7581372678092984
0.8255870529480456
0.876589620440984
0.8506054319622125
0.8641398399016422
0.7308755691308935
0.8275540488513289
0.6676781565033466
0.7738429233874202
0.8078239549731068
0.631317618345484
0.8293525693891761
0.8413321812284562
0.7246098516922442
0.7986399431996468
0.8895879424269763
0.8493224328908922
0.7632207457044313
0.9116547784534845
0.7309179568229658
0.8009261805761347
0.7181388135927451
0.7964296984746517
0.8008008538420335
0.8795870303295459
0.8717443311994244
0.7732320148583515
0.8278312855914021
0.8750778165072558
0.8910976487879776
0.6762330133068861
0.8917887835075765
0.8688737952899195
0.8442175309135102
0.8187738298789312
0.797556566958962
0.8327458998961081
0.8648919840858031
0.9036059424006346
0.8654156982353889
0.8898196742399935
0.8542811147204294
0.80671812091005
0.8582755310709154
0.7856114060854407
0.6792158796067631
0.8840167597017553
0.8693644542154547
0.8956579079213116
0.8278348272771805
0.8043541508926357
0.5792633925621343
0.8292534636265594
0.6813601518132988
0.8778871874920975
0.9053198240393852
0.8501948588809641
0.8494382114226102
0.7218759901252686
0.5829982027185896
0.5854036341697173
0.728216038328611
0.9020992930382797
0.7498750391188103
0.8116252120304883
0.8585892529920376
0.8549664233742433
0.8293881471187704
0.8691158236192797
0.7368006579225187
0.6736909026068241
0.7056590009837438
0.8642531583331932
0.8961346361106065
0.7786064783093123
0.7344111721836928
0.8714662030919655
0.7479541638521932
0.7836954372090097
0.8807318111787623
0.8230947627458984
0.7610864389355827
0.7230773900024611
0.7047251504658887
0.7607769961791543
0.806041528619817
0.7929709612221294
0.8664067968945051
0.7432280665684013
0.8906493318607485
0.721025202449671
0.645625850407066
0.7147496595838961
0.880368734534698
0.8713469523549846
0.6590746194636666
0.7019355178351547
0.8594203760875069
0.8183168134362904
0.7591677314148
0.8865308397782907
0.8163377508590102
0.821339284424352
0.9115588584623695
0.82661293308428
0.8791523891720954
0.8613081351467291
0.8209847309805405
0.7144415394423439
0.6972860701233847
0.8625166401691733
0.8624371159342747
0.862846734449749
0.8756587617323832
0.7912668447147924
0.8816868997301269
0.8815804518186982
0.9039536403279984
0.8615062891807722
