314
284
272
316
272
307
260
259
281
268
267
263
286
289
261
287
320
273
301
303
309
273
290
290
280
288
256
276
281
238
260
287
282
297
238
296
260
321
258
282
301
254
268
281
259
306
275
279
312
268
256
312
262
286
228
281
245
279
319
266
287
295
254
248
294
304
262
278
269
300
256
257
271
259
265
266
365
288
299
314
306
287
324
241
265
277
276
253
264
284
264
292
282
273
320
271
264
277
266
297
318
255
277
291
285
353
296
305
244
276
291
287
219
280
288
276
292
333
249
247
234
275
256
242
285
258
271
262
264
297
300
260
280
296
262
278
284
323
264
289
261
272
251
178
303
269
257
278
280
297
287
312
303
319
286
299
255
278
272
253
307
268
273
271
304
302
290
287
300
329
233
311
277
246
257
242
267
272
297
270
271
251
282
297
275
258
275
296
302
282
227
272
319
273
328
276
362
309
280
276
265
297
274
282
284
223
273
283
286
269
302
272
246
269
300
296
315
250
275
276
287
255
258
361
277
282
305
273
270
227
279
307
285
326
277
272
265
307
319
241
289
258
286
257
294
282
285
295
282
284
292
285
227
297
283
302
269
326
266
288
249
258
285
267
272
293
271
309
277
263
264
284
260
339
274
251
284
238
289
284
272
291
291
295
251
282
259
300
307
288
295
273
293
260
261
295
272
282
276
267
288
285
253
297
293
262
285
320
289
285
278
267
283
285
271
259
242
273
295
290
246
289
286
286
265
285
296
271
275
308
258
282
273
270
244
214
288
264
301
285
270
261
276
261
269
292
303
259
246
223
259
217
237
270
259
252
286
278
284
249
260
284
298
299
276
278
291
256
281
269
266
269
292
280
368
225
307
301
273
252
260
248
281
281
293
272
269
276
313
280
321
234
281
286
387
320
266
275
275
287
246
281
270
275
261
293
272
282
266
274
256
283
276
279
265
272
227
277
266
288
302
266
218
367
271
272
266
277
278
294
277
271
292
284
269
298
282
265
270
386
291
289
295
308
277
270
293
271
242
276
372
266
253
284
293
259
269
267
274
294
289
294
278
286
357
266
317
302
285
294
278
282
284
270
269
274
283
238
263
283
280
271
282
311
268
293
290
259
277
244
259
280
266
255
234
269
270
298
277
263
293
272
259
265
275
270
259
290
274
323
284
261
309
271
260
302
289
264
252
353
312
296
267
277
274
277
300
299
267
268
277
310
303
266
318
282
287
285
279
313
260
244
272
288
216
335
286
267
300
287
266
307
248
280
261
255
274
271
389
267
288
292
266
295
317
264
279
300
263
296
286
313
293
286
263
296
242
311
260
271
307
284
256
265
234
252
236
240
276
277
291
290
280
346
268
280
278
301
274
300
246
228
261
280
270
276
252
293
309
266
289
299
257
279
296
301
259
256
288
254
228
274
278
241
232
269
293
273
267
279
247
257
290
301
251
277
246
228
288
308
285
304
303
277
266
293
433
284
287
276
259
258
295
307
316
261
293
280
296
314
277
321
281
297
251
264
283
292
267
318
298
275
271
306
303
270
273
278
306
253
292
248
219
279
333
283
279
301
276
300
253
315
290
268
274
243
316
327
316
257
350
260
368
251
274
278
265
262
267
305
259
258
273
270
257
280
294
320
265
279
220
285
274
293
293
260
258
280
278
295
278
277
263
238
282
282
264
270
296
248
298
331
279
272
303
263
294
255
289
289
269
269
305
300
268
298
247
305
315
261
287
301
261
284
262
279
270
274
271
282
285
270
318
280
318
265
265
288
257
278
289
322
276
266
275
252
259
306
285
285
259
325
317
267
275
265
303
290
296
282
292
303
304
269
264
291
266
283
282
340
278
286
267
260
283
294
302
257
304
239
216
287
280
306
277
282
259
319
290
285
289
215
276
320
288
246
284
303
237
306
311
269
298
292
258
252
291
273
301
243
281
324
261
265
280
293
303
278
267
293
275
293
215
404
296
266
267
251
257
279
257
233
284
212
273
291
290
221
285
275
275
267
273
300
291
248
270
265
250
278
192
281
327
314
245
276
264
269
284
302
303
286
288
295
262
288
307
299
275
301
285
297
363
280
242
223
314
293
257
292
270
319
264
274
297
309
259
273
308
213
289
280
293
284
269
263
313
210
239
283
283
241
250
275
282
274
299
277
282
288
304
267
305
259
299
271
256
277
284
307
245
293
281
277
267
283
236
256
324
222
266
295
274
265
229
303
278
268
279
273
279
325
275
258
285
243
264
275
270
286
290
303
306
295
309
250
308
268
281
315
