25.936119232625806
6.522225816687587
16.619986686735693
102.04978558290702
15.42186726798077
6.725032242438952
43.126482785226855
101.91966637669734
83.73094161968567
16.368267118354336
44.26400236273117
53.89907173736877
7.552262506696283
72.77513824957975
26.063934842706182
114.95378130566371
47.627937742426916
26.249074651028458
588.6840319479655
20.393980519532995
209.2945080577646
119.729943878243
30.961743079625833
23.003187592998174
18.912867938786796
22.480989319481772
10.318045375337519
8.346433242300634
32.94810892624177
24.173299281578817
16.83734031620947
29.222695761799994
45.95065521067596
7.700229754754769
90.30995845109729
33.5753165559101
37.87766702437814
111.34848089231973
40.509890057869725
37.84843250259842
78.26494561696914
34.33602537959309
381.3191631856284
12.76857302734039
21.248655697394504
10.791352236898563
121.27970366177557
76.44244544121541
12.557545893190238
10.462512623902613
16.946373890807507
12.204095920105605
55.29911427112462
224.39449921928423
198.99742008482966
39.041219793309914
62.00482079207577
114.03381944175341
65.59072275316078
10.93156371169303
62.77589541535735
92.14020438653871
24.45367877866908
39.52170621836407
136.49106157136603
134.1701956569068
221.11471418543786
7.070815598973368
93.53978539212412
216.44523899550543
76.46276128857346
36.006778348295946
40.78713305580389
49.42173976652199
7.090095579319591
118.0456087851725
13.631105473504999
171.30586081599623
21.614481045611935
241.9477821658278
12.797079730559709
29.459978476404313
14.426527740233357
91.17146134231345
26.30013646018568
35.62267229114248
113.42360328095063
25.26592354276472
62.49096114053173
14.950332937645795
223.0878990086585
164.2942253844922
42.18187343435633
116.60237917800652
37.10342241761533
47.84842227548784
182.46729110504515
31.601187344496445
32.752710817163866
55.08703675881049
12.489093164856115
21.656896061182305
252.49499344301688
85.36174359547742
22.203560692556398
50.429878765139705
126.90910848135023
248.3958355410631
131.97037607157364
169.72362417416755
44.7508630682886
15.575815660853682
30.57955487576932
34.292743639928695
14.293353190659689
20.433787775523104
12.247648759866399
64.2207619386681
19.44786475039501
50.05709152762662
227.2178954014396
75.16506993515259
166.3660970151475
11.63044909587704
9.504740622470804
64.11964988483994
18.225446608738313
13.85769108377086
2.4451865288975947
121.36300718155066
80.14118711750814
26.554101200272452
46.79867460332718
145.7305212630474
32.70034604207998
6.890004888132712
84.84466217932649
103.28328780375381
26.542706579054673
410.2514836228349
43.91369339594662
392.0099235051617
109.58010377774075
176.931031732868
36.127174590958916
23.454351983611847
74.07598526562072
225.68146765688988
303.0558432712688
50.86193147195414
189.56465231182756
241.75347778701968
46.66380026683216
73.27540759009156
32.1862057594758
26.39950448935744
16.81946045346057
95.15653737952984
7.359656985600493
9.898251985516415
101.74435392825633
6.924284692126402
27.993561937613347
72.27804445071938
65.73014627286565
195.54970471736524
21.401491262886328
699.1764121026853
10.584044703182187
141.11754660860439
30.282562106853806
68.35847902917841
13.54093650483247
44.730016549535705
64.05436056725226
17.593567977748823
25.345501580256467
9.167255625993231
30.90983218881193
13.88521388900509
6.642018371383819
34.17779975646654
92.51104890525886
25.46374426417403
272.35469648611814
121.04266378635653
132.3408664543415
14.040818311015625
1725.714554119736
46.93896838442539
11.042614819431792
80.26323879962928
174.36626478528757
11.750636698540577
32.79036260176258
251.98755627503488
18.171507836205254
50.18842262696893
102.88889374095157
28.99227547931628
56.67118006010013
5.006056849206927
38.97318225060768
358.18223989178193
97.09044524432852
104.5345520234636
301.6497460276441
41.856910028999216
53.134447446074326
10.923663303601641
63.42052817849939
109.95684256892007
14.294324870209124
40.33414863128356
9.646846606493865
40.390125425203045
82.2811036892885
18.963839048615988
9.15389852640678
33.22110212896702
14.166476090786945
143.64537396632767
70.80410446172004
51.50085071605047
58.05111832834902
67.67953571341556
7.797785201854896
8.358551615307737
31.900614172958473
273.53317321569733
57.888824230517876
17.525367936409815
81.61301781670947
10.138090849259637
21.711407064470443
82.83177866669833
99.89096406513553
173.49342861378616
12.922139618254516
17.5755018017355
21.042093085092073
43.58377236362604
44.103981062629856
9.82548300335325
15.801443947023703
136.37610877797724
217.22287083120997
27.019397352739777
43.02733368089816
927.6557834549018
78.17147958679547
29.864693724110676
11.756037395143126
111.03394400425893
1322.9556950553304
40.83519242312453
31.073904352911505
98.4383671033701
23.237590803414363
15.270880011418026
26.981989023989406
160.6171469689626
28.32245973864014
51.951305635104625
236.78314840669296
103.99203192705038
13.99250335955914
14.901017556187513
12.605122446839804
106.0533278456698
110.21006212140581
8.78904775622277
9.58554011724882
193.05821033457983
159.15929433330604
17.51607937012401
14.619374510308587
17.22626059543063
125.19945913949122
96.94586153082037
16.65608626341305
70.93983565220276
8.914671804148181
48.95510752879685
19.577667115823367
56.47299824098398
208.56810005599485
17.297098722725405
8.236065249018322
7.26812169414022
172.77085595694334
10.69843499706226
106.4986308398167
22.09305128710108
11.749985760676687
60.68768835215187
31.824569137277287
118.68898695702586
10.366726994873105
63.62773458608821
16.01532505232418
39.3806106873248
133.02207871218263
142.27454576019866
103.38493424067902
235.15152424815417
51.627978455596086
12.202433707092185
32.59415677603815
18.593547761569997
14.253894414995383
331.6850126514969
228.4821594068807
6.837500644737174
38.079209186452395
27.365432011115495
25.143021226033632
164.10912051818696
23.705283277431366
42.880022472010516
78.67234072979332
30.15305548346052
117.00003917866397
14.589852613820451
9.127722089583493
37.53660947730702
40.103629247682306
18.113470563914593
22.161404539670766
14.20590304998073
37.52572900372854
120.75404757528727
18.697687621783597
16.40649070848932
171.9308664584568
19.225269648030434
30.87900653029543
77.98719449523074
3.199596108818104
14.075619604859284
51.95383382888564
8.481491314180253
104.99719510216427
145.24384970488614
19.932268878558194
28.617076795511842
40.00749918518008
16.885748581606943
58.00854668687408
20.493309200846188
17.645358256775086
19.264119305221687
57.89507381152248
22.438919635213086
53.730307718704374
127.95999526080118
144.56813648996277
29.704772730093502
52.27185015249901
137.1260145651462
22.60240596039234
94.63300498713159
49.54869586972661
38.17713614550782
42.83513712325125
13.881863030040718
17.44625116568121
217.4105004776979
10.159210956341774
12.807445493301206
15.312527606218746
13.24517793734396
10.635238963200788
51.764202561062035
29.06704566856883
20.438664985728003
713.3765524070628
78.05359028636087
66.16660460696018
51.71282849193389
89.58022203079861
82.2626947873946
116.08200824430654
50.15691642137492
38.122762450260446
13.577127523678225
65.62353755206802
26.907947126861046
283.66047218567206
42.68820612922999
84.49767555905677
20.324313041899416
18.552678098009117
15.536329706029921
21.31427118155146
60.41681330147545
77.77977177248935
82.23009499634975
361.85421772901253
21.048008994692935
115.43449775492418
31.834656387210742
279.00116138564687
165.54941852598492
80.47952133448294
62.89976815748735
43.23670561705378
130.5249064491477
48.585032320859696
76.42354409721749
63.3920825751957
35.853647602461244
27.58280565772215
183.86524314533116
40.73401919149256
84.27449268387748
263.024358037661
233.19095292785147
17.87170278491015
76.1731116649935
28.52672846029691
62.41585257324795
84.74018010228106
12.697425614651685
32.33012086139748
286.1690711825344
96.59387859607044
12.440286133389451
11.742855534756412
236.38595280284295
22.60913376804928
49.964445097616206
4.960676236830792
15.124539963721137
56.76752559553727
12.909734127887504
35.54841738121877
9.366788909539007
68.3670853915284
8.657497393944846
77.01226458912876
24.06582391960954
239.16147839792666
6.29478215779852
55.59061403450059
40.871523769030034
17.65876064822107
32.98159909488336
7.628554474019499
4.762506441951985
105.36484351021723
11.880851658843739
9.51254348663736
56.59751812000345
45.369788253718696
4.6833795678540975
127.03476964112917
147.43365463980774
5.588295250437927
69.13486412914881
24.730869007548367
354.25979725987844
14.24515444971896
9.004022117105244
34.01146828466275
14.378991898222765
11.941722726592445
41.04493854319985
8.668617915868195
32.5324750398383
9.598138823642126
120.42532383442908
33.31648849850035
491.7756733972216
39.63305461780373
25.129068009533814
148.05386376903581
45.901607832960735
368.22306782360596
22.83527218309676
254.57839124640066
84.74849365405402
5.185283460307146
21.788566279240225
86.07851094845248
75.0953483805677
51.61020634556013
31.692530354708687
47.08206559562838
26.541536502346453
12.106736097771286
96.63933135023724
26.33345755549779
60.16162864359513
41.506055808578495
25.5355688110697
15.133354262965666
20.918437896499025
71.32186563984273
15.794409255679787
13.742252313645968
38.318880300712145
15.984121775840135
35.59011475246422
6.3997009947916474
11.940250331492878
65.8672432655993
160.07578282465417
13.108765923985978
124.82947283116182
25.78901398607053
79.95998798054482
16.130008120302776
151.94871715157103
36.95873519036129
67.15169037312728
28.477184969536562
100.68040260586196
5.357756454177391
104.38120153343043
17.508638287223825
25.134273934434557
115.71496693811208
996.6427049523927
18.354005176487256
9.609698985249576
80.64327834280051
109.04438687808262
14.137059594060498
47.635715353679075
156.64909173656966
17.319299267265478
8.901298193316737
24.275279968458324
48.94105179501954
5.3012102862726636
9.408694698553592
10.466886130442974
65.18616874444042
32.34406690667666
33.298263093714965
55.52791304675247
54.06456339908879
13.420964423926561
37.394965734615845
10.528903462379619
36.40723148054772
18.85382062132122
31.936788510758195
12.519300202698066
89.75747140342342
29.053903649567463
27.216921359242605
21.11770526615682
31.487128384080194
6.414828043286461
58.606849920330575
111.59895028492923
142.8196321782957
160.77393164438215
19.783520428659333
160.49233163346403
15.938275506530417
30.2878239026078
4.101443173614425
50.24183774650739
34.35435806388329
103.9775221375809
46.22795158729685
17.708441057743762
87.11433758851841
8.42507939785616
158.95707809318404
52.49004864086756
132.09611587990688
863.5827499917132
111.78548923009673
33.96559262180982
39.14301921289176
19.717492755225724
14.18800913212207
91.0567486233293
800.8097501694552
25.218128153448887
23.507834411978894
107.9517785016786
31.60215758519107
80.9528922579538
175.75468335834728
68.01597824354876
33.051404631702056
175.23142128937675
45.34408656201943
6.607223320541095
14.122047853689914
29.127661447262238
58.91597549670754
141.00808223650176
54.63876890279504
100.68668388416376
10.413956170185262
21.065416270937323
8.947019496142577
12.791225693381321
64.06358506025556
7.168579388725791
14.618193550530501
41.50865872867677
26.344627828841386
39.50144475151573
8.299268488869524
151.87410491355956
119.63184448301834
620.9540299089348
246.75379319130488
5.46077832194525
49.88517597651351
29.49704035804204
55.76539445823856
15.997443555822167
24.399494899917006
36.464585517475754
8.141033820739473
40.95910799091221
8.270796275703427
82.12590425048326
25.032228101347677
17.313339019284314
142.8463769649134
57.4560648874522
26.652718025058398
38.557017755746166
175.41422637707495
41.48894144617142
10.026472942864695
38.99230799464638
46.71988362858383
4.922176477141918
79.97901348454748
33.59288793994675
193.81287637570497
13.21453079605946
37.04238179459144
6.375384742091444
15.009745636551697
29.390543743476666
18.375608367295406
10.24690357886142
54.69838492260524
20.626817899728362
19.87122869214244
21.751474464241817
245.64818840479256
137.7022410207016
47.19407625722432
170.1473879828109
10.61441670644592
26.482378997425652
268.25632160323374
13.406616675050245
157.82432404333136
19.88871289554273
14.657132104685743
111.16372917590115
49.00497387391377
111.49169612245686
48.58262416608875
8.914128178966674
6.431227496892929
64.44940394369276
81.10900234966529
35.43052576249054
14.59748444230903
42.5779902050048
19.681831657823288
68.08376973655723
191.0216610808593
40.110932598615626
34.455862204069334
10.501353100254665
16.255940808088685
43.43184863823577
30.815304101794464
15.644071525844574
72.7821536218288
28.85986307751211
85.97184871336084
36.420815128034704
40.87554523057588
135.68300414593074
150.06948901025783
118.87126029128225
9.970991314503836
74.58111467383044
61.91067529390077
169.89515177141615
9.998708341416005
26.633289641121767
61.950229350996594
18.230437223813425
121.21651344952511
18.878388615252906
16.218508560521105
27.160972381746166
13.809318138626873
268.3127848071388
23.036271765416604
632.2818776404882
10.722981543718577
49.312810941662164
26.82356138203892
121.16412024264233
55.3005356722017
110.36343890275205
15.676601153357698
16.535625100528858
31.240813355031126
265.2757029330681
8.94730564382358
133.00166144784635
298.5253010350786
21.47694871739422
40.93388698444713
77.17491531240492
95.23086597454831
46.70522352152378
372.9764714858823
325.08562094017054
50.86295345377252
26.851823192192622
10.286275437356105
200.1331503943598
195.14449066234206
78.4050578125133
189.10973678120283
20.01671303240796
3.5506439852287612
28.687412585958043
34.528352057272166
44.864015691373496
57.891838902945835
10.570738128655414
80.71110553232673
98.39627088793127
109.50829487730516
55.46548325747265
66.23521427662367
141.0266519402775
37.97036096950305
11.45650702848073
57.433307026074296
128.9388263005114
219.46291469608397
71.37429389845936
24.79141263177647
329.5852876899807
29.43531639613353
26.557013027029548
10.926285133234924
6.284775298486724
39.03672888738132
5.528935815342085
21.991900916150705
22.975535868967114
65.35016220528716
23.51052126784676
23.652656503940506
5.384710042456789
26.967115739580734
150.80003101079487
7.82019187155367
18.494824622525304
5.770751093312758
9.289329333530869
251.3402950200199
368.7221010404879
8.295623405750531
33.713034314126055
19.26069200519223
7.6952936474380165
2869.0329019257156
51.34994623261648
25.284190721563437
746.6952184725553
17.13388737466017
292.808885517123
9.140643150237102
13.651402275337519
11.762984597807693
10.117468210987203
29.97929295972313
342.3052710813774
50.2337853845981
70.5644625821864
11.646483659057585
67.88467618252048
61.58241202277637
191.05560144191583
42.192036172870445
55.33544820515789
29.050280967948787
34.75860201577054
59.99924174468954
297.27947855820133
294.8395744601979
84.41414857095613
9.48232443949962
24.587125684352788
230.69102500646133
31.242259487254575
51.59751993792899
94.99810939112415
122.1518253220999
23.07893727521347
29.373438696602843
11.613590579171042
34.85073008562901
26.21291511452034
50.125418960684705
40.29462003434851
6.428982531566477
15.303638474540971
13.317661954831696
156.08300384461097
58.82981797179774
43.10322467506857
26.369213994339223
16.980764796570153
21.25473913305532
47.273490133344545
11.573933339641089
997.5444047082519
49.88722949542729
35.84971991184311
27.444217012170988
87.76896693881163
27.842309007488122
18.516860576964543
69.09442155961679
8.92934657032628
274.32577410206756
125.53152207072945
50.99683643208989
48.93190214127134
109.30052786006073
251.1740558437423
84.01804269879992
51.45070610767972
5.523502463062343
26.372574439977175
109.82701106951802
0.8908158840381535
201.706933117655
16.7618164413025
94.60419968418822
45.54427921681559
20.048648372419304
40.40856580840856
15.675998542727429
19.538883018269395
238.56000081114988
7.67211964025637
58.53464491797278
127.8671510041819
41.21108079443463
58.84090045445368
48.08353428542301
62.54690304145144
106.56373685160301
30.102407572883298
70.23411330302311
19.77240438502014
12.197975133889901
13.918651394660776
177.16888649133787
65.51885748926779
6.466526731978105
171.14729596365598
8.003528975757563
127.12521842146481
80.07378930484143
159.05305883431572
85.40928014456513
96.0871080625386
10.263125820615214
196.52881594266637
83.39846431664947
250.85741863086838
15.566189637198963
13.317439833675541
97.26568814263449
46.30777229191992
36.726459465333356
35.08485639397291
32.99130618486743
44.61718354147975
21.975886029888805
49.68594591056338
16.39351283931586
35.926394825076024
7.867930579087532
21.08640211162499
8.304886733575039
18.6526486281274
51.01497300418309
341.66399020556815
20.651792448583805
26.43347404319939
54.982873674616044
46.20419628486083
80.94442431310252
58.396382022753514
49.40186502553842
173.22055093373154
17.104578505606085
20.892388453071206
52.70377739024037
40.542406050618524
172.7560838994908
51.842296511410375
121.35060641370963
13.587321638707875
5.217676555294848
77.01110997886481
194.25016559638496
28.635815197179017
275.66003660917613
40.699059802740784
28.341385356203162
163.74183483035134
133.5603771760479
8.910660474831912
25.029136797151665
290.27124129506007
109.4005557143687
204.13439588739644
67.71563906391513
99.61978640384756
22.473922437424495
69.2260129007873
126.9942296494233
42.974659501798946
13.825577966078306
110.98389538549233
193.96816828331856
64.94287535172633
23.706403084584085
172.31467726811306
33.31829234138213
182.3727386255102
20.041179515290672
40.65385895225181
168.26784313716007
67.59177438590856
47.69577690811558
32.786522670586024
8.177106610113627
172.83792598154167
98.7272929615045
12.9961082716974
25.00361044360876
14.841352178880586
22.865315094547267
5.672309492417896
10.58539769051881
11.48016192076934
89.97398606866808
39.16234216717673
31.274960840377318
25.372391479800676
10.761779007826286
13.392970174280183
11.059473497105964
173.77648103969426
11.087123474170411
10.955498192240888
29.855081185981536
34.403895799971814
155.87908067603672
15.208502220426912
14.299530207113321
158.43227318600736
21.04016686680354
60.49071673312219
21.93156797758162
22.656698554583457
63.29019963127167
154.04966751104035
30.14364723538255
57.11056317310274
10.494225270388238
91.88795904955604
745.3382993755498
48.634522060722595
10.041933852701735
14.16730087051279
12.725357546848123
35.49966776492172
9.305643690974998
42.819104378896554
