126.96571845993473
98.37957945971344
173.19247338359858
36.377787347610415
83.1670543555173
254.50810584569544
222.8532104052538
101.88496060988241
337.93429677329834
241.57846605700593
169.72642190846688
157.52453274692076
106.12083975280449
154.80438014537899
140.10821399595477
148.4270638120402
48.1091444243201
347.7051671661902
142.21926743331932
150.35723822972665
249.46400083445047
211.94790021122736
131.1947986662872
191.15228196587725
187.77013457416695
108.04802658660384
398.02237343760805
240.61419254134464
124.5287042837089
248.19441108388122
63.24919231505316
103.59114780164326
154.57302078497898
163.28902822199865
93.54362529060106
141.16918174921872
93.30024809397966
200.46012124224802
433.47333723873965
153.65844270202302
114.91855360666067
92.31637659105762
81.89902864074789
243.85635018029612
150.4658490397002
289.7430360739059
167.33911062275942
235.7758151143389
181.46883227650272
85.54127846678583
131.33783248975817
77.63325238846278
82.41730663693839
113.68463416516204
67.46079528078832
117.56835097635802
401.47830869189556
288.4516392375293
16.958643454231844
110.53126297069751
97.8919901912962
195.92453866979594
131.0408401241322
37.144646428424736
216.22863763658128
120.48116878309371
135.1492809432509
172.4972667454584
228.31549984919138
221.5198198152994
45.88626510858033
278.26351172072077
67.28674645856401
194.01521396511
260.97012133360147
75.29061889012526
17.028425563165936
142.06538125138164
199.78533525763336
246.76997363647848
87.59988797172302
137.8207485877986
157.42074121974244
58.82846315869006
220.98757555196713
86.35380104175809
370.9003174807192
136.0837516129199
146.97974678614906
62.570694472411994
215.74757836972955
129.0923997539255
124.22262130541486
97.34725083325087
61.36325943893964
128.94703795940538
141.9512970152058
95.30843091084004
144.1450693418416
62.122777916780734
9.007785143329508
58.85733763053357
47.703851570550825
166.15150937140248
267.8371665643573
9.332095315917316
162.39534882786288
137.84063089934432
246.47773593090935
125.03882327783278
132.5133873047769
136.3906559134681
96.41722667555135
294.0809818761896
156.6388381584925
83.93258103429156
126.10545051727202
86.32066588855203
111.6652509460185
117.8971870525793
163.2305390513925
194.08274111874226
208.56589534565575
72.26216366097965
75.50942714941667
181.20628397368318
147.02272805796852
174.92051501850455
105.34891722058963
89.79038225371711
27.00119234488528
299.71704334219794
51.15514792529663
101.51868689621018
59.18029539639697
194.79886389609112
75.66810996604971
103.3493092454263
329.4326988831013
316.59870565113744
123.06688847077669
70.54584454561062
238.8142669351263
24.237126125578627
77.37464399375843
254.55689934834552
121.77037834448024
98.16828443174478
288.44705051959534
167.1439059361097
126.76309916735929
41.29453839062699
234.03771620542355
111.17596896208016
117.3969318462946
173.3714769786656
131.46160980849186
189.73023168217736
288.3318310759925
113.19108308548162
162.5398442946777
220.1413976434848
133.28291807187261
26.445258532889348
126.25774662832335
146.93861556373383
84.3115833254972
204.7549502310031
134.45016721359679
72.72451447764186
82.25350207154342
122.60518566429948
121.72173610819615
92.91320647209002
268.0205003154057
79.11309237538006
57.38946045755918
191.2956392505535
156.3741894467232
39.82518810615282
56.68340391466486
92.90977726079521
83.77998175755786
257.5338194513522
125.41339268209894
73.54354887397415
66.90708418667528
152.72127161296044
352.8881500531648
127.17769459461576
297.5125813243585
36.39497208412723
137.72621306037323
165.87682505238396
20.549180064012397
34.65825003819776
30.346014049739026
178.57329458136658
95.82834535218542
86.88681097738865
187.23267861132695
199.85865049202863
105.28036874891218
313.2725130305114
207.85747189428793
121.62842696439495
134.79354345567327
87.31609999667668
197.10589464894278
188.7741631401443
147.40171286771104
60.04177831919786
414.77441725824866
226.3158303226375
222.1783349161069
65.87936851033437
84.67070622227817
171.8745872311645
130.70872451802833
201.06827163675626
321.60482988181326
179.69153519999708
113.86688208591043
15.43412196367038
164.09857154441568
236.6692067972696
109.21863733496022
135.13025670912862
139.2884531561993
104.27290591204604
122.04866103237569
81.52737013917496
134.64493636395116
45.7111155005182
278.05588657487584
207.1496498741499
303.4552781302242
98.33269104931959
117.68456193820523
156.7067476747384
126.11752542402039
142.4626456098497
97.19918835754993
68.14292177088575
174.119760541242
286.0444691492641
187.9881813490357
113.5576364237477
198.26504978827705
176.359870839749
94.55374454637142
61.93908196383664
116.76823790843261
145.4174368277607
96.52373391517482
209.60827779819382
119.61095994101933
122.3075297902454
128.70968709367693
200.07651428069184
123.36291660425881
133.17044877349943
144.50985154271666
86.35157936261686
205.0989640311446
200.450928352492
92.03337706109899
115.39139110623451
390.1959304445429
93.99720590801577
48.05130677635755
97.06156251705505
91.35397167596416
21.264767974124677
146.2138529431609
109.53382656529493
157.0730228077598
68.98187394035259
65.06473625670878
79.27462940071405
187.89741374589929
297.5546514809953
82.56838108051271
75.97696089213065
170.02671687637346
136.43313179439366
94.2540536778378
161.30727380041182
83.6993164649183
122.12348504827088
132.51455594359442
97.55803900329572
250.00679687591702
171.52557961539807
59.55879043687661
119.75127268084408
283.13071223748864
136.68677076250353
145.4884191997184
108.04221686951914
208.1752917573208
133.20522910170143
245.86841334538428
70.79657663067398
138.93113750912542
60.27632926723231
68.81346288737247
108.44272082649609
113.08724033481369
103.44261168572639
73.66475711826932
112.03001499646844
38.879454722326706
77.78072192027739
436.82194225813316
141.8036629198944
230.56156526925798
187.30021578693473
88.85377733186051
142.0447500148878
155.89326927557812
103.19149246364564
93.72833054409327
321.4228994794411
73.98231615780695
39.22143064692369
129.6789964169781
83.85941216458355
76.0202641072748
210.41360074141025
150.70130855223587
94.7260781787515
251.9161962925978
113.97692164030938
374.16265311469203
146.49242608682056
91.74604527840712
419.26522310861577
204.01894008174406
221.76784641469158
119.11181441531434
125.27027838753047
186.50213910680415
131.87893451308415
230.82664317273662
107.44381916091601
100.12227534942636
134.99522478967205
106.54374644816498
137.0291645403877
111.00817035099207
125.80454401077132
36.14735353962676
72.54786982671565
42.27378195326307
225.08777546717945
69.18614162519563
137.04671469949147
151.24209504912912
76.95293708468922
148.353958012127
54.49283996218832
97.39680572123204
73.12700218706034
114.25486617437437
144.93057830177779
156.0898417766871
48.479793450593476
47.24100312841385
86.21568633925735
99.76399541909872
105.61073743820458
108.39819076601243
244.72211544966063
17.619296537978894
141.23841514992617
164.1623482537297
71.61208645802452
223.90968678198192
81.84016948914638
95.82141225281416
124.41896591879669
115.01893357772911
158.28641908407832
224.8120043931091
182.70671741913446
142.61277733761048
133.997491791208
212.28404245182176
338.9167006169336
248.68292332298634
107.71194329455736
52.146019781505316
219.32641307093675
27.941837587870914
99.1808334214295
242.77675060422587
369.23245782499635
106.67520379946262
163.58048334708593
198.24147305275966
321.8317124148733
158.47830721293457
104.18146486747534
98.1014141359553
50.66282511737373
125.18262361645968
222.55892711420788
274.82281230331836
118.78930904127469
100.46571935709765
292.5621498677132
64.11676244141887
131.07581182171967
51.26184555439178
89.76406904092022
30.32003761798867
312.89147390448926
73.62838384793561
203.68859149945587
182.55173282749396
129.99996039461297
186.10714544662574
12.579133664649872
49.40631895066174
172.12510122896842
106.05750923690915
28.67766295706728
86.2324906094919
237.20306291152664
138.96825593431979
89.94535025622099
84.1252907279052
156.6756765941903
178.43694123633614
177.774015690226
271.4970431065324
93.95428156958239
174.65046105725662
54.39773240100154
87.86746391479247
87.50248085566486
152.35648718771765
82.83462171440968
60.950814528416075
78.42293066778606
25.745178670201426
113.23954354553987
143.29582882039736
175.4562326274507
10.29263074334206
338.5028008024159
232.15596617341532
134.17227735696056
325.5597709802762
70.6889100683602
60.991014879533004
47.761907928536324
158.49305947177066
87.03938386956379
253.38632804397668
136.7036764337727
153.51402207464446
106.63443176246984
39.31103015334527
164.52958771821937
104.30982885204925
125.21677004332248
95.84098198776206
137.67875190468672
119.50443220277414
166.20438660902673
114.67630829294907
115.63076537454928
211.72624700187976
82.18957809492666
112.62270085819954
158.4940727620013
205.59499922701778
177.51220547602327
202.69293013342875
212.9183331390156
202.44803652537357
290.71192275540767
79.76718101133496
101.29174872333937
194.06463457651722
119.03262840468217
66.51649881887988
169.85021328400597
78.25710965614422
76.49003531469204
264.63454526444485
413.7685465958262
59.69122129574469
203.20782262884788
118.99362769793717
62.58063534680801
127.01272509547591
236.3968523778136
101.87843042823974
148.57860624054214
210.82448004208584
192.57718212912764
90.74366585208084
54.097595941901794
239.9255074902731
380.7121236868482
111.11132590932658
271.6036268419846
185.75405034157194
182.75916470273293
189.11572157776305
113.02306695785899
114.24303455678663
180.24480396161925
91.89497659005326
294.0888558148981
181.14402645906804
12.61520473745758
58.996725951658085
56.032682606884926
169.06880739934454
126.68427777068524
80.00087441507615
174.09384749763524
202.1691750149329
154.6661773472293
349.3048910914077
208.06017405157925
95.58671092047923
163.7065916307707
182.14303350279351
108.66802595066443
104.63979206708187
120.55716965341121
28.76976033698403
186.808187580861
87.89867752022845
119.02177718072862
372.07849455187124
174.0931092522108
143.44760055311573
161.90080154182942
136.46742383776905
42.5358673795118
128.2200613207749
150.09018797700196
172.85901740130535
360.4902180638104
266.28240784737943
97.78617472664989
139.44156132760446
186.3242581189876
71.61555003450843
297.3415117998763
174.2581159155681
129.8844305296129
43.27269691647076
217.12950461762549
85.19471443384194
49.88487183238838
297.7741293028792
167.52212879828394
157.9345877794021
105.3076797935961
204.34438959723173
66.99444891246273
86.59354707904107
181.311677429348
138.94170057140784
239.7801112688715
67.9317670353887
39.11219964494933
244.41701212443806
167.47604327889425
167.57795493323513
154.89376152735693
69.28915267549584
328.7775589159142
164.31890180469665
123.23064618445781
111.86292166415416
60.97966019289584
30.722455046693938
156.6696603435879
122.25515275582603
111.52429219430573
107.91676623389148
305.4338812816094
116.91072075267057
259.5676139204484
159.98892976033542
66.79628688522727
112.67786696709219
238.0811974453865
192.91936339563168
130.4624982218122
91.14443259105107
46.554350497225066
128.02727827732645
88.69508127582158
85.5947386664706
104.0644080440871
123.07689538722974
163.12800296851415
113.36874182418089
135.15390862991134
175.8441779825313
109.98556894863674
304.4597872461535
124.26581702810581
235.85248996224664
97.07186597298335
84.32704376506811
102.12066999725704
133.09061123440677
101.74362818329413
288.2495223429339
153.21893174793266
130.67986670522845
138.3642837977193
267.398599142848
179.95972295399324
109.15199834812567
231.40494119422436
504.3872754013821
85.86905782384254
66.50435884438429
76.05585351065002
124.32899075321205
319.9759886139837
71.34446483336964
162.64719123318022
158.07575224125054
136.14062818156054
117.76737374413895
108.56712067130375
324.4789349123592
34.54104689725802
102.79186325928913
176.3529607595004
139.95019689108682
114.22155345159445
174.1454652953015
193.73970876773174
13.732707178797487
138.00436678628836
11.994450787675818
18.12287888625579
155.68287295513565
130.04666627957042
168.04627459026452
104.59428451382685
63.338510979477135
103.88124955762855
174.92140314612786
156.78402911173998
170.22387026675045
188.4178613724071
167.11590540010184
206.37704949488992
181.15415959033442
197.84066490821718
102.52327551045201
71.94590449522794
42.29686658102595
277.5939177188581
93.48419221248709
117.61422053142549
66.95319869577744
127.12978602808171
99.64912884750332
191.07613680125323
167.71433119651795
10.844411153837363
117.6563324295348
81.07794384909465
135.06769129662626
51.66695530612112
105.53839122232769
93.02214190666417
475.6836412102365
308.16457593107145
45.651863267392706
164.5414241384668
94.02170036413683
119.68604837868735
237.31578993974935
205.71712289136138
158.54359918148057
80.56549147343827
156.02697582562774
138.42679428999173
88.85291307029212
295.6629948136888
91.13811327053202
56.57405961291245
107.56326945875847
62.27120118111543
11.665192470673457
130.07328944985397
113.76294974399308
65.3718842185144
83.57786117684572
251.2814374644336
135.57219811489054
327.1521733046062
181.73457002309397
116.84413198860004
31.213266172942006
97.29053428603518
54.792807883056376
110.04029216146068
66.82654982449289
119.55634094727296
98.52695369013726
135.38762388730194
115.11783403262336
167.1122369410107
185.92836297838642
231.75579114253375
194.5425023437365
193.56750357808642
225.68145688899392
69.16199977296415
190.51541701622426
112.45013226086775
222.03461679826376
107.59105073350564
146.21646968940848
194.96279800088718
112.10087785876264
138.23654082142457
252.82558269374178
134.54183856776888
90.02785777258799
171.95981292283415
114.05369960928437
106.20478760035778
27.062541663980888
121.038301376129
344.34735791270947
142.3602177446021
82.71124725688163
62.153847671873244
167.15429542718405
318.00432361477067
43.64381973505863
136.41720086040092
121.20710359024731
174.6255547513901
86.42331293924873
193.10117931182822
101.13519464489316
100.67075354846051
92.39647983811221
136.38165672617367
14.063082769471391
197.7537450176657
55.75531550057134
103.39232620365492
152.4051545839949
148.53286528921507
78.30554762206997
99.03972998182148
85.75478204594383
82.44721845140357
69.42384908909395
92.43226505224534
161.28937678444686
57.91828868000261
128.34257580499585
82.20262952720532
49.822831276522
131.37466510038016
116.51277106498142
320.32917708011115
201.86366581537928
162.15161671036822
137.68146606259043
158.54588989766768
146.34039763764184
276.3723381248169
58.78506104315696
237.76546699599163
77.74765203854277
87.25643499156074
115.76776108451745
90.65609228557562
66.24682467212844
172.78831850729483
4.577493537867911
178.43820374138556
61.37208761847537
243.3733167005829
71.64595494539738
161.8780561763064
250.46765156787015
408.8054067370571
133.23794625129662
8.015067685694428
305.68460647633054
174.6610916154877
195.90894659814842
208.90753773162172
161.88382230185206
93.2613901084503
117.77889608513281
82.08224819546659
119.59171634455862
231.98788924973323
345.01151097859446
131.59839367068125
80.01064993672824
67.67803054758767
210.15770449543353
218.97530408651375
126.5290474775317
63.55071539180668
51.489263944353205
183.42455645016912
100.21608066766069
113.58702528360995
145.66723330072213
70.3202274650973
229.39505093269815
151.96696820664386
174.81578993906024
64.35787285956839
306.04451428981645
273.6133870261279
270.9857773020344
126.12885175441296
92.04415254068964
202.86725307479142
38.68749791446889
82.02952917435688
168.82372299522825
139.82786452467008
122.54501264793394
51.074042508133104
99.6428234921677
235.43710348241024
174.65047976729096
152.9756025274776
150.45975552492993
154.20250236311674
139.87854750977522
197.81483524410558
157.5568885389022
9.322731909885249
94.17977464149958
70.01276464833515
269.2103195628763
168.24627076987966
95.86471332158598
184.98848155530604
269.6590518491111
73.31474226844479
78.57442537701726
147.02903000697515
136.31279180907708
14.310252861828728
311.25383087308614
86.91432779262685
5.90026985993721
209.7664484035869
151.35668875643933
105.23507965559845
208.262299584354
249.49602043350293
159.92433920508265
126.29671840328473
56.38872340624525
76.04927586640338
140.53771304687575
173.23351036082343
99.34643551266356
320.0120101726404
182.5399471564903
254.32870893908694
58.05074059929875
118.61113840920434
219.74090784267636
100.29411506178211
189.58406728221576
151.1550830484577
251.5529441892878
153.43649668472364
253.78617240047777
30.271161974380604
135.20452998871355
79.12143849529596
99.85378112787618
63.232349182776304
234.87783243629107
124.91772191807472
91.1347114368281
145.47436755872602
163.97409599950714
235.97193093345672
137.77641862687383
37.7993217155334
81.01666350562596
138.69834172904135
182.66922408825224
68.90594065577896
51.446372557371866
149.67177305134277
58.09111063216969
137.835759769746
41.80832479029388
195.6231291696215
88.89033289157788
242.3989762386917
211.18820846295014
145.0220035985041
150.84967584313392
195.6473252821574
121.87539865740828
92.4174050480352
62.96896470822436
254.62906260549448
83.76571717921404
139.3996338987322
87.16921151412254
44.79901490373167
149.7791258424142
62.51598649559224
35.52393438182776
99.09173962492547
136.17383671058124
237.76423860630123
105.2302523765154
205.90880276645092
99.50291129001359
193.53190745215548
74.24400219781057
188.91912225937867
144.31981786585632
222.15556435401413
119.89595819201354
92.4550529199505
94.60527783884102
69.89513960836376
112.76828418515566
75.59440894825138
101.906418425843
110.85471369986743
138.710042231508
285.3246782681755
150.66411371848932
126.04642408726383
90.81324041614806
193.3546303768945
104.98637022184089
198.76928507442247
123.30590458788562
75.16138350419583
214.25000336971368
156.8937452148878
101.64424866209332
119.22364838937702
74.08596965335295
104.25802100124781
75.53988724942096
216.51540787840028
106.6718594827406
53.17106919744674
81.87089687085557
128.0826836109702
195.25841992193864
294.71319366249634
260.9078933703094
111.777701106362
77.95840848509845
71.17420276223076
121.15890364903657
210.31919606728448
63.788899489193845
124.46729843702563
192.05348567989282
126.32659982626494
197.39243725777774
224.56814111849593
235.5698525349977
223.30086277465426
116.05275577489415
188.37874468759503
248.24335541123338
130.86036042999348
244.985761048804
222.5916796243611
124.62067382531801
83.23428067955832
54.704948171035795
218.60296900672515
78.13632902869966
116.74779943887013
