10
44
36
45
48
23
52
47
37
43
53
46
49
51
38
44
42
37
31
51
40
48
34
49
38
44
52
33
41
40
41
56
42
42
46
43
44
25
47
37
35
43
45
41
38
42
54
29
45
34
39
32
37
22
27
44
62
28
38
34
48
36
40
24
50
61
53
54
53
31
39
41
42
50
42
41
30
40
39
34
46
41
44
41
44
33
39
47
49
37
43
38
54
47
37
37
34
29
41
38
30
42
37
42
52
43
40
46
27
43
44
37
37
49
23
51
43
41
49
35
50
39
53
43
47
34
40
53
45
43
43
41
49
55
8
39
34
31
0
36
47
31
31
42
67
42
36
39
45
35
40
41
42
33
33
44
33
44
44
42
42
31
6
42
40
48
49
49
38
41
42
35
24
33
35
41
65
36
44
50
50
48
39
29
36
48
45
20
52
45
19
32
47
30
50
53
53
38
51
39
34
49
44
44
56
26
46
43
35
44
8
51
40
47
38
42
38
49
39
52
34
45
45
53
50
44
42
54
27
54
56
38
39
50
33
51
48
41
54
39
41
31
34
45
41
31
40
24
52
44
32
36
42
43
62
47
43
47
50
53
24
41
46
30
53
38
33
22
47
53
38
52
38
41
56
42
32
49
56
43
55
15
38
44
43
44
41
39
45
47
53
39
50
50
50
43
52
53
47
49
42
48
32
51
31
33
47
34
34
40
41
39
34
33
52
44
37
41
45
55
44
39
35
30
59
47
30
45
45
54
53
34
38
41
31
47
34
51
38
42
44
33
0
38
42
44
18
48
47
40
23
39
51
52
39
50
38
45
37
31
41
30
56
42
60
40
33
39
33
7
41
33
39
39
41
33
50
53
40
36
52
24
41
32
45
49
39
37
51
40
44
39
34
31
41
44
14
54
34
46
41
44
41
37
37
50
29
34
36
40
40
45
34
41
37
34
39
35
41
47
51
37
40
39
39
47
47
49
41
40
45
35
52
56
48
39
36
43
43
44
45
43
45
35
55
35
54
30
58
47
50
37
49
42
45
41
35
35
63
51
46
42
43
53
46
35
24
37
45
46
55
42
45
43
35
51
47
49
0
38
60
39
50
29
41
56
35
44
54
48
51
39
44
47
42
38
47
42
16
36
41
34
34
39
39
47
33
32
60
38
38
53
38
39
51
55
18
39
37
63
43
41
38
46
27
31
44
40
7
46
29
36
40
53
37
55
37
40
50
39
52
34
38
45
46
47
40
49
28
41
64
45
43
45
36
46
48
24
38
38
41
36
45
40
29
35
45
47
45
35
52
36
42
41
40
41
39
32
33
38
53
37
18
45
28
33
49
39
46
43
49
41
36
63
46
41
38
51
52
50
35
39
59
51
43
37
43
54
63
47
39
58
43
53
40
44
37
52
50
28
48
43
48
43
44
23
51
37
43
35
52
34
45
39
19
47
33
31
58
37
41
44
31
43
38
40
48
56
46
42
46
44
41
42
50
40
42
48
37
50
39
46
48
37
43
40
54
37
42
30
44
44
34
47
39
41
47
50
50
30
39
27
47
41
44
32
44
46
31
47
37
42
48
40
30
47
37
42
41
7
37
47
32
46
46
22
58
11
47
24
38
39
27
50
43
42
27
43
43
42
46
43
57
40
41
45
48
39
37
63
45
31
33
45
47
34
44
40
49
47
47
47
48
46
44
45
46
30
39
39
34
42
44
48
40
48
37
42
53
39
40
44
48
61
44
49
42
56
37
28
44
50
48
42
54
51
56
47
44
43
47
37
26
48
45
50
45
34
39
38
49
42
53
45
19
38
50
37
48
42
39
40
50
48
38
42
56
37
34
43
43
59
55
42
50
39
29
35
44
38
29
42
38
40
52
43
52
41
45
31
42
38
41
49
42
53
26
38
21
36
30
19
41
25
10
37
45
37
43
39
34
41
40
39
42
45
48
56
28
33
25
59
57
37
31
26
41
34
55
33
30
46
27
48
38
47
62
49
37
32
40
46
31
57
44
15
38
37
38
0
50
44
39
47
45
50
23
43
41
47
48
40
37
51
37
42
44
50
49
32
62
56
54
33
42
31
44
42
31
58
59
19
29
37
19
43
44
33
37
21
29
43
43
46
38
43
39
47
46
31
39
46
42
43
45
29
38
42
42
38
56
43
49
34
0
40
15
51
29
44
41
47
38
32
49
44
40
34
10
36
34
41
51
23
41
48
44
34
49
30
46
42
24
52
53
12
34
34
22
0
44
56
48
61
33
56
34
21
38
48
