0.29704347540539594
0.38523927778953004
0.3578065052479685
0.37381959312160074
0.27175783288754196
0.4273961623049479
0.3856853602928801
0.3547501292129224
0.5765644244998346
0.3636170005531989
0.40503525440330757
0.33874407674123597
0.6221602133697202
0.395774939818731
0.43262864922509126
0.461940848183484
0.4176651716004627
0.3556698197925991
0.44109856916311707
0.38416155626046644
0.390811549167269
0.4152365156125172
0.43514138608752806
0.3891744202842392
0.42687528212127734
0.31113628996320775
0.3943452240924483
0.37956852782290906
0.35087852371405115
0.43099923085018316
0.6151903435426773
0.39138045060437354
0.3858760599018228
0.38397149302042227
0.34779717068068944
0.4945193123681648
0.32749496804157985
0.6404643516981369
0.4205270823231972
0.4437812667688826
0.3443217395866768
0.3730590580126817
0.5310086541641166
0.3918051321079118
0.3663757681232299
0.3929666666063065
0.35462453527847376
0.31725677779701944
0.34336557934027756
0.40032379413039276
0.456536390889006
0.40211172704335507
0.3581006876460926
0.46757484861185605
0.4740906796378718
0.38651030725202146
0.3770409392327896
0.3738784569823932
0.42756010041341197
0.3359788950490061
0.49783468356727323
0.33103043543896865
0.3510201837039391
0.3621549054278299
0.3091021870364159
0.3585334255320919
0.3994574184962669
0.1757719501173161
0.41395240352280216
0.5167229209547709
0.4008810061545449
0.457858230027526
0.268294713481257
0.37433293503987
0.4133380865628782
0.348998589025418
0.45595099812254325
0.35523490215213316
0.3760316766874831
0.30482478543371727
0.34775180971633857
0.3741690224280717
0.5183424157224568
0.3926196601800048
0.6026040997579598
0.39715935434922267
0.38145096602915674
0.43438606419827
0.2526624552762579
0.2669916068435268
0.3871520875537634
0.39802485375185326
0.39107359230758065
0.41595324404396405
0.4689363641566933
0.5565234648915723
0.45420426013588067
0.38472777659086954
0.35367678510050715
0.41560211103947564
0.3817991499576431
0.4184702799399817
0.33151282610301874
0.31588842812802587
0.3883511805872407
0.3777121712015079
0.396194096895612
0.3921235749233561
0.4022899864438856
0.46374208727736654
0.3878429706379718
0.3955074326543133
0.40488782597314044
0.4346535150948506
0.4300445114401136
0.26894732845027636
0.3007870053598009
0.36815430311914704
0.3584522272549341
0.3483233385597862
0.42876721668668294
0.37168654077743135
0.41499148688941834
0.3644837918221015
0.453715836686294
0.33951601222969563
0.37599775905705957
0.31942059396160927
0.38939427052935127
0.38559453935578136
0.3727718848198444
0.3465076829170979
0.35532093069539417
0.3723099551361526
0.37974047139957834
0.4307566679841042
0.4032318454648043
0.3624956912538579
0.394725847891513
0.3908481426525282
0.3860357257928154
0.40495353965052616
0.48843675714157586
0.3139134521826648
0.4036685072773899
0.3655325805677988
0.43011976894308823
0.3529275133989275
0.4547222765734108
0.39327056404341854
0.3794074288446534
0.4323575729722997
0.39977698597289246
0.35888236711547916
0.48401586143911396
0.4333231467020755
0.43831701631832587
0.3657368063872869
0.5239526877798155
0.3894796156005662
0.47706896208007704
0.44163394335456124
0.40635331396265795
0.36888369273792737
0.44955609995994344
0.42230872101365213
0.411733427433177
0.50117422833147
0.3758934114030677
0.30484242928676153
0.36213432656899736
0.5365188990891748
0.3817382867463309
0.3460547094359203
0.3892326652328395
0.3650879437324965
0.3640201046279521
0.3640168169689345
0.38288543353150006
0.38501259623227546
0.5225749520475428
0.3277167492656464
0.37130632097490346
0.31051561599773553
0.3836108727634846
0.3411516212023213
0.41362440064789696
0.5803245040158395
0.49945094967017795
0.3816486295425839
0.31157918988438116
0.3024599381909494
0.4150086225889083
0.48164694433436783
0.33465642355542713
0.4400548406717381
0.30194885709412755
0.4187241993120186
0.5788363766284769
0.474041730738724
0.3114233847064267
0.36787317258872165
0.3057816321880753
0.35255271459981763
0.34280884686380153
0.6211864846891633
0.2923495721307162
0.38873629211048144
0.25095585622268834
0.3650098469135156
0.31599747075557816
0.41065012056886907
0.34430786110454425
0.4431923567266687
0.4322618601978
0.32782949057544597
0.34331326476880075
0.4374685752139824
0.3658114071859594
0.37855503180157724
0.4401205608952904
0.47245888580710027
0.5119258634099322
0.3716798532731611
0.3307321192449562
0.35880209953264675
0.41103645786691023
0.3815631756145698
0.3993883304192709
0.4360106420078537
0.3330902615289989
0.28173880096646287
0.48018071278537966
0.49361535483489727
0.5075730232536881
0.38632218405122576
0.41951359242713093
0.37785982437656096
0.4038334032716823
0.4924596514453011
0.29804554311975096
0.7451668232176067
0.3181953444268398
0.3942351967407076
0.34753077001208266
0.3759516695905506
0.41528076433126293
0.44179696139279295
0.4110874757050781
0.41683896076437993
0.4321672622806916
0.37552006942628957
0.27028127092938603
0.43423204563579176
0.4525431200006381
0.3296665482298403
0.4362869641005631
0.39111513175430224
0.3463426467770705
0.43068786185340224
0.4495277261896825
0.4224407612723657
0.32063412282585124
0.2950455130940188
0.2991721983425103
0.5458832654571094
0.4679814145166899
0.33687884328730866
0.48453993889821506
0.29586530506231273
0.4376340578188664
0.4005759391331921
0.5134447586572235
0.367489869263978
0.42266917997032105
0.4246217782333341
0.4129147370143492
0.559861224232868
0.4861812990914237
0.3421895400654472
0.4375109608398663
0.4898603913217918
0.34472787058525894
0.47206567079680306
0.17454572956491998
0.3620474444430185
0.5354157381489201
0.34138820789835195
0.36399768254445974
0.402848797340544
0.34022400127485586
0.46088317039418014
0.3442876960533768
0.5176730065660133
0.3552504698988069
0.2994673468809099
0.42445234400019016
0.3779375218858822
0.45998582791659626
0.3388665424732099
0.3304418953111877
0.3632654162868574
0.33834036413579954
0.41197275694150426
0.3632869323028671
0.29449465346970255
0.3690846635815252
0.34643770703849786
0.6335201015983777
0.5067083224568971
0.3656287533427253
0.37188187879418205
0.34098995925985165
0.3468910926296107
0.416473634071659
0.530821125267328
0.33700154491478523
0.4421312319188727
0.4662411998388275
0.32827227152667093
0.3387763904087022
0.4299299142702347
0.46165774079696587
0.3296618679286166
0.3826714989537857
0.3126525677306281
0.4311404945896167
0.3487953420875858
0.5528974539062317
0.38368197568182916
0.452368527510173
0.3544175958675412
0.44678797229691114
0.32262274622388093
0.3185058405734576
0.49007842563891035
0.40298288064328847
0.4157489898596753
0.36947762509093685
0.32658600341444877
0.321962057712533
0.5419083017992319
0.4245663703089504
0.29770880141564543
0.44621759379102405
0.34484126031348245
0.4945821870386287
0.3884753046731084
0.41306341007267566
0.5092689750946456
0.40628528327024416
0.49225330164824943
0.3276883369064777
0.4238538772052683
0.4580672248020704
0.3901837316871798
0.26129351668564527
0.3304713851116047
0.4447126269813383
0.5202216925506538
0.44499765982328204
0.30588727150075035
0.453484835609545
0.42100187323441834
0.47332739298974913
0.3014791986684187
0.31306209318846584
0.3333072740441046
0.43459864909549634
0.1850129014013642
0.4193762334993346
0.3971962959733386
0.36976373700345566
0.4398348469623228
0.49545143351028087
0.43297754699611113
0.4163692903152071
0.4019932999820949
0.38752606818675867
0.4700422401901758
0.40308289993053814
0.383245735210029
0.33222143388636355
0.39607220557843403
0.37803596897645697
0.5595447580305339
0.4115149297231256
0.3709201379368436
0.4023945650486432
0.42476735796620446
0.3866117180161676
0.43877847267998193
0.4007211470551377
0.3283736456074881
0.6360027689775263
0.4244253055901604
0.3428712962820529
0.32637911202631786
0.34451529932303016
0.5230074140031828
0.3884956968327741
0.4302236817706774
0.4370440543450383
0.38424060612641797
0.3406562857944688
0.3768511055816428
0.37157112096375644
0.4364237090810832
0.5331186676082708
0.4452515697221301
0.4164739076184846
0.3896672785487435
0.4429296313018155
0.4744101060411348
0.41895263321371157
0.43018609584306494
0.44232959931918336
0.3791001715558639
0.42988125418912904
0.34375526898096387
0.49393381689231414
0.4346685350653783
0.30966349891545975
0.41265904629230776
0.23314308033528908
0.4515203288316361
0.4069022690750369
0.37326084324408526
0.4210619768157066
0.39634505260568653
0.4664320524348424
0.7182792333184134
0.31063786830693596
0.4329789178190095
0.37473527125160366
0.38869791794178943
0.5311184913370472
0.3431708339597694
0.4071450454080108
0.38377187329138535
0.3289973914178467
0.271870818506183
0.3839085008400689
0.4587181307243917
0.44924036533198164
0.40305039845103857
0.3437825672904101
0.36322411614152156
0.32479789383520113
0.3205253097113413
0.33571942873561544
0.4156240906507882
0.4793980383987516
0.36226804335419666
0.6289300288268187
0.45410208133315094
0.37328810769474047
0.36687835535231844
0.40125279081101695
0.4385235449638232
0.37023922960325517
0.5448002833613013
0.45871352289537237
0.25293562716093365
0.43386667228636744
0.4351878341568981
0.4336177543014116
0.3444823523032949
0.4041858541237193
0.3995051196895706
0.545170955605767
0.39589367604758985
0.33816999433644235
0.45962216612405243
0.5069768574577368
0.30902420539447384
0.25839310628226164
0.3474018093038617
0.40613211934998306
0.301964600128298
0.5446292244234728
0.2909909417336297
0.4653313089097435
0.42553501016032225
0.5805392160391418
0.32673443695618737
0.47211587550980216
0.3673467515945717
0.31875769441685897
0.5131167487992713
0.41838147931965464
0.3267063877023613
0.39667399961800764
0.5744765700604149
0.3243314250225399
0.4300969959426179
0.4136441579298131
0.3972765492213664
0.48392185605149385
0.42634519534045434
0.3531615381388167
0.4422182539421119
0.35981061408313986
0.32917833884257935
0.3752455936994885
0.3255952337387926
0.2516783510217723
0.40344192227680886
0.38753732625222526
0.3531266905681951
0.3839124234358414
0.30415586723967386
0.38646709429961135
0.38881093606198863
0.35815655954865033
0.34451661125310856
0.3122805603700273
0.343183563293687
0.38959811379075543
0.4291829803578159
0.44015683303152664
0.31081285934332437
0.39214065252607355
0.41703042246095423
0.398266022490023
0.35861952054747465
0.35125085567324166
0.3699694961402538
0.3397979231503255
0.4165353147394185
0.4938775350335003
0.3899468960012315
0.40811288461316664
0.5395660423898403
0.3723658478823406
0.38316730471571364
0.3427026795956842
0.38649547100251413
0.4089043572817601
0.3822924102303451
0.3822735190627099
0.3328230299851181
0.4432990697804256
0.38028292041191103
0.31796728120029694
0.31696633569762067
0.5546021413466762
0.37200558680531554
0.444471586298837
0.4491996653353117
0.4044943505862045
0.4737996136519691
0.2808735207036481
0.3019360818296779
0.4234328649039917
0.48326204637010517
0.4455049292139668
0.37581063316056074
0.37484164689823696
0.30508671869689
0.34770312223303196
0.5691509302024158
0.5137528674702307
0.44333981397488853
0.33712535650312736
0.41005598538628074
0.5031908829801951
0.37372103990331323
0.5540155159087392
0.4540455280213539
0.3490749613377052
0.4183547968735608
0.3251300497960379
0.3634500179960625
0.4208552869475985
0.5162841621519031
0.3226225998715814
0.3981820031526142
0.51435587001184
0.3255230560335784
0.4461882733774638
0.42454724011834616
0.5812713423632859
0.4917514075994223
0.573268183829965
0.38675508017078297
0.48115990219657456
0.38905499196255566
0.34402297461501175
0.5362881051280819
0.4472598727029802
0.41307004278912496
0.3494610764210663
0.3774782940576907
0.33885404191735496
0.3484348002016308
0.49488888858417984
0.28770329028800257
0.3528560242928525
0.3355543396725381
0.3926928637069121
0.5628129353462512
0.42113444756705093
0.38075175884416623
0.3377353980833731
0.4345461710360262
0.4293526739720661
0.5233911989798061
0.4127419672244403
0.3387995774960201
0.2784475880872506
0.3156564066746478
0.32943633282076784
0.4268135549128456
0.44828197951952453
0.3943642740377065
0.3375831277519479
0.6258683025872838
0.4626383790297791
0.4127042745794518
0.3635477144033215
0.4373129019301699
0.29435795535364484
0.4431687542592345
0.3826111054183565
0.3295223986581841
0.35831329882376756
0.32299523720005807
0.3077456990878931
0.36043981236121203
0.4112090459147557
0.40833242578900686
0.39424067050159295
0.3268046228225862
0.32945706605684866
0.3772956826672228
0.539769295935536
0.454927954864942
0.45314976360638803
0.5292242808600527
0.4725177125588935
0.4471923137421857
0.29120868900839875
0.40385766033025317
0.3593511921456504
0.35008431557236136
0.3103030055007824
0.4228295728565189
0.437662379091284
0.3939978532096453
0.39080525445204717
0.3965579029321231
0.3297615288236394
0.5661621784160552
0.404349440092798
0.2843150111437415
0.46741440078291685
0.4170761382890097
0.44077241455284605
0.35006331679402436
0.4714302866105007
0.36330231508202104
0.4717790481995666
0.4183509318629059
0.45489229475922555
0.34508836165400325
0.4041903207396401
0.4269358127922405
0.47631244921742844
0.5500687976625014
0.33717995116483374
0.339079254822878
0.40635694935880284
0.5385818092570235
0.43002875264414886
0.3921175009641117
0.43280966583560554
0.31616757547585594
0.533600088793827
0.3818791506212523
0.41331630461396573
0.49036762830884295
0.41557802798942656
0.3426084253197676
0.3590286950455041
0.38823503491567646
0.35428674993730197
0.39375494052301585
0.30479711359491224
0.3910258783775133
0.35745627616320785
0.4444974948368636
0.2845789019019186
0.30800390418292206
0.3442901030041552
0.2744353735548463
0.37394288921982527
0.5625756939595412
0.3835817574452581
0.3884488748087521
0.4119541086254872
0.4766276196558401
0.2623882175418725
0.37036295267442615
0.2689561680711793
0.3284569004774581
0.3443815405166681
0.5039590873192218
0.6102583141245383
0.4036656465015851
0.4453564549088358
0.42680966622379835
0.5110704722585548
0.3556920065883736
0.47938371899618304
0.3815646334874513
0.4271042314193353
0.3675761284242326
0.3974322963292395
0.3524099731147474
0.4833241638051677
0.4271710218284297
0.5110894417257232
0.36351650022624105
0.3276843943216188
0.31359652563063806
0.37199430398782124
0.4638577645802826
0.3527612586525532
0.41271937000129694
0.4998138935509801
0.3616303030658327
0.3577923485109977
0.4689611127797153
0.4218640936306772
0.2141022619749538
0.32208656429833665
0.49196357492307763
0.39402442977192365
0.4124386544572669
0.4605209855527286
0.4330693426674599
0.4751172746861061
0.4473029154429502
0.3961094557390521
0.32897702493943426
0.3791745356720144
0.43076516544859056
0.6348907763895815
0.4587506806590667
0.4317804859336456
0.5094256879527664
0.3505830588618499
0.3764572896865166
0.43749405358499116
0.3614648097442783
0.3027104293518199
0.41112839018343095
0.2711360441466009
0.46166889029608
0.4721795723008375
0.34844151409710433
0.5090071294313179
0.43435726251157714
0.36091178534828994
0.42170901791607057
0.3824433590678581
0.4534543186102845
0.4082035601725328
0.4380732371781716
0.598053417552315
0.3919408507152474
0.5298236052454792
0.3450806777274452
0.3904818140499722
0.46838515433763184
0.36435898829547386
0.42826463688339556
0.33006910240618476
0.4315946972812956
0.3949097723528715
0.3062375390165932
0.4120305073909678
0.5075861388834118
0.3591878341815459
0.44312592119868466
0.30794945296312304
0.41930402596229616
0.5031239639214024
0.3432235677582539
0.4411053943443894
0.33263186526209654
0.37852429211986777
0.30409536069034687
0.43180676177215704
0.3488853392345994
0.33304278088109884
0.3918693982617507
0.30955458794490864
0.40825212815366146
0.3955835489258134
0.40720257724752607
0.4640912159221855
0.48481663661492447
0.4309831053758799
0.42305523416458996
0.4517673005118329
0.35328745508627174
0.2653395567416927
0.30578949715136206
0.3647287124903325
0.3520639217135759
0.42181164715814057
0.39187153179007417
0.32626720681609295
0.44603597460117594
0.4275608324017839
0.4042058468423463
0.37978154934213776
0.33485061928182075
0.32802991092946815
0.49865225137255176
0.37474398415040927
0.3732104073809912
0.31967046669021826
0.41571462485491206
0.3818246355213105
0.45772964037713626
0.40586224918313485
0.3354112915190895
0.33431054298521123
0.4862097136627667
0.3138052233747947
0.33353155995594463
0.36457475143406226
0.4405659022628245
0.453203920093482
0.4109930315805127
0.4032880964365885
0.4372423787892442
0.35004747913174933
0.29912941990896164
0.35699191320179713
0.3635008307986787
0.43393613542957393
0.2624955666304072
0.4884505481581628
0.44332812249634235
0.35934341831310646
0.3865174993283589
0.36199915090894086
0.7555812103323656
0.48711896953610834
0.3889411969370513
0.37585518460485046
0.38002262777372586
0.3521639467474882
0.4687499913927986
0.3954399504595233
0.3073755513453026
0.4218116374599454
0.39942069794444224
0.4048195279615173
0.43381567917711783
0.46530242352004203
0.35378624318147606
0.4481143365632769
0.5232827949882577
0.42297646824556356
0.3362055958224086
0.4698136010521201
0.31982981654277626
0.29824341178578334
0.37647280555312856
0.5343466390676561
0.3862824998471833
0.4393350556677591
0.4765412235934111
0.46321077329375787
0.3476953369496073
0.365456140664005
0.5695383656260985
0.46296424346539256
0.3560785524025623
0.35382184458262933
0.4273701502822256
0.42226821990480645
0.3360723119367183
0.3302210793976268
0.4665894798660586
0.5803252499595959
0.3807716104418865
0.42152488616052236
0.37099129208235077
0.31574047069836303
0.4762884664386533
0.41895945535222845
0.37114853001400083
0.4356573776231026
0.34085812936328386
0.29603095585950573
0.3593954729013834
0.49969142897166174
0.2878668851600675
0.3927484027826595
0.4133604092429738
0.39060231528830053
0.39764382518214525
0.3907357916534521
0.26795663158375266
0.4285551783067758
0.4271205356490796
0.3584396469189215
0.4458458125015234
0.37114526259343983
0.3562504906821913
0.32927450121350066
0.46085772391834356
0.3903246801461311
0.270716871326241
0.4053816600151816
0.37638769948713013
0.30947713685372014
0.3617010291240737
0.36466641618269896
0.45791000901443124
0.305809640334824
0.42148047594440413
0.29215570429170307
0.3824226932728483
0.4462515688636828
0.4267165406184782
0.397408855208793
0.3571740361203794
0.42467445491331207
0.4160895346792493
0.3727161161777741
0.4692876610648542
0.35131264399989676
0.3325310415691239
0.49730463969797867
0.36295537402475964
0.42818822711159565
0.4352912618129714
0.38126241031258656
0.3158613677544034
0.3832011893811169
0.32470972137798504
0.36115130254390637
0.47586861415689324
0.3137078690667424
0.3714944306326109
0.3265429598844686
0.3794371537576688
0.34231994803611265
0.35049173121102445
0.4002774824989576
0.40545193310954775
0.3027332109578839
0.5010624620009633
0.46175337193541766
0.2986763025647002
0.3850385594739196
0.38559121372561744
0.4994745972922195
0.31107896172573807
0.3581746126372283
0.2941465616994823
0.3354079009034617
0.29172282555236084
0.31152427626345336
0.3321426425540241
0.3849809961325318
0.4247152988122724
0.37697904223055234
0.30810156339474715
0.3945600283534594
0.42043623775639977
0.32621108107285457
0.4521628902894226
0.34221417563302386
0.769743133730237
0.3397979179870627
0.510045686621712
0.4835664914739613
0.5062719889847185
0.38242787417351565
0.489351502568811
0.40610124243375123
0.3510851598762887
0.4640965787774414
0.31452712325900306
0.46139216539011607
0.3907359486225175
0.41949387473558075
0.3183251243506553
0.40550791687744925
0.362136292918996
0.4110029103727305
0.3725285922097882
