0.04914397057065906
0.01005592465814004
0.03498120243017946
-1
0.010519290713282456
0.025727279701076196
0.06919699071543718
0.012369460952542488
0.06317493758585174
0.02916619176115812
0.03536993557517498
0.027749013660550003
0.006756035601843883
0.33706032519479406
0.03890878562073522
0.022612520539581054
0.2977287730767992
-1
0.018594452357788952
0.04326760780825947
0.019617900095693974
0.3937012733449061
0.02606372312249212
0.007978291543071982
0.2281417260006292
0.18211785765514502
0.11050758013597103
0.1032867838916065
0.01152574217050571
0.012012126043472175
-1
0.07859683403780693
0.008049584211703709
0.560762926793967
0.011376739805328277
0.027642082991087117
0.013170180295448426
0.05976804940190504
0.1060998597174363
0.08042369228691308
-1
0.13068190836100677
0.009111931359264627
-1
0.1545769923481555
0.016866806245294415
-1
-1
0.009236552752304979
-1
-1
0.010210402864715326
0.008728061047687122
0.010671912952008944
0.012930152525167238
0.009815659359626508
0.03430244984069932
-1
0.005697683872551019
0.013405523366537905
0.06818387152706362
0.018414504502100477
0.047225763549123764
-1
0.010824412529930067
-1
-1
0.0423056984857786
0.07236875475947167
0.011908834238206793
0.0597876589453076
-1
0.02350939646149709
0.08309283167620421
0.013835013213532942
0.07628198705984729
0.056019107817685876
0.02501021450713458
0.07753215684640373
-1
0.013386206284246789
0.09101932552600654
0.034849660588330986
0.11610607510366183
0.014933501345599693
0.07999888103031447
0.006260132986144825
-1
-1
0.008135903573002031
0.12416928690452027
0.00917452175652021
0.011601787793783812
0.008673675968407476
0.0214742849755356
0.007619201369715267
0.46901446196213564
0.035021653384816206
0.03240559910755344
0.020787854547696084
0.014584823110583827
0.028576150529195182
-1
0.015758978598155914
-1
-1
-1
0.04983803562668733
0.011810214338937001
0.04520629730234981
0.06616509931719258
0.005782927639525895
-1
0.06983145148104322
0.05365976714379246
-1
0.01181662689216398
0.009656523673720507
0.008546916833868724
0.00974874104378651
0.042826639000569364
0.2245469887007287
0.012789478890803785
0.014171338303184346
0.48347134735445846
0.1613445415833003
0.010954923782515422
0.008513576017078403
0.04584437980435999
0.061496509443399495
0.016390527298134634
0.047528088683181924
0.011571554861863545
0.13413294144807109
0.0360103207918521
0.02040777257437577
0.4986265855633489
0.164090165877361
0.03554057024825277
0.023978721819181655
0.013262903521645114
-1
0.014409709811801072
0.06573221098760221
0.04176958168109952
0.05277502533520694
0.15005031696630866
0.024729772434103996
0.011493307012229656
-1
0.012654997652810097
-1
0.015618577504499494
0.012785411299537476
0.8683063737298697
0.05915968556108334
0.062353365988730244
0.03732348833148337
0.02401111111441956
0.19666843269047582
0.012618828322502872
0.032681220243640674
0.01958989616494205
0.015530899306607945
0.04837129923956698
0.007910899448256795
0.0633911565171891
0.032585564217301514
-1
0.058220349702392794
0.019262075409926464
-1
0.3182293856252708
0.7182804774064843
0.04945157259445128
-1
0.00885841578709858
0.06594415588510383
0.009977498118929723
0.020243654445208165
-1
0.009086117858268242
0.07740552424216134
0.0344129212491358
0.011104523007796865
0.0849251416654291
0.027362094894109835
0.01872799949994516
0.01326565593856748
0.025346894146634644
0.06344672045629765
0.022331167822188133
0.029801799896334153
0.011693865364611467
0.018476866800882657
0.011369783401028814
-1
0.0064603842075992065
-1
-1
0.021639140711918615
0.019615469699529722
0.021994052688007824
0.012540138179863217
0.10388055212181635
0.17300988098004944
0.005815254898105662
0.0961185379476045
-1
0.018899703737557897
0.06389229477053332
0.1218593048001858
0.009569319083107026
0.015501965894868347
0.056856729656591665
0.12063166171518637
0.030641426606410317
0.0336813243176799
0.010201189208325927
0.007367213876761935
0.013689170919417069
-1
0.02714226168132124
-1
-1
0.0143012937579651
0.011448584229296989
0.01585645342781254
0.03478249265033161
0.044869070129829554
0.008146662109985226
0.26597905170061664
0.11431978061016321
-1
0.05886781429909431
0.01745100081594581
0.060348820979379506
0.06142682950673587
0.18250212420360418
0.012302386246628345
0.08070698640988223
0.011508938681592858
0.02051468832338143
-1
-1
0.8739371202239578
0.01104895777386306
0.016068548184338127
-1
-1
0.01373542669095417
0.1764918913924081
-1
0.14446786233574493
0.06914885033297652
-1
0.012005505195301533
-1
0.043435151729524744
0.06578940008723058
0.06194241934486741
0.03454475287736026
0.06040723556645097
0.08049258934375111
0.02635589473820791
0.06981755912262352
0.054448356310404525
-1
0.006032282607729726
0.008269529042392138
0.00617351931249122
0.012322455132739002
0.018160422329424476
0.005537776327618229
0.031199284071963214
0.0470282937277112
0.03154608005740788
0.03569518303358797
0.005989817292442011
0.008834285829033155
0.02155763880634709
0.035237554998901556
0.044370758086813095
-1
0.016646780425444176
0.009139923834210974
0.02257405786583796
0.09473830252074678
-1
0.160587409808554
0.00669433867698602
-1
0.03408794222341806
0.00835305258028769
0.03054905245562457
0.010630508898725534
0.07579746816952
0.01998642658983873
0.05433049576897694
0.30759839372617853
0.9921089229773703
0.021077137437245763
0.021265795706237337
0.06838375521252187
0.09013638831422796
0.008002426796982818
0.16285386787893535
0.02130689378953799
0.01406506743372108
0.014501582380159866
0.13706562689860674
0.00637678964185178
0.024734678669390407
0.007983133329600134
0.022918756155532963
-1
0.007438872395073885
0.010929726237401488
0.06811049091340501
0.01460601073973151
0.03683241359993023
0.07017401520803226
-1
0.035900149659522505
0.02663079781379501
0.03515182124976991
0.009968832013060917
0.015794760106448272
0.050007691858222944
0.02176281176971528
0.08328134404912495
0.02921914768227159
-1
0.01453694328739156
0.014608479866456957
0.0125878724948036
-1
0.014958541857768832
0.00786968285320985
0.00476450933837285
0.029638023278019236
0.01290682879329659
0.10529693167398842
0.01786684674720589
0.007156146093029685
0.014870539357724394
0.018355969589416706
0.009887638272502034
0.0150260384937783
0.10209438380494008
0.04113521081761703
0.012477969576967715
0.009267651685116798
0.008094384097407634
0.013755565393709479
-1
0.14913995419798193
0.07547398440514257
0.006479130337413728
0.013825214330143817
0.028030299853040046
0.016402230334766517
0.05714047808936841
0.009629854023641977
0.02429908954795087
-1
0.01441667414876436
0.016833039820708665
0.3054164361258643
0.039734180562295544
0.008351035772165836
0.015306487426863427
0.014299844938945807
0.01531114193922372
0.004730848857416171
0.015234158599749215
0.10528922091518163
0.05104361216023892
0.07144821872172841
0.01156562840323204
0.03975473758207327
0.01818195024841432
0.009806984572811445
0.01167602609956747
0.017798756642964295
-1
0.0832581626900621
0.06953710627039475
0.09261607762953687
0.010154917066808404
0.07781076379579303
-1
-1
0.0945497966044571
0.05358461282169578
0.06466457980638134
0.3272390986900587
0.023398067456854185
0.03063886473850154
0.03429225104000816
0.0490760847622919
0.0172130489197033
0.1363508428826674
-1
0.006629851884410747
0.016860664656876436
0.02804161029636182
0.06131723919068047
-1
0.17817235276143345
0.09573863798491075
0.04317498969621576
0.042405708660513235
0.030880577741748943
-1
-1
0.16083557903002935
0.005718137897846075
0.03147649991304884
0.016240740820593368
0.03155072783087997
0.0182297500574955
0.06258176370337828
0.0533686929311013
0.011191810943675266
0.047601542682485384
0.01638516135857769
0.015209760525028882
0.2377363527631236
0.007773100984320171
0.03639555499276807
-1
-1
0.02436036082147326
0.04465727515008282
-1
0.03843488776798494
0.009029733742575272
0.02350520810513024
0.03962197779266558
0.013974032812998244
0.42903020650182494
0.05056838810249311
0.00714257981746168
0.006396091963624584
0.036211273426671034
0.06130475552252142
-1
0.07592093026711107
0.00950911765498703
0.055915253615726676
-1
0.011191888598530495
0.017775498867409957
0.012678157254222533
0.010610053572629995
0.0449919690582131
0.019346809412683526
-1
0.06011012070270768
0.10139571235501907
0.09416958097387053
-1
0.06112619654746516
0.01503191907004707
0.01673682631289146
0.0191156251760569
0.015330946211496686
0.04050092143648268
-1
0.006799570272021989
0.008883399848624041
-1
0.006320737863117576
0.006156156944430282
0.007000743397438444
0.009450872425071087
0.06549400393683587
-1
0.014898018542421947
0.0788777934322164
0.007685444544225255
0.08038321260562815
0.05705466936259738
0.10399467568064256
0.010059950415321458
0.005033250112320404
0.031505354375885405
0.009685157026135276
-1
-1
0.47173860077392654
0.059774691502862104
0.032426372067268144
0.009467253724112843
-1
0.007916496417391936
0.015341821009501391
0.03223020754137635
0.326711200625324
0.05885582117037263
0.037323344892482235
0.029063717036540003
0.03763178328713136
0.018268835427462618
0.010743761497346063
0.02295120130031006
0.008566527814078666
0.043738239871249786
0.020422603150797976
0.019345354157995334
0.006390026436622332
0.01635214084010259
0.007865650981496374
0.08176137019921889
0.029258263402277405
0.04285810517450683
0.025657869508804346
0.02784170978808065
0.06882666466371398
-1
0.04815390274357431
0.004927860004818542
0.00688976854394438
0.009237094656288946
0.008881779323094563
0.2065398217445614
-1
0.03675662987033872
0.021184172662584357
0.014603232960144964
0.0405016801294839
0.02935400657605571
0.2374058268805521
0.8181559887219001
0.034377552353037605
0.013616725124078053
0.03031177369446639
0.009709010782664155
0.02412673320932722
0.013105071191383585
0.027581109432071246
0.0069037373847608266
0.1650222611794123
0.016413567288945833
-1
0.009367966084936957
0.020464763369052532
0.051669460584132285
-1
-1
0.008603192439039804
0.013949100300690239
0.3074340497561491
0.008987395764030215
-1
0.008114312526928643
0.05087313816868597
0.05427816428174091
0.012308686442737837
0.005525708009889059
-1
0.01249524517368088
0.5266170437006487
0.01590474398975842
0.050936990167267236
0.011092975188154566
0.01072876625783888
-1
0.09711336492181426
0.05824979184867769
-1
0.031051054567296767
0.05668161594297931
0.055797383024994825
0.23364302386026842
0.014666992817254447
0.008264458920907273
-1
0.01782969038665574
0.0293817512949233
0.022698301925145936
0.014766728286026582
0.005815498904090459
0.05614039711797824
0.02314360303653423
0.03126013125978022
0.02359792253381183
0.017569246092621952
0.1176525876159648
-1
0.03763138094857568
0.024527343370602136
0.02074408749761635
0.33381938778314346
-1
0.07056307005655232
-1
0.02565317723014888
0.0074005111586449455
0.009290750900201704
0.02062653274162643
0.014018317051740595
0.0727032893697333
-1
0.03443527349058303
0.007596958984214467
0.03667283360518748
0.01497074589107401
0.17087826011296475
0.016524073019323404
0.006433334344795181
0.41421649904312735
0.01227570263645125
0.24047364709280564
0.008019045412814264
0.03433221373119765
0.02249224280045537
0.17589749727777598
0.013121413738908674
0.025869884428403035
0.020764169626644013
0.011822553240647042
0.04512925058481034
0.0038499433195496703
0.2773423383358862
-1
0.009606194456122439
0.058976376723324404
0.005863296569506633
0.009051428185292082
0.01557395957714988
0.015121887932499682
-1
0.009543914257683453
0.09127703189949372
0.07750486874743882
0.00887655789985848
0.10061778466923643
0.016731685701820796
0.11076229169992113
0.016684428058420294
0.017456151080658684
0.013245689631192851
0.008617728300955491
0.012747450839976918
0.015729435742097293
0.01635624744094749
0.022929952020892055
0.01253173973418434
0.146912460762462
0.010103373285110415
0.014215970240633776
0.0933523752580928
0.06293780546753991
0.014978833912550006
0.06642072394325217
0.009405551820882553
0.02687571262228727
-1
0.04230486594748938
0.11111180557978145
0.010772264869090225
0.009675768236787976
0.014217789824325814
0.008837222446642475
0.041869195981968345
0.014831965309772866
0.16028258809653365
0.061374776324585045
0.011678746805209549
0.010979566289927923
-1
0.02617321291470552
0.005684537864401385
0.021056820079031785
0.04786623401552219
0.037961866498588216
0.022967477411177942
-1
0.07791658281325314
0.21092482162612036
0.028413733617012164
0.07477594944653522
0.016641939490235
0.023624958894856878
0.027185517059063236
0.01613261973430818
0.010382636971227306
0.0961616718583757
0.034513941975927456
0.009700990731435757
0.014305799280012875
0.00545908101950367
0.1581598753318328
0.07939587452226621
0.010659869218603825
0.009411587834100118
0.027535639054084113
-1
-1
0.03565938224245051
0.08353321762520807
-1
0.02976769232433146
-1
0.015427003788355004
0.010942799084689682
0.023143204405616208
0.0208569603110099
-1
0.007727315243753796
0.006846428423538423
0.010471724806624604
-1
0.02125052732638211
0.11543797788465181
0.0045937766830428705
0.014818847380186214
0.013370956871771771
0.01489594566878404
0.012833997424380923
0.009657603359542577
0.012820425777569044
0.4542308669359103
0.007311700003088434
0.006087385087552574
0.027076412026164266
0.06326466558313729
0.012649582068228228
0.016001043353006457
0.11210349735933099
0.008058274954026973
0.01318309841270738
0.024801214422724156
0.006659857535614956
0.011606405521987509
0.02912972658589621
0.014070246502816401
0.019706814317454673
0.01055921981764652
0.05305133880688581
0.19337286988304472
0.02425858431609888
0.00570521948519983
0.012295613350926205
0.020252648740075936
0.21981104775740473
0.006785872041901588
0.008769680011805402
-1
0.43383809435995585
0.05923388376367564
0.0730507795736184
-1
0.005618189573136281
0.03920675151171655
-1
0.19375873037405056
0.10829546976495806
-1
0.020067844597611382
0.022747356253961994
0.03237458338186692
0.01112403624194275
0.011232301632670076
0.012960127935585793
0.008264484538395345
0.017034353478643495
0.047638276894456065
0.013013522752610387
0.01274744094128708
0.010318190191407487
0.007292696036569432
0.031631299451885926
0.04855213111835842
0.07960717720166413
0.003623661076092803
0.07682273355041487
0.011509841948831916
0.020489368027062346
0.03143157038507938
0.008338048271898461
0.011455284012491919
0.04173163178012275
0.027395907520938775
0.010997177431084073
0.09535043407050268
0.007569463893621071
-1
0.008969971658199204
0.08663560324980597
0.018930410326360992
0.010766400482855992
0.00648321350437139
0.0150702723957952
0.0728317682018512
0.01428311181571926
0.04438502132747073
0.011928471272459969
0.008363327375785858
0.0123024875040843
0.010314517048965908
0.009361353845388004
0.056091958351408656
0.016410128954024696
0.03370526635598051
-1
0.26077598627739973
0.3214377278893915
0.042094415918361085
0.03612900850177424
0.06357325651475844
0.03781009250299879
0.1461394099276359
0.0337839156811963
0.009793862339828003
0.18777515911172984
0.07339883645933118
0.018760859287980592
0.02462170145891409
0.013367412804053229
0.007639589964479641
0.01153876032325731
0.7228966899658605
0.018842617418202187
0.08347596432650034
0.023553243673640898
-1
0.005864504933166044
0.010928475935621119
0.4064722240267671
0.029551243607612472
0.017463371937117004
0.010808564297867132
0.01203896163063492
0.008247134517070832
0.011891820959477379
0.09618586643404918
0.23019348070618695
0.012495265302687509
0.08450543153572339
-1
0.033075479838402144
0.046693404730577676
0.12549129185355798
0.034913846821383904
0.01237592447053771
0.013103815904514662
0.2060306718299513
0.018197597214759595
0.10354868032364647
0.029157156636504464
0.01509938520090974
-1
0.1434720969509343
0.013707281265898512
0.25373402057718436
0.01171468725840785
0.021003579364181856
0.01786207615374707
0.01015948442940463
0.021249572407030595
-1
-1
-1
-1
0.020732982928854813
-1
0.08600519145687321
0.008137882479970347
0.13914143727266973
0.009724407748081696
0.012146339088523434
0.008825273141573982
0.02282175277121937
0.921380428263351
0.02178606214047043
-1
0.021071959377385922
0.01303998582009898
0.02438215936162796
-1
0.01092721816925397
-1
0.018685524131363027
-1
0.006366626898396387
-1
0.07647632287466415
0.028066600143706617
0.032666176783284845
0.07755029672678806
0.06859707823024742
0.010216079056800961
0.034467121654906924
0.04730520975546047
0.06318543507164774
-1
-1
0.043337927310835404
0.013467846853575155
0.0072136773473329835
0.025704134733848947
0.012878691241504328
0.2853586954405144
0.058741977328544054
0.03659689593087858
0.3762855467893643
0.008260646502487395
0.008394369039018766
0.013409805622126085
0.10748331274450003
-1
0.015961744131778092
-1
0.008427889723842083
0.021172216788703135
0.014102273959976038
0.03201875462979563
0.01880873296103239
0.00435798845220635
-1
0.2128269148938165
0.06002400187773377
0.06830322047514717
0.015173493628137727
0.03050184503308247
0.03460637101528093
0.016060851475925942
0.036284099933904135
0.3658066549570382
0.013871981701739358
0.020951458190602654
0.010625252978987122
0.020073646627263183
0.038438808603273304
0.015613666888704289
0.031427748940101786
0.008875846356572065
0.056575512624945645
0.05445603645410809
-1
0.034114159244510056
0.04025987664978277
0.011781446967140397
0.019058853911036833
0.012645032011185935
0.009418558660725196
0.052212233913452304
0.006393820133336446
0.06054249761346241
0.0057275653889083036
0.054537538717269206
0.009772650325510604
0.011099114759953899
-1
0.08133384474384292
0.019559851335448707
0.01874856197942104
0.018227925914663965
0.220307983069824
0.02557518397921149
0.09391205998939947
0.01990610055725737
0.020952145455037294
0.04862618015510877
-1
0.006367784883888841
0.031498244042486814
0.3114041685469089
0.006529805338253551
-1
0.013707989140393515
0.010327382825969412
0.03792300962373656
0.01480910962115
-1
0.13599398046875566
-1
0.018264652017839958
0.021977457996563032
0.03128053966768643
-1
0.043943955515485154
0.0083070025275477
0.014046708649736693
0.018761481233149174
0.020532005939958187
0.005603049548493777
0.11561441130035122
0.050203844806044895
0.030589132547448748
0.05143418545254863
-1
0.018054841952919825
0.007917921230446575
0.01415257347620984
0.010375740099029305
0.008647225093629543
