0.018389817628317377
0.02821441150680459
0.026712524871033944
0.011131802593283176
0.05086248530571506
0.07209421689619301
0.021504928807653076
0.00820905227397135
0.02344710987168674
0.024041711939568514
0.02082947031855531
0.02122943844652685
0.03995033537798746
0.041642620623837646
0.027088839071110826
0.016293183163488444
0.013957944208035334
0.030683541621091475
0.015607218240612012
0.04404240975572279
0.02215033885458359
0.022050102568368236
0.008407428816556295
0.036140937430363916
0.02067841870636331
0.02314311217153571
0.03872412489508856
0.060373148849486705
0.019017205443979255
0.019035391450903154
0.03175552306137481
0.019407930415357575
0.029380560869771016
0.029094176627795804
0.015127904753622898
0.024070032031531966
0.019741054820971167
0.01916025091850857
0.023184029593199137
0.01825208466671188
0.00753698605284237
0.029102349875883386
0.0270001455721757
0.027799906637467665
0.0234614518437803
0.020605601469239607
0.02020149464747018
0.020457841839894925
0.038970980456864576
0.02922248127419083
0.032776049527927203
0.03640995507237374
0.014207702817355321
0.010980458097381228
0.059184159649825
0.023864892322801146
0.015723932936850926
0.016703390313104513
0.01280661576012854
0.04217453514407625
0.022748202150655945
0.07837394266071726
0.027429580318823976
0.0234204244759836
0.01720328112022519
0.02378141842555759
0.018831399068253266
0.0619331207795293
0.017477640314919152
0.011951120402238117
0.025644739896500447
0.03228989804255118
0.024377757433346674
0.011135468747985827
0.03529165583706019
0.013899051497041744
0.025434569712687677
0.02260924954841211
0.02467487912443672
0.02453806687521629
0.0217141361442041
0.031124153241690454
0.028333158961668034
0.016479497534835977
0.01818084021665298
0.022199022280271007
0.005542964163727111
0.028087462934530693
0.024999343680986635
0.027632319910760296
0.009378102592070125
0.010568150126940333
0.027136287153823085
0.015614402612465297
0.024578583904686178
0.02495502756231049
0.029147265497490485
0.02462375593804111
0.023443044174543622
0.010667434735677127
0.02968140648578163
0.025959672099668984
0.009951628916403698
0.021438010557039196
0.0319618324097494
0.031906737770960106
0.01115270712470326
0.07306000832672603
0.012102831981503605
0.029966954780597913
0.01883712274221022
0.016313097598686915
0.04017937775683862
0.012923680793975085
0.040587523827853494
0.025503374469419797
0.025224211454691576
0.019656970503706617
0.030612410700765237
0.020478780392593703
0.007671935839946093
0.01368750918079994
0.025730730970779766
0.02582068617876618
0.03071933847695627
0.016317238450691142
0.026621537135593357
0.05206021242248394
0.030411046812141157
0.020132107028171933
0.013506995845667478
0.029682285087406286
0.01274450757476701
0.023252954316379127
0.020194745590749942
0.04364778128870256
0.018349608141692245
0.02399944964553292
0.014369395484109874
0.006681445111046965
0.014832066602042527
0.011398530685920442
0.016423316836298343
0.03889172493012118
0.008768034743506169
0.016088653145193126
0.028414958901021043
0.009400798557604301
0.04592789569363956
0.025270011815101173
0.010915061898276918
0.025088780285683822
0.021178558797902886
0.021411763603905454
0.036315512443645115
0.021269092379048296
0.047147018587751895
0.022590036314607424
0.05577578551034351
0.03939695800579994
0.02747171407908488
0.022313729050893304
0.012017076168278667
0.010535609348817736
0.02386369765915383
0.015772380000540553
0.02683648709125314
0.017356625156974902
0.02461030421536206
0.02126369638657331
0.026812253736830074
0.010597838221125944
0.07718674185390437
0.02338574973330525
0.0304061011388903
0.02118337698425748
0.01426223924601206
0.042467102655020045
0.02545784325088722
0.02995172405025345
0.029827011061558502
0.022406391936341905
0.028520209682709272
0.04718053334210239
0.010491112246286087
0.012169803225584983
0.015497582430600834
0.015576721179227617
0.005615599382115609
0.010493852887795332
0.04058181790147831
0.03872720222400231
0.021456047812732613
0.0251132073259062
0.02553370672971376
0.015157683481029055
0.029569552564666163
0.017534837909058954
0.025010260291525796
0.0365309861559919
0.012276682646581133
0.042714289288801464
0.01400651764263443
0.013918000724734056
0.013845467413297534
0.018259893798086176
0.023338123053042864
0.022489712918199428
0.013354172300951695
0.02525454179312569
0.024794953217226287
0.01189347887018072
0.023368441892696032
0.01831030163009372
0.039395982619915317
0.027932124355487278
0.016858798859883287
0.04794251797535846
0.04121210888665186
0.02417200336572493
0.035352205083431135
0.014241992547385738
0.019798771805058787
0.025229139134319366
0.027999145745237805
0.03183177808962789
0.033717208690196274
0.03834530245526681
0.030173064200960616
0.012231001418716289
0.014120587163005724
0.03148106652589263
0.012160986765267069
0.04368455094992008
0.029260454177647797
0.017483307548778346
0.016387396184348514
0.14423024939146803
0.03045573559523971
0.02579525614158239
0.043822308487491586
0.025876916184884573
0.014828631313078799
0.029009935798245356
0.04014319641514114
0.012274899569018111
0.008515736443562806
0.018917554906443514
0.034584042157802294
0.03879409302544982
0.015636325429040497
0.019044255504803962
0.022664796429974078
0.012301904476155055
0.12592342249027239
0.030848776494324874
0.019511403150594804
0.018826297824719417
0.01946635205056477
0.038277609268727586
0.017161872385092532
0.018289340718989508
0.01724572941003697
0.016898290137994813
0.009463875040757469
0.020958528675238782
0.02999428546491652
0.03622200755069605
0.03262141873043288
0.024175183142354607
0.01872163678867511
0.0593117726902407
0.036273883377936494
0.022025371197966853
0.014253159308351535
0.029009326141808865
0.03477011300600809
0.023474474924459168
0.014256625128120695
0.020081815381298232
0.02275172256274984
0.017609600614245217
0.048356306884536474
0.019778151643743982
0.02723527764752771
0.015634000922450333
0.011821049918643342
0.03710763451436294
0.019499984200669798
0.03622780544904974
0.01353132044291897
0.025841962050017923
0.010532746631660754
0.020593712950569346
0.024765288203040494
0.010081441316494119
0.01692956643151659
0.009652087521802168
0.04786736835713746
0.03061932873019115
0.02035716966581133
0.0223790003992475
0.013125882001408852
0.03872028756562941
0.01814369235102951
0.044534937671655804
0.01943508353880036
0.06599771716795076
0.019734782288861386
0.02846516324881822
0.027799998853693955
0.01899089767552151
0.009215521193261987
0.057835971021381126
0.030172183677603232
0.029053832192069806
0.027999303081589842
0.015568007425456625
0.023636421679445203
0.0299370602065888
0.028430586348290064
0.02056012958016154
0.008498704187098981
0.02628412291080341
0.03379865103690566
0.01628922009728122
0.015210472180111933
0.02945953847358154
0.0183780091347855
0.030185904164459106
0.011628798509854677
0.021682122101025714
0.027792104475074866
0.035691563625702506
0.016169594302691388
0.03529810191711251
0.02893599428466113
0.012329178507165727
0.01122291556237458
0.029073408963302412
0.03526009922718941
0.03408715426317714
0.01144492539213259
0.02120770948654406
0.036986347939975656
0.0368834383537819
0.016501527368764705
0.03673768703152512
0.02546058448455766
0.02157404324691221
0.07960678832714181
0.02791858902849551
0.010835988874530652
0.024372345702051334
0.021665171948593392
0.013272686040536127
0.02156439311699195
0.031070567826899032
0.013521389809269046
0.028336735045548057
0.025606898698829025
0.008103664621984514
0.018509979150571235
0.01515577350170197
0.02747484740985584
0.0320642657248718
0.024176770060121557
0.03608390950258969
0.020332503872551318
0.027431336680374525
0.029985460851949985
0.03038468142579848
0.1703519856525584
0.011961504059920346
0.014794061924981639
0.02688664322479868
0.011182978389069752
0.02730273758551407
0.012643930140485581
0.04801570320778516
0.011006515567837093
0.02238322773969595
0.007150968726319298
0.015372687639405141
0.01187780960197139
0.021702603861344608
0.04372855494004295
0.021976991326664242
0.007866631900323471
0.024317287996012148
0.013937132974161312
0.019897577761540143
0.04219523793712416
0.025120875875151764
0.03141464750189896
0.01537987909201977
0.009032003836989651
0.014587564987987732
0.01876908162572423
0.023513626645651372
0.015131625060295705
0.016874875901583583
0.0909832884699909
0.019815731710549258
0.01769034494929805
0.03039231238671937
0.027567503420258398
0.03232325163261537
0.022324694957933336
0.014356858093982856
0.014702203029930519
0.0233047904168576
0.032665397801478833
0.020336830789985993
0.017799051445701417
0.013517129466547224
0.008636321069834552
0.03316322687180604
0.021309025495444216
0.015305008941171505
0.013167347753634585
0.014466530370209701
0.019422016231419127
0.03715661284739375
0.023140937438277664
0.0314821982261313
0.0093029757705328
0.03402475898592086
0.04029659121689958
0.023907715583087505
0.036800206642782794
0.011606448527527735
0.03878172951825065
0.036115167700166734
0.019037186295597912
0.0306038468765237
0.013791240413961401
0.053624962507485094
0.01700950502956673
0.05125147252384037
0.01605762803354616
0.01723081057477628
0.04429870784242658
0.053829163102609885
0.01598261405957385
0.020817483116738988
0.029152888751849168
0.01777889427523774
0.04970467398095404
0.030434794247451696
0.10051377387587686
0.029348973901158443
0.03935299023549996
0.021908055566707503
0.017468481194869375
0.042650680220206905
0.018563159460819868
0.014985697928435475
0.05635283563441466
0.015038489135405512
0.027508161396715938
0.026350090579097436
0.054851780327072004
0.028687548502518787
0.029458490741998685
0.030541616368148682
0.03660422496167996
0.014047564808465873
0.06588022051896694
0.015814214086803183
0.04343571343459037
0.010223976430340087
0.03131020974003391
0.024682198625858246
0.0264414496868292
0.027642858106843044
0.006084933505261746
0.01189588506954747
0.025287404812167364
0.024723567768936118
0.014694584876696773
0.0158664939114989
0.3559988124747042
0.02833529452121804
0.037318043430226995
0.026251233508385895
0.023440069163400135
0.012826486759654287
0.016668609877083084
0.032354231304788185
0.03354080061465605
0.011093596629083198
0.015781199053071182
0.009295586844898961
0.02315628238085779
0.023727948909963208
0.04313562256252731
0.023939278581571022
0.018724968644332384
0.020516990197759693
0.04912277430128936
0.03962355900515435
0.04200816465550313
0.025961451956233027
0.033892923454596206
0.015563748710913856
0.010754762749012717
0.013185475091380372
0.0850738201581133
0.01215846509933553
0.01645251685987064
0.011331304005296016
0.02329429832580858
0.009855463004825272
0.01830241849961977
0.016910112811588735
0.025539330690017313
0.010948265262970774
0.031130755721679993
0.011158372410519557
0.040327149475167204
0.02892226859248397
0.014821638439525707
0.01399875990414201
0.033856332888108166
0.040850936513263866
0.020862453573861437
0.009156813993740076
0.05165036160585431
0.016516509630645215
0.014848402919824035
0.021112468624066676
0.039420940316325453
0.03212102921542457
0.0201135410355168
0.04914432960354283
0.029928169378869423
0.04074582845616139
0.028658912953876205
0.023915540036659157
0.01726980203981328
0.018532831789783998
0.03328287329007439
0.030600160682023245
0.02308685299636876
0.05165303863670895
0.018247470163213413
0.018477042659892966
0.024050781683904437
0.025466866006806893
0.0217937942563262
0.03319681807730545
0.015345797476903605
0.035984735017992396
0.027241706357257804
0.10141890701058098
0.0258155681441006
0.02788305516670157
0.0162419706002734
0.014848245273098547
0.04113776501456002
0.011854763164674379
0.019072973861499823
0.015273094527655144
0.04415345107044307
0.013778716496813878
0.027694221875056064
0.017028193830337626
0.04432290913843158
0.02482205288662793
0.01928608937616287
0.028042150645752453
0.012621523805327455
0.016662324094835645
0.01677357957347661
0.01837839348403121
0.017919310097571584
0.025420709262707005
0.01639525550245585
0.07169484073719566
0.023888757554537707
0.021770970943805073
0.020630431439812916
0.030861716764735675
0.03368935094457308
0.007251879482307158
0.02495203137498294
0.0126313505394503
0.009470451069667464
0.019492709263146543
0.04536330029388088
0.012430664693640545
0.021929916125523308
0.039531528188920355
0.033484617282488985
0.016852268836788805
0.060881307820062645
0.008929240065540633
0.028788239897505164
0.010154433131960364
0.04502306897759088
0.01983920993051322
0.03551906557004904
0.02715071842958867
0.016424519684954217
0.0355422618394075
0.02535746872392835
0.018571881229878944
0.02632880412542599
0.022805106793961947
0.034662188864384776
0.012764487936611238
0.007898248579612743
0.009923671010563335
0.07418849644199539
0.018611024617614543
0.017736363317769288
0.020994332702774336
0.016692147342014844
0.04466994232336807
0.036492747723697
0.021058809137346243
0.027606449901904882
0.021307000845821465
0.040341937520966514
0.010670942250959185
0.03057331953166395
0.027982711372968257
0.014666135561140962
0.015259362883554315
0.02097766664544784
0.02046448173289244
0.015242431669399818
0.02265808588312241
0.028523009476097004
0.02144241988260072
0.0219514025615119
0.05058623061741314
0.016184538094182205
0.02615553248928126
0.047073053299432385
0.031482086149572916
0.027620628291758098
0.04878790560268526
0.03578519857209067
0.021437618406422717
0.033802358579435726
0.04080044038388361
0.03322264499950108
0.02863133830511223
0.02617027026505004
0.02514099883580937
0.026421493939054644
0.010036814020374879
0.01853991121140445
0.012099749851112987
0.03960452939139102
0.01851443203261714
0.0316895359552956
0.03932068159005274
0.044795290218984644
0.021166082835416402
0.030475554492660237
0.016663945562065564
0.01772126481503978
0.007966739949828659
0.014734749029158155
0.04823951751675771
0.05136151103523884
0.025075001988217226
0.024269345913545223
0.02466386227508943
0.030222888121997256
0.014936071000849144
0.02190328832332305
0.01565672507777682
0.014938701511713181
0.01285131420237937
0.02743754834664262
0.04563672191867313
0.04471551608185334
0.014440910118274976
0.020933616984984513
0.026954848992045442
0.026412607074432354
0.016609381174594474
0.020438692154548004
0.036691256382390895
0.0285224808578005
0.015289708391876955
0.005875761288053993
0.01376980227362121
0.02873054154173153
0.015349684420308452
0.009866351558663304
0.011092490508695313
0.0704391524115742
0.06041402740093524
0.02354737314385396
0.016705697429064997
0.022703763027805936
0.03720130485259678
0.02938125340466233
0.024364731109932487
0.0249878997699301
0.09130183220164016
0.023502751711105458
0.04062767437458215
0.02579967027130591
0.015018579570279363
0.021037406450456455
0.015071319808170645
0.012740164821061238
0.026660776176821426
0.020594531411622895
0.03246806140634785
0.031907329520247885
0.010326677637748435
0.031996084167486234
0.01554489813982504
0.01483553997379254
0.021188039897630885
0.02226883071237819
0.016854831765928086
0.014897785370161027
0.018314692572146598
0.019529046551640696
0.024122991038234943
0.021169025817185407
0.017280116220206792
0.02277844423661276
0.053090352707933
0.010776054945040778
0.024655246684259502
0.01690128961013616
0.016421223043811013
0.06660707505270722
0.022016576852757846
0.02011988403160967
0.034615729193470494
0.024959250558040536
0.027706342261127965
0.02427336248809894
0.010665695709258871
0.025159147758474734
0.017356841055812706
0.02395630228518983
0.01985540543610373
0.015532824726871931
0.044997381239333126
0.021061737851907673
0.010174732908574772
0.012913161846306252
0.01590638401271297
0.023852625642504205
0.011363115869698775
0.025333386508398472
0.02592986300945702
0.041078179976328996
0.05589143574388734
0.026358227720840174
0.04517346982598592
0.01969857907231131
0.02856431287683001
0.04644360020240235
0.023246278810589858
0.01819411404556635
0.044984485640868176
0.010568527183096416
0.012082041127721606
0.032378500570001766
0.028879118619291138
0.027142441364376487
0.030434416056490336
0.00940773530521341
0.017930321084549092
0.022909862671782594
0.026215789282930176
0.017440170987135836
0.023681344092193284
0.05349504331535501
0.027991442990876674
0.015233565102827163
0.023486107247373815
0.030198872183554052
0.006520008868314373
0.03096100513809329
0.02827843940938807
0.026992646569790335
0.023814646771850165
0.023500091154402415
0.006578261291702778
0.01139090196917552
0.015824324759318623
0.04253869411268997
0.017176015610465712
0.01890440438872861
0.008861894412216681
0.024000506236811787
0.012462117224360058
0.029097680675842466
0.025842152587500018
0.020820245243932337
0.017339273629694462
0.008959803265662732
0.02033910718018668
0.02252139769673764
0.018281269483770318
0.017456660464755698
0.046947167595012135
0.01570147821980607
0.006938100047009134
0.020930648467967383
0.019016782375254625
0.01503268777212213
0.027275954663666863
0.012545022561211068
0.016219778100444684
0.015822058541543893
0.024637147599567668
0.04762367306313024
0.022380446651116395
0.01106687649701101
0.020931044102035955
0.015327135089912309
0.031205227900656694
0.0169487931672509
0.01974585420025977
0.02383548251905496
0.01948298693157781
0.04419561270061217
0.025394984547383762
0.022260445759535764
0.02178022329458541
0.027960069948008065
0.013550657223742137
0.030785276630178025
0.03119875257962242
0.011982854789215902
0.02385679064529719
0.013931929439234391
0.030907703708439673
0.01649019664435345
0.011630868886555753
0.02314675012069522
0.02825710085950544
0.020989216326973162
0.019010383337727546
0.029476395995854218
0.029752605441292827
0.013979135851697917
0.04753269155861175
0.019576302476148874
0.03256456844735985
0.01560698306875007
0.018221677369123276
0.039323935603641044
0.014096847368003002
0.029391075736566095
0.016559044149813414
0.025513876696566153
0.03778199319421538
0.04934619248250453
0.04154643480132365
0.030978186514117132
0.023111470066490877
0.013081954247162268
0.011393951679048971
0.013570324232096618
0.01607259259909917
0.015947238342431377
0.030078280386781526
0.057738530254228246
0.022802896812630948
0.013965288071884503
0.0256492395070945
0.024718491625402877
0.015523492408192235
0.038910448651440395
0.012601554009569102
0.010543615084992155
0.020022591091455332
0.017403864434365306
0.01186549284945252
0.03380588084913903
0.011491262616682612
0.014452079667516627
0.01556946354203688
0.024386585665871447
0.024267691704192226
0.04234939017863546
0.02208358314237181
0.018496860055398547
0.011059645978342433
0.019720685722618495
0.028780037907594563
0.038754535523271606
0.014001812035138075
0.014244775581878704
0.02171963594121852
0.052056967857969066
0.02654980411527415
0.050310782843457365
0.038182233119446914
0.0429490419845332
0.026903371307127485
0.026494548767752923
0.016973033493052705
0.01444596411872558
0.03212589078607273
0.018737369686521243
0.02249856807825766
0.0585080848743089
0.01910193362536001
0.040966976563827334
0.031895818263332286
0.017142085261054155
0.016592203527293202
0.007042128504598751
0.00707896889908593
0.016130523844120417
0.029454798633497984
0.13463115252204372
0.013997782125283827
0.018278327887959737
0.019073354193804
0.014813735603074049
0.014059879401908195
0.023076045288476246
0.049084161020706354
0.011812061904586493
0.039237939542473316
0.02311386513206748
0.05282508227397671
0.018584218637424803
0.007664236298078879
0.016779460405195592
0.02115308163557168
0.06351744712421639
0.027426198760028487
0.007438162903159148
0.039120805043569865
0.04703310939406678
0.023975814133746918
0.0084517766687201
0.015502916247505855
0.022748816302554178
0.014851404673190363
0.0397339789691418
0.025203616843372467
0.02725241228209646
0.018715466155049727
0.06885744335681628
0.01918465893377668
0.020914245504616798
0.017177080623907763
0.0426568548876117
0.02363933972918597
0.019447529280439052
0.025231204746866753
0.01005863923356125
0.044939056850273475
0.018641132900593185
0.029300487389969817
0.047197379281672835
0.02500674666070098
0.012683320926772403
0.021906643480381984
0.024261032651234575
0.02632560258598516
0.03957871399170386
0.025308542345090935
0.023183494618578906
0.019130014634791494
0.048952586118124704
0.03894142966986096
0.017694949778266907
0.0413382279132709
0.025037071584368128
0.024436317442690095
0.02375394419458544
0.018895697901707077
0.020980573697314975
0.02662271951323473
0.03211064081233225
0.013144028974504686
0.012986328885037467
0.01724536988888123
0.019691015509847976
0.029094661563248206
0.048763800386852026
0.014856179814255962
0.006622282757271501
0.02229266060881241
0.03228650532245962
0.024391343415299305
0.030579397533959937
0.03496147242621551
0.03197938430237646
0.019051165694742106
