76.02240690272569
100.66854475881664
91.56884462532064
110.61543956912688
190.43314391665191
52.07462033555588
128.80030355854646
95.38824618786458
588.9387970691968
54.67966175900396
117.05885796352136
2.5484321232544693
30.889645905322475
758.2767868121684
168.56286013850143
42.33994461436754
181.88629885963996
112.12663227850831
52.87304306129567
145.22284410400175
116.81669793230887
74.60328436488432
198.7557761865837
64.7508447751372
31.52798296425411
57.23706447386527
63.71476888092974
53.23833512449247
83.69423980494652
6.033243505748227
73.0883908011563
25.342182022463238
83.86207011392912
110.082385868854
448.3817643825693
129.21126943105796
431.4810807371656
211.21088834936302
53.5194255913705
210.98065658822975
20.727470922866413
22.52050152886728
288.00640827415856
119.13666344418294
79.67446014225098
137.35885094252737
133.53144360274842
277.06817112851496
224.77602032600336
40.18693115697983
255.71642001691114
325.17516031785124
169.79597038018863
290.6095881046594
104.85319299859218
176.20350370464362
257.6925529687963
37.959553036554716
96.96409400284344
73.92221115977719
135.27029532724472
117.68718613490105
27.877026617202734
45.490748642437296
128.93742720781907
55.28738152186088
249.83121680076735
22.057119587678937
104.25744640252397
83.4516705382232
34.92996437642022
144.2676021822378
81.08031512777166
126.36294036831728
179.8154017446922
121.76274212159687
47.820885123713545
0.9507650946264007
26.79822222771536
42.06245432208449
139.26330910074398
58.34676246965292
284.79497891991355
386.0062022188644
202.868614200654
64.11952477627139
62.77526085723918
28.504535831279785
26.902729708106715
129.2206722887652
129.08733636454164
142.58265204371446
167.47107337432496
69.5067906283733
79.51855926697351
68.45579401497639
28.24975297485745
55.31979071885439
15.023722339056599
119.12610843061968
98.59779841822989
131.62651190557506
346.00452888252676
104.05844420802073
224.62923453043786
280.1510746385017
83.86707358615027
132.3773788174751
642.9056700864501
102.11387606861632
85.54808283072533
33.792742815119475
145.8006472651542
26.12028214237574
336.74657914664357
122.93938804174364
46.75245591375202
56.01431920527025
103.02337717169817
102.03757112967233
243.06658769429163
87.12835083671945
41.71511786121508
273.02847008889063
34.33626350029342
20.94145348668467
428.7861511483891
171.70988618361724
167.28069602695078
247.49153399397142
301.7007546585352
179.97254105272984
154.46147415059707
42.87137364388561
160.9329400375316
55.345746006130554
27.265919648821573
178.3253822716454
74.52523315097363
74.12291990165203
115.40253117883063
69.54427787317059
35.90329070049365
202.136771208846
60.42649955930691
178.10942985632144
51.892992935633124
52.19034997709186
47.14259964022694
67.96880303820699
179.3701997929445
169.00223180979495
87.65665661769515
44.93283683040735
47.14679438257305
100.61329974289676
97.00772527888181
-1
240.24744865897782
72.84333079974728
62.0290429846432
46.13371315185627
19.205892222595388
81.08386172364112
155.9254607245399
102.31826694865293
82.87736862569898
120.20488829771054
237.7494252779262
185.98726234432812
199.01779710082025
56.346907230101635
63.58049579735473
22.174755929165716
89.85685131802693
16.701076717692914
155.74715747689373
641.2577679556479
648.2357199707461
49.85993681401365
60.79334870148603
187.63129940948915
106.1587078336545
64.43675893786674
73.97440076614163
154.43060825935873
88.85434865686358
43.87550190361787
24.609840880021576
31.689680346593057
64.92389773501996
78.76492147417858
66.75576669103687
191.39394488149048
119.00937148166956
71.67960767651078
28.11279719254394
24.589051812317738
56.85705237150582
321.48941163035647
66.40281893471933
115.95999407419423
51.457221211551044
134.80634105503802
34.161126504516474
81.84598202329083
130.51732705134327
725.3458411792718
26.61950533082909
29.023523234287286
50.5138029780784
85.85593092570343
164.42128356915342
29.445964098242985
154.53980460218426
136.8682336506853
11.01305378406137
47.37795980106514
522.6756516809169
2.4236426548620558
421.8834081221967
105.18008607765778
84.35278708816598
448.2440914844102
43.868163842009956
-1
8.121395255692905
224.5310668832287
106.59451510368346
123.46116280146464
203.4017745980095
150.3744118327041
89.56801576626626
50.300316957294825
318.5125056421558
466.2155431829394
187.55751335110088
171.6707644052188
168.6485900048841
2.7422587269748515
268.30228285937716
783.2467566948774
90.45094179014212
1.525290267479634
64.6835809082935
24.33415865068284
147.9457932353184
152.01270727023208
149.4404115501417
19.078276335153408
1961.0735646967858
311.13191445027763
228.43705003164524
1618.5066117407998
78.41741546418737
4.21090861676813
224.37352533213266
76.14923151299952
99.42824824112398
-1
364.7189920032452
90.2557522308022
148.3011936100953
80.10706594467662
47.15661128713823
59.53705725972607
48.78075819201456
55.954626536051215
42.17705643405122
44.29344713914598
273.608796953935
18.32774198133024
77.98509660022772
6.997052035502495
1934.7723108997443
143.8398183927995
76.99513816254667
57.78996084744954
5.89042625956217
40.89987752065752
137.48348786379702
37.34329300892101
14.24319979703753
245.08196505114302
66.57681260200154
99.48324583632511
18.314694505947195
168.7386600618959
104.92859649063917
163.74458913326418
56.35409190240332
95.6760428747672
78.7050388136408
57.55688782249852
166.02749732077837
20.545287133621457
93.86762084283987
34.940781136047526
40.24682071949577
23.175328780076285
103.77403543125334
37.553644374352764
134.91371634718251
37.78164273300439
80.87419963765869
36.136410433509134
61.81960103367444
43.6977398648654
115.16542369659177
148.753919657642
155.5018391768227
108.70010398901688
18.47430486573405
170.31227892919543
81.26238808388644
93.5575158384526
140.38409046237376
28.530997757715827
-1
81.3342228623078
54.17222068359441
41.81599675263357
22.466959061840516
473.8728756956246
27.421166349765773
70.09627337723808
1.9494427067112599
136.19867353817423
26.479271487751113
177.0233736688781
102.4403637764453
71.37593324824189
9.178147548590255
-1
45.04179881248641
250.80989211595897
113.37865913494372
134.14238421425924
11.91568218735975
144.41412960170567
179.38393126077312
318.88837168345657
43.72442069739641
-1
298.07165744884173
21.53568690285359
179.3386823467076
98.11247117089776
100.52260073485714
45.0170902867946
26.718104828360264
55.24576479026824
519.8001157966423
20.098636335857215
49.86392436780905
16.233509758913776
126.10812645360166
73.71298822786794
178.83761325048536
92.5986528760749
37.697942335133156
84.44135731509577
82.47341486702165
194.7438852751533
28.458006081725014
78.45764415945925
105.75532321163931
52.25266484237724
478.2104354059547
46.55950621894298
46.18530927774124
10.663125120592612
47.644062640939204
427.22544068793775
58.79885259928057
20.891499551531417
176.22227073143884
88.69558420889682
51.64900841687441
142.51342749760636
93.0785537799122
449.07964828989026
219.31853629404247
-1
84.8296925415214
12.883029274574014
39.84649885539772
33.179863974563794
62.52930930179002
280.3180505737409
860.6562391233273
145.96662779368577
50.19423437196491
93.73235704875562
32.02171234903127
-1
191.43699383252732
136.4112241046252
226.7703075915706
86.73646769513618
61.07721421958295
125.32397725843582
55.61028275549287
485.2809669258818
168.523198915933
18.298828126378883
200.65576525980904
62.646286425382904
279.1048772397913
165.5716656429814
84.20198379746378
40.90902047680416
315.9039856179931
55.2048631281456
8.90390365942243
139.82380987301215
49.494903632969944
270.5077132408093
2532.6089695196283
57.27471842705837
49.30741299570341
168.10324200378273
119.8836298234559
70.17921347077707
51.07194443446895
53.3116892954379
99.35258530076801
74.71208874344315
61.08648351685866
19.581995643831803
128.07823007858488
3.384560685304827
65.58342731831958
70.77370124245776
224.48935782404962
70.94632694704397
242.66604171504497
573.3640186330614
46.2643257777753
61.61045946449894
56.95190391755643
58.86793577565823
151.35953371798936
128.5060596036744
112.72198736284949
251.07129151453182
118.48718918555068
-1
81.05730209355673
98.90630006825536
35.50386616859508
129.09148573914592
192.92674383732702
24.138749255955812
77.7737321970862
219.40024493870123
119.7303541528286
23.686029182468754
124.79554247444017
602.7314423833614
45.79764805523376
83.18639779429768
94.58427265365192
139.41850303971685
60.52959417480416
20.976157830726983
78.95760366215973
89.65341393970733
154.24924397698692
5.134635351035718
22.409144183547063
219.54334734393188
38.16421453574999
60.176448523839
114.3471272194788
103.21116192954591
140.34510793118008
330.9255896099736
78.09529374476514
81.95583349751834
42.90699682672544
144.28640694700738
37.663213080692714
39.0499493093041
103.94125793070974
72.6494245593322
216.79615171229693
80.39381822989878
71.48063750941427
241.31958762275033
124.00552802378915
180.05157545611385
2934.3039310591794
137.4909620503128
505.50778920158956
20.36438011641142
78.126908294253
113.94780003297281
27.660165266382695
139.7868732272138
65.99381504707108
51.720847506092795
18.283881471165248
74.6475974873733
80.44253320529495
69.82023185095113
105.60746081459686
79.24122667042055
2.2730399089393414
170.50362346198074
16.140447117179246
68.35648101070727
4207.688011367946
33.741243502299156
21.70938817750185
31.86912236105738
311.19057901925845
66.83238940031521
16.066220776274093
75.65169365310602
25.383806027216508
161.88745986012313
325.6830353000298
23.453679878048778
226.9920136912828
112.8050262222142
39.94616550590304
126.34183246654263
121.68519304764196
36.45877493077201
2.1384514079472767
68.37165600062382
490.34346847575176
55.05313229824184
95.20967437596951
117.43229163846271
96.99031055220361
72.45541561273473
37.15489650339929
16.467079750785555
-1
408.62067481096676
167.37045515943808
510.042832196998
209.17488916225577
72.43577764880766
7.523474030542095
73.31070031415055
39.34598451916155
65.34412052639716
27.63160902910905
97.87694828567932
106.85351891444742
156.20585553324136
221.08549622287063
151.05914695573944
59.263353559258896
55.03417046072202
147.11596466287182
10.946231941693517
72.61221375694063
69.95402442721999
119.02799654287499
16.545281009994692
92.61193586481912
300.2323160422295
133.78112467733266
53.051768741339174
113.33263801031427
388.0800966181762
36.22424656961702
96.10962255060076
83.11406723183066
101.9479020168316
124.7831978328744
104.92516729008648
3.5307569327718813
125.25902777835068
54.32200240092164
257.50295080121384
78.88194406592726
-1
206.91388551878595
89.48982747958604
64.83673149959627
489.7561111335102
226.57268501657364
26.29704318302064
166.1631075808925
22.82787997440089
60.581091880247364
193.06591992756702
739.5666348416373
97.01721662086659
197.5827218799346
24.217957494852897
168.22069333015858
-1
21.766813423851616
124.34120884815295
433.42922273262224
105.66203986257561
63.47042408867066
14.173269341017132
106.34246488586068
61.232138059673325
153.32549648312343
61.53518532964993
51.24851569866474
57.66016323698421
53.64262195614262
46.48422529413658
64.05418223770629
63.88132442930639
35.97873797591056
24.989883017102816
161.71391741446791
116.57884045296355
97.45179074014064
59.60934159413161
1.2469186753132697
136.02105118909222
261.714453629389
74.14607266037959
425.4440458785744
110.41621766949507
117.79035788736708
70.0534511721195
128.95559372897017
51.71122507488588
44.72283030362959
44.77120919685838
173.93375005335864
54.58594966429593
146.79456121223342
136.89837427924883
56.542866799340686
296.17067932033456
63.652354938444326
71.59979541056785
45.16148088466367
158.57190285045556
157.9994925771453
77.89964076136114
539.594349009682
28.121798829405765
142.36939776041
26.117615031187647
26.435874220359747
30.254426598139776
-1
57.389071251894514
45.83273741594871
34.42423856910277
65.75420393742017
282.75870791751834
53.265252685375806
212.52426115894156
656.6181901644011
10.403171463675536
53.09817345289428
49.68102722897854
188.5896264796552
48.25527116927304
110.74293323935598
329.351564253212
205.39085158259442
61.6871616259015
204.95178639099782
37.56344330135642
39.295853552218745
144.1161632544484
56.6934456914009
95.16987174736072
70.90199094731386
423.0570588128584
131.46432642271284
74.6297720364208
101.22301637415997
507.2208923692419
135.41589186857988
126.78421213782347
144.31947460171384
84.64286333230767
228.9207832951198
142.75862264445175
153.21094341443288
152.77187139258373
135.893366252026
93.23141199016949
-1
90.66690814821268
80.56426921685902
122.20138482640063
101.22237537726782
250.33658687128448
72.69798162788456
268.963112191846
53.509412063860914
82.61690017576834
21.57093469329572
241.57588772483257
35.90430338883908
147.2649759435171
66.96628522615315
19.90309453034573
62.74385819364917
120.51999362391025
151.94007748450997
117.671866429419
45.03128884527266
34.76843128883626
53.01602641472986
66.31828946829356
219.39397731119246
108.2223346093846
231.4507996299636
18.13198835282202
302.0328067148198
77.37891931822189
481.70167663131275
43.265824641027756
140.52730834610287
150.62540881937065
200.43726208288112
158.5242011482626
1146.6916914069182
53.97190792001212
-1
84.83553359814177
26.420026613075116
25.694705011183494
120.59732556718511
63.3562484436009
40.56183193655908
28.84982913356674
31.272031052732128
61.42710957445026
88.9543093168414
144.17574843323288
140.37021755142067
154.32880533429145
104.08065772698853
90.61743839601918
109.43614231114815
130.50466097153694
169.49133317099896
545.4740066078843
106.28169406057796
114.66024704909192
136.85335219321195
214.0637330521654
29.625153492727506
229.76384081558723
51.63297913913552
21.637827641718847
22.290603894783025
52.36848415161669
27.952708355441132
215.64827400455232
85.48305806228787
21.871984979906543
83.71102789149668
79.97840850581184
11.061854490097078
47.396133904065294
45.92994023961941
161.33706274566742
93.37735787676456
22.055697775227316
97.60345394784243
300.78263794592283
24.263752903379146
51.5479798491215
256.2775622119909
22.069004755182814
237.39400592599583
176.909104594247
156.94442479055618
46.34395219767069
112.46716983166547
89.8441689610121
41.622205685667446
64.42001409716313
91.5568187615122
101.14871078228191
101.05788803171626
119.97660574831137
240.95527701954697
324.29133721103267
1.186305244210525
14.321599371309581
1.4893380938509047
107.44161440482425
195.15558969973011
59.01230062352182
418.16408522459056
78.54301681368075
116.1895217324467
160.8237705456236
268.2143093363148
66.1817655110532
228.05293223465932
54.0321013718324
138.3903136708209
53.21648742345963
189.27955252756328
34.737627070176174
240.2869467888746
222.38338038371106
39.90008885959119
141.00980387074878
43.23973470885427
207.71000463011947
185.45472596207492
56.28855166772241
39.52551130112572
62.629161059555315
163.7476599181612
3.9368232916975603
321.5825810618392
72.03123307994845
192.12976609285883
264.0798151590077
80.99662616657925
56.18213089914814
288.21162303849644
472.48702950473734
102.14262517465187
52.759408624713835
38.24506654895716
47.031947977629436
428.0464925072111
124.51645330746656
89.46565043560938
210.52792232365246
138.04880388728643
22.76454434481519
27.764553821558692
49.39638962021835
63.74815195252572
15.841277482726598
531.0552250028286
325.4824422183512
3509.5221100149906
135.71594362522035
13.724253567317362
101.9831154960556
236.74032453497338
67.2404262452863
260.03396169607834
152.64973835790084
383.029248446244
260.3189961924276
86.37414714629834
150.56678452684994
94.19245901972235
24.85720597619869
238.0387534408016
68.55437193239312
1005.4388010113651
129.5803531886258
64.96645667056612
115.3189599913552
126.92305698061
327.62713479800914
-1
137.90142075654094
338.65315251130176
156.98254208346236
569.2504242163759
9.971687998232971
219.88719969239256
40.56159376747906
28.950257723886644
132.46477578072654
296.2180386736585
49.82316618355008
87.57236363943568
140.45230307582517
52.24027297404336
74.76374056964458
51.053343108267654
98.9541576170968
84.6932554146225
38.539109392879986
53.322935038587495
44.0961289419271
152.47576924656474
163.70701057762537
128.59309221927617
32.013696378193
42.87370996958044
91.74076048891818
74.45273544485038
6.683211914326562
30.258937933147703
251.3966956495305
121.46326933600702
183.08777586271515
340.36752145920633
489.73784275442574
64.57201274321746
4.311754747100296
14.920092612398618
56.90019895337459
133.1299007112419
65.48822457621314
328.6866492073027
22.518388551571373
4.252375731534373
41.3120450378979
91.62184893835267
34.786311657096405
86.02952393381833
371.0536355579653
172.46733944153553
41.13200161302665
441.5174948366167
-1
571.7815495010054
17.577739314259986
230.67212951486619
80.06875065010121
115.61685850927205
85.22417226122921
55.78764115643384
28.775635811557507
73.82704443836792
76.59681624460023
57.14995199259384
66.92506212504821
17.424525935014646
770.9305232725454
36.510131489138544
182.24937160300425
-1
57.88536338763517
272.73090662519974
247.9678941737051
158.16253851685315
-1
117.65306816636387
148.50762665480528
191.5024494056193
157.10058461380265
2.9152134430129517
-1
60.088757085322946
87.80081074141556
87.32386725087176
483.75889615309677
289.5309916883057
1226.7328409915174
259.7476444838467
153.21487199100162
550.6589559240842
124.20662899171988
156.68564878006651
3.079678918002627
96.73040644458645
30.300066730887345
128.64651999352958
57.9654336751246
149.9554476979253
86.38102649326342
148.64040527241835
88.18035577917205
34.23180239410344
8.537431471012903
29.243196818540852
57.59711925126954
234.80013116386297
12.376279556533012
5.413207029532837
73.45163521149844
70.90408244227976
381.1826930886479
29.616738845370673
80.98672519177954
34.184378162901275
71.80753032388687
125.48035756004852
25.34282300621941
240.0351485336542
41.67351644138598
153.0747964774303
46.27032941690066
44.224710184175485
74.449611291696
65.19251005631635
128.1394085411026
69.25510502561819
34.411840329835364
54.39108502838702
53.8099556136917
52.00424633188995
32.53989605194668
84.9029008036482
44.043081841688405
