0.8296686879313577
0.913136007665893
0.8659090880403613
0.9055757340665193
0.8572245245951504
0.8415443579415458
0.8357226493759893
0.8209910420722166
0.804703902532889
0.8472772518300737
0.7319221074525178
0.8406936857819554
0.886006971587213
0.904465215077924
0.8488939820008051
0.846021820608988
0.6445431117831589
0.5887298359965394
0.8444259032353627
0.8588699045216788
0.8604715172650803
0.8542273268675327
0.7930747195784141
0.892940428839547
0.802891900153515
0.8945356347271827
0.8720264671741622
0.8792176456194083
0.7821205557308608
0.8542565293599553
0.8503398271540488
0.8695468605162109
0.9180451641117996
0.8202442676146313
0.8553259911498159
0.876205558338474
0.8260871109448298
0.7592881107141924
0.8329853014769197
0.6400773908464563
0.8553199117959887
0.8330194405580033
0.8556252245211359
0.8799079925063269
0.8726539585150435
0.9229012129745386
0.7564782031524409
0.8805431086234179
0.879089315474685
0.7761842022436356
0.8886105497482434
0.8866739122828075
0.8106981354052318
0.8666710129174378
0.8318892848043182
0.8859110335558753
0.8400747159047969
0.8190968654697314
0.784722322410617
0.846996500469391
0.6042131131723626
0.7573412850401642
0.8744348849616699
0.7782215608779024
0.874078539192312
0.88069049537118
0.607854477211153
0.8580318979222299
0.6410068111073842
0.8658380132307975
0.8772292260666246
0.8871150128032032
0.8485453312521487
0.809135271162043
0.8909060903452237
0.9102434834054249
0.8203406599036986
0.7995073526038328
0.8784492446735823
0.863315795929722
0.6861679123876121
0.833686787016236
0.7732827472660453
0.8572064275758406
0.8735558280339848
0.8772635416113073
0.862295183412682
0.845256841089371
0.7430113971386749
0.6693665625337286
0.904657974416947
0.8966716476481378
0.799280765738047
0.8832403769509438
0.8393354818283799
0.8562776287844021
0.8803940208979602
0.831159572892128
0.8926507966483136
0.729503073837328
0.8535049286674663
0.7185566384528372
0.8470557693948778
0.8843536841159555
0.8727857866305628
0.8700917419405341
0.8675820817950383
0.894229937285864
0.876096332373933
0.6892192220296194
0.8954045643871213
0.8867548534585226
0.86195212820237
0.7861440628092269
0.8528012349591669
0.7657868534854928
0.9140863716857419
0.8451324224699648
0.7774650567248709
0.8436415374759354
0.8590605820871106
0.8332603379623538
0.8483939925382489
0.888176935462363
0.8395402733042978
0.8736967902396998
0.7827174678761659
0.8549294676518993
0.8988260768187537
0.8371648591696514
0.8253360866865163
0.8909848799024788
0.8631859433025946
0.7048500762106853
0.7284456410655985
0.7843070353703576
0.8864121248017106
0.8691595970889404
0.844250737361654
0.8571786369147834
0.8889983026910506
0.839649370804256
0.8769036302210151
0.8897732239094307
0.6439608422883363
0.8463697897899487
0.8144363803421224
0.8798168552908079
0.8435080801094998
0.8746347069648467
0.7825348066343008
0.6653340113966495
0.7430142174301553
0.8801320953719047
0.8766820384401617
0.812867285065229
0.8801754309287937
0.847317256612337
0.8721290990130262
0.8890359239395895
0.8440076902180864
0.8736815970154066
0.8612425116967513
0.81159268491739
0.8753388595014053
0.8604073512013415
0.8179188519736024
0.8800399766907114
0.7416197482171284
0.7815946065898791
0.8911349958719638
0.7971518344785106
0.9132386357381836
0.8345709936268106
0.8752932542301666
0.7271951778595553
0.8681433396972651
0.8471712802821498
0.7063123224797183
0.7745087657479559
0.8451160896550098
0.8113648803632167
0.8564889254196841
0.8482351780255213
0.6896392453622947
0.8950040631939438
0.8090127482852234
0.7486621668783655
0.8648249503917883
0.895240918322455
0.8860825853193119
0.8865587865408111
0.8443062773066148
0.8297936510635996
0.8521284846958113
0.8796322826988623
0.8896474781449568
0.8077202539053162
0.8910091145613185
0.8935824212600632
0.8357589619938749
0.8410063692860672
0.8887516152623332
0.8868798526975995
0.7318291556715216
0.8982703873854485
0.8742197001766658
0.8545896644433916
0.8002721113206916
0.8545359286978563
0.8704173849780649
0.8576634988845859
0.8684875873783016
0.8751699236675221
0.8625885766417383
0.8559386269211742
0.841038750391558
0.7499090353948188
0.8610312105726791
0.6705035939025165
0.7992659530979179
0.8603851763624639
0.6443521599092904
0.8990732932885672
0.7646761365556702
0.8848479120063375
0.8250162262560838
0.8227686090301249
0.8931180320696883
0.7027102030592159
0.8625178127104478
0.8895353864754401
0.7888294648831761
0.850218041951321
0.8636148364304177
0.8997699596902741
0.7797802392342403
0.8556291366668594
0.8488560077164833
0.8462162390906819
0.8839400831653178
0.7468043793304269
0.8980062589010721
0.9072112697777507
0.8349149091116292
0.8650994262467471
0.8408382114248012
0.8804554308454635
0.8819926022022566
0.8448838428409
0.8520846672357154
0.8886798113180716
0.8087759815056539
0.8598350048932822
0.8365977518246249
0.851503243411695
0.8559218770708222
0.825320686251596
0.8843034783623818
0.8674311976562223
0.7975201868341948
0.8634709001969474
0.8565966510908196
0.6640458084140737
0.6655852712071628
0.8116401810233564
0.8664288631384653
0.8872743517932298
0.8423120015445895
0.5701815941424191
0.7933915012986745
0.6861381073888196
0.8878456327276567
0.7702162914175701
0.8769235112572977
0.8039013431401447
0.7945793735427891
0.8653498919962577
0.8780234446453506
0.7873371176740409
0.84173863046115
0.7768748959848534
0.8844103806959451
0.7904264671060588
0.7155386187299282
0.8328597107151282
0.8248110394587775
0.8129979474225457
0.7219589925804448
0.876864826736893
0.8565879670706198
0.8563252376311068
0.8555730781776543
0.6201272984522345
0.7780163501641246
0.8582113615774558
0.8996188914175145
0.86284725340752
0.8261822548499658
0.8509160309860875
0.8884774189660877
0.8238597320185516
0.8387882416129638
0.8979350898618736
0.7805885740850484
0.824372299614672
0.8300672627339222
0.8685690826954864
0.852473782320291
0.8296634929345297
0.8550669848113451
0.857958735484693
0.8396735770590869
0.8815290730435954
0.8803335774266932
0.8711925076582314
0.7929760390311484
0.8129690061246398
0.8100637345777059
0.783269217140536
0.8536238258580524
0.8262099948484807
0.7370046302982596
0.6970954680659456
0.8829613380667901
0.9060243147921418
0.8663023879426617
0.8269189052265801
0.8686817192294845
0.8426766572515793
0.8583168550693745
0.8485639958928692
0.8988444733796089
0.7780484223481035
0.8750592854794969
0.6835281801993347
0.9064767548760134
0.8505521123289053
0.779848756822634
0.7338233586517112
0.8800321486074234
0.8645400567887644
0.8179254169850607
0.8191730088967917
0.8205967641474237
0.8768821110170307
0.8196084911236485
0.8027897234839885
0.8836969866955686
0.8119079884470877
0.8565565330088374
0.8666073546675022
0.7676364845170343
0.8923056437613877
0.8767868940203871
0.8936822987841626
0.8816243443537979
0.8913804246405994
0.5890990899988816
0.8135716180748056
0.7714393557738745
0.797092219286454
0.7625419516344366
0.8993289470710826
0.8315453206320131
0.8843309507766005
0.8548520337381303
0.8780567288716654
0.799949249517868
0.8041627775924292
0.78394715414486
0.8512812232452909
0.6636827786134738
0.8304265231723812
0.7261220319020603
0.7739554651295689
0.8736686574696466
0.8617371506824161
0.6710210291178814
0.8320668404077083
0.8767552761441403
0.8520809006632046
0.8672089943903594
0.896898627708101
0.8214336239423494
0.8601846243881097
0.8687342699220014
0.8767948918252244
0.8889274037209827
0.85714291915914
0.7750897639343735
0.8731449964786897
0.9245983117615406
0.9017061448186335
0.8010996374097875
0.8574042330609103
0.7962358433223189
0.8559893090940445
0.8629110003976568
0.8608763822196999
0.8001024365646522
0.5766981748819202
0.8395088969904542
0.8272870569315988
0.8470196401891068
0.7416525358218883
0.8615491871596104
0.8479009087594339
0.7861057899882404
0.890135403563348
0.7081445876526924
0.8584596665564685
0.8415205777406276
0.7422035781617949
0.8890124996127107
0.8515363666765959
0.8471089481313588
0.7913589670024554
0.8220958094591462
0.8790058899909214
0.8628040105598136
0.8961713473427497
0.8776372693746081
0.9143502334304461
0.7682716818766857
0.7954643931524961
0.8348954641525913
0.8423702588151247
0.8003686931716723
0.8342743084074746
0.8279376478995184
0.8796540898100988
0.8431421282453196
0.8882783453902284
0.8035435655212739
0.8241474356974995
0.5802938668194022
0.6753194048257585
0.8842250866733615
0.7591189436808734
0.8835685702776352
0.8993593012416812
0.8951080537663438
0.8703277328834642
0.8521515360260714
0.73990534326124
0.8046111852186483
0.8407923321860935
0.7912621610900255
0.7857582168852655
0.8668183761356563
0.8889276771204772
0.8921071146933279
0.857312516748074
0.7011917347410046
0.8940772408629181
0.8627351850868328
0.8578209283149905
0.8172239041130989
0.8584208487704583
0.87813143413021
0.8419265460185927
0.7082353348874528
0.911206016106465
0.767449188116804
0.8658818534675268
0.8504006864484474
0.7826033964184282
0.8697748234173591
0.6265294634948264
0.8306856234893438
0.8415576579679973
0.8237865898643415
0.8691194833329816
0.8659737220372539
0.844255269132377
0.8161395900290354
0.6887685239501271
0.7729539192002282
0.8087978274575811
0.9237223327847933
0.6897385969018163
0.8860971404550677
0.869839640529878
0.7653493301877633
0.8530155951959789
0.7626457667867872
0.8858355801277751
0.833787144764094
0.8594528946313287
0.7510614034192181
0.7762650108320891
0.7886614436341548
0.8717100890686704
0.8993498696777542
0.8529899810146575
0.883353166451511
0.8818757029880342
0.7460455578212157
0.8432635426047461
0.8885650217670198
0.8305814509764691
0.819518585705209
0.8722277200310518
0.83213949321681
0.8061995103739305
0.8324718781462566
0.8543127040286612
0.7727933943375189
0.8544878713052131
0.8491730254361902
0.8617680909624945
0.6377448186816281
0.8975368275342016
0.796950356203289
0.8415545709255943
0.9033353967022124
0.8996350157855169
0.8912359125591451
0.8244660855532566
0.8322050115195456
0.7424625461815817
0.7887625000555691
0.6803749310451359
0.8395088242208015
0.8351441679077448
0.7754894083368029
0.8568760314909307
0.8656741340444561
0.8044240478342257
0.8610314881757715
0.8131251644212681
0.7687362495412204
0.7734660067805877
0.8015342151055951
0.8986250374911963
0.8980404863462541
0.8792648024546091
0.6433790783456987
0.8089171584451053
0.8774087261162385
0.8375334116795954
0.8715715914791569
0.8500203132625526
0.8676736098278678
0.8764780581620232
0.8967151576456781
0.8063744554636181
0.8993682172048678
0.8948755335166197
0.8641559998282276
0.7191654449042671
0.8457556596851448
0.8785905489148127
0.8287021210599074
0.750553778504436
0.8617509466287864
0.8475243208457576
0.8028731203451807
0.8716563972870703
0.7623633058164829
0.8343719987583973
0.8261350584155699
0.8616775547725923
0.863929889411501
0.7586915722073073
0.783966708449271
0.6594855865980909
0.8734740593002774
0.8694193017500615
0.7528392949961723
0.8635289558616821
0.49852137412369213
0.8107866647506995
0.8463459861764551
0.8116850506464695
0.799254848759293
0.8493557825942778
0.8188153234949663
0.8656984295825194
0.7600169576244753
0.883793044786918
0.7849233228390098
0.7960166911372484
0.7910828174367825
0.8887399494374844
0.6318251710810702
0.7777044209513776
0.6303215640283414
0.8477485675559573
0.8568181464280933
0.8852722252995759
0.7957824030032201
0.8334842548165267
0.8509686411420756
0.8558432140649663
0.8922545030788613
0.8858081363640966
0.8169641321456806
0.894198301199757
0.8703589160306735
0.8576927606717932
0.8884039165928206
0.7188718613897281
0.8261801063722891
0.8317395958707419
0.8569185776767236
0.8689625162921789
0.8670837632791588
0.7512264449830055
0.7965793757836528
0.805504276616739
0.7859630955156875
0.7964866455186104
0.8513955899559023
0.8847411508996099
0.8788250493292357
0.6238343269007977
0.8862027156954878
0.8597274592163123
0.8296867356478954
0.8838599484181718
0.8577580582069745
0.8449842850672662
0.8490457978610343
0.8172520118665161
0.8582895992538374
0.8425471497691985
0.8408416883570707
0.753768258596611
0.8386127943048012
0.5325977799717998
0.8672428206671323
0.79865061467198
0.6975626861860948
0.8884201743734939
0.8200262207524626
0.8777814913956807
0.8592200882803518
0.8830562758583609
0.9046227467331216
0.8627273157980807
0.8096509501585603
0.7948825403344446
0.8976140388141083
0.7003799463556332
0.8098703089313646
0.8810738643082477
0.8392744269695314
0.6679031645705322
0.8012264424851102
0.8634113168089133
0.8743730907074831
0.7437138801844166
0.9187938420909787
0.8821458506889224
0.6747614862939849
0.7633725847280288
0.7218166015723795
0.8450566351696249
0.8907161414735754
0.868696918548171
0.8626103096189337
0.8783994211009005
0.7357255296227202
0.8619266874651506
0.785815592644495
0.8036329479847408
0.8972393809768089
0.8855862345322163
0.8054174054077248
0.8842214892186653
0.8205681149345943
0.8894828232565086
0.8623061294085466
0.9098640682697161
0.8166199195557444
0.9038081001675564
0.8918322435035013
0.8815794724291094
0.8375845275561449
0.8170039344060029
0.9226941807674349
0.8818423021681725
0.8278589932103044
0.8934006036781281
0.8788754554863119
0.901025795732206
0.7841063724986024
0.8473337844873192
0.8373972827312233
0.8595258878589875
0.8409349690126542
0.8897400707592902
0.9234688602552318
0.8816970146506307
0.886190414148498
0.8398928474219258
0.8944951114244073
0.8644125641617715
0.8590314494186617
0.7943950138440774
0.8047034888621283
0.880713799632999
0.8928659983693996
0.8586485087615199
0.728418037573486
0.8589329158486136
0.8653742444157556
0.8458101355472353
0.8459225799626573
0.8142166451878533
0.863555425807385
0.8270909492957581
0.8628254943415657
0.7881270532734397
0.8698627392734504
0.8629647154346703
0.8554417849976037
0.8966582460754904
0.8800356723771041
0.8755923420969695
0.8366969878292909
0.8827938833354283
0.7740036326408465
0.891173498234616
0.91646160860114
0.8679911545731038
0.8137026068714999
0.8753436278244536
0.8671037442916938
0.809967795453022
0.8989536481055113
0.902699810202505
0.8899124690027052
0.8383277523363869
0.6614903731712725
0.7460056830935172
0.8229896906456
0.8071968841386603
0.691417705415859
0.8992877640709372
0.7120910270819869
0.8310126461829643
0.8972785447254275
0.7031227311801581
0.8533119061723511
0.9098744093073508
0.8077061566563117
0.8624873252909597
0.6960501455571984
0.7897727747953363
0.7891282098059187
0.8823482104969183
0.8299412628827981
0.9124313582615498
0.8453595716432942
0.8509739046832481
0.8786207094165113
0.7475751555130788
0.8755111870063941
0.8706015609167669
0.855530783176925
0.8849640473851096
0.8657315018191516
0.8714747725488222
0.8783754131877693
0.8690561288534677
0.7124214166517617
0.85075421552649
0.8445183407554673
0.8069798976227391
0.8806882095397481
0.8884964759318945
0.8251800916953129
0.878525056954369
0.8734734853511998
0.8245485424489607
0.7843102647195646
0.865803484826789
0.8250025530900869
0.8780272271723935
0.841187224601851
0.8031238922064743
0.8755029619660976
0.8595714489451503
0.8785443481878237
0.8655364671030434
0.7471030602785442
0.7815825182977751
0.8817080740909784
0.786804895218763
0.8828268780679517
0.8953548525191906
0.8748625435167072
0.7184067668624836
0.8479516643104039
0.8856988091202033
0.8507379741236868
0.8777469666065114
0.91704941391558
0.8878325103838647
0.8674025340889947
0.833350340585473
0.8012885475459622
0.8490468299862661
0.863167944343574
0.806118452175521
0.8536213651625554
0.8171317199829553
0.76203828334598
0.8227386469885734
0.8876215089951871
0.8537567643884123
0.8751798724478743
0.8540206207707628
0.8742027116038362
0.8645572519953444
0.881102872373798
0.8653517958381316
0.8190805683099724
0.8971524756250289
0.8961177858515752
0.787531398577128
0.8548905160971285
0.7999259618614587
0.8981580918190865
0.7980290763203897
0.8323582697655463
0.6787054343469641
0.8186832338517496
0.8817230524400048
0.8552251270442617
0.8811649258063798
0.8768331061101922
0.8091724986989102
0.8106754372205529
0.8470489796023906
0.8524922729770417
0.8826560427609031
0.8782292049192871
0.7769024682368333
0.8618251066451642
0.8636337078970824
0.8358288736234789
0.8854159355415704
0.8518393596707038
0.8922433803178409
0.8639482491172565
0.8707711856626965
0.8586445251649997
0.7569971008026147
0.852055685677854
0.8353269108488329
0.8877791088630616
0.8209818883428784
0.8895893691933217
0.6973843300601178
0.8495710052830694
0.8209744678517945
0.8560122925444251
0.8500232903209346
0.9002770309618202
0.7268604330418842
0.800490443595463
0.8880717125805576
0.841990141598593
0.8872251464152703
0.6735336189258118
0.8993060784451068
0.8794486380933333
0.8636422151413125
0.8066054687463613
0.8647424606020881
0.7435315926467936
0.8539781836309026
0.817342578357819
0.6980674599101652
0.7444260455854407
0.8559276880223894
0.8679841408019806
0.8396943090291712
0.8341970110009334
0.7511510069201178
0.9080279938411968
0.8275443402169054
0.8561842545179277
0.907142034685305
0.7291793597987835
0.794830252247277
0.8398774501663284
0.6441776555793854
0.8615482988462155
0.8691329518593027
0.8754437809916664
0.8566198962207362
0.8578776708305289
0.8216893423408685
0.8915606943568032
0.8712355881300305
0.8390748808767543
0.8438160802100201
0.7623349529564835
0.8881744587214913
0.8841203285230205
0.8073523977395731
0.8207205073944839
0.8376822262751016
0.8782215640494861
0.8517436637561819
0.7634637330906857
0.7670320490473619
0.8653330640576675
0.8674465667601433
0.8185111664674249
0.7889102882409582
0.8072319833331492
0.800577147941619
0.7143468321374373
0.8817371931630952
0.88193410838184
0.8344374876452259
0.8401701354694544
0.7969047960450508
0.8602487324165697
0.8368156187898915
0.779546745400343
0.8733761571332317
0.8272991234267637
0.6745799457589701
0.8077321631726565
0.8468055716950136
0.8217427272452223
0.8785667221357879
0.8344575741365015
0.8690937595035768
0.6540979241543621
0.8860175900591456
0.8715131651934136
0.8547282322255935
0.8545734933166733
0.7863188758252438
0.6307339030340255
0.8314026742517617
0.8570119422733481
0.8940289724470714
0.8850199534613447
0.7874196974610392
0.9126375148415183
0.8965108401892645
0.8544906453016559
0.8570020682667983
0.8166686122655391
0.8209379787915896
0.8436910675525413
0.876128631490783
0.9081422152224625
0.6834081232301664
0.7049040147235217
0.6751190603215362
0.8543169973033526
0.6975184558594117
0.901323046261824
0.8887830643459632
0.885226025257252
0.8781236205242537
0.8404591112904372
0.8892194140945484
0.8650804788764102
0.8923294087520894
0.841906652280422
0.8264926754330024
0.8791162373745147
0.8934167281665517
0.8494942902176341
0.8752731450014384
0.8242480110453614
0.8313823921201113
0.8585515831469342
0.8824831682694743
0.8533795990442126
0.8417928232539602
0.875109594043874
0.884575592602627
0.8149893793354315
0.7713341354517735
0.6864169097546434
0.7774590994155526
0.8569251157006677
0.7210902626400025
0.6895254888513043
0.8792889075191409
0.868301614780481
0.905537179589502
0.8514499488066734
0.7296533768703046
0.7781191622091339
0.8723166412288125
0.8775137696718416
0.8778291731213423
