4.82579891525989
96.6771117715012
30.684586957138418
9.240669971154437
7.745175260905743
0.25475349922559287
3.1158216122833005
36.92200287620752
6.278865981348225
7.965593659042194
7.792970142748679
8.466764532477429
11.266220907227474
6.830673738805213
123.89187587593285
84.28967430483117
10.574762256740852
10.970678166417446
7.796068100869105
60.319304075202346
7.939300628941113
4.686530972555231
8.66666992480562
0.07871233197258963
6.636069746287604
5.380376173307351
7.606589176539558
54.64765491199104
4.224274561480391
53.64800938869481
9.62017579757941
7.3175091933224765
5.427793453751306
87.12239130034135
12.074991590399124
75.62208420141208
8.227653310982317
7.333749650076669
3.728569046368111
0.020598330228414268
49.741947704368734
104.34052859767229
6.3765545598401845
4.131889144172515
7.083962883372284
23.07098735809095
7.730331353953363
2.431890141364639
6.5628186955453325
4.184106867912717
5.065376772198701
10.587417838457037
0.12595324716868983
4.326073748250546
25.79864544044
45.28790164047534
8.843061536439565
17.877396852294382
83.50807425012366
0.018975485167837765
5.329471916282771
7.631819238143172
50.107052672627866
55.31360967006074
7.562564106069429
8.014411650276651
8.15143160980371
7.174033839477762
9.483425613446663
4.77006132430655
4.510386836009776
6.349472916635994
8.36366103108896
7.878065784272698
81.63751414973441
5.9466675630708465
66.47698248370105
4.728653980219501
12.609332139392965
58.316933404858574
5.273502776703572
11.21690745275537
7.57068259895836
3.77885286252416
36.58043176114696
4.2273503762052345
13.303512553780902
36.4560281807082
6.913197640293794
60.870185556396954
32.37581745595885
5.320233748959967
8.680441496806578
12.642141599289179
8.944434840864266
9.801570084448509
97.67977985223374
3.41153407527961
10.3791172771396
40.60737146633568
3.328026597158072
6.142828187134963
84.2817496530319
6.4499618321897305
6.225009166044473
3.7935136014102735
8.332791711452426
0.40667479033537407
8.260831522698867
4.016249206948067
98.49854349596997
1.8246628103109344
9.785301603199846
7.065925444934847
60.38229162844
5.85074743067699
8.210196850800822
102.93032919063602
43.60991221651386
45.437940310396776
3.0754006595380647
4.165127358914627
7.641573107440943
5.9574265851626595
9.172526258753537
5.849651072305401
6.191873791222089
9.073194010234888
10.061286364706456
34.15173611801101
43.137844611731005
61.573885019262946
72.67906062562562
2.167405291595721
23.055076356091003
73.87502294410764
8.316880022636253
9.830562836726338
8.236529209130047
2.9403683094447737
5.687004593554304
6.41167879230786
3.6387350600096613
129.9604664930276
29.946028346720205
94.71530009190484
2.836541429236498
0.22303779322892978
166.19005924514659
5.6860382624496815
110.45046427925497
16.818434241176927
10.87964942578454
3.5934786274410984
148.32064441430285
88.65654536042793
7.02716417293833
6.236571542433843
10.141791409408528
6.911808777251445
4.964852699278107
7.444737043773621
7.002512900826564
9.543095467051309
4.165513235173054
55.31961770887973
67.24266203204506
3.9861501069170817
47.20041008396607
47.11847821764036
4.206271533334667
65.4986907478945
0.09890462620829699
5.836779630529443
4.79886614636548
5.510034675776852
5.963726963714812
68.72324642788368
7.047850901232747
1.8984520613720552
9.81717268959859
7.163866814991646
7.171062492399009
9.312644005414091
8.869621151950392
6.849148231567934
10.518009885869866
8.486585176435984
45.305384543199224
62.62042437315481
8.502815616698669
2.5157105687257224
4.832201103722873
1.5171755163631386
0.19649501611314923
7.777652876365637
5.986693980746788
7.89688583501541
6.525470214986553
5.465285050453944
16.225038715750014
128.64903556049939
7.389675503531134
9.708873706439988
5.480419641545832
4.793970064316831
44.31884437955867
3.49847618823106
7.450835898003098
6.933139967350008
6.1832823685138525
3.286658049360982
6.210028297693531
110.33361068081096
98.74255795642341
5.199696392492827
2.613029988505141
6.332938847917017
4.788811055529956
2.7731616297014243
2.848024157760672
7.233516783015032
5.706660280112634
9.101303641335994
6.6422968438462595
10.529017807002356
55.287082873531574
3.8696365273008153
4.605891296136154
9.544134741744749
9.20567593109901
6.281471883359234
8.288635940403651
3.8880865218665432
5.113595226471543
123.4725976994284
3.71173353093494
9.2490952762873
9.223442207186215
9.826043896102497
8.63991279760511
24.656530765485734
5.430772023571869
78.46248698032515
4.25723790606138
33.214242506287995
6.772215614765298
4.507081940680021
65.96325007508764
7.073441382266004
5.277906159901282
143.75350675879082
45.90994623191727
0.03577391547140837
101.75580186427355
4.513520770650943
7.701897958473505
4.887745642009495
4.665398762592543
25.836782478570907
158.88841397572816
104.33680864204135
5.913330998066303
4.542340093612476
79.50070819045223
7.319020346704226
7.6360088200038705
34.48792441967992
5.070226894758319
5.6529363615267245
37.48544676614339
77.86266797178737
30.108043081023695
24.793622366523042
4.757507165842769
7.138993216577086
56.170898856481394
8.756969539551033
9.478969522761062
7.235524932227208
2.4184030379628108
103.8794547587105
5.166069486974632
9.016527903972424
53.21200966542369
3.36255447124069
72.22145698643526
7.733586814313406
5.867704734190818
3.446097277790787
6.316548613365358
6.219679221706161
8.236205416856878
6.752838226153193
42.12592801104039
5.752889526510252
72.99259702584557
4.069816570194163
10.281997146682224
3.8732218134118805
8.961690828618178
74.07835547982124
8.81684776677347
30.87841187372712
6.414154464308197
92.80124963311687
6.304107587978702
165.14028700267014
7.805415518386964
4.67506644635805
6.415325993537035
77.72822250921077
6.0995158848413125
71.50927172182924
5.340124903107636
58.310046472139696
3.862220387229949
5.167800099387841
5.851232274448866
4.455825476109054
10.309047598357427
5.508023995942249
31.56954027536063
0.5180999420295508
8.19773049940241
5.126316886724131
1.3347996420612154
0.7118247714505143
3.6628639636391447
7.392067579048694
3.5086492063611243
7.338896647563514
6.0784958861113845
4.9680923289923085
6.095192984555025
4.756434396165284
15.749265141962718
4.481482795160582
25.621538258203728
5.814001907123009
87.2440825007902
9.127977063720294
11.21459275985507
4.86283590516748
9.518806131600433
8.945564177557543
6.1832983451347365
7.359814550286883
75.13547028344547
6.376350025955953
45.09825498571033
6.8346258758832255
9.510663081876357
47.48185194138149
7.761552978512889
8.437685428192912
4.131491071482135
63.50508057226209
52.55258895397816
36.73887861961978
11.2363714750857
7.573445903751052
7.375383885548945
7.763725170811168
69.67466527632455
7.253012552009562
9.063083732786025
4.1882503150453
30.358165317882996
8.46361733878719
22.428393050438984
7.587376786174481
7.051559478708387
121.43327625386071
5.732266799976725
16.93161514449126
113.96225735001877
8.250873956199884
35.972684675450395
32.08175518856783
7.912778092653192
44.53630557550782
5.038457786084477
0.06442548392673564
29.29767702670791
3.719718070945438
9.446916544038846
6.1682018250740684
41.348956207562544
33.9662998250841
3.8146170826452073
3.1360496353164375
13.653669038496036
6.977880637878007
32.40549047874413
4.3509876112143715
78.45177712914374
10.925426618565373
9.808106398333955
10.98828255691436
33.01783974243852
2.5896036955088597
88.76064775496229
0.4347976921194401
0.6016010002921015
6.311394199260044
4.690753600623375
8.994143297240175
6.544214926512208
6.873033411448738
7.692929678587327
9.03709102869048
5.769293389338386
4.653791794157301
4.07117319492053
6.898039379920838
0.057034849624855846
4.229110390312497
22.72049886938954
8.59550146544701
72.17278744123813
8.187405547741042
3.55562078842845
28.67417154678792
13.497256511551688
4.37109611197027
4.032455177151471
5.6380887067008185
8.460777640175166
5.363800375122565
88.86002170149615
10.291472151765054
143.96389844536765
31.438003123216777
6.1863979579786035
84.61419013441879
104.11897126393808
6.687407332465661
72.98497138459659
4.155033616479948
5.975683756858772
45.99283544319485
3.721911712267753
8.899773345435637
7.4895257487137705
4.947563355651596
7.227457685145483
7.642830082775194
4.114667981662828
2.7796292244827403
6.336894950519046
5.484059998447372
9.21145660666302
8.780275257414651
7.239956312886377
6.612612855948704
7.067755454281604
7.566263747605088
4.0881521001123575
14.453613041104715
41.75108397054353
3.1085858528533743
48.49469682068478
10.82187401937581
3.3810077886703036
0.9416507281716813
6.723920407652817
8.991148267526173
7.567869216470159
65.01249739770724
2.778337197270245
4.34534934354704
12.38895913127884
6.029676067373238
61.68550850728844
8.107460262819504
3.5447283444016566
4.609862039279672
3.9230048825610906
9.871655165147178
7.378290902080408
11.285979151822783
46.36475510363864
10.232473294608813
29.60166855964141
72.89545952569095
4.750383332392591
11.608013897908009
8.070756844284132
9.994709126597783
6.461865970890684
61.3500604710975
0.772374948255671
5.696764262906278
15.918059870374577
29.643354192245877
4.9052149840242585
9.79714922010742
5.563605487910184
10.258241637191036
6.5292902448284735
4.899782607405329
8.255794714817037
5.031793964626801
7.7132251262323805
5.3116147153465105
7.095815425100429
8.887424817617646
10.379365508638692
6.796932003283788
7.953500186008102
47.55433458068893
30.726511116864128
2.5357699021457734
7.685466779652115
8.465077078263556
9.130470803110402
1.779235633027996
21.02149025774101
7.7820952525554565
3.9448784018243814
63.063314690447456
4.329881399529346
5.473740014545038
59.606260515895436
8.177417426079513
107.88668572166284
8.98857008963317
10.872742706914647
3.003384967464061
0.4511885828807034
10.696046401386633
5.838901016083443
2.4677482322349626
30.30488419086208
14.563791002676949
0.62788017886625
51.265506121048986
7.605437924027461
50.2790914368681
3.3957636697141926
9.159290820684229
4.387867420196134
5.717966761146457
0.9489780222977927
81.78045184011974
9.787690109296138
9.094486863196195
55.245871959895226
6.513061054545163
2.9340758526698516
5.864684666488698
6.520453748718446
82.54497136321997
5.278732462631335
15.281457110634149
10.852279690234393
0.06277693666182109
4.376385139739317
8.154340894340374
99.42598188299498
7.728527155080604
6.141052401502397
3.3638783220211894
39.662307586441436
61.56038186987749
5.357125265875333
7.4848114743078975
14.98182851160736
8.873771668937923
6.649199651823501
6.134383220337249
6.241985850549919
5.253375078182739
5.986595174094844
6.485851804603507
8.833741110162814
8.041285064246258
6.034349951916947
52.41609775375224
210.06741214169105
18.505085936451426
6.779993639231601
5.348557633720316
8.950783704218537
6.580708563780493
6.523701820299338
8.980428985801368
3.228898861316726
7.9428896730084695
7.811991890201106
3.32576208406424
6.173820501937959
9.096685607643064
6.099745114073526
68.13358842769921
67.4249008496708
8.40298417569332
5.799344757429326
87.38409732414917
7.94676799126917
31.22032435916682
61.801601108788745
13.177629923723538
5.883734865784658
5.875953724321227
104.87658685342134
113.92352718650828
8.158186407572048
7.879697450282505
63.87630905706786
4.359842793076626
7.920288040390714
3.938403562129647
72.23544369188966
29.56867209890312
5.743041792577323
5.171549155901696
0.01901415566999525
2.0946582886691165
7.879985681163992
4.232548282057956
11.645820461560612
10.998279990442107
7.878179535171339
3.526768563911793
4.984910938063766
109.18448358853865
6.047032209801837
7.6611297771980045
65.52586952125058
9.267014194416967
3.8640165348388686
6.729797562893869
4.851136999838641
83.04619597383963
5.134849778721239
5.92157006837804
7.771337447986711
3.1495559101012143
5.368052243057654
7.469501051871381
7.970227638369568
9.088472665101174
7.370748325502396
5.025837838633972
6.756876157749481
79.32571494930434
9.356048058804035
1.0091447012437256
12.397440540618062
6.424380827918798
4.816770501158802
13.194506161321547
5.817887207020159
31.595573220337595
10.858505958382061
5.180583057181225
5.76513316734077
7.12495222623728
105.83425550327058
47.90524909355009
6.638220607387999
8.156818297873444
7.670326492157061
13.384729981377415
88.74313119932611
25.936090404636083
5.783671689438633
5.030808712231017
7.114325076415953
3.181741301811616
5.9312586797115046
0.042433807760201336
84.70183392311338
7.808740036908731
5.689559857502132
6.0500956511855435
10.611685328944674
110.96143220760199
8.189903605494388
69.61505263300366
5.929733183834794
9.366216382364401
5.048653062291985
9.11725323075992
76.31984940890923
11.727313965780684
4.727781433083573
10.539623195018033
126.76711925316965
5.546664882854278
89.29206327950507
79.24780020746162
85.57955954165422
4.490903658832244
86.4463829050083
46.50375208962394
6.772868907021061
4.555192187582509
9.469952849965873
35.17013615631961
86.04924828111344
8.342692642793956
34.98787103662001
6.893280555502096
12.4438379659937
3.3827304281699426
74.27171998779423
54.62092100752651
21.66890171713586
4.034628834020599
6.862061241991542
5.155757974069918
7.5619326926468995
7.1973346056193135
7.154551862937821
117.00867772500038
6.433389522178508
5.708782542870756
4.802054106637327
3.0683146447687037
6.256342174750383
10.300962158187467
8.884608022089747
4.870237631108994
138.091653663977
9.106777129195263
7.401277176371819
10.133028169869162
9.131507424315627
7.5554679147126205
10.431544662063226
144.71439348536592
8.209142288449945
3.04175096784024
4.092495451228368
7.4620987324961
8.238599490867289
4.133061473969854
53.87257207669604
4.627653963645433
79.7158404590945
4.83242946561303
6.0836491476760735
5.97318192825013
8.055163365760187
0.36120944359963836
29.874420964212653
6.574507513592961
4.012376577587827
141.17200689156445
7.039165470894302
26.774723169818593
0.18509147078886998
7.626756181162836
4.789709404878922
4.26952487215079
9.460220655621551
3.2004343288767254
3.788746188141822
8.280504535050529
7.7679885709663905
3.3304550137960636
6.2882865425779215
4.179725127267518
66.91522732065454
7.392260413128428
49.37712278808879
5.300290771881954
4.471959534009394
6.6812361545892545
4.2897719455206955
10.821945529906866
68.84665098247405
6.539197873262769
6.970664358036158
8.28087702363623
46.321453722761255
6.932561346681955
7.33261197036683
144.56571847060965
5.886095844672231
146.41653023819705
3.6861813685980294
10.081048290844437
92.19234304475968
60.43033343814913
6.190395576327207
4.660864742243606
10.316375863206277
52.15472585013256
67.77444170579365
8.246707989349575
48.25428812262669
12.106117234690055
10.971345292864013
0.12847313450209533
10.993104016197801
5.011544519404489
6.66838823837172
20.826354956811375
7.853890799523114
10.026287264715107
3.6490780730555863
6.122410489161631
7.6277615322181225
8.158173029673645
13.332910947158187
9.15524083181804
106.92379583395054
7.61308780991935
10.772917037509504
82.02826894457208
8.606577392154499
8.116664068369785
8.526941264265492
10.109467959883805
10.272660820873579
6.572045687356887
5.39581291893722
103.39309154793035
6.59700066165828
60.21513963976843
42.27522824291764
8.421071287556192
41.870164292112776
7.799944282078046
12.471445832412833
12.468079881137937
5.699314542417854
10.796058957968052
74.72145743124108
74.48255552777584
74.02133892688845
61.79052569614057
7.3300266829046015
5.728278456892989
25.029923427154454
61.27692924847358
5.153020688542226
8.031556819608378
7.224560034399894
104.04679839174503
7.24331120654493
5.539523449547039
59.84738025951645
3.8513937047023545
8.409739885873211
64.1123453138215
3.552728207715669
8.782526354812063
11.891593241328174
9.559918753677817
2.484092539036806
9.426529939034102
9.57933409330261
4.376075088650807
11.023344680714398
7.841897094002254
11.035799976085046
5.542627889480075
7.107838184275309
8.157829186444445
10.921748927330048
48.3503091749734
84.52302984962606
6.4133874830115785
8.41068637090193
8.863174820107453
113.88267236472082
11.64581966691323
4.467058651648871
5.071591097611657
78.20460906812845
139.67342514936172
10.205685920492272
7.26292253516189
6.308299259169159
5.1250123404169985
8.05348476878641
7.414053957629799
27.427147757145253
8.755219676664796
8.38457455727687
10.250387467146261
6.232341532940896
6.286985461873953
4.254872008427281
4.446727710596465
3.277573793467433
5.290172709668256
43.835125571517146
11.545549752681564
4.663158518740932
4.442610251054114
6.801709578145597
10.410659094832774
5.612119445123138
7.8136393281776755
0.14181724177926322
7.50381921579376
9.764864962870519
41.458761246873024
5.536795299919487
8.519006413335745
78.30462405219949
8.801138539043428
0.467123601294658
32.795130155295695
7.10218032239203
11.321796517442099
4.383698791640656
74.00717948142197
6.289191263043777
9.580971846344397
86.37404757756453
4.710252659246279
13.025768234898186
4.017608982393995
16.51050958988415
7.967578416958215
7.964402178476397
7.1083165489525335
6.658666672622313
11.588546825738325
9.361849818989057
0.9417308077253979
6.027202256478513
8.326745011090313
88.35887643897519
3.6084988443038557
14.935675770650233
1.2519366866544024
4.046295350151923
7.39034947476205
9.549593203439079
7.635659234441461
11.586911437206059
52.69537525980424
2.026582414860674
9.736502772958147
76.26776733752688
12.522395389520996
0.03421720272559411
5.833935199486175
8.772748195593296
65.9610430217612
7.7292781763895055
4.894266801026946
7.901641850913443
4.91151709279766
8.547092639345298
3.779173573647207
3.802803086061078
13.621653761409712
0.3970918065438288
7.972913839989922
52.37279923408955
7.649928173106809
37.83805118882116
16.869644555745605
12.416572253155586
39.979331693934824
5.31830779750484
4.662464363703457
6.486750894428088
5.692044189401251
9.421971792482147
4.08380620351679
4.556595007447368
9.394082917565116
9.86906685504189
6.421269781624337
41.836584008934324
3.43279135624215
7.4692599190713675
77.79481527111894
5.7944786425756085
6.554864828360372
61.73859166684572
8.870389011046536
3.703542457182494
28.85339353900943
22.41839641531582
9.825991815439911
9.849591104072575
4.277709093486291
6.596985225570253
7.841555212207141
6.060972619867021
22.64926946358816
4.737509955750212
5.305537110643214
51.712541128131384
6.311298512943361
155.7286471622194
60.862213580108445
4.936672803630507
0.46818615530754304
