153.45071867259395
112.65423148386567
123.0591647967827
6.339406205857303
180.41535219187486
125.20685615558828
259.83471500675927
130.42462261533586
261.3100921331928
4.054028747181053
197.2460627063605
148.01830260893462
131.5955888236655
92.86738674967283
260.886152607391
211.95009556265563
148.98254465167986
261.70562393717984
236.54410303313688
257.01587012469724
174.36731090829662
175.72185714171675
381.84245776675203
113.58634700947785
175.39147759764327
66.77893671136785
244.40146303330698
136.56406051146445
181.3732704879314
160.1670243287271
276.7842904543593
193.2638432202716
185.51396681694055
210.7431937017386
136.5027757942988
8.85167177819029
204.59149072167494
158.10342319362448
387.6465939820981
37.486296108487075
131.05230456550913
155.06568792734683
149.27389438635532
211.9447576542153
140.20377297609707
175.0058154066659
192.25015461241165
162.6398744713218
178.80665892559128
127.43914492675307
123.1194888171677
117.96043200831105
163.39564162485797
261.487152674797
111.43006059557699
162.61794115609766
12.875634315125648
150.21545125293537
198.63652604574847
94.16846073675623
266.159151936141
201.49803170074426
91.01905032655289
275.2383700831504
143.29541690497368
140.61008358870768
191.1040716828628
196.24757668582612
160.74490745857105
110.36047626153339
143.54525634497645
164.06594501518555
205.6722038440052
230.8712666359637
167.91568883381856
147.08093203422993
157.9585116071057
149.19571460715392
204.04089575546413
225.55328652846416
143.30529088532978
198.9905664403471
132.687727853368
5.155346012096956
113.05649921472498
125.89286956043547
142.37117853165887
126.04087970375929
161.27001134645803
147.14193403786894
196.8767811002649
237.88050470324518
138.07358505315554
150.3433624162624
185.66105503516536
142.80904621762681
141.28830689069025
210.09455388140984
105.58025720518728
127.66114505429292
87.08827389479309
253.46444970486706
168.01973461834274
135.25164477685675
171.88947885920317
205.2863614693656
119.69736063460223
248.47709688561443
123.78414248432847
129.75639616812938
183.29297728513362
285.30815225061167
143.34686590336818
222.10712048346466
151.01924447838186
225.75414918341107
201.7267037335934
135.20548859213932
154.2820015557729
165.89151784735674
123.72754582511477
152.690319510721
168.87769901973363
179.28031437847204
260.6095697773023
155.09511484677412
136.99323636248823
189.74891752309725
14.121233970575384
228.52271579064038
122.84205458000999
122.1236862665621
186.10638374249655
140.15979322478444
185.50291520503552
157.33982273282103
114.03090225760232
195.64179540447608
199.4553878101374
212.79560735711678
117.76556085422621
211.90882954431856
129.7164319196235
211.15653226447367
134.55165117691854
93.17243288863322
208.97077425699914
109.33408039445676
162.72074563412644
123.2006083248047
212.6229089944741
221.12465450657504
188.61852231402545
134.59332304554349
143.07705151321846
154.1364904956939
140.3886628558272
46.03511531009078
147.46726382230608
229.4795882392188
199.43731917283057
124.56341554896991
156.74648991570416
184.13751818455924
145.99023458415385
197.7262011180908
115.56292012080769
115.04495002452413
227.93425843516522
109.77306957754799
153.41301320830473
251.85874161469067
216.6263345719832
145.70438651996645
130.49762113942916
3.7066916843621205
144.50694259960386
172.27674909218692
124.31975840945621
254.4693600320891
198.91170065197917
167.08863826035565
141.9043066941549
138.68575050282826
239.02408724882156
159.65942118319373
126.05851788058433
149.7430113568199
98.61993527884235
116.9205404349933
37.639490932799596
142.3962542100198
246.77789278312613
253.82350521545925
161.41148750417202
245.36403722882164
125.52823397450972
229.54617682825844
7.853663995732491
167.0098123974688
147.56891761827023
197.40929906168395
106.94961996567555
122.2275912696742
183.63142791064698
113.22378129769281
193.81083582212938
198.81616970297932
139.85451773069656
187.73304164824435
169.86995832997562
138.5827761521198
307.6589075463066
330.86686918560474
90.70203895120504
291.67249986475935
193.00500421248424
154.54509882557545
169.88293674104892
185.9208154006078
127.45964376101234
204.21251627080878
175.10119585042844
144.51826173892732
168.9322415807041
303.31859330086166
205.9031081734458
134.3755400343209
261.4266551890893
198.48713732617077
133.382626600656
189.49677611130096
166.49412379815823
199.8545344670472
208.94864429102006
152.82732559289283
127.22295109648859
241.31427395638238
73.81801680656129
128.3256520568003
250.30104402335178
151.84407887455228
364.9776026375855
152.85629671807834
224.36777303274727
202.69862721202549
142.49170112045513
89.91227757034208
145.42819828891652
144.11467891964915
124.11846517954567
245.0918073463544
104.17418977933644
78.7853109776509
209.16324498987777
221.25924334394819
275.62244156862454
197.3179118055414
155.24464055385292
7.613773867810343
186.93975534566093
139.5496683039979
2.419532175040798
228.6074121890481
201.6699863050527
136.17601517016277
254.3640905776056
229.75954030329012
118.59651426478372
258.47908814583093
194.94169026634702
195.9718388492824
213.76849595069706
140.33199117466546
130.10652676822107
156.63033994069363
200.5777806654254
129.28555147705092
126.88703702679801
244.11951872566794
153.47830209014268
134.07531694967116
226.1360655492641
178.3243201732821
176.7523471447904
332.2959803534904
141.45659284492402
167.97850609102295
129.01137635890242
183.5456577913924
183.32188746742077
2.253335149939493
123.23796372398628
141.04419603870127
167.39176719769628
126.28333110821397
170.71407033822356
47.25869173102634
169.9956122496356
148.82437580537382
132.10247988410748
134.68868384874386
133.3673078192548
136.76873577335857
301.5765607246474
56.04055328116944
186.900979579854
184.4649263644629
129.37475138233168
137.85331289102325
179.30944090231884
157.75804776834892
200.07366334591836
191.0717115295674
158.8935043820395
163.09046687404663
155.29565026602302
187.87294532609704
99.31805704895856
160.4314312221094
139.3391031959734
204.8949129055919
182.42074217883862
148.0076978909211
122.43664523039564
161.7922019756943
220.5830715661474
115.01921425103112
177.52797383471687
140.7933275534783
125.55527400785486
124.10736357247622
185.95247329714144
138.9623444488273
168.59297238405875
18.55408763174393
210.26434953510721
121.41383574984494
298.2625625785787
150.32406478359266
115.93561975868246
117.44865177495441
210.88640343630618
120.99509341767406
294.13263426289666
149.71696201300733
137.51659237195562
130.2786214904201
193.31789472725984
332.68777029390765
111.11256340676769
172.52926756543008
241.95179687853943
267.36169654434286
149.2050401911342
137.97130512454345
114.26972270710291
174.81017570068758
352.90365032245063
167.18165286658854
175.8446692336356
188.87312796446713
257.80808176987694
123.58174148601589
115.48231265696842
145.97271948123498
100.54246251902599
181.68003341339667
174.31058833219922
6.272231545891733
108.23058586758515
137.64319978910535
284.62385220232557
78.29236278786547
113.22571267457045
118.20583494396809
208.09090116598287
268.18637856691726
140.74213160588081
159.7830844565686
273.11691456065734
110.40282199726066
235.70861434237227
145.95174210393944
160.32704968111454
108.71256636170457
171.97048767955187
174.88146426837983
187.107141300321
293.37190528800784
129.2598658280577
141.50072413978305
167.0696903692393
184.02562976706767
155.4233639918352
154.07598596925774
205.97202717194247
126.01001009699164
213.5013791140829
158.17984026645138
186.60450305235634
91.81766425002102
163.2518309718622
138.56200434807758
120.29640984457338
195.44470456878145
142.5784914879225
122.14608272907552
143.08030184331537
103.95710079002244
215.3938613126961
171.95974438203442
136.80158286025616
146.12412062881435
173.85794060903044
245.38166750889053
209.8062347623508
197.27640157116397
250.82783009982532
148.4472524311143
199.87590595802044
160.81081996495539
208.01845331804665
192.9509214315772
162.30513539608882
11.685006053865818
158.36050840909397
126.66279424865697
55.011395959336525
186.20133901835973
200.46368500659304
171.82423288311983
147.17487753150579
237.45972377633487
245.1554805904686
157.04141150544436
130.75696949559813
350.02915880486813
337.8883994630032
168.07513894031612
126.49645371558101
152.77575353101437
130.6909833112175
229.19659723042798
126.75007364821413
172.88223054314489
180.7000753958656
150.5498466839726
148.63345742525183
269.95202665971703
176.82566088275343
188.2878987417795
132.72338576748123
118.37432160587873
128.40460150187553
149.66112239808288
268.3018806836131
114.0752283996805
83.1079071487872
177.4596883120833
189.50088985637532
200.30865509810937
142.9690143872431
211.91217332852756
238.7191741995356
168.50636452475237
166.9107313367709
131.93878809433684
148.07514668271364
157.2509891558089
204.44883111771787
186.5716507486323
202.8622956196937
142.9793142607992
106.49964861437351
108.23597866141952
134.06414355523307
204.22865560523533
182.9576811329374
219.70122831870896
121.48654780743632
198.71935862154876
188.95091282412582
174.46968573925525
168.52315904497877
211.26860211146627
184.88158510432513
281.55002075925165
209.90066936972488
103.4315896969136
216.72394508704937
182.68179785671137
106.30112757502569
225.91488538289042
185.91001565946448
196.10069340418625
101.78691352545098
162.53549974227153
98.04682186729696
162.35517939238358
193.26654828502336
131.47642918558185
110.57264531979145
162.34502575566492
191.75369899272334
110.19807277773226
138.27761782929366
148.99569360868398
129.13506523844254
6.785152812813955
138.01405012622138
143.76774732646192
121.32735630459986
155.5083485980886
156.817186982008
108.2729316666377
67.98513597878274
168.78538520386812
207.2857850067234
180.3151255495036
140.87583246428767
126.87300013569782
89.83815089797399
148.95969294094735
175.97191772417096
128.28166491775278
188.5783489717852
132.2056425410538
194.95976108494833
120.33389449692311
157.76756481433787
226.8845396712798
155.9814743109205
144.69723733992558
199.95340940367856
141.60464940559856
129.42995393585068
238.21475961285952
145.63370673895017
163.3653487893866
168.05049802219247
189.885826928214
27.374248328352827
149.1517244973824
147.40847697048673
154.5391103146985
122.26662572871115
114.76689966317724
127.86509957361496
101.1781886281528
167.62500315974265
193.88731768687535
179.45466083285197
217.2217876787186
62.39140634895092
254.38336861049655
125.2590696196765
155.67866916159363
183.17566850378574
150.8869153304812
4.35108169606433
134.08644341339615
265.2243131063027
206.363414497244
150.37108482921064
129.25046119180197
122.9179899580728
151.6486575105558
127.52340513669732
263.20950840498574
4.74625541651547
153.70694108036753
59.78411807565497
179.40274724534893
161.62007857397674
141.80710279576184
131.30876303392162
158.71611720284366
133.4702124237639
330.5103687803351
180.75550141602196
163.4944193402482
132.2680773237018
201.91865295270492
142.89882812034386
199.66274965836374
164.1459035044272
146.40805760828547
167.2812712964114
117.07049576838241
161.5148654686215
162.24766040084933
67.97097016070987
185.76745061179486
146.35689995903624
104.08773071176655
84.0341356300248
168.90343902082103
227.58741323221068
71.21097708776415
159.23220072883976
118.07863772938317
2.0133461250359797
135.1469187322271
271.628360334631
206.75917993700895
157.31931946242312
96.54600408069905
292.8231877738683
140.5758974811919
162.2816390045813
164.81394688488663
177.20531874693222
184.96525494158726
134.72132093306436
131.6674287052459
120.8738570572126
183.65541421935228
213.5904667683222
163.23234921955606
110.44068444435132
224.55905275124002
44.50556608168003
158.63785553027483
210.46922555059317
173.56995753418684
101.52555852332033
173.85088738236806
179.41254924369534
308.34094971706446
257.51377899312996
156.78254721173832
184.35715170697657
213.11131952564153
203.54231652942488
190.86432626077183
249.47705531586558
174.4682286392783
314.3224139318551
126.70732098630123
126.1462041582689
236.64188818776984
298.03974812412446
199.57871466755873
179.66263040277747
231.2892270985284
131.69354375892652
207.115586563252
192.9420206535132
170.39201530285266
356.29331686971017
310.9841105817502
140.6086434168006
77.60453520359955
186.2362254424912
136.7867018025553
157.00689777573194
160.080302887944
158.50975671626287
291.3641781228285
212.3072519514375
92.8716685802073
147.65557097615851
207.1066645245932
184.80762646852065
175.7357961976698
175.31775932823982
217.25695528400362
118.86566118473928
213.8804779649215
130.66541596032852
118.20895513933407
161.1573498701118
160.27690399784407
198.3665230373508
155.23737125782063
152.47405405846678
189.34820530793465
272.1618554456368
191.63956504052626
92.67068659966513
151.29550513680462
195.38996668046846
156.1906394935772
138.85122094935
124.60777932862221
90.66988415349523
147.29354998515078
233.9057883846597
96.13909067471364
193.4387924095207
228.7906493600267
217.3426917551988
171.96261381442088
231.4898963788454
208.28522399568655
116.85246071317395
121.91010436194739
147.37127481100308
182.34381727144253
257.3017586595091
217.3622244285473
149.97589519242092
144.33663402830166
144.15537471615394
164.55379805600018
5.246763263252183
131.29640065725587
171.42789206494805
223.0948139531567
193.13534271922632
190.496480664784
113.94111306949915
164.44242701283267
131.4827297822908
142.68063928068503
259.30681290496494
188.0146139640901
326.7685155557396
156.24843941306943
161.85590870284062
137.17785994443463
233.8354302095105
263.34687027378294
77.97737751145735
132.15137122569294
199.5249548194014
245.49229194030576
230.20491346747676
171.9999113882016
250.906639335607
185.43721682929672
149.28511622280539
161.8017349685995
62.53487985264494
114.09870493560084
193.07871419693754
282.0626763839405
198.20512164472754
180.73743970515247
145.2412923057368
178.78161843814033
169.79638025454523
166.32504914192538
142.43828562447055
148.64888627199215
150.53712118764392
215.74073808967117
154.34313629233733
204.97289735403234
115.38964094251688
178.10587247503472
222.58542118510545
188.51290926288303
297.0952968820073
241.02681494744715
118.5529090353182
174.4212127186906
117.99476560208778
145.8373440808868
174.77530187070164
134.59614756755474
235.558037076482
193.29540384279943
169.07644870280848
165.22274731843243
140.96602342919434
56.257697585135276
150.8593137047399
229.4459142373426
9.640570687750511
184.00336497004122
136.5526373715839
126.2545989466899
113.96752577391747
271.4795685789814
152.61470068214285
180.69194070196247
316.71727960917195
136.28939929247468
149.91556446768027
180.19814709186133
108.54711639879046
129.6738325780039
130.28182530739227
14.977559326619524
177.71853100364442
226.1085620057847
282.38796837370234
161.32736353052826
7.305347526458614
164.61749254453144
234.29579478945817
156.37488706656862
167.86488730384391
208.82370937331345
118.39755927503047
115.07485485407956
248.28508589107827
158.64923796044437
165.7382643103453
217.82308116503592
207.5541212416307
212.86041740063018
201.46301859948053
238.2828549503373
92.23820700007082
167.30047013328672
159.79326296843075
235.53828491691687
153.71776370756285
129.80655562904883
249.91487862163098
3.559215768984286
202.44945745594086
262.79701277860306
273.77789852813663
227.20665297187597
115.86730259726149
147.04376295426738
120.22537634307677
176.6380658541287
158.71059889394786
169.42149655598908
165.48332327973836
259.4316020317704
176.5513562176937
129.91306426583475
194.53887613094597
194.84688644877934
12.323491111192114
213.52116512589248
241.2120790325969
168.08593762040397
3.2568152551976906
304.4806115511909
197.08653946932716
246.45022316635237
158.89491860866983
132.64119341095434
243.87692926740587
166.01966702218428
176.62076458777898
150.88189685640583
140.27037483311497
148.74039780273947
228.06081938719225
189.69861009268655
1.194479817121036
189.3916589769517
131.186948094812
178.09443536372558
200.19135978227652
99.95128703504938
85.29840493927415
277.37840298718874
165.70354740884486
116.65914594810492
134.1161238301219
176.84205782413093
177.63273775877758
186.45509670023503
129.01855601447704
155.14385676053632
194.45970263126623
147.40265978410497
230.19570868624518
111.5962549992669
120.13855464729417
195.5908869156499
113.81831958078288
170.15549990658542
7.31127701261782
231.51101055170042
117.89534569446967
109.18111365045375
222.74606224921
204.5278630861761
148.42559051241452
104.62647956854646
176.50725168134534
225.67288839138612
158.79447260746477
152.7522172327662
205.97774978854352
165.7400265654777
88.81868056097038
135.9466571505215
219.47160991238405
27.597282494791664
376.50944845798324
283.2267470512364
176.18301362584558
107.17473705264065
64.52358369853617
165.8003879561414
218.40591300113374
233.69719148707034
179.16431056708925
178.3814328780586
136.2935969048272
184.17482236801456
12.701652130038713
163.98839389381902
161.52689245869752
243.6042980347238
198.4923098074536
132.71585088667464
150.18358180850805
173.1418665118843
133.61256756922606
221.78113015754033
216.42228551348455
128.77420044946967
200.64701805995722
228.656548224565
118.45816583554131
124.00363533172927
203.6415389278113
104.66520079412614
250.21751867666362
127.9089003094605
170.99500076865863
154.95444995965013
207.6844731311968
146.8192076326884
115.9297808395166
239.31138122246938
182.3721380579554
313.07596241616324
122.56748102758992
192.79792159206085
174.30009363505374
146.33575058627966
27.55091860705297
100.74904695395264
151.83285619117942
156.958650820681
138.65238230576634
194.49117919669578
147.0002853180739
153.23872033320882
33.546561526505265
87.4634622036041
166.7486814887145
227.16196001961842
325.63303601435615
153.25104956816614
239.31672930839062
134.81532636076508
160.23646251546538
212.78517940061536
174.9725571841624
155.04851942273672
136.00702193579366
289.0543093420573
165.51772707552524
206.74773370641256
129.48405830640047
127.21906782425438
190.10258416348844
126.96435359863666
193.83559834864744
25.56600203353914
120.27614005229202
136.7266181878588
177.1906638202365
136.06637086925014
166.9586686944762
240.86043270022606
150.0515290582849
275.39420531679116
183.06704284655532
130.4322598138018
237.84498509399504
257.9702035734186
11.572878720210513
136.1684358320684
172.9526239382232
187.76672840178333
147.4846373468332
208.21145841180254
181.1775503139347
180.0652798693481
7.296264646754379
140.34181826325005
151.74377846510586
105.39011662781382
194.73838087547585
209.82295475487754
151.48749929672712
157.78441554568963
168.8300042215453
127.25171724077713
172.23394001020472
159.0635832389555
160.5285434364551
158.52816980846785
202.4855144927936
136.6611101030644
