0.18308472773907125
0.247869728930174
0.1853838552762608
0.20959042931474736
0.21540984404278674
0.2625965700626895
0.3501660079893414
0.21837491304397696
0.20336591473957144
0.21942397345227505
0.2914781805512262
0.22666483060512865
0.20843952201206611
0.20709952419786354
0.2392050087602271
0.24089775177500852
0.296355002665571
0.3078958796892137
0.2859907648000851
0.21216543037106317
0.254735822928218
0.2315018364802398
0.26298950700096674
0.21830370153126022
0.3550921984724761
0.37864296208006887
0.30257497098205
0.28877302218160605
0.2522196772110985
0.27269741677598625
0.34231619257400364
0.22991493763305823
0.2346280376660293
0.24188761500130598
0.37644433846202796
0.23140595879917883
0.20000797505522225
0.2783108591714519
0.21663788367416972
0.1941941997573095
0.3027547850767614
0.14930834588253977
0.26189727481668945
0.17456549057425597
0.22863475174097914
0.14368990433876394
0.1988828942015684
0.2676379293548872
0.2262476716452966
0.24442924746748024
0.334171440098039
0.3335086365412845
0.2380052901966897
0.18334894009609043
0.21828208342142974
0.27416363927882875
0.29198763063817756
0.18526133513750784
0.24218907796959466
0.2342834509545714
0.24504090859099278
0.26235012579725975
0.2059407819809611
0.2462211287666009
0.2548438127340111
0.23704845170225128
0.3233551878459628
0.26598721185648466
0.24277627936900573
0.2517011838907536
0.22173181819392926
0.3060881216500348
0.2461437792973168
0.2771331670142741
0.26618345183110426
0.25701629024763817
0.271145215623906
0.1922680619415444
0.24809834418385254
0.3689407538739689
0.30993149819808935
0.2415269492011764
0.2758252770702794
0.20973394108471655
0.2729780812110156
0.19756358983839392
0.15251632103910429
0.2891402274756389
0.17235850604241035
0.16490391414456174
0.340142380347075
0.24753158219918317
0.2612252071079242
0.3710427545520525
0.23278780229917168
0.2500268341188413
0.2073090777314605
0.15742579831202871
0.28757408476627255
0.26265966373031463
0.34103052617729696
0.2688811365684528
0.33723386451264403
0.28262407922056365
0.17042091363923606
0.27004750471803907
0.2626489318371563
0.30455538906558055
0.3077931880771517
0.1759142717564564
0.22057122755998038
0.26447342159621334
0.37184548438719145
0.18177132823009728
0.25366865523814763
0.2755339053114453
0.2891165206266813
0.17631172828796732
0.20395089072823103
0.22580049810994948
0.20774213595121366
0.26052975504777126
0.19267467186334633
0.20550152262305643
0.19490403845885879
0.320623833865822
0.32657911215200347
0.28546351611472054
0.42118274983551557
0.19678448667774873
0.2047086916908454
0.28433842584300356
0.24960068260950924
0.23172544019017005
0.24205375351811326
0.18448742051824954
0.2789893547260234
0.1936506498818898
0.16701659050517847
0.21096221714554053
0.27920020777470156
0.2579424123748316
0.2489059849128794
0.25520270385188165
0.207208674968069
0.22979823710455283
0.45607540701269644
0.1901872915665497
0.28031080800960284
0.2674398616092404
0.29480606448946867
0.22993719568878043
0.25039265834251484
0.22698789559838883
0.2598098800676125
0.30225449367327256
0.33779168364091217
0.22382854377056688
0.26649653819443825
0.1551294140124304
0.2539047899209088
0.15463304668615166
0.16655278492161066
0.1719714357617384
0.25419068225474806
0.20113934121643362
0.21467551867868226
0.24017873344571844
0.15806784774422675
0.2489123932910542
0.34783740927181567
0.24177242230129936
0.3104952408084592
0.28084642447647207
0.18297630395467318
0.22648782377269006
0.2409143259150327
0.21276748649906474
0.202628927939816
0.1529160667591102
0.2023811702255966
0.273377375365448
0.16159740027294403
0.21990647402026064
0.2740340982039006
0.3274943398862509
0.22793816550336413
0.19973074553434267
0.28938844578229594
0.20375873692835805
0.2612643487655221
0.13747878566639057
0.22827709976744665
0.2305001002026314
0.3649705460583958
0.31089368093181596
0.30038648952663627
0.2482050607588627
0.2058280239595407
0.28426617948442034
0.24807599414188758
0.28498550174335346
0.2771682920085348
0.18002330269491174
0.26054877996560954
0.20481746525708605
0.22340732119311207
0.14960266488486934
0.22601930930117364
0.33385919884423443
0.26672387249793117
0.31770078946860425
0.23575352764449053
0.37194816499678757
0.27149158099030124
0.22191787478063774
0.2226570812884131
0.265545527928296
0.21949341779607218
0.2698389839558839
0.1777772490505563
0.22833481654982002
0.2084525261143751
0.19827784087827172
0.20430954299112164
0.3436151820035244
0.30113847687225614
0.21120127734872723
0.2243507382154583
0.22706621404241928
0.271751149338636
0.22908656908768732
0.20194003246997114
0.3171532125908493
0.19729280021228984
0.2778783952709226
0.2502331143976289
0.1781550499794879
0.22195022139177106
0.19875893227980201
0.2269965117180343
0.2278788383393733
0.3045269321266758
0.19905852813595093
0.2951679421021316
0.22762918002640636
0.28697285898793246
0.17921955367279008
0.20577117503644368
0.22418326456986534
0.2660601913086111
0.2621807503059819
0.26633642718214984
0.3151259151104413
0.21743613365855158
0.18460315761516993
0.2783835009986788
0.2841555444081707
0.18153290843336803
0.311383410297167
0.33008721542275027
0.23254973861557102
0.2521326230584653
0.327604089181535
0.22377374721737053
0.2532856910784782
0.24747053523846652
0.23092756631619132
0.18949884906248837
0.2569151906917065
0.27328187855780744
0.1944990848915536
0.2526604733987651
0.2642952569339392
0.24106751962158318
0.30402207851226415
0.248588899664612
0.22091488533925785
0.2986343287747295
0.3135528730605997
0.20449990373152227
0.24611985672980038
0.1800405234801093
0.22775422143963409
0.19783803565600525
0.24069444974995063
0.30273752738133963
0.2606515866740935
0.3102446250547388
0.2313581195179643
0.24335876485616137
0.2931516289241808
0.21211055102691223
0.17468717101623515
0.36772673451936233
0.20891446927827856
0.24192631431914477
0.2496227022419778
0.2841285585269381
0.35652204236897855
0.2573132020737946
0.20288364311336057
0.23458384589042208
0.24102022672424636
0.173981633707944
0.23868629306633726
0.3285485532718633
0.2130603882182001
0.3023462751037736
0.19179663671742342
0.29219480837243833
0.2817464784379585
0.17342455890536493
0.234276526956458
0.20367292790567187
0.3079809517510073
0.18337442760636324
0.3139925521700035
0.24480716149520437
0.2827411507941786
0.2782246695690198
0.22350912928392747
0.15357528825163774
0.2525394074939654
0.27252349697041045
0.2404239070122431
0.2283245198453573
0.292597784564142
0.1892458733768415
0.3091467248899855
0.22189932864634299
0.24326976899443023
0.21085670469359916
0.3004935300677688
0.24279793012720507
0.23555072796356263
0.16543087665510806
0.1973072770531118
0.21261028297306572
0.2064948360737004
0.3145131503551477
0.304127590332903
0.24453811455989377
0.21675232773656583
0.17059083389832105
0.2652558222836415
0.20212184486987414
0.1926081529527064
0.1484078212455456
0.21818425279915574
0.32129391911420235
0.3397011183727331
0.18934937945576455
0.13723301395481224
0.3043178659620568
0.1954283470330416
0.28648756365564665
0.21264713083819597
0.2715225380329235
0.20460456707284808
0.2680361502435102
0.19038695596033173
0.18289949575911968
0.16642776895038308
0.31063486999690126
0.1604829133465495
0.22306513072701067
0.26772932500708885
0.21688807059412918
0.285775260280437
0.32691803002545644
0.1702853227856928
0.2205985823911898
0.24759351947438524
0.2754148181040983
0.2420064539392469
0.20319403668598435
0.2911313152924009
0.2018185921338349
0.2055986920315011
0.24374599955450194
0.21221042233605855
0.2265939135927575
0.20653938895349688
0.21281617156286192
0.29631410731682795
0.2374988715675659
0.34812428498212744
0.24095279443211037
0.23461432635824375
0.20216101696455177
0.24454334434177277
0.17143690521038352
0.3010928782105038
0.25040360394878797
0.2106090183826164
0.21490376123541677
0.1786223178352061
0.26137607744407987
0.21077082608520972
0.20662454547503833
0.26608421326868714
0.2422880097496607
0.26472116440214366
0.29485763248263475
0.1475329470416611
0.2837211007306577
0.15497601008823872
0.2159264905994025
0.1952161444366608
0.4499891444545556
0.24570913729975513
0.22103960334996137
0.3251020013846643
0.17354251832151793
0.2474240537448119
0.24962576293954636
0.23998415711079013
0.26820871823933534
0.1606795531289083
0.22822108894229692
0.26674494376994484
0.22862499767825
0.18200333014458214
0.25350846700393626
0.16900887450045005
0.23292539654620015
0.31336301695163515
0.3472713622696415
0.30444301299275994
0.20062983514326554
0.31995451266510677
0.24389245767064172
0.2093511260239595
0.15906163763055703
0.2729064375971054
0.25003612891823035
0.3098574119095238
0.3108002126759803
0.19089040861955442
0.3048813099586336
0.19068791375193933
0.3332189323750288
0.22171980871598707
0.1259200944248075
0.16565570256722864
0.16590449705716223
0.19369960392621316
0.19031753180100325
0.21045076159159964
0.26148796606382774
0.21131593490788
0.28059773949758304
0.2696585721854726
0.18150125705961404
0.24307436593316972
0.21968445404510997
0.26003415817822156
0.2465702479526734
0.13253486269733109
0.19184635197043592
0.24061985431809832
0.2168408462234561
0.2445287470901013
0.24797504156716263
0.17087538542497355
0.3705305869230601
0.3584746725082255
0.35711029242044695
0.2090621401148108
0.27624570608375887
0.3106464555299012
0.2022392894860745
0.2570346889387184
0.4703379886718566
0.20206577692946684
0.22318434917868088
0.2868785300278163
0.19589210076158037
0.20587898672924596
0.2742082121111322
0.2074271024900749
0.23240299219755794
0.23642310521467697
0.18439768409969903
0.356088210057232
0.20298147074955425
0.21259091004046143
0.25133800896039576
0.16641346155971432
0.2048229167881573
0.2869198067313996
0.3317758238163994
0.26501706452471024
0.26502312737250694
0.23995515841128856
0.2955082284391977
0.2654400220604745
0.31353757729166654
0.2569427826673758
0.2218655111641194
0.24020216970418046
0.20789892524879638
0.290966489844403
0.31751151658393884
0.20089229838370365
0.25014100432042263
0.4171330837029543
0.3113555331089657
0.1643396059309244
0.1888786192755835
0.27891290507007493
0.24981010249540775
0.3231245661129274
0.18112622797434855
0.2938396154394407
0.20811551492821814
0.2714217937709209
0.2833066586635048
0.294481915643694
0.16957062047081334
0.2587930032902686
0.29843555234688357
0.26166008430382054
0.23691415790818737
0.1781672550680666
0.19999503466926116
0.20088224600404053
0.20014455806769937
0.22566074726396182
0.25518832526089424
0.21247897504540963
0.2000469832566732
0.2057178714338842
0.36306967172739746
0.24837201868505504
0.2538646168387523
0.2797938382422485
0.22764642148155076
0.20808623400942386
0.24814707354169205
0.23585631014347397
0.26644850213492755
0.2720539316489094
0.2660039640740786
0.35261289603545876
0.20869014201209835
0.28954696824543097
0.22947122466606185
0.20802396106554585
0.2802220657187258
0.1884546681260304
0.20183809616782405
0.2061930908561645
0.20936732924299334
0.23959561383181432
0.16107663899525895
0.21816237672241268
0.27559085350933865
0.3748340912693128
0.2690873535493251
0.29137094262829766
0.2784540463133831
0.20981858201698844
0.23190326548253326
0.1855980509111235
0.26155356425399046
0.31779556492325034
0.23009416653839798
0.3933671220347872
0.28569851491084375
0.343761775072591
0.3148137453090517
0.20992452917490645
0.3291344228398511
0.1828635552123788
0.23971842246849517
0.2126008370147483
0.2571905634516693
0.23723752352042266
0.32294289062926257
0.20003870692572098
0.16542282147654896
0.31713224098699766
0.2537170051695873
0.23478837780289696
0.2525469755710218
0.2555717152906113
0.17415622966704292
0.28682186355373607
0.2049584654518008
0.2743037346842414
0.1696497619576301
0.2453995987266918
0.19653176596458988
0.18153633860736776
0.3268688173785942
0.304682892498754
0.17856253491041546
0.3204168200652597
0.17376084333210268
0.2712398742769076
0.2784281119891437
0.3017530830989881
0.19869333565514635
0.2986447269184188
0.2248995468229872
0.2989951487149073
0.253323642115449
0.34781330148422146
0.20008992688286592
0.2969210154429627
0.16774577225995002
0.225701958350627
0.2295489408926688
0.31147860670124394
0.33798119334151533
0.1794216024330564
0.2516660969615149
0.26237824984094754
0.19698117030372914
0.1797556320949735
0.23444135857621137
0.22110807310146757
0.21464821908663828
0.2187543135936118
0.2279521326971245
0.2892645569170042
0.23081583918754212
0.19337269434735527
0.20969135731825317
0.27417561126667317
0.15210788358763358
0.18047297272700258
0.26124481584189846
0.3484528608943943
0.25715342474784453
0.15975298006829902
0.1958731146776062
0.27092176678498014
0.23794992492410572
0.31937012480629245
0.210590153791924
0.2546405847976716
0.3605076789839026
0.22153451165447605
0.2209047377395977
0.20584925865349887
0.23946467840882027
0.23869127604830892
0.1809672391531107
0.29220284086276666
0.21746333065549206
0.17141418717211934
0.21527660418379432
0.24363946034697173
0.2074302714751919
0.18011649859357368
0.29353240900940264
0.22305622275115566
0.3807708383997407
0.18670984621383324
0.26591042429984824
0.30666977088332215
0.3040625359033722
0.26140374886146267
0.29528626725721985
0.27322483098376177
0.2594349918592449
0.21100083585129736
0.20713167113780645
0.22037384123127998
0.27197030500163105
0.2674864542394555
0.1802345539738638
0.3609272920083952
0.30918112214174864
0.2820236310888118
0.3193413489896336
0.22584994993013835
0.3323505581073018
0.2357890984210208
0.21411264827168236
0.2304488961971579
0.31517095000545536
0.3048114631953901
0.21835310181660267
0.22549909120872724
0.16033967970424812
0.3181297033449603
0.313222900574468
0.18077342118638084
0.2992121914384275
0.2052675398251854
0.2779262335976106
0.1802387557183116
0.2034486416430254
0.4464072092814232
0.1956226134813729
0.29892745347687194
0.2790189192708663
0.21035628570066112
0.21546192779164414
0.27273719927171647
0.1517190514801057
0.23483144049935012
0.20097529108872056
0.32731297814903976
0.22930475087022786
0.2695815575769688
0.17959323605171418
0.21539765040545877
0.18875995378021784
0.2323873142695322
0.20846589276558417
0.21892279373050194
0.328434556176032
0.32409891096654536
0.234258661288972
0.2751448229949241
0.24935650679288807
0.2578426967112617
0.257255564533262
0.21812044867226985
0.2570163607571445
0.25784846135958067
0.3106507083622523
0.3606459180224822
0.2720163397679738
0.32821051816729785
0.22374305292405908
0.17284910127563652
0.21883414739297455
0.2720745904987169
0.22226934532891354
0.31498004947616726
0.2080684322798649
0.22934129971527528
0.1568573452633069
0.3388114677348988
0.2865970656368354
0.24632949295806136
0.2725815847705035
0.23004474262632268
0.2975378487172829
0.27658601815855993
0.24615587841853823
0.28627321915309833
0.16805762689458217
0.2296897425261803
0.17007283644092341
0.24870315570256502
0.31425853437458595
0.22717868194873908
0.299900673542922
0.221351610115761
0.3209992877589227
0.2827507770438748
0.13784413303490575
0.18434639654653306
0.27702840874641693
0.19847264016428084
0.3186205800597273
0.2152351366278089
0.2064498419323053
0.19832528317730316
0.26960339008307915
0.2783134252174888
0.3292157324502581
0.2635748703577579
0.28822510974073484
0.27828686407295217
0.23527872624673912
0.15286823350809955
0.2774427083333481
0.28076714708839556
0.31704267327955493
0.20407909449132308
0.19919312813617052
0.33167634341075175
0.17652579394511456
0.20883448157594411
0.24095880077697937
0.33147108124598046
0.22063981515964065
0.22540235504816736
0.275536200909374
0.23947410825043386
0.2638130118659662
0.19298203936584538
0.20762652843238677
0.2541824042709756
0.25314574105952686
0.26596622434816225
0.19492998635106723
0.3604772456960577
0.12936291560466875
0.21242163056739233
0.2674028035610907
0.2463411499184435
0.24255270016588254
0.2642019421121217
0.2803585676273979
0.24357332262589348
0.2342988201003408
0.2471470935598124
0.17016286623746812
0.2534313169609558
0.28905924528321786
0.3076252987080566
0.20805923315934838
0.2719116877491798
0.2658759117282856
0.2673883341269124
0.1871673984404373
0.24709101493728125
0.16679729167598803
0.24549424971059042
0.25797223932175195
0.24190864588666705
0.3163226337530401
0.15804371999201355
0.30833893139866797
0.23983970262709353
0.300825221229021
0.3957506587013705
0.2782855873152282
0.1950988861427947
0.20618237528875227
0.28837971888858055
0.21033506887867354
0.22193082410297518
0.34682772230396774
0.23829748276404322
0.23755095934936035
0.30302055764844726
0.23790059380922757
0.2682596705570222
0.28693378805444053
0.33892584489622424
0.25681145772116704
0.20329353736687927
0.38454306850793746
0.23961467613567042
0.217689610671487
0.3225891988972983
0.2624003567532535
0.32243055923323255
0.30556995622786604
0.25655811520322025
0.2639809040923679
0.2632262994829143
0.32677750521303195
0.24602623956254174
0.21073383891782893
0.1710425399593873
0.32352652680748606
0.22141962372096305
0.3368789827460985
0.2070543314753001
0.2111223051043923
0.26023980144771686
0.2132964872416263
0.28520984103822333
0.3541869273433296
0.16198964661762386
0.17295601024697432
0.3092608076019362
0.18404159004673493
0.24039487245396574
0.23277853753543
0.28575832952809266
0.2818553298978818
0.19037076074449646
0.2925464943932211
0.23914634179048777
0.17637691560353239
0.23016941175887667
0.2785110394767203
0.3057379756287049
0.34501187727727844
0.24360235611196202
0.193102716297316
0.3089931536598267
0.2331117648582463
0.22343743040879874
0.2411090203078122
0.22205340709452198
0.21964704373014815
0.16040588636543673
0.18592755341980013
0.27132997025231587
0.1845912611559824
0.19698978707308712
0.1705714969519583
0.2125989449050178
0.2563340182525404
0.2692594649702368
0.2841140542155275
0.3020408970676134
0.2163068232444838
0.34889974889124464
0.286341833480044
0.2759219555068011
0.3007330464654348
0.18876152291703835
0.3013787175646854
0.2791846562700259
0.18299049708282186
0.20039937752481007
0.23415950101766905
0.20470766651702837
0.27995275448326173
0.2740297889683382
0.22769002619447018
0.2388859113483884
0.26721241878318397
0.3466506192033182
0.22016012638868532
0.19662357855612006
0.27566181951844065
0.2511488886094588
0.3137201367892163
0.3440297575754755
0.28696679967797334
0.23801521150156235
0.20454551724703396
0.2366471490666483
0.23316400778096738
0.22212435891712562
0.21410449252603153
0.266960562024276
0.2559086535725614
0.21748989867274962
0.2259861778044389
0.24772819282159939
0.18971277804659925
0.2136132005843433
0.24744447787074977
0.3150698222483438
0.21383178039008843
0.2958950392203961
0.30459787687380907
0.2616882245979378
0.16992328335246998
0.23451696568915842
0.2784198957200105
0.20610167721051834
0.21918324667368572
0.17540073730468914
0.2757202644985619
0.21157515771306173
0.3377023556827121
0.2726536140562421
0.25063990517277535
0.16575551394614832
0.23238797209816198
0.2985172956224399
0.239555363190386
0.27640933712191
0.35007993717518043
0.28729116063764154
0.2579018210728115
0.28361318150830683
0.241314247382993
0.214448366149778
0.23419170607631984
0.16838622299479652
0.25919632989025554
0.36649228235713305
0.19826872023477177
0.2212650816181402
0.22766695164045553
0.16736790449374064
0.3112099415336696
0.3500311363858283
0.3873496852420053
0.2030604797969966
0.21563381602478837
0.3358050116313005
0.2337538649181894
0.2759433546247949
0.36956939182856663
0.2221204583522643
0.21715130861199042
0.2631092561816608
0.2627696620207169
0.20013447933621592
0.35740552342775334
0.31831652340905836
0.2628948687846091
0.2616839548110523
0.31263389477886927
0.23719374915731478
0.2148232540129518
0.1790612829231446
0.2890136176114157
0.26780959414456285
0.25732646097590606
0.26229032609380915
