0.6977002494138722
0.6167631114757706
0.6745003532539641
0.6652643387695037
-1
0.7467536069028219
-1
-1
-1
-1
0.733180204072151
0.7527984258156157
0.6394811308180364
-1
0.6705940069471519
0.7772674667316504
0.7220281602213416
0.7643661566864608
0.6936029181922534
0.7454233672086428
0.6378909602837758
0.6843624144604873
0.7280467174587835
-1
0.6368230663311589
0.6414794027570152
0.7811562010528045
0.745342379331126
0.7032904389241451
0.6958478679703937
0.7182272362400928
0.7574887204786578
0.7352101996369265
0.42934074608435624
0.7594404005620571
0.8031451053835055
0.6834325951168247
0.697194620008175
0.6258455170180589
0.7097020075574685
0.7735566861809104
-1
0.6014688504428845
-1
0.7067729539924347
-1
0.7956440052535458
0.6953021265515622
-1
-1
0.6175599313586562
-1
-1
-1
0.7955946102137866
0.5608104733240562
0.5993182405839468
-1
0.8220497306220891
-1
0.951836481176632
0.6964283060275835
0.6412776179849268
0.6238436084607787
0.7774331516068549
-1
0.7547873559966463
0.6870924470211797
0.6488190922388614
-1
0.5732398856836429
0.7205344161523987
0.7045606757762914
0.8283527941147736
0.7992155621868375
0.7505717700284592
0.625995088336602
0.7489555859534368
0.7807030752700832
-1
-1
0.7114964140201535
-1
-1
0.6726450096190246
0.6259817370147831
0.7892358982439862
-1
0.7872557341754324
0.4538000184417347
-1
0.6979876897403219
0.7108415405302625
-1
0.8102651889407624
-1
0.6799377432734638
0.6127339625848794
0.3969349028661957
0.6074142963139262
0.693484811385583
0.6904223984853671
0.7518758057765478
-1
0.7301099921245053
0.7315476107451606
-1
0.7901317111752546
0.7099468679043102
-1
-1
0.7865036038183694
-1
0.7286303186304984
0.7816500834872884
0.8081538747262995
-1
-1
0.7563863276946228
0.8070370266703595
0.6255550698091534
-1
0.7522849780965073
0.702670914846905
0.5492944537899389
0.7516889506326111
0.6347066168048692
-1
0.7000208546609041
0.6051477857577954
-1
0.6933570612937449
0.7928028327235443
0.7985579106928387
-1
0.723688609894171
0.668658287832542
0.787494510484017
0.8186495202636208
0.7338971375630341
-1
0.8246761481382205
-1
0.612393499189468
0.8016412755215125
0.6650380600222396
0.7614963845212308
0.7142871463567851
-1
-1
0.6007299414481515
0.6314313787780372
-1
0.462905590325732
-1
0.7894566772229203
0.6003266991251768
-1
-1
-1
0.7666685289435049
0.7830843586379237
0.7765106954551262
0.6062718717201243
0.8596888767400765
-1
0.7423523448970559
0.742097713129071
0.830404452983167
0.6540060978945148
0.6937549833073888
-1
0.8066256831008689
0.7602846591014223
-1
0.7068440769731638
-1
0.7823969826781088
-1
0.7368552002590993
0.7503270263772059
0.745635650647803
0.7377522126388916
-1
0.5774602418068724
0.6945500499430232
-1
-1
-1
0.812161306861855
-1
0.7304747917718688
0.7827067138143585
0.6998756379123297
0.46817315677903987
0.549617342829243
-1
0.8238110178300158
0.7395708677788378
-1
0.7360167363155992
0.6438017624940435
0.7386939333720988
0.6709725194545519
-1
-1
-1
0.7097404979374697
0.7303745713980199
0.7442518518025074
0.7877552258242879
0.6545716160799081
-1
-1
0.724106629853738
0.6965953728786228
0.7972167739618519
0.7910800271543867
0.6232718280377526
0.7263672973689367
0.7991886221215808
0.6772580525517647
0.583638234898622
0.7569030757119681
0.6964794504737735
0.6455742516356069
0.7832419185208438
0.7927226291605184
0.7554141314448564
-1
0.57446504745478
-1
0.6820613766150576
0.8867376569023666
0.6219898876593202
0.6893079411941726
0.7777999998410743
0.7978536612149825
0.6456889126374132
0.678525804087317
-1
0.7674560644440223
0.7720443855408186
0.7027398500430502
0.6029389081597335
0.7387058016724619
-1
-1
0.6536000349309763
-1
-1
0.7263193552219427
0.7649576396342161
0.5326474066445025
0.6454509790503347
0.7635994756962398
-1
0.8111890542744642
-1
0.6644867133845992
-1
0.7187430254102287
0.7342450983711308
-1
0.7965303155029698
0.6824341073622284
0.5380082781171055
0.7216656790545476
0.6163089618112225
0.5969791322881173
-1
-1
0.6144441014311834
0.9153497499308794
-1
0.6939053345116508
0.8053449499955654
0.6972660673533402
0.7636240070264849
0.5786512771981215
-1
0.76244065854232
-1
0.7195484922159884
-1
0.7776632169488367
0.5303808362669087
0.7880900836250884
0.672269602837551
-1
-1
0.5980135359733881
0.5717022224527973
0.7762220013722534
0.8072023626282494
0.8179372279136446
-1
0.5479610425920975
0.623996029055643
0.6357595853646865
-1
0.6383622006174317
0.7567673285576081
0.7782915067892056
0.6098882158729368
0.6436607432090546
0.7842558413854674
-1
-1
0.6916345066926273
0.7812815874195179
0.853039241077993
0.6594585335751111
0.6981626639995531
0.640276577007016
0.7342408899172308
0.6190584554497462
0.6898758502739913
0.6741176688558189
0.7201846971996605
0.628938427280139
0.7217560089784105
0.709425170779271
0.7403077813927936
0.6077863022110435
-1
0.7306704103211453
-1
0.7818599947826372
0.7698419465822901
0.7789835243234321
0.7869543603999809
-1
0.6944682004087085
0.5437259189629833
0.6640819024954062
0.7514360118961385
0.6612471561889391
0.6749494662380314
0.576017336889261
0.7442677130062558
0.7648052645575805
0.6849038869602613
-1
0.6714596126266275
0.7603086374039862
0.6477634756417673
0.7417855088704839
0.6041019263745533
0.6966336995639971
-1
-1
-1
0.7434828663765465
0.7852856222991267
-1
0.7296095848681736
-1
0.8270773020862534
0.8634283538514246
0.6614687399158561
0.4138413317841073
-1
0.6825429005712308
-1
0.7760713733407224
0.7305454906136563
0.7834701379964657
-1
-1
0.5328270363262648
-1
0.7445661159894263
0.6936989316571159
0.7086419752602631
-1
0.6975967098444562
0.731915529400854
0.7368914727662106
0.6796873855537202
0.7474795860533812
0.7301403513314391
-1
0.717038542700312
0.5112618258678623
0.7247729346533086
0.632889778321563
0.7012727463054846
0.5871052467466076
0.8265143362294175
0.6721841439779321
0.6485561222889165
0.738844293158492
0.6315473382745406
-1
-1
-1
0.6773546531354044
0.7953950327354923
0.6424767021168728
0.7061650614663649
0.7022910574273933
0.5611991995138751
-1
-1
0.7048263058929842
0.6594003152134116
0.811174733507146
0.7680860857662428
0.7117065380590226
0.5528391795704358
-1
0.5462898680160909
0.7610650507672163
0.7760207607806774
0.6667170564144105
-1
0.7318927389186598
0.7294404594271952
0.7753227364379749
0.4670839521901339
0.7385596878341361
0.6398147126262419
0.6774547488932501
0.7559341629799488
0.6829009464699618
-1
0.5921087300316895
0.6816637134896455
0.7339563759200917
-1
-1
0.7834109525686261
-1
-1
-1
-1
0.6884175502376841
0.7509464018234624
-1
-1
-1
0.8111903191904248
0.7406741834517809
-1
0.7618664116733083
-1
0.6633176522731085
0.7139003626671434
-1
-1
0.6997795062826153
0.8101579199553066
-1
-1
0.7014206132055485
0.7637431953019822
0.6698497349015208
-1
0.6749729968952536
0.8333467181907052
-1
0.7553403968166655
0.6066564121804856
0.6809534851982664
-1
-1
0.8685123610532846
0.616744197439611
0.675212804020548
0.8135068959432852
0.7114185202913605
-1
0.679405987487071
0.8103830284760667
-1
0.6677532030633124
-1
0.5629679449918734
0.6468233581929775
0.5189621999544372
0.7472584381749308
0.7825266229177117
-1
0.5530488711202283
-1
0.7291072740231381
-1
0.7164459984488771
0.7087690003196132
0.6995800110366044
0.8007642407751903
-1
0.7686395000449951
0.7347300504019381
0.8009512460142135
0.7297638285001379
0.7424785870147389
0.7927597698580169
0.7028928226935893
-1
-1
0.8132220884550387
-1
-1
-1
-1
0.8275475910227158
-1
-1
0.7635586984340126
0.6871938893287322
-1
-1
0.7545907305574937
-1
0.7684102017928038
0.6241772983634816
-1
-1
-1
-1
0.6467615554080829
0.5582370964389963
-1
0.7812419053422035
-1
0.6575869280108141
-1
0.5500269627887548
0.7777648945040405
-1
-1
0.8516982085115415
0.697440708979192
0.8560679442696586
-1
-1
0.766657484787961
0.7333816850997739
0.7697738940795209
-1
0.7879739254025628
-1
0.6163797844016483
0.5214613112667774
-1
0.6435357692823722
0.6712812360296554
-1
0.7319193917038272
-1
0.6965588840555439
0.6762464700854622
0.6366363287205596
0.6992294702375594
0.556293829822101
-1
0.7341238213477923
0.7014189768536212
0.6058711619513626
0.7074688810808558
0.7708940690784016
0.7464471003032179
0.6410774159732937
0.7030093009272383
0.7092109382870833
0.6967379127312372
0.7502680186268713
0.7633964749347335
0.7470761701736028
0.593514545227009
0.7598558755455462
0.7080606668270744
-1
0.7121311015723786
0.6060302277978376
-1
0.5932641214429851
-1
0.6616819639534502
0.8022129369149192
0.8209086703128712
0.5318237086187891
0.734175788846808
-1
0.6100246442988762
0.763723894622337
0.7368414584989258
0.7583198407705853
0.6114631874666482
-1
0.801942937774787
0.6505044218188314
0.7781820595050706
0.6539885227044687
0.7296959465620205
-1
0.6586573412661602
0.6922761537293711
0.6067318552977321
-1
0.8606604130911328
0.48094256556099135
-1
0.7079435273808445
0.7558656658932834
0.697510982840992
-1
0.7768154710254161
-1
0.8084042222992138
0.7989355362632651
0.6977820794820925
0.7173163310694661
-1
0.873909853664931
-1
0.7529752844989219
0.6767025031206946
0.7263573018901629
-1
0.8149466110547132
-1
-1
0.691626267024537
-1
-1
-1
0.7632029463865568
0.7831696165168849
-1
0.7974973875110192
0.6586977295520097
0.8045111937484118
-1
0.7705723438252172
-1
0.7321417919366737
0.6504240509089299
-1
0.7466002466359917
0.7309470776573027
0.6449570677556778
0.6979918661585943
0.6599854212452377
0.678822812557969
-1
0.6748861622258253
-1
0.7012649796556598
0.7431603867590654
0.5286771001667873
-1
0.7979897602273984
0.7279187078611468
-1
0.7404047338066686
0.7634926689174426
-1
-1
0.7139424400736533
0.6191876600614953
0.5535600178167255
0.778197272168961
0.5704249547983065
-1
0.7511500134063691
0.7883623663759747
0.704724523480313
-1
-1
0.765934999571084
0.6409192719236972
-1
0.721337599112146
0.7210890654296616
0.5881238134132027
0.6941410631135952
0.8407194445392251
0.7083148444866942
-1
0.6932410673743694
0.7325452813718518
-1
-1
-1
-1
0.6711098183251748
0.794437002762379
-1
0.622967767008043
-1
-1
-1
-1
-1
0.7935783757519215
0.7202594104477069
0.608716369859821
0.6894009358410963
-1
0.8144847957199095
0.6690657635659416
-1
-1
0.7219276289711688
0.7455238057068334
-1
0.7663096238028457
-1
-1
0.7208299025532643
-1
0.7478854620729758
0.8079745146024171
0.6943615897811108
0.6548518798869087
-1
0.701463534961093
0.7619476914875454
0.7962286944325823
0.6563087034870073
-1
0.7340779943422272
-1
0.7384647295178888
0.7576853718116808
0.6330630468632545
-1
0.7081915963306751
-1
0.6994993566034255
0.674347547200948
0.7146982273240412
0.5973319273232824
0.684249014822651
-1
0.5966068426939921
-1
-1
0.7445473207884122
0.6330599700339726
0.7048224365514161
0.6899135096969469
-1
0.7881689680035677
0.7979744233338657
0.7217663488895721
-1
0.7433846849252251
-1
0.5468830183212735
0.6513761732379397
0.7352855267867966
-1
0.7068553825067283
0.7400574987529808
-1
-1
-1
0.7119626261086888
-1
-1
0.5823883070233854
0.7294643207169699
0.6801523823261859
0.6079095539829906
-1
-1
0.6426624744195799
0.760232174716497
0.6837491900102854
0.8294357594481215
-1
0.798049142857375
-1
0.6983398706257977
0.7503315198431639
0.6833190772214865
0.6461356204483244
-1
-1
0.7741750178588431
0.6675963073832305
-1
-1
0.785559653935225
0.6594019310447143
0.7126276351818928
0.817263272924285
-1
0.5515214203260037
-1
0.6719014534467249
0.7820100136216234
-1
0.6084601364027206
0.7496475802615014
0.7305988688338391
-1
-1
0.7778020291173642
0.7653281791139456
0.752531889500198
0.635562713868987
-1
0.5560263445141598
-1
0.507390295506545
0.5894639369848225
0.7066452756957037
0.706720785815873
-1
-1
0.6726797520197431
0.6799811958695685
0.5829738728514864
-1
0.7117252409412321
-1
-1
0.5066037088909474
0.6000002418161315
-1
0.6770423860377771
0.728150306264977
0.5645011061391595
-1
0.791268672939778
0.7568558608391474
-1
0.712225631244011
0.639700979974291
-1
-1
-1
0.761457839700288
-1
-1
0.7778383902449999
0.7725329184514571
-1
0.7530579315182906
0.7676602168128712
0.5193022782088682
0.7371958837522201
0.6244800489279163
-1
0.6667278877498585
0.6566695809137545
0.6686226124195817
0.779048282553501
-1
0.4983051276242701
0.7224571090019021
-1
0.7834537847339764
-1
0.8214901502795795
0.5783783101596528
0.7431868299494132
-1
-1
-1
0.7951565441004813
0.710916629233116
0.6234235334470593
-1
0.7346881790414335
-1
0.6117186037235435
0.6849838227581477
0.7060465010087387
-1
0.5738509054894028
0.8649788347081413
0.7247215507852454
0.5598821020158952
-1
-1
-1
0.5883238043212599
0.8599320175627203
0.6995088649668786
0.6547844449472366
0.6775779797515634
0.7987436206750813
0.735427061481859
0.6996404061372974
0.7524177470553413
0.6325349643499727
0.658434172817187
0.731357004044809
-1
0.6921628883910981
0.7539850818671072
0.639654454330314
0.6341992519581878
0.8462018083629923
0.7384584035579973
0.737802751021364
0.616145414629115
-1
-1
0.6979108893686631
0.6220765759499017
-1
0.6693021578225358
0.7912089101499569
0.6924517035841958
0.7597381764017065
0.7916773824641749
-1
-1
0.7431488569499626
0.7075003609337986
-1
0.5548160192332589
-1
0.7791611481391936
0.7458999346801497
0.6402157276702534
0.6902292016038868
0.7665785755432957
0.630933858903794
-1
0.7692223396573041
0.6704490174033627
-1
0.6613412690774906
0.5749911445646696
0.7854267671119853
0.7013561146861879
0.6995009453804293
0.6834396581950124
0.7921469803029679
-1
0.7011298834683463
0.7414431037898532
-1
-1
0.7178385284383668
0.5921467589719891
-1
0.7054964155626844
-1
0.676661423063444
-1
0.8863196691129451
0.6630452238272809
0.7423000993178184
0.6513324427932635
-1
-1
0.627217049905224
0.6013305440020569
-1
0.7305201388497948
-1
0.5534773921681773
-1
0.7347093583418309
0.7805133000393754
0.7292847135898985
0.7459325515325457
-1
0.8187053419833512
-1
-1
-1
0.7079090858774882
0.5608889817887117
0.6877315150614978
0.6756562222622611
0.6718488584998947
0.7381351434925948
0.6265564648103202
0.6647915772590356
0.7103116215509304
0.7065558231057529
0.6902528251264167
0.738441442895807
-1
0.41077744526514204
-1
0.6269876307397642
0.731099851445088
0.634420317237593
0.7240148631136943
0.7107635182819627
-1
0.8273648041307513
0.7862545840482047
0.6315436399249436
-1
-1
0.6535451884267518
0.7068516275357051
0.6252705798896687
