2.0307605428558686
1.3257949259717179
1.332916140518737
3.434674975391134
1.2788945215212635
5.488620824602046
2.068166387730546
2.827397152735283
1.5032660845418857
3.75500722646599
0.9498272563596762
1.4831274600892674
1.723458472609596
0.6408983956613031
1.6232472485989842
1.4384212972075454
0.910595658963204
1.4218523883164942
0.856587012044952
3.9550262645748524
0.9827445600145491
3.9770322664937714
0.8011197553440338
1.0506061971106087
2.2052146787425118
1.0177533281713693
0.1555477876289462
3.7165572984995445
1.718540123102399
0.6889373806467926
3.1880253774165106
2.3684844727069336
1.5253246213775837
1.2406518779103517
37.06208266049712
1.2477581561228062
0.969792945329654
2.4129247384183534
0.14605487044373314
2.192984659887785
1.2809183938770419
1.0305604748458022
5.762578233800082
1.473161237789842
5.10464637907806
0.12784895455689888
4.472325457903349
1.7250319551196336
1.1353451904195893
2.352201700867792
1.659109008630508
3.464220712781791
1.6250866715534238
1.4685396485798865
1.2522351382515557
2.2597375541977964
1.472595168483473
0.9456684419410407
1.5807775169054195
1.6323497049150555
1.8419399759420083
1.4374585243621543
1.9478075495128786
1.2100602392649946
0.7563554340584663
2.142532034248248
1.0224829662563535
3.690040812664039
1.653040452267957
4.729381270917775
1.8265388929296993
2.3043096688101974
5.025321249734682
0.9709496272091634
1.9028638224563361
1.4189653375218703
0.920831363647425
3.353139222118192
0.4781163953059901
10.089137490834297
0.6757232418429358
10.429369012863669
2.2501872896438773
2.407005675999467
2.381082222713813
1.4227734051460879
1.133475732951849
1.1736568154276863
1.2326314856050984
0.5482385321649792
1.1622265525623265
1.4038189039185716
0.8833634933927806
2.3129400867432057
0.7643816154823625
0.7157968275315976
2.0959324895851723
1.1965761463514275
2.9764437164746864
0.6026582511177283
4.263335865255778
1.7987337360603324
14.239477568352775
1.178065405935038
0.4658345174069677
0.811058146008427
2.8842156078127816
2.415555112167527
2.3095909288962475
0.6962132162963592
2.026879362224923
0.8149719706434336
5.117562089392148
1.5953337111457384
1.775728140881563
1.4810956963313517
1.6712934346792707
1.451755970396191
1.2241482760983196
0.9514993604228901
2.6927286465348255
0.806647999922734
1.0324439349878645
1.0704595639018462
2.855744766474248
1.1033917834899214
0.7017016807296419
3.1649172886454187
0.8040550374575725
2.726064644746846
0.17040686424267945
0.6040510090710333
2.7195983709179417
0.6903149239791114
1.0857154025177531
0.994657224895284
2.6491753285453448
2.4403559101782872
8.54804557073171
0.7789121790061664
0.12211065228609962
1.1786358689123209
1.2329046843032816
2.8965798776332847
0.5679912827707964
1.4992646265614302
1.8347653965005088
2.2001589915642423
0.9089282632013167
0.9728460265879226
0.78226321590539
11.477677571806689
1.7238998496578715
1.0533926136393004
0.9709693457053157
1.0700219995295739
2.8869203510321566
1.3423120794737584
0.89593147268301
2.243398913851069
1.181491425392685
1.6000767121021364
1.459205952857464
0.8429204846912063
3.9218994449049447
1.1306398524869572
4.4723600916131705
1.722132234497429
0.5797413937642857
1.0381465300621335
2.9779482595423348
0.819407680151742
1.7706087961027208
0.9143383837086622
1.14265329683075
2.870541324444243
1.9792929032022033
1.77673372030265
0.9563005181697232
2.0890209914473603
1.0996946210949379
1.4573180684473364
0.8187213701045517
1.8915916284639653
1.9927392134946984
1.2375519512728717
1.830237770282948
0.31698234963233785
3.0703334944550593
7.066041147145896
1.8514914072717863
2.835723586089792
0.44690864778148626
1.2429541842687541
1.7437092070212257
0.223215706900828
5.464827538723066
1.9649816152368298
2.1877508788485063
0.8943458076230192
1.5091272788182755
0.8668019916860797
1.5215422235546316
1.5387511299724528
5.275172582407037
1.0100892066872194
6.325431001280588
4.306655708613725
1.958995404845392
0.6413807732563469
4.318212017969144
24.001776496757987
3.2080818625015253
1.7689205982999994
2.073453347273864
1.3691159064936838
1.2764726366101447
1.4201648920928815
1.456303586642887
1.2478331645129996
1.2944165526886804
0.8417085413047283
1.1222667709208667
0.7975067962063126
0.5949251381798947
1.6716242628675244
1.460186992952855
4.656110823389236
0.7168191756006421
2.295291041081196
7.0789208132864
0.7045117956193735
3.135236182939725
1.1862400776940696
1.0048506552463938
1.5249968057685406
0.7687397692027746
1.1025536937719351
1.0207227603996833
0.735093706835652
1.005312571352223
1.180915217248348
1.2722361507899727
0.7123286522770541
1.8008621139767802
1.270582505925936
1.3339792105065502
1.1196071631181468
3.8658928114384676
0.8442543381581502
1.7170640589075739
1.8711205335827592
6.5934385583041495
1.2447240786812026
6.322774480253473
1.8822247030822703
2.1285090938668136
3.240132475541322
1.5820178282470134
1.0724644237429608
1.379253831936418
1.4627882690056415
3.7331199928908325
1.3853157419255107
5.083149914460837
2.949363447932103
1.3462935052409106
0.7835218478275031
1.0703827601620939
1.4386591704135523
0.8089611932780414
0.7270054102370764
0.41858301543269166
0.48564693028427425
1.7360119371468432
1.56484282690279
0.9482010349768769
1.5377452816838897
1.203164738404385
1.131236969222586
1.312428143150254
0.7016821327054715
3.1852220898634482
1.0882167138340098
2.622916337083151
2.0224467063062748
1.277687329835859
1.3199727117605717
0.8671908042812776
2.794296857717922
1.343128489054186
1.8735299928133422
0.5625598024294804
1.246849351661271
7.460669913037866
3.827112947681818
1.5158013620748023
1.4602293111680602
2.2509780789974587
2.1436329216630847
7.080150240297565
1.0184321469336104
0.7011426127565252
2.1396741368591496
0.8674952935776398
1.3822444889507226
0.7693386163662979
0.9512831843749379
0.8400949802507958
7.317389061985815
1.1436530910632128
1.236312055631766
1.2235819305806879
1.6620122238185384
0.7509242167126998
4.723557297270736
3.5657611067776784
0.9530762743124185
0.9924896462577565
1.9523888594014536
1.8939163458813653
0.4709759084134586
0.9744433874387157
1.4474441971655052
4.911121173057672
1.764633101152056
1.9109583342925742
3.5125148158248924
1.1202746800386814
2.333825562679557
2.9592906382865833
3.2998695606674344
0.9899447365788867
1.4011470647380135
0.9436240837608495
0.743217033003186
0.48304857725314376
1.2523462506227885
1.4002379665864424
2.148362403127426
2.769441039422419
3.242791400018617
1.2953832472008553
2.8791404668594587
4.266289941384479
1.4309797990416913
3.3909220189416263
3.4819022447460024
1.6368066999031252
1.2306493555876825
1.4099420533390863
1.241570233214978
1.2334589408147574
2.5015832648011815
0.4114563371681833
0.9392135613793576
6.227297666148108
1.4274281999063565
1.8987151892543486
11.699720506076396
1.6322202542099353
3.866909783021464
2.8203730984375968
0.6708626355254256
1.6113859568172484
2.6275482132850447
1.63441341262544
7.886325722379375
1.7179834342320301
1.2191379072872384
4.578903664401826
3.1857200468070452
0.789668258140997
0.8324746119131956
0.8870421034410549
0.5385258927098495
3.790541771574214
0.8971158827583272
2.9344757514036437
1.7131338619414092
0.8760452857610994
1.6149905398190327
1.6537248722597682
1.0764839967378022
1.0609727310619983
2.2314989111229613
3.4940676167894735
0.9284285223464382
2.6785467947142467
1.0369882794890115
3.0079144068748382
1.676534072749449
2.8356524182576672
2.646768118273613
2.795693295471838
1.3894683880194874
2.483077534593111
2.796750056985966
1.5126142329932106
0.6954346805826327
2.630337819886576
1.1491789859009447
0.8124718867392354
0.6058402461025897
2.0105512900104383
1.2129571899646505
9.135792310009222
6.286202674090603
1.4756015858569538
2.0729417964553387
1.3178702586262212
0.8960544739780794
2.340199940656655
2.072244224567951
1.8388054637298663
0.9979455989893226
1.2455780520076538
5.304988081019207
21.18520842428501
1.5388110825674832
1.205407034801506
1.0975169250600092
1.9323595961410909
2.288170916972426
1.0592522412753866
1.0224308883335536
1.3015115797200218
0.5190218105545829
1.5737761200250289
1.7744880387700337
3.9584602984536668
1.522924978465502
2.141555494576443
3.2476406068432424
2.036451887529714
1.103443335956425
1.3666101592215671
4.755147612473178
1.9433124807360176
1.2632758859721724
1.1955535009386464
1.7031580818246408
0.5924377240571659
6.9416242121040685
2.9995942688433344
1.5142330634381795
2.8361527454902205
2.58685842360754
3.5000927152875274
0.5627554808711851
0.914309905242191
4.378131710745399
1.6763911079630598
4.848434075584792
2.6342887455313875
0.609835706183351
3.0660934394764956
2.545083018685217
1.4411213007259105
2.3033445853757306
1.2348826123671428
0.7508336491687277
0.7852638644229561
1.2249169296249636
0.5911888696352119
0.7751481072391211
6.963942287724201
6.265988455307335
2.518680562982903
0.862158657342208
5.301287876227479
0.8172084294548467
2.6683602301376683
1.6365802661499649
0.7810707715644827
1.279111814479634
0.4154824094653697
0.7367227864771502
0.3598428753637616
2.5297176392009857
3.469119856884791
9.396891510767793
1.3879195691694097
1.0879119119623795
3.366795998531787
2.795188617486595
0.7022514053158787
1.4054889250137812
1.0727713058865647
2.2974478268652287
2.2402392984632975
1.5546386153067584
1.4531537871585556
2.3540631799807743
2.218042609058975
1.570898605232091
5.334299990143101
1.3081461228101692
1.1115812832227672
0.7004545270984369
4.017729724739538
2.319855754565976
1.9543274031721671
0.5782645116572717
0.8821985666768314
0.718919077598087
10.105588677326582
15.688650918772403
0.8440311263589945
1.7370894690633847
1.803651770673447
1.4182006476317846
1.268241086026389
5.249452672511488
1.529257926827876
1.1044505724624591
2.415311079395435
2.0744848361782022
0.8933526715991722
5.777372347677595
0.33775826529537606
1.3794952211405767
0.43260096573658263
0.8510713757550915
1.587255194764964
0.7802021014202984
3.0615536931763896
1.6880659375763494
1.7580315479897664
1.47706893882436
5.388979967668062
1.367539153526609
0.8728392412244892
1.3141645866347555
2.1357205703999225
3.308579156250888
0.4466381121758095
0.8067137607231807
1.7535906989943764
1.5456989393266183
1.2578983957271561
1.046047211420985
0.8573589827899896
0.7866307853436273
6.518474560530012
2.0638550542301495
0.37499329570722484
1.2019677986555688
1.312106085331182
1.058563191644826
1.570496755792005
1.2800016932489016
13.629782477438814
1.6936485477261782
1.180799043258266
1.1794770148487435
0.9750001859418661
1.3691496011775324
1.986532737215029
6.398842595823441
2.3634924544480675
0.9124950473321689
0.9089932675662072
0.5910977046523341
2.4426470368597215
4.190836034343836
2.84913027666372
1.6591618057285897
3.2238516323589708
1.4730024066614706
0.22876403156392758
1.3856761060299883
4.766083998715923
0.6713254326670964
1.6124823290491752
1.4812962879452654
3.09713754553266
2.048943632939716
8.659565352343668
1.0800117563078813
2.040444117076339
26.55859628416565
1.3771670814362422
1.9747012583206052
1.3590259747898392
2.2722081468481536
1.1305599670284219
14.41883125879743
1.0411568282227552
2.9081101555784525
2.230214794532968
7.475606489887976
4.517666110953203
1.2597964906838934
1.482751426165557
3.7316775826674564
1.0652485998957741
0.3094526385316175
1.300411585811464
1.0571361953743827
1.8437379181039906
0.428056240397239
1.222864355010097
1.6370745013884742
1.0103205271974296
4.369284349536879
0.27941011552183204
1.4282476209871997
1.139553701891575
1.1791478787143925
3.118072198252333
0.15369265799917362
6.351899170982495
2.1905938465729267
10.30534352133073
1.4378225215339742
1.0367137544211937
1.038543387374057
2.406871476525433
2.828131197441709
0.9089846417862137
0.737482766157636
1.6934271012063735
1.0415644069624284
1.4896825160933636
0.707725096668737
1.4753266161482654
1.1450231627614325
1.4825495667722308
0.9243489339607929
1.932329472453673
1.4330872650930289
3.1418720717901696
2.0097380235820372
2.1159484604790317
1.266680550458835
1.7746131234724476
1.7455228963971567
3.1993655597697415
1.4943052369695338
0.6115120008668858
1.0574537129543047
1.2032085504771266
1.5294332954488234
1.539582983437082
1.6399025967635656
2.263671677747779
8.561942570435216
1.3689791227040795
1.0882049711914643
1.4106798462831165
2.07693740066846
2.186676259358722
6.450776051373207
1.1798116376499346
0.5591817338969219
1.8971742305590962
1.2282927097659282
1.7087200983206858
2.3353009246943217
1.257497896771132
4.173114709477155
2.194587552730915
1.1564611668818303
1.1092583943140057
3.4615851764919405
0.811952869358934
1.0959499198687617
1.2222905360704304
1.4527821953306927
0.9063020433192127
7.191910054609992
2.9614514589158967
2.0502952293623253
3.5423120128340466
1.1401200898691688
1.1550289194543848
0.4567133573091943
0.8321909155843367
0.8665445825204047
1.1427173673904232
1.5325138380204335
0.6333594841532292
2.9002552862313187
1.9881874788175993
1.0119659035064383
1.6070504336871974
0.4199016979395895
0.6557527673581434
2.145296485042404
0.5514321125822018
2.2665125931549315
1.6149737303967584
1.2014987352069273
4.207300696624698
1.405992532488051
0.8346020655475115
1.5346236772784527
1.9237770664659184
7.510936237772141
4.010668644630655
1.082824141431782
0.7716699379885891
0.6356852357274564
1.2718189313755812
3.1820525874666568
1.1335951621493272
2.104431541707915
3.1796961169440916
3.2824655035964736
4.993575436506666
1.8120944373155095
1.5654655309248908
1.461217597693269
1.2797547768573316
3.4255472476027005
0.61889985808141
2.7229488981485783
1.4223795868929887
6.063335675176239
1.6207275361659534
5.030687044058068
0.6225599158434527
4.817365959272375
1.4424563682260088
6.407483682712313
3.0911276246873394
1.445149621830223
0.5329306443367143
0.8727796072610279
1.9148490956758286
1.0581819571225834
1.333540527327321
0.9239493833083133
0.7701886976866726
1.514360900920583
4.370562296509352
0.992421816460434
0.8889385031684756
3.956749273120261
1.6974390973712652
22.170838433490964
0.50191710241865
0.7206564595512586
0.8239676340936036
1.6941758310013328
7.397658945933963
0.21364608554009212
0.4709395320532245
2.934692266827859
1.3080970100836131
2.4099661611384025
3.484976214415461
1.5061428697966779
1.696827042890224
0.5244880204543476
1.2477821333139323
1.107275763994011
1.410965337718132
1.1988469622382527
0.7264430974288049
3.644356283002713
1.6873293050182467
0.7109381287834018
2.5777077827519492
1.870829031329134
3.3966383458751572
1.1269527475356091
5.118334632594467
0.7493964474542136
1.277864739964184
1.145452062095864
0.9453790411882327
0.7035744266093876
1.156073711542663
2.4464212384228192
1.3442685187389578
0.8775084213523436
1.648513320652536
0.3921065555062427
1.382988333907411
1.7431352603041899
4.104550277908436
1.49008431311374
1.065053420222633
1.077213127110786
3.5365731748410325
1.9845104017054749
8.691859767890316
3.482526805781673
1.7093942302631806
0.694038532001527
1.356661422109628
0.8827722659276204
2.5960600118623898
0.6866381104785995
0.6870972081386756
0.399194826151784
0.7066880450323872
1.9065897114067623
2.749478671132362
0.9533229488066419
2.3195285405613615
1.9903856085125788
10.309363529824681
1.5605848164396314
0.11579602021063692
1.8944494581003888
1.3143367202877807
1.1865880120887866
1.7287953276463974
4.500408784874211
0.7223429245954502
0.670684958306909
11.304025931789358
3.643594794295708
0.9530883195129949
1.220248191850046
1.1726731891808966
0.5962453221969854
3.2082945102791656
0.989369346800558
3.5717533080990727
1.5708132411323779
2.9348297884376437
1.3575883713570693
6.59218066949358
5.801403335421703
2.2489526201137036
1.3965915818518628
0.935447310647216
3.4984614689432307
0.8807738488093951
1.3597794075428131
2.5091886490004116
0.5931477202203022
1.17401203026935
0.7569112294358067
1.8709193789298495
1.1231235008264877
1.2972927429782366
1.2159156031038703
0.932426888278559
0.8281918038251582
3.266959505123267
1.1809897550415707
0.6021695016728548
1.8233551614675083
0.8494411010879733
3.460259229626515
2.4565086147395108
2.0092283901837793
1.462120011606581
0.7726227144759188
1.880835169939253
1.4043699648563703
1.0647111822615078
0.6397560495219018
2.809767949213691
2.1473545975388344
3.556178853665566
2.2065851412864013
2.6081154497460157
0.953448803922768
1.0140108336579494
1.4895193852085096
0.7559811262731715
0.765584578151409
2.32646464842778
1.86840284008775
4.960183458284031
4.572700444370925
2.1519102791979168
18.21394787533075
0.8419048513027674
0.6682329068908269
1.083052986872455
1.4505009001608704
1.350956318258592
0.8648531136211414
0.964785013607694
1.2131541707587663
0.9712812605027621
1.095296956572853
1.1512001614530085
0.716909252343557
0.601215913916413
0.05721828209072145
10.704694165311498
3.1385966884928327
1.1398747047743067
2.252948536581738
3.8132569882356315
2.4335246088189826
0.7629572549282322
0.37760294154729207
1.1397514761722762
1.1130389047095766
1.166414410683392
0.4213317254760099
1.167380088478392
1.0635598728101958
1.7396747133393486
1.963303561233692
0.9518210209775572
2.454271846396856
1.4808469908149797
2.477260236834626
0.9364404205533919
1.6524555535063663
1.2600387076651796
1.1667653735744903
1.0834724033393923
1.1119424818518198
5.1072158785892565
1.05349232485976
1.197069668839575
1.58139501066342
2.261008787779976
1.8322598900818798
1.3856324354005507
2.679603935186513
11.93699183026261
4.292055634850886
3.8003907158184203
0.8883716508223549
0.48537613970300897
2.0117283105428014
2.0270756854367433
0.8141311587462807
1.148188462697558
1.2334698012854926
0.8722940796751731
1.020294454200699
0.6596514014019782
1.1334674827881626
2.557810528316047
2.386588558720429
3.683047149936473
0.7136962973375509
0.4745254113904313
1.1440519463554863
0.328738489332652
0.8556054139140811
2.6815099402491023
3.166206893670057
1.8400830004444417
1.107341236169565
0.5134565643189206
1.1270491484680625
1.1099445987610492
3.338012689554338
21.320886111916785
1.1541471930527882
1.3160910171138136
1.1768849870889755
0.5492731072932066
0.4692357734723567
1.326608914275245
2.8677201893256794
3.086286836845889
1.4167666745227625
0.4193030812484609
1.279463939966306
1.5787584127288479
1.4698252816325639
5.463232574031376
0.7119883939120198
0.8259763200985811
1.0129446154461168
1.2717638932645394
1.2249684221492165
1.2249209088420507
3.63403943703054
22.62017039107171
1.6514170484806137
1.6495816063429063
0.6875925823538872
1.1754745473896682
5.764392679974189
5.622104679931511
2.7573946145314845
2.0858408415224856
7.913903207066844
1.1762662346555455
1.3389050269050955
0.7091088924249764
3.721560329683896
2.622023864322468
1.7406558460364485
118.28546155298162
0.9122469059856346
2.5746076218682337
15.063698326931334
1.3450413405328092
0.5285047873114221
1.9405094029221723
1.3875654192774618
2.852935636765404
5.904963398290958
