0.6690425230436481
0.6065444661028754
0.5651520422442142
0.5808241434095736
0.6383123520461053
0.6875879818584667
0.5320703039508614
0.5546845084807493
0.5821697115413875
0.32630203951728093
0.5830273508924875
0.5665125797569117
0.5617849859477538
0.5664415174915127
0.5277776209978818
0.5384911808571231
0.5636203199713706
0.7055700628016439
0.46080700796702523
0.6646282089196984
0.6105209576687741
0.5396601115626926
0.7140724064885504
0.6124625711765135
0.6480195040871617
0.588302512902673
0.652771390487925
0.6609263354837964
0.5593441957136922
0.6000047129503981
0.5943208867685428
0.34582880912361413
0.4180520352399155
0.6369790521821659
0.6514321770987234
0.6335047797886874
0.5828725456615982
0.7352996138880663
0.6421257030559087
0.679165924759791
0.5074571657334874
0.7308044619764532
0.6721921029472526
0.6836543792223384
0.5766459121651091
0.6108972047106171
0.6420443577066796
0.5495687752775051
0.8022868055638541
0.7323693723149172
0.35862328067519017
0.6136521574033102
0.5864697525349213
0.7016184789737261
0.4896977950372434
0.6191958048064126
0.302171277644726
0.7151677522375084
0.5692141585791867
0.6523532447521857
0.5989363831507215
0.5594759398221385
0.6110205346823376
0.46495039671666083
0.7211806107106775
0.5819639387018846
0.6865623626728335
0.6704053897990859
0.553048813053137
0.666085973301247
0.7552891795968799
0.6564341828906871
0.43143186967276476
0.664607421468405
0.699532550888599
0.6488996707273587
0.6180458020623056
0.6370442099595564
0.6988618024854184
0.5280026915309797
0.5094687848921039
0.5276517054832234
0.5371120163966754
0.6943116387570198
0.6252498304858353
0.6713571544953434
0.3911051023930876
0.6466829385834421
0.5858059923710378
0.6496363180607203
0.5896420556249279
0.3182310821027183
0.5531893273735005
0.5953542609337024
0.7704419815160539
0.6308638511119298
0.6682722267709473
0.6545199273510179
0.6000385720815101
0.32286401987235297
0.5909599704945183
0.6438266579908277
0.512708853461241
0.5785360169691144
0.5258701039508229
0.7054833790194958
0.5583092243872553
0.5984370409095092
0.4904813293427813
0.6497682903809247
0.5599172652898889
0.37532774531999197
0.4032363655156316
0.5956205719826628
0.5456055681374412
0.5712194654090508
0.6289113534335612
0.5114056283242763
0.6933682285838604
0.351547883463933
0.6349647857316133
0.7058815732589957
0.4052236278022995
0.7448399866998447
0.6101691605213646
0.4111007323885474
0.3902352300730747
0.5067318854323671
0.557964838380714
0.6680922952806483
0.5107900599489749
0.6157561498621332
0.619504321938872
0.6782895174852767
0.9723707490721842
0.6307956860963903
0.6657731007953099
0.6210755126381085
-1
0.6287209999258682
0.6185279388068211
0.6622611433227904
0.5656508238634635
0.2943909626312946
0.4117618458288229
0.4873578759164776
0.5935868278796939
0.5991292146213603
0.651940552152759
0.7313660299611309
0.5902146475200374
0.6291491524639978
0.6343001007996171
0.7140442639502441
0.6946028072532113
0.6961761853822596
0.6630238185661872
0.6003514569429802
0.653296332689998
0.6490515749646343
0.6046168354154748
0.5206398505049443
0.9672401425106539
0.6422533337487465
0.311507250156899
0.6841830069181463
0.5857905547870998
0.6239120958692939
0.5231133316908915
0.5311624693884318
0.5949694317731932
0.6334193719278095
0.6048434916501769
0.5889770988110689
0.5977198399553636
0.8482608028513314
0.5852642017884134
0.3836234796317621
0.5780413815204791
0.6487747785931264
0.6644688141647846
0.5723512469536454
0.7219276608379757
0.6872907173554296
0.6738194109693567
0.6424388590485128
0.692075681487098
0.8086169239255735
0.5112480917999745
0.6411038024657073
0.49083021892699713
0.5853133167060263
0.6389118379086538
0.6228311966400303
0.6379377449927917
0.7737295992679084
0.6010227781537121
0.7585072199946226
0.2924717950553286
0.5804494749061685
0.7155971032740466
0.4382682565577162
0.6115534690727789
0.5698992554325952
0.5132812334324971
0.7176964567639246
0.5805084824317037
0.577662114226904
0.7487244282485388
0.7078992015086578
0.9386165485066772
0.6393559564139437
0.6339021005373666
0.5313090460753022
0.626598147876178
0.5921630621809248
0.7036398141753754
0.5957614278804908
0.5914113761401908
0.5733642042195588
0.7136000481205516
0.7316537042675164
0.7038627573273821
0.5107310524113979
0.5861706812655064
0.6216813246176474
0.6899385991983797
0.5457635536122671
0.7680392144995152
0.5371213819459836
0.6692745898167952
0.5517539535128475
0.6182808507613516
0.5843743238754263
0.5753404579362227
0.6594738987374549
0.6784108491986625
0.7509800944705025
0.5794162916741497
0.41161262952808614
0.618538320930958
0.524947423600931
0.4450348600237912
0.7020071269434411
0.6981416548938236
0.6852059049657886
0.639725714430363
0.5911807123586905
0.6337645909785676
0.6880771537202259
0.5715437010455597
0.535756903262065
0.6266352938729061
0.6786924609945444
0.7321592804975832
0.43520432901404776
0.7625539220658477
0.5703133289947628
0.5541548181174457
0.6361074826409323
0.5791400581511876
0.7013570930839382
0.6498312392452645
0.5134350230019961
0.49546650972209394
0.6266389676103435
0.40856732148958586
0.7767039130584248
0.6386910400891019
0.625421335731163
0.33772377751224664
0.5679842137836941
0.6814904659217363
0.6579427025512786
0.5983152417615091
0.6501712815998006
0.8174420547850633
0.6415327222712909
0.5675205939926438
0.5414009551083303
0.5964800034445122
0.748202337824899
0.6049864315917372
0.3218324160016659
0.6373606813324793
0.7594516275132186
0.5190098236739205
0.5668329920762014
0.6442312307179667
0.5642096607909873
0.6648004802744618
0.5631629713346049
0.7740807630327624
0.698044319959643
0.5779349576007519
0.6454475631188669
0.6518245808569785
0.5799413991687155
0.49622398863891076
0.5001320677110472
0.4072540819144281
0.5997178258782685
0.5627561384620765
0.6497801591722581
0.6803304650672868
0.6686552967648943
0.6452406115418196
0.6189977485921415
0.6991688506536415
0.6466541877606387
0.6760068374300178
0.63231914533511
0.6484974677728317
0.596096675876335
0.6276557463455855
0.5405809547684755
0.5912000878570285
0.5876164196195396
0.5449897214782711
0.5772217347209523
0.6729189945362622
0.6650009888565867
0.6918942679242153
0.6519153848035664
0.3489688578538186
0.5832264439979999
0.6274790138363525
0.677875863154213
0.6046682314311981
0.5460551789916743
0.6930604362379748
0.7709513562930144
0.5483958189978999
0.6198756547895804
0.7453876654865051
0.3909942477537154
0.6988072834591765
0.5041638263889241
0.6187530622545396
0.5600054066596861
0.5312843528900828
0.7098766440553252
-1
0.6530565113347624
0.5992727656311855
0.6554309024996653
0.583057268083155
0.45625696452585957
0.5729135000025187
0.5793159764297344
0.49041467772518943
0.6375358823785886
0.5470818137201927
0.5687104085797108
0.603987899546282
0.49202709037501235
0.759634327739836
0.5378690098506608
0.5695413299804047
0.42451913651330686
0.662242168704886
0.8685078617059329
0.6909085329018319
0.6524957139023732
0.619718143647118
0.6545195305114448
0.7134362352440698
0.6343309348661185
0.718682400224846
0.7654170420203475
0.5358133434035518
0.6415492077214376
0.4852381289994686
0.689920783999516
0.667626536873446
0.7245360334443363
0.6222471696209596
0.4922090431144615
0.6927982661505616
0.5844780870154982
0.5533243420499804
0.5912014624253088
0.5795722852996927
0.596692313358623
0.6759386860968353
0.34346486099301965
0.4690863753694178
0.6297903386402842
0.5551688860643328
0.6586594301636587
0.557745507431408
0.615300641414642
0.6714563461986489
0.5192941237832014
0.5859965216131524
0.392131673965175
0.7554334229485332
0.6338623394922908
0.6267243163039147
0.6078257749843047
0.5942560924717477
0.5368160910880884
0.7605925171146372
0.7807793297907086
0.7035924076238385
0.6665110285747118
0.7210171831283384
0.6765187831410775
0.5442354750891428
0.6538646615389978
0.5526763999163853
0.5708823428658913
0.7202789931796156
0.6903399007183231
0.4878835842546788
0.6641908797877522
0.6677013914692986
0.6164001086670717
0.6355079818879473
0.5918540896955441
0.5224951758929244
0.5266282910654744
0.6429252872421429
0.775470128698647
0.6580671395094357
0.6483269418091164
0.5980546077358131
0.39013528304165385
0.561538184843727
0.5795592869666292
0.6309546667926119
0.7051752009896056
0.6036963374628268
0.5529053425889959
0.7103536520379066
0.5937603821305419
0.7252891879529633
0.6069779467889226
0.7189835985034116
0.622601003691287
0.6747237967271869
0.6432304085368005
0.5609216179388048
0.3523842975921304
0.646164337695321
0.5387951829400311
0.5968776259697901
0.4048762700976385
0.4859219371412321
0.6905371787394563
0.4002979859654625
0.5304407657605061
0.7174317511253416
0.6618580255188947
0.6728270387141617
0.5976383427114116
0.49828688380181596
0.5953888689766881
0.5742907871530645
0.6156490333611672
0.6344979319633038
0.6130895598138129
0.6581691052702761
0.28709779962033644
0.5844631095287678
0.6637278945796918
0.33355410875442837
0.6030242445323092
0.36118955571752476
0.506451488433561
0.6206240430841184
0.6473079287519828
0.6132003035058081
0.6240201322145811
0.7130452343533122
0.5917635366704892
0.5869903396280471
0.3353652781117666
-1
0.5880619206391369
0.5177826411192684
0.7783340717742244
0.453455369102331
0.4040478534573432
0.5819413766955761
0.5443365777482276
0.3966080238513015
0.605258800586831
0.553703638471665
0.5337333291624726
0.5785814431429771
0.6227141147641018
0.5487200350735078
0.6094186281608625
0.49017672362436954
0.5663552588345753
0.8305704144973489
0.7256367843554216
0.6195690408914087
0.6193915593520742
0.696086421614695
0.576972888291495
0.5558277130890952
0.655806111837511
0.5977052576331241
0.6159772042034689
0.6031403603893879
0.46800558922252
0.5422086444273089
0.4565373830575487
0.6799171122716077
0.5540355804082797
0.5605924476190207
0.5915909251830408
0.6090031297270835
0.6099285597597731
0.3463489182631613
0.6997761441445634
0.5700965668869543
0.644806858493826
0.6347199939461277
0.6623244690042481
0.5707258667482429
0.6801194030068636
0.5039566086917309
0.6328579979302734
0.5059141166489961
0.6554346991295374
0.8475526219612788
0.6918174139325732
0.5723877281704582
0.4778322948579289
0.5817327200790308
0.3129486102786632
0.5421435713112643
0.5942147249169665
0.6542382050586486
0.4857971241859974
0.5934043932171615
0.6010931427017836
0.7543246862641374
0.5738626656849248
0.8144498886568352
0.6837116755368231
0.6607964242627933
0.6528830069750473
0.6406977375166376
0.40113543440890603
0.723947902776993
0.6071144397296605
0.5695411429022271
0.7336080887532321
0.5699098482160316
0.7265636872926391
0.7321732847789695
0.625695178277951
0.6024665961510635
0.530046251292589
0.7185644503823043
0.44941143628595936
0.49627866960304545
0.6338701745482609
0.6745923790665933
0.5912765483288476
0.7453792700999614
0.6102185408677885
0.6810762544226867
0.6441203496333682
0.7146330219419165
0.651238509060707
0.43893068053259954
0.6042621979131391
0.6899800748450446
0.6491400130051223
0.4847076911891197
0.7601829772170461
0.634954444776254
0.3097786687061285
0.36368900513280095
0.6991236931786287
0.5395215510625826
0.7072538314808705
0.5623256104639158
0.6175488510694317
0.7512005917965645
0.6021990855385733
0.6819910279172312
0.6219268158345674
0.5921594983095935
0.52146901930635
0.6666962612879567
0.6011649572608799
0.5291889212797016
0.691495662312937
0.6350574949425012
0.6299891437721459
0.5565305440484328
0.6720714022086622
0.6545763877491637
0.6337908710278217
0.6355125800101327
0.5945560521666051
0.4011925702237692
0.6839931979803796
0.6762767094591973
0.5799492682995078
0.6892874038925628
0.6678746087452617
0.5968534578111337
0.6172050857716563
0.6709927484750459
0.642141166489667
0.6795303185514878
0.4326341234706437
0.6629146378031407
0.6211616658543279
0.6422543738126919
0.7077697795496942
0.5472747774495815
0.7034957645970301
0.6238094774120454
0.6029442696768124
0.465596117095026
0.5990588617141205
0.46453735207578184
0.4189504158576833
0.6149648614803301
0.5813517700493824
0.6830586243946314
0.6988355017267438
0.581461323863136
0.3888707076053619
0.5347932146989761
0.7668184850793325
0.6227233125257428
0.5812840446751595
0.7945988573605717
0.7341420786474264
0.543105769311724
0.7037908598781173
0.5569013304577117
0.3689524399395828
0.7282313125321783
0.6324222214402326
0.7416874628248638
0.583708662763353
0.5081360915936025
0.6396891907832016
0.7642502302186
0.7130296908037839
0.6839551669842142
0.5638961555869272
0.6089145960874933
0.6740446422086599
0.4806172429662353
0.7620210976800206
0.576102785572004
0.551805471165423
0.740383200036072
0.5116772604065781
0.5869411033173828
0.3462385662044855
0.6526530099519886
0.8027979907238463
0.5590733027841954
0.6056387149707457
0.6214032269488146
0.6758010050120238
0.35525308458285604
0.5727490782305114
0.6311122647272855
0.6633130010297857
0.6950897096271704
0.6351029801692595
0.5864303872864443
0.5782971929476637
0.6441757800637566
0.6886430321103142
0.6468317030067641
0.7201457398674085
0.618842671756976
0.6569521005476968
0.5770875668265044
0.6422422750830282
0.5943832772948259
0.4798677059530919
0.6608832548990848
0.5818285134068113
0.5880227364121728
0.6509630568146809
0.6046185934114766
0.7631319900972511
0.6554503388159904
0.7021718673609648
0.5483106305300158
0.598861209133041
0.5161243110132766
0.387753816804978
0.6337849286536748
0.7151230271349662
0.33643546735686614
0.43809389674882615
0.5587908730438529
0.6162093679190783
0.6797208257404361
0.4743356148458099
0.5717196410752621
0.7642659715954518
0.6055749368812637
0.7456837909444822
0.6763289455621307
0.7035640497603997
0.6230342408722827
0.6220785806277155
0.7030194215783907
0.5609968194939039
0.6627233271116113
0.633498496527694
0.5671544247099214
0.6533296941946918
0.6970704541118024
0.651491817388066
0.5969851696148788
0.6175835465431534
0.6720174509125084
0.5403537441346548
0.6073855721405977
0.6600752288649193
0.37159352016428016
0.6794473585318974
0.5419993618807778
0.6612628184434612
0.7010651319566709
0.54851632505753
0.5678652361405147
0.6526941444228779
0.7510291120539756
0.6471641556396551
0.6949372173012581
0.6443319739124862
0.6222855781268568
0.6503306781967445
0.5695655452100304
0.631244241930556
0.6623854565214726
0.6633723270855268
0.6451209756017098
0.4455886580989693
0.618611545547327
0.7163589753590505
0.3582217716321932
0.6349837546288731
0.556782565350345
0.6254870982112569
0.6647596979758753
0.6616019147492438
0.6348753072823068
0.5722722651055063
0.6181348658421442
0.6366796387593665
0.616345127276008
0.5977186590296937
0.6069162323113104
0.5327716928040189
0.6657086704115058
0.39596337153555733
0.6291157330181354
0.6458036433940708
0.4091128697561426
0.6089975672173125
0.644212285875716
0.6696798332556935
0.6194695259030314
0.589629504032673
0.6171476644419631
0.6267097569071387
0.5791293719231209
0.5830173398286213
0.40475745760997284
0.6009926612590784
0.45504206965934724
0.6377048905689583
0.5874763219876467
0.6703590233073144
0.6430226435231056
0.5816698245776916
0.6346714946105503
0.6185284528922507
0.6657474045141217
0.5928596538220621
0.5040592068077292
0.7131650710117168
0.6969227834810123
0.8087891890511031
0.5606504511817166
0.4217826704951626
0.383591217686297
0.3779534195309917
0.6037411769662079
0.49510089698724347
0.6587024971919027
0.6155502726310981
0.5529734191175375
0.6378776879133338
0.6447342235028124
0.6769742545186304
0.6693535630860338
0.6320305808025946
0.7027760816580321
0.5988333263393628
0.6795699790917865
0.6248952015818487
0.616737498419789
0.6450024579018463
0.6680457923454838
0.6921445568846094
0.34097123151290276
0.6216193655699846
0.6081457986229817
0.6073139142556451
0.6501312142366354
0.6823690600273934
0.6202442168584529
0.636945400506399
0.5205362113625895
0.6088262784203767
0.5538105339135309
0.6668367862624531
0.6881033028283206
0.48399552517465055
0.5636430912426903
0.6062268332736565
0.6195112624761377
0.7164915406462612
0.6761470852115501
0.6432337721064367
0.6989484408653976
0.6165858721335382
0.7033003177000438
0.769983807096065
0.5144730893522095
0.6398930651760308
0.5408239442384148
0.40738642866321356
0.6619174169594417
0.8069635593224849
0.5775955064097846
0.5844158993266368
0.5782488748000826
0.606026128428926
0.8389455936513863
0.5747789518245524
0.62053701503146
0.5106838621250366
0.5527625790910166
0.5888917001982633
0.7941833990238404
0.5897642153839715
0.586071682077805
0.5140604714971698
0.6376001746277697
0.5410347496269964
0.6624982625477348
0.5772321773457848
0.6950112101657882
0.6874263791260196
0.724531488968434
0.5848187276496597
0.567229712632179
0.5742968209212901
0.5244988022629214
0.43020994067611906
0.792084861798963
0.8378021250540952
0.5735118540825817
0.6369958080032675
0.5661615259406799
0.6730990102619304
0.7705731390969521
0.6887763976669763
0.6371426807170915
0.38213777442979413
0.6108249442812569
0.5588807714524248
0.6140883640442729
0.6805282790217433
0.5522943226183701
0.7107875692475192
0.5906246810877936
-1
0.7382324256364904
0.7432294559109255
0.5710862644828126
0.5824067583397315
0.6042126434996327
0.5451208381468887
0.8379597998508113
0.5678513378125801
0.6397315726652522
0.6394792937016602
0.4826309141689683
0.5510650523017124
0.451354741895872
0.5654736481945443
0.6406399735617245
0.5981229624756664
0.6538446950015397
0.6077943403230626
0.4929036073418328
0.5136819395301829
0.6287643733803492
0.6357355865764083
0.6423510859328507
0.6600796301269973
0.6824743973249768
0.5801073524380217
0.5733391694831141
0.7205478717650752
0.6343533262296319
0.6062929870679037
0.34047813187322146
0.5897216447561614
0.5846465662586557
0.5246008242487885
0.5123978303605672
0.7365758456233178
0.7285339555173872
0.6532833384611259
0.5635475062794139
0.5907449814690587
0.6861027688706893
0.5946256207704943
0.8303141141806238
0.6399326874895763
0.6541415901290026
0.5748812814336429
0.49779802760843195
0.5486423106310108
0.6053916900858337
0.6254416884451712
0.770209987584787
0.6034402810315482
0.6165503841185644
0.6543794652108679
0.7845992649885882
0.5462662988188502
0.6721274974908762
0.7123688437766097
0.5640914068264455
0.6157479421536269
0.4991533674130305
0.6668135143953358
0.5385769078250946
0.5726087672493931
-1
0.49647926021312755
0.7291459930517392
0.5324807296610269
0.4189891759623342
0.655868460472387
0.6059765250101357
0.5815078631491335
0.7373135525461123
0.7382125166784937
0.35124691012361414
0.6719918179067361
0.7153807066532486
0.7379218640990564
0.7070040095269163
0.6462077600908146
0.6830838178063605
0.7541677443510557
0.7184063683605525
0.6270225606993768
0.5576859207114776
0.5146839601230512
0.6164616806805231
0.7153849396501846
0.7198247402237126
0.6646970165125428
0.684037595641421
0.5481196998024288
0.36905453622039025
0.6342669163620045
0.6146503752657848
0.7189821711071624
0.6273397805929557
0.5411633244818796
0.5095756954789237
-1
0.613144296482186
0.6101392345601486
0.6681226618904778
0.7316360826236379
0.6688135657405141
0.5756361113515313
0.613448193341111
0.6228966789714876
0.626825501024111
0.6584350154228249
