0.20990184688697158
0.10399082804119446
0.08452667725809182
0.17637329876554358
0.18408311392326762
0.1917326401047728
0.09568565359551538
0.05749713369861574
0.06322882560285809
0.08906384988737973
0.13763349317538223
0.11366301632153276
0.1711715339665817
0.10255192175437737
0.14948823448391563
0.10581003166478029
0.2510129456357127
0.0986325080410436
0.1873270812753621
0.17162680341888578
0.1306101013402337
0.1748746471683313
0.12981762794551857
0.202689147845952
0.18964181507684147
0.1127108376038904
0.11474363889345611
0.08902989892608383
0.08350404402253951
0.29312972496423734
0.07166874793950113
0.14212619960844938
0.10365115369694634
0.09020380461964467
0.09171371373619998
0.08815159777132436
0.1176451312921935
0.24374320664928434
0.03537775729486012
0.10890262702340432
0.14758684498444916
0.30829862094512506
0.2886205416708272
0.21136185194217005
0.18640688014273052
0.14076036523224864
0.20664859406900563
0.2305332081051056
0.1311871748052941
0.13187037015722822
0.15525945423239895
0.28164221189286964
0.14939845598791296
0.13041695085401808
0.14547211407963923
0.18094258476437033
0.17092036850734404
0.3368147809698283
0.16833830094205518
0.08595233909115294
0.0896691954093212
0.1574992799787352
0.11143943781055815
0.13600985373082344
0.07135356415273761
0.13425327231514844
0.11784499582386282
0.0993329494217892
0.2870262740933869
0.15916296280664613
0.1260270085147523
0.12068239129822998
0.22077429705510154
0.15932734981925484
0.16177199301579068
0.24438877440837187
0.2486327611592045
0.15734981116944932
0.0909100181121708
0.12786093320201158
0.13194549344524603
0.212176039827186
0.0975550066051127
0.11490125706072087
0.15121234963477295
0.07677902070980354
0.09633345191085393
0.10308174167813328
0.1320025231729244
0.15453108764808735
0.08476214730408503
0.1476096894227338
0.20433780104826643
0.1576812439640548
0.17920737964446565
0.15861106850294926
0.10615780190569601
0.18257938259712808
0.08608950179969277
0.14469965121225353
0.18667811421119818
0.06251650565701818
0.1068559538631006
0.12523880318176467
0.09308854483039741
0.17828567997225223
0.0858955693555033
0.231306946334001
0.05609846899490894
0.0979060178153915
0.12375150722776415
0.11802477870029317
0.07965664180622795
0.041679831260555904
0.35041270179395934
0.10853074192795752
0.15715099601669924
0.2053439878218717
0.2644302046698529
0.20483634583171922
0.23128776875116275
0.021412510530702363
0.29103495782528815
0.1536976361664483
0.19915955805373473
0.163617983078826
0.2731870110988239
0.10638190035761694
0.16581196030378828
0.0752940767860388
0.10026688149878873
0.12554042674983382
0.16288128101601712
0.04372380395663077
0.3023753361150948
0.17170881666315416
0.11395192969217689
0.158875640225946
0.09290547042980536
0.17643783797787416
0.13622797021633623
0.1342386865440656
0.15783427719387372
0.11713948316084971
0.10557517572793584
0.07170370600279706
0.15296348798981407
0.1754615871963073
0.15564285512715115
0.13943665737352212
0.2607071169152711
0.07742279148349386
0.12113458192928857
0.25426934097692394
0.0615248735956043
0.14081924687921488
0.18871208334357528
0.08099732254524002
0.14077555754096657
0.10684130122727366
0.15115441231218735
0.14888866511528315
0.1682075955999478
0.13917493879935466
0.16307661925704287
0.1463791861047709
0.12257825309645892
0.12265026975594465
0.14783046592826915
0.1397889259002994
0.03325594861408847
0.14283933625243875
0.06777229649049443
0.17793556780216394
0.16280603364720417
0.0887416034070764
0.15316914496883893
0.08166505649724161
0.11992120414675701
0.07475316058180861
0.17686611672280284
0.1991910093081233
0.08142745836904762
0.10284487543303851
0.0692619068449063
0.12929466386342464
0.0443938417954521
0.19303952066555424
0.13183771282400725
0.13830986150501481
0.20630413936713682
0.08877017737254543
0.2634280972222831
0.053580265451002425
0.10552004986072161
0.22400961801187436
0.26686681689035624
0.1551484200344614
0.23689607430068457
0.12123697574128102
0.13134045165873812
0.1380281953523463
0.1570319316857941
0.12326888331667227
0.1496671708450164
0.10184910289692328
0.11449078710887965
0.1003039849436452
0.1840039327588228
0.20425059509816462
0.03820324513148112
0.16091721065098186
0.18912322781819949
0.25791237236971665
0.1640779828255674
0.04260977905798627
0.2987458462233277
0.18761411646765627
0.10547728815037155
0.20384687211121444
0.1483702416347145
0.07324289219535891
0.09144394704423868
0.3265559159843319
0.2358683488934775
0.15495446851549313
0.18464595431883213
0.04362086946966137
0.2093758377210707
0.12204197652947862
0.13512429095445316
0.11360545352397318
0.24909539338763
0.18353780129991662
0.07116470125617438
0.07744320725593276
0.28978360180741247
0.10601038671762153
0.12319346433520345
0.12195600498737554
0.15385570942952373
0.14438109746802694
0.2134696353648251
0.2287547603269333
0.20096577420811435
0.11823564847157182
0.2148040637369293
0.1509903112177922
0.22365564751357564
0.13774975169898415
0.14462650326683038
0.1783847744414205
0.03573947889835063
0.07734328848419143
0.1782136968233432
0.07463539380059177
0.15650581975886282
0.11437831943115588
0.13363068941344144
0.08765163425279893
0.14990634492001145
0.14895270910256223
0.2877169361434989
0.14920616202010112
0.12697712095900232
0.09607185792727463
0.22670784159863214
0.23162599764261826
0.18425869106170803
0.16597987500677647
0.07894630350157632
0.1287808583928637
0.10363457915450423
0.0999802634135664
0.13749744025357316
0.15089392195206902
0.20355537792656025
0.11547346259854692
0.2138884782480153
0.28310846238242815
0.048060606935166034
0.10442243347349658
0.20551399631381712
0.17339278570374944
0.2750179312463871
0.15376355128219146
0.17938779573559474
0.2205495729124047
0.33620058081895826
0.38582000738716304
0.13339108005752098
0.15799084468319702
0.26767989851893476
0.08503164732576136
0.07329586212569199
0.15423121935010253
0.08845801604545504
0.06979571835442956
0.0824767822869745
0.2170562923396923
0.084332756437778
0.14369526983968614
0.07409823113584538
0.16832340046385996
0.1428569044381753
0.08886501020795795
0.11255724750389959
0.18681959328319192
0.1732389760083323
0.1764561345626161
0.13503801328777773
0.030020042636618526
0.10846453724891976
0.23134441406772496
0.14939188800950529
0.17311867858583593
0.13045195257588216
0.3702089316100636
0.20854996292269543
0.20425131097618465
0.2662508547491179
0.14631113396426637
0.19106352991933526
0.044187390126565
0.14185501041663395
0.14134738613736395
0.14170423334225585
0.20970928266578423
0.2028709620381711
0.14734545732105903
0.33475401179252856
0.17580928423694267
0.2052874717185924
0.09671106696987888
0.1662567191018566
0.1195399665092455
0.12377930738566574
0.17418830646572347
0.15749895841687192
0.15438192940150963
0.04606970678079463
0.18375523964104562
0.14711570397012605
0.12842477404567307
0.1252474337416416
0.1369623980501929
0.12602746072666748
0.3177763443753115
0.07563640496548596
0.27672638074974915
0.06043016573037686
0.17751384898884381
0.03702514454612451
0.06604969288264859
0.1666070223493136
0.07616210809631835
0.10064870745098116
0.11070131348102544
0.21365079551809824
0.15307122159713218
0.15343789971640828
0.3082681109896121
0.09139498262765529
0.2001582033430098
0.09778746341150976
0.08318988511722997
0.08368292512296488
0.07122095042848017
0.07021066946785214
0.1800269857206088
0.13659448814781175
0.12350787599108398
0.28831918114107763
0.08768431589937195
0.10704984662064077
0.175077874049548
0.11382725422088484
0.15923038502879464
0.11075747717832973
0.09675435531936492
0.07447586912720032
0.16455781207295078
0.16097668015892233
0.28327108687597063
0.16121069204245575
0.11485284775933553
0.0841063295778009
0.1751019826521133
0.18570808204203731
0.12966278855903182
0.12012430547139306
0.11504813977565091
0.15164843803366473
0.17882612396647546
0.1747256037632668
0.12471480370380057
0.15771090250593772
0.1560873603163274
0.2349528052730762
0.12714922472308188
0.2002549960623642
0.2993322012775537
0.16090501101407934
0.20995935010238398
0.13079709475252652
0.14232078359598943
0.11377895298638331
0.09790527420463659
0.1431404903108226
0.058114172362236184
0.24094339320890495
0.14442754020297793
0.10300628006607285
0.14748599710829347
0.17013333510239237
0.28009345913372474
0.12967242209318158
0.14303207413115823
0.15023572709160493
0.20561973830714217
0.08952853516737824
0.1335098878523206
0.19967352635437152
0.098310906311862
0.09170417741250854
0.2181409155664849
0.16395337203541285
0.09926470733875375
0.200993721253515
0.12033605265668677
0.054931624399956275
0.1745142731758693
0.21291076185559749
0.19879869643810416
0.14912599822501163
0.045245000332304476
0.2679120787289449
0.12818769507402117
0.11630386970180566
0.15367313442556968
0.13516864557264735
0.21834737559669778
0.0811503485036848
0.08776808944119174
0.24709754961800895
0.2138303074076522
0.19212302973571774
0.15223068892092007
0.3062709071212358
0.05975285780101076
0.09450640003731953
0.13316515131031814
0.18333274724633578
0.11504243506088024
0.056604068229872656
0.13567216470603338
0.13372378178559952
0.2458291230786555
0.08610176500020707
0.1504315727972986
0.0725971714904645
0.1719646529590293
0.03808527316281784
0.15476388818424258
0.20436542141256556
0.15439089573681178
0.15945364614711058
0.1592163012224855
0.18031147975995793
0.2029038763018892
0.2247006291553345
0.10981619960011528
0.1439488887795387
0.2166411866097062
0.1442393604951845
0.1236898953348455
0.13025813521134394
0.0729488270978306
0.1336005051404116
0.23074484568672557
0.2946562317932038
0.06945774107208953
0.09218846073318085
0.09506685341514004
0.10535807385699376
0.16768564332829616
0.10117235656410484
0.14182305131239115
0.1256548921731463
0.11386632130802508
0.13171760313877895
0.10330598989827396
0.061650916861358845
0.1450922761822751
0.13149837639348627
0.08237345382588336
0.2501096969430377
0.27730613195876197
0.1435759565890944
0.2957463765741527
0.16985680617696974
0.07464818485671389
0.11961683021870527
0.15345544676821674
0.05367021660010087
0.1669998700423193
0.08277674811241321
0.11363827703134079
0.19828052960128184
0.17196280596591307
0.2544011981184463
0.19723494261956973
0.2081703887098795
0.06639654691822088
0.16658485789777036
0.2900021314149844
0.24552544889690445
0.14069943381912864
0.16179585296643906
0.2665253535803123
0.2143569739526982
0.10954117446640912
0.10820410383280885
0.1302279520577792
0.1872063002547885
0.20536790010974848
0.11661562245842746
0.06221585294333571
0.14243239221528803
0.17211971461322384
0.05429751533409481
0.12708460733379523
0.14871776555069535
0.14386793304441178
0.13471706318933388
0.20268563248866367
0.13030457363715459
0.17411663369530617
0.14496493424456922
0.24753302415028364
0.19597654824197064
0.12115509086816216
0.15956519156648424
0.18996018667431352
0.2893390164154251
0.07443080286171881
0.11198231971444596
0.17291288524871146
0.1015194510459565
0.09160070527189335
0.1699806698908889
0.1408419162393671
0.19799935153735593
0.1391731656460638
0.1607174816396741
0.1960945234723268
0.23937717031631775
0.10350030342801432
0.14470160298566798
0.17145465918824873
0.1352782032151899
0.2547936940693581
0.08504428398588247
0.33712610277299426
0.07949186213007518
0.15427386614199692
0.10962582250894964
0.14320883318208844
0.08150156003286924
0.08363766793622592
0.0978947149093865
0.11836746735916547
0.12963366672547696
0.037950652779408324
0.16339312819373872
0.12788665391267273
0.3128785078254592
0.12911694220557174
0.09357113485755185
0.15826063563521076
0.19446339958488343
0.10532397804831098
0.08785868119843825
0.08701467957975416
0.1561925932457749
0.1323180913203548
0.3514202047710643
0.04812393626208965
0.066569295994513
0.06177133964874702
0.1768301047446225
0.1556233024594505
0.08720025328774345
0.1556371618773554
0.3298047248476603
0.14113447106122673
0.10675215857013254
0.17747138173798596
0.0986217097266574
0.2573148732408981
0.17582816964418685
0.24510575563294587
0.1484794985604002
0.14302739369757636
0.0989909329547423
0.09907015166502453
0.1291199760863624
0.07674857040125477
0.10708114720507995
0.08611287263579341
0.16496449417390413
0.1335915676086072
0.12128105869792744
0.22026002451011076
0.11936777157661925
0.2170158966059285
0.2142619875274419
0.23770044720458094
0.224603918559865
0.20863171820892065
0.10008645281484134
0.08608869911660265
0.08751954254490076
0.2350829944968694
0.048342279311953944
0.0730657222792424
0.20603759554247228
0.08250560405856136
0.19820687450192045
0.22842036168042265
0.19334927095277646
0.10741803265587997
0.20015869843350081
0.19855180201590383
0.14399956448060852
0.08841957050163243
0.19195265289906668
0.06866467190355274
0.13221966204918137
0.27371834847816373
0.28923432620059847
0.11803902437535148
0.08877157195085889
0.1159934042262239
0.25879726186127555
0.09309028583222588
0.1377729385116004
0.159405419219331
0.23964758708035
0.16694713402567932
0.15116799957597885
0.16519662310414326
0.11951702062650549
0.08666244559189161
0.11989776804873183
0.1685259169068689
0.10614804723061518
0.10000469221414984
0.15776927798458718
0.17750259488832199
0.15954558394954074
0.18945268687074757
0.14779607563961317
0.06822581347486469
0.1271747674718644
0.11698950501792468
0.18267045311861826
0.17618938982515717
0.1422015725888387
0.18576401186293048
0.09387837901293891
0.11264197952742226
0.043708976493652164
0.12208283063976899
0.13471087831182676
0.21941222353724577
0.21527544818985614
0.06808595161052974
0.05608527395272992
0.2140977454544795
0.08943651735568593
0.2289429096342152
0.17773560227751797
0.13344441789185985
0.28190223249377994
0.28277053900484195
0.05590998291519769
0.16376650107059
0.20272830913497453
0.08664626052170621
0.084597454765039
0.19001869506480418
0.09475921348257901
0.14057490816430881
0.05597242531828272
0.1358644345463502
0.16724524754639444
0.19123479745292346
0.08345767625685506
0.08203922992491426
0.03281590202342289
0.1562806009548237
0.04704634027351993
0.05243020860491602
0.14306001695022624
0.2455171906011702
0.20204723489598111
0.15671543418380132
0.09247419935469137
0.1798119422738761
0.08880039770135692
0.17637382641017543
0.15088300802376833
0.047445400491225156
0.19004450133803788
0.15247870825743512
0.19517941484902218
0.12712479280753408
0.08832066676277919
0.10414833083068889
0.059472035106962445
0.15453536852104088
0.22048588279889716
0.11554579528638063
0.18521060425246352
0.18736446161368286
0.025440410001760543
0.06263371914589595
0.1295720757590264
0.20681689273180728
0.14129249876838165
0.09116345996704638
0.2780566912917719
0.06446369360355948
0.11755925508982844
0.11841865969609888
0.09142615116210383
0.12318585933895863
0.16393499987396115
0.09591525505365614
0.1771797188693109
0.08451205995938252
0.08709021762064108
0.17152931436570792
0.13288288246617688
0.0998826299159191
0.24288192690798371
0.12361852963884949
0.18174588808814315
0.19489438589339134
0.17512887530117635
0.10536093434011252
0.08732468136196161
0.18565802926973596
0.1580181035679655
0.0872958244330869
0.12906205435613294
0.2005725997615306
0.1260221382801249
0.038177271019660924
0.132997493570708
0.28027968183066004
0.24669090413297018
0.14190252041661927
0.166360105029926
0.09582637591425627
0.12223219321839379
0.1260539867913095
0.12653957587811845
0.12098494724367964
0.2890188885450282
0.24848381712153544
0.2792100710808969
0.2642753517270623
0.12140309002900908
0.2814994894194035
0.13314323823398594
0.18423405096798315
0.1771722530796479
0.23983534050874056
0.0925258757946529
0.06593800839750046
0.2902415398399291
0.2828453152794373
0.11608021489384131
0.17604122027339358
0.09905245739945243
0.1776169692424203
0.16611830414956888
0.14566190862697495
0.10526709824508172
0.09833200038266961
0.12185040174565957
0.1670912279760071
0.14965507795185948
0.06936765997067951
0.18446393808073244
0.08341164628554851
0.06863399107595375
0.0802203213745466
0.19677111958602503
0.04422062561572788
0.07958138989106009
0.06692028812344299
0.06635265333954962
0.1294437294807857
0.12964475439630382
0.2360777219016758
0.15234461480516984
0.26495893163938505
0.09991833048583931
0.2748570190693177
0.05824254834364576
0.20152212383675666
0.1477216662561669
0.18294405442846456
0.16252717428877195
0.06768494212511192
0.19171966713044175
0.16804801504045297
0.06875054680638662
0.13634039242774884
0.0951366248125427
0.04862069049545787
0.06940427579190996
0.044174876601712196
0.10945297000732307
0.13002324360545428
0.06771508592286556
0.10317752447450852
0.10320361872940348
0.20464846194318348
0.07598072481318893
0.17434632885927867
0.21890903488046906
0.1641635444043156
0.15434833251620916
0.13028910724367795
0.07837538682600265
0.2441917319222989
0.07585826554127838
0.23518386220384552
0.19815292959656408
0.0408739306303201
0.17633663404980995
0.10808475503042894
0.13841478260546763
0.16991355074079253
0.1582787295701186
0.07822045235248516
0.14859331366941195
0.1518089047937203
0.11016571944069307
0.1303204560447972
0.10466229782538854
0.11933663053265244
0.08279338885511657
0.11715384320222334
0.08137561208992307
0.19497037908642514
0.27004668005908056
0.11622138786985936
0.12573997910490767
0.13310002565012471
0.02583443240059493
0.12092675117243341
0.056491262367854636
0.16226462864481644
0.12238597263453802
0.09719179863129361
0.1522216200002161
0.14657395450615995
0.11007584059933752
0.056924919666301615
0.19035640007441212
0.10581431944674194
0.05158464385837315
0.3193367709991569
0.20636156410693335
0.18341439414209784
0.1240616464287215
0.189924727936164
0.22917150318058724
0.15845635034372083
0.10321416422756112
0.05618778072324645
0.12627729771004498
0.06534639148029016
0.18944193913394686
0.21152194033124028
0.08704435014507428
0.08564072187475341
0.13758778285430567
0.06288954688393131
0.1358031909686633
0.16474165777946453
0.2565490800100198
0.18262931989507927
0.16692029768473207
0.11150882572657637
0.062234495914973625
0.10087168609765382
0.07491032771405605
0.21433578738421494
0.2146517157713382
0.1537304156953416
0.15460268674254363
0.2264077165690673
0.06832119742688879
0.24875655161373278
0.24107172701237942
0.040996320295250244
0.10686900400246725
0.24981391125314936
0.12957620692809693
0.06892829979528409
0.13990010014183055
0.18068438918198076
0.15471250588807403
0.17920649489118437
0.08237223428370105
0.16745391836616588
0.16871222382738946
0.16061340286648065
0.18429411819041544
0.13998563843716247
0.2594351947210541
0.2936193570389551
0.17094270012904514
0.04651045370749558
0.1451023811798367
0.06297635056303463
0.19064228927244772
0.08919943915598082
0.11008297764493628
0.0606140163921977
0.055220116270390286
0.12699751596953127
0.13447187067718577
0.3587078741140563
0.2333302255080616
0.16219593833502727
0.09136653355440759
0.21765854804417986
0.04837513158995536
0.10446811642804835
0.07251350668170219
0.09335534132407937
0.08957632719203652
0.09521166292778563
0.24134589303781356
0.19294781835346111
0.28206604555812825
0.1849237782424134
0.18893516043716216
0.11807997417569481
0.06100900263580972
0.15115881458786778
0.20967110651048187
0.16754801875941994
0.12514261066851531
0.07246196027497713
0.10885775410318642
0.10069000067722451
0.18838267503928322
0.14204154451927775
0.17858836465170516
0.09401495955796356
0.09661030028254905
0.24342134840641352
0.08090386279225073
0.18339732120138816
0.32155620822371256
0.06505715818004106
0.15463868150260404
0.25421294541889977
0.11356327804193589
0.13333190911576615
0.18332011110169005
0.08455493381451955
0.14167027148977526
0.09890711867197215
0.11466424681817046
0.07602469176059608
0.19346863508678958
0.13845615194808875
0.3150014147991048
0.18259251186498202
0.1870139932824601
0.25811677622404405
0.2703226077047438
0.13921400406725842
0.14823999723268935
0.17493840883423487
0.1679302045366735
0.1137442496400661
0.17413019850524095
0.29851012878377325
0.15118843831571735
0.24507339402269968
