0.6472498493390002
0.6203439467031382
0.6353190900294213
0.6287832068518616
0.6800920759174961
0.6037167667601819
0.6360765813466203
0.6485008336149827
0.6579115923285684
0.6660746428273421
0.6570980047226465
0.6553034319370301
0.5882254799318357
0.5371757755156801
0.6886832277433363
0.5599149955734736
0.6700500198666556
0.6489356478875088
0.6053229624747241
0.5384025382952671
0.570783317485237
0.5640644355277568
0.6522303021494771
0.6120288250052175
0.5967868651630646
0.7015744363754354
0.5995552066570435
0.5791520306633345
0.5227411827467247
0.663894901726125
0.636307717556945
0.6255997240615798
0.5942041780604154
0.5961029242027174
0.5866043532033405
0.528793072087056
0.658044277544725
0.6270490916277996
0.6360179307521402
0.6294096703660521
0.5419708407421729
0.5943715477107594
0.6210702876581324
0.5744950294758442
0.5958579353376309
0.6465666010369945
0.5533171240708622
0.5937928507010742
0.5968905790743944
0.6047509855298239
0.642647886160011
0.5881732681177431
0.6051970903681674
0.5020118116734715
0.6251743031089959
0.5836088956383959
0.5146813061077549
0.41457651098503046
0.5468311760495281
0.5867300967657743
0.5649947704451461
0.5418726911479275
0.6240507207292115
0.49151706661754224
0.6236826684225941
0.5826268467863939
0.5902393495184496
0.6480423564744952
0.6473874967515811
0.5897719111557105
0.6171351047525128
0.6352241967988062
0.5399818423322986
0.6445897074372031
0.6724174935181638
0.6936268057652062
0.556694891925827
0.5493117332965363
0.6053796399288711
0.6125782560966035
0.6264475407239619
0.5936631199828026
0.5973298367054226
0.5782217357043663
0.6131194481892671
0.5667749702050053
0.5917378534051507
0.6204326333239268
0.6226395435473058
0.5248062809337625
0.629399637689028
0.6501586996162149
0.6343402830863034
0.5829153034645753
0.6286181327070137
0.646585274860731
0.6594298322560213
0.605356702317112
0.5785799871528597
0.5563049742643247
0.5365249626657249
0.5810501948303669
0.6718677655019353
0.6116691741671174
0.588947878063956
0.524092173922946
0.6263338043224739
0.6582471168086298
0.5505744353867148
0.70487204197167
0.5703587503298073
0.6483740033072515
0.6672536786811556
0.6271855895022594
0.6237559709847753
0.6382823075740418
0.5700979312436951
0.4823416817951426
0.5947075915997361
0.5425763270176356
0.5915729915371588
0.5530139616227892
0.6860460702534371
0.6596278568446965
0.5624563297948174
0.616830198846687
0.6893754610773127
0.5991164544394334
0.7033623276673815
0.5890421211413487
0.5669065002925888
0.6665809795672419
0.518047120491394
0.6198000937101376
0.5954367936801901
0.603726022325048
0.5524769356270158
0.5699143650677567
0.6461497303173455
0.6533334651954075
0.5806821738696571
0.5723673136907899
0.5729473288520467
0.5024712601799994
0.5581612847470824
0.6110913832246669
0.540578644129557
0.5395656031181318
0.6029692802315321
0.5658587052482562
0.6614618456232794
0.5768566148354237
0.5988193176506392
0.5211971660464203
0.6809035067410418
0.6820802869723757
0.6836223078176457
0.698296532907301
0.571066673790604
0.7032761006170697
0.58452675717486
0.6787896799176367
0.6297197723300206
0.4899477684915645
0.604334461048839
0.5920041750689183
0.5943132814397836
0.6564922360266648
0.5821176425268526
0.5980614984761594
0.6195241797901074
0.5553569835437718
0.5844898262727106
0.5958533184011281
0.6281545795011103
0.6260049301168529
0.6337967095439383
0.6453338422800817
0.5161084641673903
0.5170780217757942
0.6900030468250652
0.6612211993456054
0.6055516796769194
0.6093058909935609
0.6395623481184034
0.6266008862621322
0.6941394628664227
0.6366988317712068
0.5020721402617311
0.5902671800621119
0.5542826330373175
0.6092340309637201
0.6812412814083715
0.6019696242142318
0.5937664830636253
0.7078979784714503
0.633444243148553
0.6071373824922099
0.583189631683869
0.5292932479516517
0.6426583077093697
0.6962161349648188
0.652799130267248
0.6270477531128974
0.6526223650760916
0.5825456221159853
0.6191752439331268
0.6503684913107202
0.6500105100084981
0.6434164880385105
0.5851171381055518
0.6615971967325698
0.5951028789906223
0.5692141217271824
0.5946730412861657
0.7261784897863166
0.5781627364445238
0.7139961729277468
0.7058119615630151
0.6429613423363446
0.6468617589942288
0.5780585511520893
0.556739670512517
0.5902767550276871
0.6252685966013999
0.6164985176143135
0.42615031831185934
0.6481345448931131
0.5299310101565889
0.6536629301252657
0.5377382402047414
0.5791557434583419
0.6869873351797563
0.5332041458512181
0.5974173696621862
0.5696659665730496
0.6528338864468075
0.7054460143423422
0.5535203843368008
0.5990056214515485
0.6273029015078472
0.5085551028855821
0.6140568026563626
0.6110863715060456
0.5877511280625387
0.5708585276244623
0.6108490706264659
0.6433394958091107
0.521171705434308
0.5890140682003913
0.5673344966359251
0.5896957411321854
0.6196476241346408
0.588226643241291
0.6535920751950862
0.617330602357305
0.5869513904501685
0.49097829990291664
0.6579981806969523
0.5658171612143541
0.6078407972023187
0.619952349279917
0.6643150163151832
0.5917791700186691
0.585362773641761
0.6244268738648602
0.6095873886750955
0.6692853909792031
0.6492610780660688
0.6136966725527297
0.6900380158335666
0.528936878815492
0.6443042174516853
0.5816154117500323
0.5774925790950157
0.595333931163361
0.6079405672636584
0.5717335693995412
0.6226489086311726
0.623139630334166
0.5290789574983799
0.5615280996694518
0.5722780416895734
0.6194580323840717
0.7063918233420898
0.441770688191597
0.606303787199215
0.6953396472865832
0.6079654997813625
0.6071815461743054
0.6466829757091013
0.6226151259110453
0.5563279076030416
0.6619251889721534
0.6294322115028528
0.67342573828998
0.6975441861204658
0.5368108640579374
0.44925090602367423
0.5526924922654526
0.6448276707257836
0.5971989661245466
0.6115375235150222
0.6638405908805688
0.5919172535031214
0.6219205011352262
0.5232276506639224
0.6609544234312744
0.580186683994035
0.379476030421842
0.52537890357177
0.5740039792301211
0.6362771556312404
0.6075938528809897
0.5389401512763089
0.5812058808569637
0.6160431184233635
0.5818993817890883
0.5423267693401184
0.6086681532660688
0.5188116263856526
0.6800945860942793
0.5954464778243748
0.6312507765179012
0.6617723489205427
0.5655495789907382
0.5899076584788842
0.6337714965898135
0.6101369608625014
0.3873263386159571
0.5612071117834512
0.6107116730129942
0.5937597959713432
0.6521196445950843
0.4997518577814884
0.7010429612503242
0.6956297085012675
0.6060467207868596
0.5984525499627722
0.5791058723527271
0.5727179726073378
0.6197424457499121
0.6562442053992182
0.5123854378862298
0.6053947882499428
0.6103855568595947
0.5254447988477372
0.643711400097903
0.6204276290619803
0.6019605277397282
0.5992030454211981
0.6405544556716006
0.6055019200660869
0.6201072480129485
0.5844824097154323
0.5863282078872334
0.6145542651736104
0.5577144409929092
0.5547786150567521
0.6671087078118363
0.694673917709807
0.6647014785671024
0.6172416547339126
0.6674185590594691
0.6161097717277539
0.6255385733833301
0.5221965790044399
0.6055694898410722
0.6534325038792393
0.5704657689935468
0.6769483394265333
0.5789762154994709
0.6116210292046765
0.6022208933459767
0.5516445453990902
0.6429083959439993
0.5815168913860906
0.6769823949332074
0.5441308955875346
0.5294461046518292
0.6064742885700255
0.6389997942791943
0.6367614977802496
0.5993459368315824
0.6252909008598808
0.5665588486167238
0.7206808009123571
0.6546994276727767
0.5597513079894924
0.6096482757411803
0.5410713675243095
0.5429588676108671
0.6254702928998628
0.5933447763579723
0.6223027044221432
0.6516442373262885
0.6633769313071132
0.5621475709598792
0.559263447113281
0.6312039173873258
0.5652364023037584
0.605231336503443
0.5984693752454388
0.629092646494769
0.6083514378347177
0.6062839774689325
0.5884442043402833
0.47398364629193757
0.44691513448771264
0.6031549800160619
0.4971821888391341
0.5967364709482796
0.585417174964045
0.6294176438489085
0.663003670141361
0.5823507642722813
0.5919468075417795
0.5932730369662784
0.583141281265402
0.6023812008432794
0.5912903206453262
0.5719362760713685
0.6256434008055017
0.6088663547185424
0.7449033271313437
0.698594369196925
0.5488982713228805
0.6192726018477817
0.6335269972523574
0.5901334220842146
0.5884308312760091
0.5545170191779087
0.49733991386702153
0.6051827587058305
0.6583951543402649
0.6607158358443571
0.5818143827130685
0.5543912491806017
0.6585686704304601
0.5124067099336226
0.7454716325435669
0.6139397966719644
0.5977331319912073
0.6075007510049801
0.6479249636151361
0.6039948253572716
0.6676202705345476
0.6102425023811545
0.6422495938408552
0.5377875545021522
0.5766490338692242
0.5593137192636589
0.6211837087946745
0.6158609075975563
0.5984782468463183
0.5599803236155607
0.5885073469560339
0.5438203676815232
0.5792796522933961
0.617296947147895
0.6691756039736723
0.6517727262239867
0.591585366952316
0.7087570944062331
0.6215480568279783
0.5435014359511436
0.6185182883153377
0.6490021772789261
0.5971395447855916
0.6540580776200695
0.5249663118999788
0.6378798410223362
0.5068281695493295
0.5854232956180736
0.5857388147874135
0.5050856306878768
0.672002555858608
0.6597299622231346
0.5229711539992487
0.5099736629717202
0.6261562579343585
0.6420915777780777
0.6383223201756325
0.5919282043251528
0.659739214173771
0.5982455084541782
0.5641141589914882
0.6494618378721118
0.6806050828860228
0.5675634297654615
0.6432095186870734
0.4861848469758179
0.5018141676908725
0.6069819441696952
0.5797555777473942
0.6223847778993651
0.6197063280179443
0.5869962780717686
0.6058657278668027
0.5969344187310955
0.6141489870905382
0.6809462290204563
0.5544762978247557
0.6523624332546307
0.6571603395483874
0.6757799054488696
0.6205833227531508
0.5877273099367117
0.5915253184607672
0.5313853508672562
0.7085425920467432
0.5941459170310641
0.6682215235789619
0.6586771138311913
0.5797950927230756
0.583658889844342
0.6250984973196283
0.6172435549128932
0.5356972850345381
0.684353668304842
0.566388682017289
0.6155236034701062
0.5892789016013089
0.6249459377128938
0.5351784021780029
0.5697866304428103
0.6608785659348164
0.5716916340341964
0.5540996240313069
0.5558955910062482
0.5135151826967604
0.5349778068372166
0.4902213454334413
0.5645497882087515
0.5782612901959008
0.5955159941213708
0.6392197088195215
0.5358391665135789
0.5649646588223243
0.56591965672206
0.6294629370722323
0.6127442672911982
0.6318612718361534
0.6716423562214223
0.5149745932871267
0.5804708359509275
0.6694877130083138
0.5518943281330877
0.5727303972701423
0.5782031838754258
0.5425868113386547
0.6662777669492146
0.6331122882431311
0.6214583004490801
0.5843045227130544
0.6313111811739587
0.5946456572690451
0.633900356330014
0.6358771243596163
0.5776718058462996
0.6113811886659507
0.5917547064432405
0.5717542141646703
0.5479050086391466
0.5861265713988888
0.568870383736735
0.5370699940686184
0.5951369961314412
0.6810801603390758
0.6593932728955546
0.4668154511323881
0.5828559992938416
0.619812100349898
0.6389636683593088
0.5430038130787884
0.5779673944925585
0.5762549594115237
0.669890963743328
0.646450686054558
0.5819437252769156
0.6240474862607207
0.6531983922134139
0.5046183835828568
0.6537642602008567
0.6429293480614509
0.5693379793499848
0.526133519688014
0.5622839618012634
0.5914251706077964
0.6172833734761958
0.646789493561164
0.6134415859843717
0.6487672484300017
0.566774458994235
0.5629186488792843
0.5482387585078832
0.6556588898400241
0.6230284465239742
0.5933498086366549
0.5638762132346591
0.5843881519055578
0.6482420443503863
0.6396001517369161
0.6006907034254145
0.5508389414154155
0.7137984250001095
0.6444078083709012
0.662474581016335
0.5367803940761158
0.6712177728454362
0.610335807822605
0.645620042331301
0.5894731325356662
0.6141403303156989
0.6219073593445987
0.6762724346783344
0.40654313826852284
0.6450934662047
0.6442369775665104
0.6142854268091921
0.6320279560673918
0.6307700101033011
0.5703237805096055
0.6090545192509225
0.6971313463428545
0.5649527691423849
0.5867418598839989
0.6745388556752697
0.7270059021334065
0.6898451786519326
0.6155606023811095
0.6295144044165077
0.5987559621651212
0.6947780196077576
0.5461267334751734
0.6508339773797686
0.5739060134001922
0.5969689398286291
0.6044073982106248
0.6466754216702695
0.6021671262359969
0.5217288821264547
0.6091197463088386
0.5768773273018926
0.433447666672709
0.6520660201905678
0.5772954928433006
0.6205676932416215
0.7311582916816379
0.6182842458550922
0.632189892287142
0.6040182886951099
0.5707037239066652
0.6391882594015218
0.608707982459313
0.6582656464990555
0.7067874945237845
0.5507141641044881
0.5812336027708497
0.6865804206871418
0.6920356628687983
0.569237851722351
0.563022179717233
0.5744288284937303
0.5783404252150686
0.6352180128902765
0.564875599876802
0.6632953655199255
0.6925644707432729
0.522788715484439
0.6201237342159793
0.6021871250197373
0.5023216289963146
0.5989475221671743
0.6013219234190617
0.5687683954248495
0.6515950201877274
0.6889089976047891
0.5153804797482473
0.6444497783057722
0.5618557378415308
0.6267836567405147
0.5941379018200315
0.6041274807404498
0.6787846142377446
0.5753848548439435
0.5737774366135248
0.5373094682125374
0.5576682374750341
0.589590859366597
0.668863976529807
0.702267074292399
0.6046857363859568
0.63885193179083
0.5495816259623695
0.5846274653301695
0.5603412479871712
0.6166206298542328
0.5383454208491263
0.5967156408288872
0.6249001316684031
0.5942186372114708
0.7010155626480313
0.5867991399938116
0.587388666800583
0.6506619684154716
0.6293526115089428
0.5511901143142647
0.6570086364128236
0.6243847068790482
0.5964137219803269
0.5773557028061893
0.5736901055468143
0.6127748559342046
0.614831322945468
0.5606950771155984
0.5639665315052304
0.5828116801038716
0.5841350152533157
0.5678546379491674
0.5671339129963635
0.6689596335211568
0.5884469452856655
0.6265333846846595
0.6417384523707815
0.6090226538209922
0.6697225895310337
0.5760629805795259
0.5701282164991397
0.6926988523282404
0.5789335215470373
0.6048129596362175
0.6297335421170176
0.6129585474385619
0.690265064799745
0.6061196475584036
0.5675467000838201
0.5746779194409853
0.6175511512052694
0.6217280732004234
0.6269239716509083
0.5859014633250241
0.5723718788560261
0.5814839671940376
0.5752059335551523
0.5657350697006382
0.6616997058253808
0.557464428061657
0.7002821011597113
0.6054408609200896
0.5364808397678413
0.5878283249846423
0.5519172192103613
0.5908682327477383
0.5915027326310225
0.5383840052760647
0.6046824641039125
0.5596607585740059
0.5990502330925644
0.6810385972075019
0.564673238388341
0.5991915820939807
0.6090317613420018
0.6515661028219228
0.49919582494311127
0.551549487523309
0.5526315005462688
0.615236050585813
0.6956824708070796
0.6157828890473348
0.64013383988929
0.4941684060877367
0.6104714989739864
0.5856808924745306
0.5476417724573198
0.6296793636949749
0.6112001657136131
0.6343200365426802
0.5442733952860337
0.5247601436456494
0.6198300561148541
0.5766007841372766
0.6132978560991693
0.6123227889783094
0.5876632540348978
0.6052096655027182
0.6194525067212785
0.6375666975768957
0.5412059566016731
0.5652105240076227
0.6307461833563945
0.6682008441565647
0.6042995559429604
0.5213814342765105
0.5250293092761874
0.6514881220875175
0.5568834996651403
0.5868955303795781
0.6278769557886792
0.5610134686151541
0.5805171579637984
0.5865301889937014
0.573333772684537
0.6414178421867409
0.6719354656816958
0.5724993974540443
0.6519950778640383
0.605070278624593
0.6027952083301062
0.6273472890270402
0.5547205518374088
0.5971128601208844
0.6076773409398436
0.5575848116718345
0.5445932758650206
0.6320051219794385
0.6269534755504242
0.6132529924997459
0.5188970341229296
0.5587679978374747
0.5621141982684759
0.6146366186714135
0.6309999292321159
0.6877840636681855
0.6560551646810131
0.6395670833299978
0.5448558352775579
0.6216501934157803
0.5170085327202801
0.5491768779478923
0.6512160280945739
0.4968361595111729
0.6330752650333434
0.6428934316098929
0.6726144310720256
0.5836729624651076
0.6678358128601194
0.48990205168858114
0.5459771573941071
0.581302337762306
0.6162322174454363
0.656929025954853
0.5853377244848059
0.5662212400509982
0.5290451266004277
0.6312997832451336
0.6644302138808547
0.6822151765326925
0.5810116705482982
0.6680964544752522
0.606811489008942
0.5803822406527709
0.5732990741713688
0.5504608992823501
0.626673388844071
0.6405356494455754
0.5404185810542098
0.6218687075359622
0.5505571571636582
0.5631012344078622
0.5621449602692552
0.5555139483454945
0.5844594252141599
0.5930500739099627
0.7256978456508976
0.6689543833640972
0.5634984448263302
0.35601790622818363
0.6429927293851305
0.574903777418311
0.578044934162931
0.5982387085029296
0.657930989736041
0.5776382776282444
0.6069200395131757
0.556042437621791
0.6521426186234279
0.6517443511494617
0.5616460465863753
0.6389645951626095
0.663278076507501
0.5932973563783303
0.7272527634768393
0.6811481579178945
0.6545692102555344
0.7064521051294902
0.6021466899005486
0.5931846302018537
0.5807993634415197
0.611225488234781
0.6207347352601292
0.6017449216678162
0.6669874795926816
0.6272606305550117
0.6230254357551631
0.5252641466334895
0.5481609272489694
0.579256594940868
0.5546336806784505
0.5809274154959556
0.5628635277057754
0.6547782245216212
0.6104709032183143
0.5588709222675479
0.6340118857228274
0.6099912660747029
0.6006145216599169
0.640331636053329
0.6163851538045835
0.5484975872566537
0.5828327427010622
0.5845924390269076
0.5988840311432043
0.6028275946072013
0.5299172084881432
0.5380425782397648
0.54575662406187
0.6822499637202623
0.5989446772342696
0.5762462343663592
0.6588115552552518
0.6328931363181215
0.6433567583770804
0.6580550511693002
0.5970706610657432
0.5895334450931019
0.6551449854809466
0.6799062403749278
0.6943076519625199
0.6318851092508135
0.5211619908221699
0.4948181066622235
0.5547964815146658
0.7219856261428289
0.582114011737665
0.6274833573818666
0.6170586311401678
0.5750633985698255
0.5799780662127532
0.4365912010722506
0.5274952706694572
0.6578914305005737
0.5945018319974631
0.6462184118900531
0.5676179729994628
0.6425638822695513
0.6963284254109532
0.6007573037662949
0.6245656324768161
0.6036803422769393
0.5901949096377981
0.6238013205782142
0.5812666738102283
0.6530760302096391
0.6246888853975808
0.6550068745941662
0.5785986130198955
0.6166749996261782
0.5367940367852759
0.6867563593011985
0.6778508580782069
0.6414184540274592
0.4943055700251855
0.5474643595376663
0.6355877369534142
0.5326833135599778
0.5485630594942457
0.6218606938893553
0.670236042450215
0.5981686053623989
0.5775916431577286
0.6325723569074465
0.6277086283616093
0.5334133470805478
0.554389208665621
0.6374762705588679
0.5809982341590111
0.5860245068608239
0.5823145774599421
0.5739457731527904
0.6739841858864448
0.5715811302214573
0.5456159290549498
0.6507567384029973
0.5744851447655166
0.5316151401544025
0.6815396056960442
0.5911108141868224
0.5436319602722643
0.651839886812684
0.5435345777373293
0.5669907034457053
0.5765993884987692
0.5424856067566598
0.5765410925426022
0.6117142730364452
0.6231883762137405
0.6367394975872123
0.5921342581608586
0.5703334855241948
