17.508334091583222
86.38799146784297
86.47618611924729
47.81759617740123
65.31471230182306
224.69484348359566
95.95630777443473
113.39181839296651
168.2855030221989
1039.6563046327274
147.9228233404498
212.88790222564953
77.29316031687551
144.97487094944486
87.84882909994832
419.1629540648037
140.96169532588692
105.65556201199075
105.56980312173239
79.45510072117746
97.73561221517025
82.02118842971781
54.241582813087085
211.3605065723407
89.00202168870949
1764.7464375906336
272.24249223776366
107.6778052896928
75.48109920089836
52.45396369707456
257.1482960497357
521.4621646632916
127.03292890257526
259.83624357211977
184.55026911452012
75.6749793407391
109.91093363447214
218.65327447607672
519.2697514509463
115.46316332953546
122.45623890058498
149.7570380948946
563.5860518947601
180.87818894135316
43.609828229850734
50.28908109318889
129.18872277795631
61.79118128087419
250.41709987073398
51.99944556762495
6.895164726807907
18.23341209533751
111.97427868531832
173.69789962944398
15.697412192403213
113.81434780660432
56.70208140842217
8.625962684809414
98.8635604954193
692.6629663426335
36.95391252221759
409.2957690609631
732.9914347260733
52.396843847602966
71.52337683602948
71.36739671554473
86.48502465981672
11.10561825265109
131.40099483915702
91.27160876456733
53.44605376823822
442.6835817703264
441.92451788792704
320.54600433464174
150.21415587726295
113.0522234080232
218.87563730312638
206.6613384680265
624.2246377337196
128.35802419464136
270.3252461421128
608.8529554114784
107.46646761086092
107.84354318964616
81.75342287056368
238.10412775100542
1.0007071320177265
15.393364062447793
427.1407456055177
197.896095444577
374.102603262524
75.25509588212395
92.81740697809495
395.73473576319543
358.9624167083637
170.67306056442493
726.751133485139
2.5500192994534245
208.45377186024416
140.48975023460255
40.715425434506905
152.57047008237296
376.16100887794846
138.65791135614475
414.37765644285844
49.687673622603604
1299.023148119894
72.31474674469946
4.521694872513633
423.31959549008616
145.7220756634488
154.1783008261871
212.79239387244837
120.38750294185209
239.61627762791485
228.37107212225695
83.10204843022863
59.418194001768974
54.47844493887646
142.31847614223923
145.40372767480378
33.75189766667396
142.49114046347563
139.2801732437535
158.86211903093687
86.81954785417449
69.75001815614398
110.35874632291385
223.18834099846862
97.14283448878514
127.62450557666007
54.2411248963389
109.4944666593857
180.9037649141925
49.01118966774315
61.96634111824024
138.38211137751372
252.76236359037455
70.76682262343131
335.3011718299126
44.588612323220815
28.927438432991114
182.51753918059504
169.86399131034744
150.6804418983552
106.2503018751497
357.6795230903177
63.8713968200675
218.65215159708524
58.720219531711095
45.442168834185594
167.9634383440515
214.22844535849416
70.25931828942927
74.78384328235121
170.69144643258772
94.97888376554458
102.85900980574053
386.74903254195704
94.7091526994378
101.59592059170242
63.73911610833408
121.42476704234595
123.06047214507178
37.00568554662677
55.05462677047824
254.48507357405634
54.705681395008426
110.74833781736176
49.88018379030548
93.37293383133401
148.12451380171302
42.93957885280756
311.46060663266246
104.18105327240411
56.012796279945
173.31746930995786
131.00358170590837
55.5554620228419
237.85229276371604
1004.204854888423
24.456348157160953
105.88554612675867
73.05308364895296
103.44407208209383
86.88654661701574
203.9361731165491
31.92977348959737
120.35108904821877
143.70392448878528
299.3511942451951
2.7346739188936113
6.720110862497748
196.80127521751888
107.9785415832511
74.49663094671544
328.4991978234365
45.055180053294194
120.59062997799926
81.9278733936476
83.72280976638153
104.15632854826691
104.33014931330648
20.53764061058539
347.6637348013646
548.6519456863881
181.36434140007597
81.18513614716927
59.77737576055267
130.41558326086584
265.5893562445184
98.40956579269407
27.45879821943493
3.8669757872637156
147.16336492226208
145.28912072138257
227.71673765113937
120.49551833783755
16.499882578380976
122.66960451961741
97.0838055632768
45.009457496270585
148.05887638285165
51.508272178807545
118.87658287685944
24.197476308383877
173.4477362562284
48.71526775780499
5.024535672310445
62.00452990389286
60.347731444797446
237.1463653816743
265.81751784862485
138.5044727610194
170.9230671234251
1061.4098651877368
98.9807014868593
379.9580998559391
345.03215531044145
154.49118546263463
477.12415181780784
105.29886222059129
524.0479805276001
78.52468027309926
467.8383008228218
85.66411018158537
32.86750506514435
279.4290339532006
106.88056248259484
74.38249191294696
169.76425740702228
238932.89716972486
444.54939619394094
27.096000516148226
27.387710254269834
119.77285596070949
159.94157317035132
125.99348496174457
87.54754805823622
67.57793225444324
56.11999327079746
74.0115858149606
147.5600982465475
117.81955624728268
181.6555208487529
62.58360177722505
83.80894618106358
151.3450261588794
62.12462331073944
261.3485278529783
102.06259027454162
155.9210300871757
203.4725394109496
62.483313332880925
134.22890692833437
85.61479384661084
184.04509283860156
28.417297308748662
111.51393247254684
226.33926362570833
68.14548338665423
80.8904735706477
101.97449012285082
216.87430307128707
226.88880207860373
94.48769415911372
0.732716950311558
456.7509798948049
195.38512354966429
62.87294151284101
64.1615261031561
49.52280109739818
51.20557642114979
97.31555811364584
89.11035843354037
57.53583262787695
90.16784225657815
67.68806664766701
73.96124663209127
136.44196251809046
119.75548467132712
50.490038802547126
357.65834037443716
9.874087424302198
358.0279296331865
559.7055429546474
123.74858241039192
118.20473996190702
339.15649998665907
82.16386921754601
202.30959760224033
62.001223059874015
54.42577673721128
270.64782031590784
7.700561023373864
100.6759949665163
257.5901324522172
917.3414880689769
53.85747891134496
195.8331644225896
47.47301270966525
76.29792831402978
118.57146260240552
109.91487722661424
251.83601597411175
37.44403245239044
222.798596372778
105.89359217364613
49.73785815404208
86.06783487897715
2.6472124725774546
92.34410933198342
112.09673459173966
239.56677581982632
125.34353445571115
85.11887837027656
282.84646849335826
76.56784548078751
142.533763171797
368.76007892584795
54.16632294239806
168.41230456050891
65.85885364608775
105.41941501358748
557.5385233188292
441.6605659379233
51.8739641382669
120.38157683552579
95.4821698242483
408.05439384029455
226.11041729872605
3.1922882821752703
56.15592803066804
160.72131673246673
76.66140385870509
140.92074856597665
55.40446109950812
139.23806257592898
69.57912418778167
91.7371276073325
585.0004091511161
64.52357859472696
441.88488689686994
204.46575976069744
34.956599679555495
109.143190952286
109.33522339540156
461.9901281172035
296.9865614136443
10.188591916125368
66.67345225965232
97.99609447082486
94.07760882708169
269.6330955540134
152.15643843107014
212.15192864473647
194.1817704038663
161.9861717486738
264.86624464828725
78.67198213571666
114.75383198329095
382.5122034546666
14.835748473138166
110.12706347384326
110.12861999553206
139.8033740325787
78.5823270830357
101.99023414524521
69.15004748648703
2.781073066489586
17.680332821177775
94.9539829676122
68.23856907882958
154.29668504739914
46.19426582830359
54.40817175300018
216.13406638153796
607.2513989473869
59.86344469382338
145.9340303569519
248.10429363494006
106.93244105992538
87.83172970317788
407.44265553496854
98.69139990022646
139.4183738064865
189.13283489171468
90.86381913298467
61.67605017315165
86.04487123021728
139.0331429865596
232.7850016845217
178.11987349003442
126.64955277777854
273.7220555487311
42.87282765792234
367.98782672428376
130.86502559802534
191.84559063107667
253.66599073745246
84.05550541600202
153.86503333689495
29.77133493039023
4.713234477462262
135.45255824022763
301.37287236371446
2.0391531782202668
141.99173555321977
21.331114329177158
62.512365485694325
144.90475566824713
164.16196564555986
31.08538052455515
23.769899789522437
165.58849551781483
52.2040571593564
58.926791514205505
28.611689691493712
48.447009295308526
299.48898712410517
128.3781864392654
67.39483585465811
272.0314089477053
157.11505528227528
89.9385246652698
29.18964285488916
113.13670575909349
71.24923121152898
117.28227063556163
190.94088569777605
120.32858289453216
118.79423870257905
82.35891158279635
274.7889603943395
538.9374676524158
59.94571237624216
140.64428819528231
262.28642189715123
89.07614851205332
83.59836420281931
133.44097853396607
98.86188210249358
258.9567738431999
141.9734995984481
161.80259533413792
216.73750746422553
93.21042614130187
34.97648317804258
215.37727300608412
70.59834459201672
77.35779919898165
167.69775410821808
126.98504269744843
152.325237076505
91.67819410299123
56.44831239231095
100.73868837199254
4.0378025470832615
66.7738163692465
57.86048990562603
69.70224651236586
308.87452197406014
46.932004135393896
119.6036182404282
480.2223062990978
87.9396594195555
128.99489057816135
197.16919728424568
313.6760091752849
69.94321312557193
35.46286311570192
121.27409770068138
63.04728982050158
91.53639980545083
50.19877022406382
84.32535550924246
115.31500639027209
76.06794187083851
146.9748698906952
82.4808451060363
65.85680395931811
106.42899250048804
128.8824882441395
135.94796147153792
186.89442425069925
60.25550759494367
41.7762095462406
75.14736002660312
113.59071233107191
3.673774085120714
221.21582512019714
45.89866594400876
40.634661072153655
273.5204821054117
45.60390865886893
103.97163740399326
148.2726430860704
202.96366012418255
111.5017330280583
373.87233974802507
165.9212247978118
535.6742108718781
73.62561042418828
80.64442651107504
26.765228500287208
158.789721128865
333.0200451338568
284.5376706836526
81.99740316643533
591.7911800255904
146.7130842414621
104.56311618179164
155.23926696552385
51.38863222775872
86.21935937494112
551.3037069216322
136.61023152828506
82.01610361536842
1568.862056038658
45.03711336439437
47.32133468841986
37.24219087195068
205.62949338303181
208.98814236171026
51.29753385326755
1.4061448172230238
58.10592457281796
42.486999614941546
339.62578511449465
180.60950709894382
80.53941779114179
127.97206819299524
322.42835505007514
428.67023431222174
285.81397886768116
162.35180913930196
397.17862350140655
19.933211127703363
138.48792489997035
122.41733261389484
263.8416898751489
51.40436024450734
131.00349797779992
54.636186950472236
356.54094402144455
125.11201276619578
118.62151041830306
79.8104326358557
136.9476198474399
90.80765242402082
296.2022112565039
4.746688248955716
182.92828804444432
149.61390702726206
121.81551789586992
120.6553820075687
132.9527017057587
580.8375449973307
666.5155143440392
157.44048293877043
67.44939277518826
124.31780562239946
221.973861511819
108.99075020868501
108.36774508484501
221.59241640045204
173.12685081660626
87.2059616803359
7.382492121081862
112.23350474151985
81.60724950835817
88.79563893899756
81.3924046631655
76.23330332349778
18.477519003523255
189.0623493653109
75.71611797393889
116.70503728260924
397.39869057622235
613.6516298475689
256.506095376651
41.18201538439093
97.99241616890524
55.571732257475844
114.03022971198808
138.56795083824886
130.967711067013
72.91461036361761
184.70121647435906
66.81068177211658
154.88138204456112
66.51844911733802
70.3847333656733
383.68517410738326
959.4163818647838
79.46374627816157
172.6751452809019
399.1696273743349
36.64140413727407
123.24177387226871
111.18699269044627
193.10339291456563
165.56839874054847
79.3778729371652
597.2707665752299
60.480556188554836
157.42466582905317
2.4277993760631627
211.94042534455411
104.75654601909076
873.4022208830169
102.97858011682393
73.81774543378937
114.51296029926215
36.77205245987726
105.09628125563239
127.58279601600064
102.68419510116037
86.64220370531332
41.05094006131574
103.007364086859
167.97509421217063
181.5252395587243
68.92909826441253
205.12722337153153
43.386036222067425
187.30824540803738
1928.370505605778
217.96565140917176
108.74903887178426
170.21662134221006
57.2752142838719
65.81350289142748
121.50820406720231
135.14096450470518
78.94412662956556
115.41780287301363
52.08496206906713
258.7119268663282
61.744360698957074
696.8534457531548
327.6775726244196
142.21555045670056
134.40874246505012
191.84133714571328
134.26628899034225
48.63551920075123
552.4440150153367
35.30757360702368
113.46084098049735
60.163379288679174
112.05147000531258
99.50520424527355
251.86770428420166
1.386983059880209
86.05533502860834
115.67446431288117
177.24344691507744
127.68217388628624
84.79856336203038
74.6508066041833
83.35657169796177
285.90859302803347
104.38357599532802
80.45439186928859
211.71060925125926
107.19603013141179
244.12828200904994
190.79697109554058
288.17589708991227
121.39933502699866
231.51432368462886
43.93997668833075
589.8185052092834
38.42438846705851
239.77464372370918
47.477660128910955
120.63563595777651
222.50923531465372
47.415307561931286
70.23687170411563
317.7129978763278
40.265822197897684
155.11636087335108
40.61335348020862
107.06680506089256
121.08632891839343
76.58933342199913
244.06366591307892
81.99274312437372
100.67217545369758
156.6524607427175
49.85930745216446
50.053820917230915
102.52587462321384
41.82122239619996
41.75630381079897
84.71311427389509
388.412430768015
1.4006965504578097
711.9376273763767
52.50298247904762
445.6732471680279
83.51060308273385
141.80228295801354
123.98080331370069
62.28831763859587
36.4438161600107
76.94989504181946
276.99697408866314
96.19864396221608
121.05100142350382
172.30104875892772
50.78232619234551
53.86802037097791
140.18587966212183
193.27634383849656
638.8026703758912
221.94017349177278
99.41345038560786
33.37887833116195
44.36293126296442
158.81281130299215
112.19392966539257
718.4780418866299
609.439720357024
221.50848384759763
199.606646572987
127.55366289519839
76.16899586855597
312.39104528766205
260.264604857822
255.93075853164314
92.6444178334437
171.80752967969175
81.214788213333
117.47013305493648
75.81459632919587
35.01094664577694
308.35279448014427
127.22134921062441
289.3949436320561
2224.6692935177193
5.256108632010959
154.73426450989348
105.29767479565135
0.9122507275141082
102.46690095375867
103.82955210876024
223.2444885658132
1.9086406472654494
118.31213421917042
109.73212402203146
66.50227017147688
38.0687302624833
71.92166730786712
3.1321106724038006
54.317059412204635
20.562893727306687
93.03463428877369
37.81145044814269
46.74329282738179
61.694784308486476
57.09831784247739
179.5094616145005
56.846189403664994
164.88287949776202
107.0461743355252
320.8843128387536
270.66665632104855
66.99370775549566
146.46346949130483
277.4375478841518
193.79378893031196
98.1442117481219
206.82507074396133
65.95138422946582
129.74580120193534
700.5393365248525
213.04951863527862
76.93699557304619
84.79251793990767
134.23844884575803
44.74406735984731
126.43407500518568
77.20597769234631
362.09477550478846
100.52882688885043
107.00197767027683
266.6057428055579
266.4090292482099
228.7604625411632
110.8634804048952
164.78711076213582
84.46506087067345
181.83507074003208
88.92780114633568
203.94571271180223
112.37914409095376
104.89771598023596
132.4150793817287
80.74151587174066
13.032637708669627
398.8868096004486
983.4059006790212
145.3059815047476
57.42458120584772
196.67315594671763
77.48502141428543
42.19764874607055
86.68893616366749
4.5510728261238595
54.01647003883163
35.342478719213695
156.25980887510394
99.41359403084608
151.20264461923045
120.44763992601831
196.78536039220566
73.17087812524618
40.085317536498394
407.44536609141244
142.2898835241469
266.4750239329677
261.49890221939285
48.66300966164653
58.961482416513164
151.73081823146063
93.14317040031028
82.72256042996813
55.65491306936262
100.3610501096332
49.20661213022269
46.46872330567292
70.44139727649912
72.9023942043881
140.45268348113385
88.48890816028212
620.4604017266937
530.6192351014772
57.84804957564434
79.2739623031353
180.31984275010947
96.38092003895454
115.64015246936475
79.10454291588907
259.9508074952784
266.3056870420212
