0.7966567613396109
0.4928265596421405
0.6146195293854588
0.8851507845077129
0.8472086474186801
0.6530765441746824
0.7147137524677234
0.8877972297949585
0.5945708267613784
0.7601034566458214
0.6501785044112602
0.7066558086841959
0.7750623701671335
0.6616336165826391
0.8893068646056168
0.6785472844744861
0.6727130753223778
0.8658203212859317
0.7400520928929731
0.9168670711856947
0.7642228669264666
0.808047394948145
0.7038888241107395
0.810856949693312
0.6218702207286786
0.8356562284178206
0.7269405725914665
0.813787034832945
0.7764022783062299
0.8771260866198558
0.7087478200888568
0.9215580160371124
0.7436228190416481
0.850296639397547
0.8642874731911283
0.8652640893424115
0.772534119516861
0.889020124732297
0.7592829299245296
0.7733048725436895
0.7595925454856096
0.7721727332440693
0.705835980993458
0.7386843051731367
0.8705097152591197
0.6212024055412497
0.7694633889546558
0.7350376578021607
0.7711360004301382
0.7802333162592696
0.8915187628678961
0.7476364315908164
0.8794683606947793
0.7941006480419164
0.753757059309276
0.8713777385658914
0.7006400621097834
0.7106252236718784
0.8603089409373073
0.6814988153802637
0.8285933035797843
0.7202066163584098
0.861191345136697
0.7199350880912574
0.5943840783512393
0.7342702797075967
0.69366801145023
0.7113575318413463
0.7010907981061989
0.7682024993185526
0.8215415883988235
0.6023459119419192
0.6103502064780606
0.8427269085144713
0.8733083991330057
0.8501289317258991
0.7734076662510196
0.8931436764491154
0.8463707829519058
0.7451957142719761
0.8730480410139572
0.6806876372147596
0.9008675210536067
0.7058105536906397
0.8696377838758466
0.7979774522174092
0.8489923458063358
0.8150018829056912
0.7327109784070781
0.8207945074814332
0.6698851240457149
0.7041156823808904
0.8081741873674978
0.6845224029058261
0.8440677887572259
0.9110663676284662
0.5628299198087714
0.9116794323776005
0.6425296298688438
0.8100314228357826
0.7675328434137284
0.47102517932305676
0.7654048067133726
0.7880067547658018
0.6412446030423321
0.7365959630439226
0.7714743089654201
0.7815772388561425
0.7255247151904466
0.8711252338870855
0.8152759115644002
0.852151640773483
0.7549048738025956
0.792339506908718
0.8899578177787633
0.6750115265154638
0.8864059980754206
0.7362707265639874
0.6403123745901116
0.8832606728763047
0.7148688078109605
0.6084327096189261
0.7430416773220757
0.7910206322077171
0.7460721908418948
0.8267855745471953
0.7384627550269655
0.9099367966364325
0.7416152854733233
0.7376544847368018
0.7882207165805182
0.7910029193425836
0.7506888648782475
0.5521797055677201
0.6869871552163369
0.9163226942746022
0.7317743857334644
0.6482927468723736
0.8370586781228582
0.7830272340577833
0.6573225325772734
0.8826131345630256
0.8730343590572761
0.7481608859244491
0.8514030429613868
0.8046023852716448
0.7874437013636784
0.7478972854576449
0.7338054510004767
0.8387446535367353
0.6682222714940086
0.8019056845939628
0.8523264253357674
0.7877723255108945
0.72404465830665
0.7508588354986185
0.8527790321188417
0.7445346198642415
0.7757106271449852
0.7926391264731334
0.6935109378451547
0.6764608809489417
0.6870887971958465
0.9151824917936777
0.7527899039114415
0.7037553344243253
0.7676979626693096
0.6891255461956705
0.9063788355911886
0.5747055684573714
0.8514558675555602
0.8585199447037095
0.6992588516386726
0.8597489256004642
0.7289491294455667
0.6811824482899171
0.727074968662146
0.8279573854069604
0.7278910133287935
0.8669900221106274
0.733723110990975
0.727325697195875
0.6245666624188497
0.8688969571596122
0.7474268414528351
0.7296507987744814
0.6214379440195155
0.8669493419079664
0.8456784830025839
0.8620195210592336
0.6217517656635427
0.8145817943368903
0.6537760167201656
0.705928644647903
0.8676951588507844
0.8033777349856395
0.7540342178914883
0.8175537499580408
0.7773386045484798
0.7331237277757633
0.8707347131408683
0.7441020433518526
0.8221267890713063
0.6774110941481797
0.7833887135454864
0.6861815150177332
0.776304326098245
0.7217911841516371
0.7685866677675843
0.7377520176458018
0.9036801606809811
0.7845150303119763
0.7333206994649136
0.5724517178897159
0.8828471961690729
0.6113597771611756
0.850402479465324
0.7416962847026072
0.7959212439991241
0.8087630665612825
0.8704354296654857
0.5045184771540002
0.8173642187294021
0.7958659732803167
0.7269423914305272
0.7440160359127121
0.7412833401204848
0.8049641938923302
0.8641586939156322
0.7651552898226369
0.8482723596442739
0.7624552267831621
0.7492388943790015
0.8419102389962663
0.6849446514381348
0.6970634705715113
0.7708753643806332
0.6640717720110946
0.6655897076170355
0.7236857183724189
0.8915463942933448
0.7729037757956434
0.9080480275193423
0.7629667809170632
0.7612263504654277
0.9023915979488071
0.7928101192041133
0.7221868010192185
0.6382393211449289
0.7458493932941768
0.8467843002345281
0.8305974484755974
0.798965583454484
0.8002106160105604
0.8047102608794781
0.6098909733875232
0.7367578933168613
0.8372776848094463
0.7118991292566956
0.7535415287986599
0.8306931082517484
0.5853425992543302
0.6838665081172091
0.8536348760524104
0.7480442660788325
0.8552112566451124
0.835861140700533
0.7761499533109477
0.7107025215398142
0.8290807015143471
0.9061146662669275
0.8010432096441076
0.7081569178028891
0.8287288416956378
0.8981066363600856
0.7491329517953428
0.8040733643249236
0.90719478203547
0.7300503049163517
0.7432570515726453
0.8366325425690888
0.8687898271327712
0.6354226129837929
0.8691472892191003
0.7926414526831284
0.6422503645194797
0.6853377095024551
0.7448892027568828
0.5883533216311085
0.7591405133374542
0.8330164167461498
0.754452798627457
0.7996107125934572
0.6321312134352901
0.7065514016048233
0.7858207582755081
0.8555645457977494
0.6354477234345403
0.7936798814860695
0.9120371056277183
0.70477911536753
0.8383303656876862
0.8143651110986945
0.6579523745170259
0.7242055875893246
0.8006407341144676
0.725415352503206
0.8104245762367412
0.6434029728551323
0.7192476622910622
0.8646416869627342
0.8625513983708923
0.5860897489011172
0.8360502083089674
0.7241040907953843
0.8351343779290015
0.8356357155390218
0.5232956555105857
0.7821705119121007
0.8769997328646778
0.7842207536232282
0.733437561131118
0.8342221336576388
0.8030570442606866
0.7932672301757527
0.7172149448531541
0.861415697882807
0.7148350372039538
0.688701450871354
0.8629804748333305
0.8947840441142647
0.6627691463243794
0.6245336218062646
0.6087089877643668
0.8472303294846201
0.62468353071863
0.6577331194616435
0.7912805747714461
0.8117960047442243
0.4882059259510847
0.8632999417034595
0.7392549299213631
0.7654747455972116
0.8603769328900837
0.7945106343421244
0.7239097869295632
0.5258775306574127
0.6883079377207719
0.8265944260264525
0.5629900460499822
0.7573163416846975
0.8360917609912656
0.6352325640203219
0.6755141313555174
0.869667643721906
0.8463330256900871
0.7757999551188527
0.6931865661588923
0.7387686726302093
0.8257811506343449
0.7762649030484685
0.9000551872910608
0.6621869328587107
0.744271761646522
0.7800546935900226
0.8010139653412328
0.6814521628564777
0.8481254099637345
0.8162083466879437
0.8658282524672627
0.9005249269113249
0.8524999441530747
0.748318693557108
0.7753328812906468
0.6543183974070003
0.6312697020383848
0.7287758253185458
0.7536345464076957
0.8627030554153854
0.8663803908915677
0.7771257822127202
0.7425999738521408
0.871337518742421
0.5694053962737553
0.8552386057970165
0.7363005203189452
0.8764542679214238
0.6979449359978749
0.7404372611482043
0.7750337027409226
0.863558099618987
0.8273590947676944
0.8607479506515308
0.8072415694157715
0.8556081569974063
0.7540142316060678
0.8424860306835719
0.7990957209852418
0.6461996421726979
0.8492700363742476
0.5815777929223143
0.8133725428324241
0.6142886432207333
0.5963071781344967
0.7878720230103797
0.8209767749407111
0.7912909706466509
0.8761728881426247
0.72468196351957
0.778135977043219
0.5525317732771489
0.8784359157411826
0.7896455481918049
0.8476378415456238
0.6714099425201709
0.8008618581992422
0.857161792765543
0.8021499912019401
0.7047361121942695
0.7181497011731937
0.8602641765629694
0.7852219664387352
0.7975405267574025
0.8549390449576106
0.8582915263348043
0.704072544478607
0.7448310487062194
0.7002421014909466
0.8197108622449458
0.6175606299033874
0.8124659056569448
0.882684522097811
0.8686258239371003
0.8605223502348778
0.6901807190720861
0.7940412269964716
0.7195181226754622
0.6273755398048626
0.8682593428238423
0.832601564987333
0.4818539057365013
0.7196322989275055
0.7504261823376277
0.847098871034476
0.7336129627868513
0.9142306462947891
0.8398573685484994
0.8722066178308502
0.7675587011074381
0.7329804800916565
0.7821594677076502
0.8713202484128021
0.8298946366693126
0.850474298564003
0.5800466095655296
0.8173674611896888
0.8977429260720637
0.8452084727127366
0.8105510242457282
0.6573624844647318
0.7949563452940669
0.8346926706949622
0.8767791192939696
0.7660351594922366
0.8706273282341114
0.6913168837928411
0.6313845761390229
0.8367400929272519
0.6386169639335847
0.6368971242162763
0.8344536558242563
0.7748810381547973
0.7343604949689764
0.71021372832905
0.8616980185230392
0.8348084795807439
0.553798016449397
0.7463361392911823
0.7415252060783277
0.5674588126004593
0.633865209215982
0.8637440498391196
0.7433252925153138
0.8076803113062959
0.6880590894217122
0.8474195922412677
0.7102660463129259
0.7495015224064923
0.7717312339339257
0.7910235861145742
0.7838424631230905
0.7562327421844932
0.7677135450486436
0.5903077979870706
0.8097211960078501
0.8631069145545378
0.8048790012689275
0.708007303438943
0.7537573829341231
0.7439187284524623
0.918754610248844
0.7634562601536103
0.7840268395091168
0.778769780694432
0.8214972397201186
0.7407689300472448
0.6151701663478955
0.761087039097697
0.7735370561221319
0.8616606235940294
0.7086953867041236
0.8144394007428231
0.8404988971324484
0.8190303314833903
0.785430226076299
0.6524860948575768
0.6933857301068735
0.7775836833961316
0.8566519993772237
0.7914067699301703
0.8474714569107509
0.6606676506411024
0.6404782714927761
0.8012286859060302
0.8800145996952518
0.7655292552891357
0.9288055995354247
0.6695102476682985
0.7773219118016068
0.8804835548406718
0.7797291339963064
0.8612345244721286
0.8409790256328491
0.8902804640440318
0.8466173821415777
0.8714990752325402
0.8961734224225624
0.8153928713261898
0.6547984902334778
0.6518292409045421
0.550824582757591
0.8287026135368533
0.7025154435824346
0.5713322019069915
0.818908723911796
0.8709929314365997
0.6809204299285386
0.8900974816924592
0.7439473397922196
0.6935442300213159
0.6785951940544122
0.8140798054742702
0.8664059771183705
0.5962392233800697
0.6508557081280616
0.8083163965206498
0.8397796741073791
0.7534871468324851
0.8442084374908359
0.7425782677702406
0.6653067975854249
0.7315366831435692
0.7196865619110431
0.6329190161514946
0.9088827063000406
0.8492432149594297
0.8646102950075578
0.6733970885495895
0.832013299021144
0.8329395515937261
0.6911877999925531
0.7120112028499286
0.6875895508730896
0.8305592821428401
0.6719317380690739
0.7811702858455991
0.7416199714325749
0.7409402288630093
0.7673915238023612
0.8889452353893801
0.675073806302682
0.7749201242760653
0.8800432997726755
0.7474940164572622
0.6701531989083328
0.623301529603075
0.6790407242270559
0.7368308929161341
0.8894194968778455
0.8502331345422409
0.9056566906061416
0.8964763986680675
0.6961794723775477
0.801523595931144
0.6602371371200706
0.7069473227901116
0.8140571298241626
0.8417154506562892
0.8948286904601966
0.7728444812393185
0.8518526543909013
0.6559523636359929
0.7050196571716858
0.8461749527500029
0.8822130581315473
0.8031620965773218
0.67006046096363
0.7687978085931129
0.8516282073813095
0.88575366241031
0.8597530715760648
0.7005639507404118
0.7309391083187021
0.8676701832244508
0.7534459529279814
0.880662641517695
0.8125018796591135
0.7531493390487679
0.7798312459352742
0.7718718467974763
0.7855696172788409
0.576835373351769
0.8112934631698872
0.8705761759259791
0.8769202895911189
0.7082753138557619
0.7612242002974801
0.6573091499727894
0.7137469438241011
0.7763429307425886
0.8916847476022726
0.695206761474882
0.625409676480032
0.8237224852293423
0.784985531527419
0.5679248742350236
0.8191795365344594
0.6978355465189438
0.7589070256210453
0.7937382320377979
0.8784035353051103
0.7203320599525489
0.7805266328337679
0.7967178175981394
0.7870685916182328
0.7701714787539953
0.8050545164879748
0.8893389124740739
0.871414646865562
0.7716025760831628
0.8231901687029262
0.919730971402828
0.6618447075799156
0.570681461927429
0.8760721450218192
0.760970065721679
0.8543246202082613
0.6143604197602954
0.8219804384855911
0.8339396224779227
0.7326669070742308
0.6201954429624952
0.8851974173300662
0.8852894326748911
0.8324533916416534
0.7934797493476629
0.8129142277166206
0.7298667395625548
0.8098761307838358
0.5473254340460942
0.7297055719655567
0.705926347694996
0.6541583317285492
0.9063844688995633
0.7747615680166569
0.8550527505366429
0.8451245715342558
0.9087471558408593
0.9062909819665219
0.5532599259207984
0.8355493919268042
0.7912910312359773
0.8626448766163506
0.7791098985936799
0.8741704462378261
0.7418217618356651
0.7080681546567962
0.7039676980229755
0.5720306326155005
0.699111374584047
0.5648177171930862
0.7173641352672436
0.6520621410044689
0.8066514515203265
0.7581715251978478
0.7826357381569242
0.7865000954386181
0.7698466807476925
0.7326554349159693
0.7061285762570663
0.8772004802697182
0.7447319337984765
0.8293327924540979
0.6498025798126854
0.6872413794244129
0.8687918486345987
0.852261915423843
0.8921937930663468
0.6707822304681388
0.7620947627345078
0.914764304146594
0.7675835441066851
0.6963320938734158
0.7311908226924666
0.6981253713684188
0.5656345546938134
0.8861782590293947
0.7556149666438856
0.7335980023830023
0.6199382248004232
0.7142039245584697
0.7194080270330929
0.7109139107838033
0.8431096292143649
0.8653497540760149
0.7308614362176344
0.7033825532079863
0.7150218815662656
0.74571150687728
0.6301614257948303
0.7508795550584159
0.8604655178326257
0.899498798427891
0.6857612068875004
0.714228053213978
0.8734496797727072
0.7275545418748085
0.8147751855578648
0.7406078184302793
0.8289523422557215
0.8042917535015702
0.8411828632599077
0.7030508073394579
0.8813931972390345
0.8169554515789086
0.7917009521278378
0.661258417103297
0.7440089515559254
0.6220277509363367
0.7874564176240397
0.7463363100496994
0.7732232041099321
0.7471551194356709
0.8466372318170305
0.8695452133970143
0.6907403755736214
0.9066698834504738
0.7989421150412426
0.7439519423920594
0.6558682550334806
0.6821027323451438
0.8876364072308565
0.8922243063787771
0.8104398303927511
0.7491493818115684
0.6940450499665558
0.8147510116729743
0.7764677254881178
0.8877033497412615
0.7054708732199115
0.812041714620388
0.6858114937741178
0.75562707318264
0.8968157970567454
0.7574254331242148
0.8901203841465202
0.5166560609831692
0.8551434354085387
0.8034584111666947
0.6286036694713194
0.8618788684852787
0.915280708172922
0.6952547601162817
0.7353226828773756
0.8383553038842597
0.7398532311425199
0.6886320416874638
0.7665001331944353
0.6920406830472419
0.660168825437103
0.6426360695788619
0.7531316140510198
0.7810096428920851
0.609388928138449
0.7986502914236158
0.826662313880431
0.680720687638602
0.8633000363250611
0.6432096923434698
0.7633587102210924
0.7808651190108755
0.7730253089508781
0.6869882499139562
0.7592171227067361
0.711628883130893
0.7770296658050665
0.7455520016140316
0.7760141433213548
0.8108018824334108
0.8220950168157786
0.8090744765045481
0.8095670715370382
0.5882006449198496
0.653240904627431
0.771008614757037
0.535827674899106
0.7732134967534188
0.8094894283587534
0.7976366889468287
0.7247317499271473
0.6945423103777859
0.8422508247492089
0.5911302151842165
0.694450386458291
0.8513565755975679
0.6341584744624947
0.5856067856474665
0.7388942882408838
0.7356614149894065
0.786305517529702
0.7861663866742632
0.7843010667247984
0.7631006033809467
0.6026283767088655
0.7881604065414684
0.8428633501338398
0.6497458460694836
0.9003761416162286
0.8826700348149343
0.8554263106861525
0.8472971748368325
0.6779858931509825
0.7378458386844295
0.7830233544617022
0.8289674539650282
0.800630332957785
0.734249164543418
0.7599054141590077
0.8247906403266387
0.6213843369286477
0.8303962394080016
0.7847174777984424
0.7287831340965569
0.7545820268062882
0.7736566062165772
0.6917922123586854
0.8519342879294695
0.884917139535004
0.6832111457258345
0.7059696647828189
0.9135438224809485
0.7505933390478647
0.8405321966884614
0.8877455735202195
0.7703509461865256
0.7544420890131552
0.6798667994611804
0.5649935354663508
0.7288406585903151
0.6940135301062348
0.714016194055754
0.7738387827376514
0.7969054173321134
0.7767578895731675
0.8055031759572879
0.796811682453769
0.8841099311275251
0.6533522779605437
0.7870772184306899
0.6424226464945536
0.7784119966966243
0.8334286882046535
0.8109738489962233
0.6421483301935276
0.570051871690232
0.7828634151276912
0.8872622662776268
0.8139504240243666
0.7748074465676528
0.5582365765321767
0.829153160579158
0.8156583665959362
0.6000569438271285
0.6200701543327617
0.8306719106123203
0.67725229364562
0.7135226759496656
0.6493843274020576
0.6212008689289357
0.6554660760679738
0.7611386079321636
0.6273130340304263
0.8462882003021681
0.8860693055289932
0.8883096761439908
0.7593086122433198
0.8323972441367522
0.747497065488214
0.8333084155376332
0.7939132988360245
0.6757149686191851
0.7294280880850632
0.6908777746426351
0.720940879221385
0.8841624154209016
0.8150614800085942
0.8032805764997353
0.8661511730625648
0.8620382209892332
0.6568409336875104
0.7190267030352172
0.8009865948543391
0.6731500469356975
0.8804408543771218
0.6083488302912846
0.6522015071024798
0.6981980879529766
0.7145545956313755
0.6844630032998483
0.815378818922015
0.8621739215880002
0.6534769103464295
0.9081625272098708
0.8871612669182433
0.7398470369047361
0.8309048348035557
0.8701043408584548
0.8063012708110899
0.6812336035803589
0.8969274283390902
0.6307853542549987
0.7460795857192916
0.8741347162257276
0.8457741401525625
0.8698965039452531
0.5142088661437539
0.7181862397860863
0.6597508511883251
0.5946090720454229
0.8849295401310714
0.9107262681426517
0.6549438539837258
0.7270419198196145
0.7446303028968659
0.8702511483240434
0.7101807848728126
0.6504994038831234
0.8555133306073873
0.8188027551976415
0.7011327757054557
0.6328012991682449
0.6930614383537466
0.858466397102643
0.8256220197909765
0.5335638127128388
0.8540122394645879
0.8501364634992892
0.6700637698929723
0.7616024879183937
0.851314981581681
0.8499311620285592
0.6385215594742535
0.8731033822784262
0.5619324535265895
0.8433494866774185
0.8561303809465746
0.8473428088052266
0.7136182117816622
0.7195161261152326
0.8696207345507749
0.8542960999242891
0.7827282017609152
0.8090145812807956
0.7545049618281936
0.910221152192678
0.8479001674923515
0.7776194918804742
0.7579252183434091
0.7992711861192512
0.7413123916315629
0.9031032184707841
0.8754058481754488
0.8283103213167433
0.7743501948618605
0.8433738980710744
0.8816423168833007
0.5513839736585411
0.8321816023463234
0.741871699977004
0.890340126508205
