0.05441561464525499
0.04483262782892263
0.04325910538534934
0.02993926518721457
0.018092424880675428
0.02568992562130686
0.009357644691907648
0.021358479866916854
0.025520763606659055
0.041657714063227644
0.06979041976435808
0.04258294307048902
0.014907651465456546
0.03835905561825752
0.04930727521472137
0.01560206111317393
0.042468777568087035
0.03782804835966546
0.021468548698480663
0.03031924683791892
0.04503447103624409
0.04076724489592941
0.02145798608257394
0.038692087410583414
0.02556928734709411
0.028333915249026186
0.025074519836252116
0.0455412837350216
0.19540090406251975
0.03998273682785194
0.020940988930134886
0.03313410866696439
0.018219140012404423
0.01633439930137287
0.019617376509161268
0.04065853619144567
0.03336444892509519
0.030557406524504095
0.011627342034248807
0.032765307191965354
0.025587784111959028
0.05069260157003058
0.01905845486694792
0.0227722797587136
0.04691801257848553
0.025826004428315466
0.019217116025025318
0.04322720755996699
0.02696011791875767
0.015960143717410693
0.011727417897231555
0.036919481121674626
0.021915904024985017
0.02620577981566017
0.038800442988393136
0.021792472619770714
0.02586901368133169
0.03814997187158843
0.015087543154343826
0.018209102602982582
0.0284588040852207
0.029974483977308623
0.03728083541598563
0.0313528517211766
0.02529278865367917
0.015497213844245067
0.06859264791314137
0.05407459707349146
0.04560222564014989
0.029401977742688552
0.05893375353770362
0.0338187860362135
0.03127152830194312
0.04975438276621538
0.04146465412586795
0.040875058987542304
0.03480698970365346
0.019596483031314397
0.04046764494209451
0.03523187736321474
0.03725866382052235
0.026681983032407052
0.03511512890865676
0.02756682493529948
0.039326147933696265
0.033589132118541996
0.04764858826119972
0.043701950877284346
0.025781940009154444
0.027462632597642204
0.02574569610343034
0.026566454931691606
0.03012824619965499
0.02870469847740402
0.052967572970669397
0.04223991027773738
0.0344751289282591
0.023897580495106336
0.02106457808446758
0.018438996088782876
0.031226845547072512
0.04118319826312685
0.01298114653530676
0.04176358995499568
0.04807642429432372
0.04535186642371456
0.015003105205398411
0.029627697219854043
0.04489597531437683
0.02623060005659411
0.024430157551093228
0.03156590411887124
0.018426528684437504
0.011749292560727966
0.05199221942841557
0.01791928034709146
0.025215766111172506
0.023338977663960175
0.019309011386883474
0.04029154246848167
0.029431378261053052
0.026064327269402335
0.03552791604408097
0.05082356893579525
0.0262069739608424
0.012917538846564252
0.02221098929966155
0.019338616618279687
0.022708884702180746
0.022339667003273108
0.02086665913082106
0.017863683946331685
0.0330960334602468
0.02028067193625186
0.03348327064573101
0.053580017558732373
0.013293920504227771
0.030469135548493828
0.04869207419871232
0.031716717090654135
0.030831757525911548
0.027671226215134584
0.041201753111160054
0.02124086178307517
0.0203675272509824
0.035181274160848194
0.03923185382616426
0.0379913841502261
0.013952906114294655
0.026360443735569564
0.03647847366531837
0.03446261547793357
0.032774095589424075
0.03646405593670303
0.018759629303941473
0.01826987996559793
0.01729672062253612
0.021906076919055703
0.014787797395762284
0.04616020344840371
0.04207577097792677
0.043960372680084826
0.04086560868117004
0.03309126477818762
0.02174972003849588
0.02337454568271646
0.014959048280434643
0.018163061022716472
0.03367658877735764
0.027976667654346525
0.04636969868120923
0.03516590539769661
0.028620849323565328
0.028290226885496917
0.02680545584673728
0.026113289155789313
0.019429100625262454
0.02843743535536424
0.024011567431744547
0.015517272263365679
0.022186148792223363
0.017445124203238817
0.04344374229138979
0.028064099277797325
0.042737422797449194
0.02892429611626831
0.028825710033901723
0.02044183778736517
0.023984282754879356
0.02205222830667656
0.012518750066156874
0.04291738260007731
0.030027974653411983
0.046420598270917636
0.02978970290784658
0.019600490117747157
0.027706787529541727
0.02089441869419954
0.020800904106822345
0.039716130821204905
0.017790845066575547
0.04592611275373875
0.03631332401914095
0.02467046582738779
0.031653031753464435
0.04775419856426599
0.02925169286698624
0.03878855894300206
0.02059808216028641
0.030949861902089364
0.02619008137888924
0.04593164285269875
0.023024858596642536
0.013984599617388576
0.04297788792956065
0.024148222427751616
0.03161583254813233
0.0922960323868816
0.03477356880077042
0.03079048043089055
0.03410674482360421
0.060025970403825894
0.03957598051660061
0.03379233512898221
0.02825379980386011
0.03640342052345193
0.01572039243066267
0.04791988175134123
0.026808278131294473
0.03341671457615991
0.02238138693820733
0.02609035699717729
0.03743635836177247
0.03194210650779255
0.03640301144026121
0.023930381766823966
0.043990725659132354
0.03910162115787973
0.017329779225483774
0.028143160687031397
0.019572598336677155
0.03757595959926488
0.03175660657298335
0.014645953260635287
0.021046783468074887
0.029026446196056786
0.028074561478694103
0.030330871565944054
0.020101159755420546
0.0322369423457609
0.04455813525562355
0.016300607425929408
0.03044243692516391
0.029309219869693186
0.05091863706541592
0.03184668323921377
0.049470166769758725
0.015636055557888523
0.032522792590664235
0.04372439809187284
0.018576277984367468
0.01939478241803241
0.022610692096300584
0.05377023904655811
0.030800030143615154
0.016133598976085656
0.01994672117769879
0.020838314320757414
0.02592091790832254
0.04200014499544561
0.033296081899970506
0.03874515904185507
0.03855076615284723
0.023961612714972064
0.05423791901472683
0.04914571607211829
0.03820695950195607
0.03306243833263072
0.01582071765949919
0.021125173333623907
0.023047124642046106
0.019708511126082205
0.03327067870545909
0.02540330475115313
0.014207687204444335
0.041655766486091914
0.015580027010022734
0.021592830747418166
0.041333465420077216
0.0216324790798868
0.025881952417935315
0.032110669939010156
0.06108139595582562
0.030590693631723335
0.0379344829145782
0.023786641801289962
0.018617369096307252
0.023781108067083296
0.015082140563377427
0.04066457779328436
0.02863756238163184
0.027041339456489545
0.020808788191636955
0.02676949326859044
0.02692966358644604
0.020365947617037777
0.02555995385543615
0.015707036702469823
0.022491783403609647
0.028031777987176834
0.027859159115092364
0.027784617707979707
0.028820292441572602
0.04348585828122323
0.019154371521060018
0.029460838924855397
0.02390782437398008
0.02681318400064588
0.016392198858647587
0.021159696262191004
0.03618356196036145
0.02307649075707246
0.03886781287323625
0.045910722679847804
0.02755968436520572
0.01597443668785141
0.03671342257640422
0.027064146260907983
0.05746657038441777
0.021802977291478183
0.018388698749274436
0.026606276379044475
0.043381857106014776
0.028297982833737134
0.040714201808207236
0.021152936318542193
0.02624240875475263
0.048879904777977407
0.031042604347142025
0.017875225134636945
0.01798305478065914
0.022033921932418578
0.02397200160647198
0.04454632473829672
0.028820943346033433
0.026875517474694185
0.039124748543441126
0.03827897556547423
0.03287998253795944
0.04218726517279856
0.016985675861997986
0.03297399307644518
0.05196247111584299
0.03126708611578136
0.046120466221820006
0.022801170333458697
0.028698324162817153
0.024720409962637507
0.04405324017624878
0.018597097429558056
0.03791738164512419
0.024754629848128443
0.02135531350762124
0.050548128814253794
0.04242609772373968
0.044804793894553795
0.018555497406133478
0.031115654447750277
0.02827413701030522
0.02004849139736317
0.04216200652384596
0.03519848837245118
0.03672143162610243
0.017367003498078785
0.014728970769747694
0.04165208331424279
0.04003813794398141
0.044117046146868934
0.05053747929219764
0.02258250210514738
0.04098472185104985
0.03571167560361591
0.01977111338802722
0.022451685578310246
0.027674885096011678
0.03343459209200578
0.04045057579636724
0.034169605047489345
0.02076183721637442
0.016106979558623793
0.04752771184791314
0.02915605756882965
0.034664804010301885
0.018500836784582725
0.027725295551716152
0.030713822077194416
0.04478625099084654
0.022762369809488543
0.037202284145951336
0.01459564084530277
0.022278507777420724
0.024919558433720592
0.01631665080299793
0.04103471990034807
0.037872966932753147
0.012897413722388696
0.029573896210310483
0.020625090090609307
0.04215083785341038
0.043616739497340684
0.02067420488327356
0.016354613095071326
0.02558765674534724
0.022957567713759522
0.03422454145990624
0.032607809575394574
0.04560382845893576
0.05899406660498679
0.04365949949157749
0.014448924961812179
0.018119658506895064
0.03490288606532699
0.030589617571469264
0.030214412270901388
0.024792976061674778
0.04911170938758224
0.04748211987802847
0.016270869629916966
0.03190012324986746
0.03453763147430372
0.03449269654303235
0.051241916734977015
0.027373188924053236
0.04299962088087345
0.018267463002000696
0.029454983989491656
0.015332015830251464
0.02968108069790265
0.04256328226879218
0.07386186027429456
0.01776985021790297
0.022248494503632026
0.04207438119548771
0.044267592950996436
0.02154328284059955
0.04745737406059798
0.029655869204186235
0.023705152075144342
0.026509215882779904
0.0625593468065044
0.048504998335258925
0.0411469241400711
0.009813062976675512
0.03799770762156344
0.029635958661999084
0.015368176616958029
0.04186571692686965
0.030377299400926126
0.028641133546760813
0.013411031162736788
0.024569643625424586
0.03692221127158011
0.01347245013991809
0.03905831939130387
0.02915319821042256
0.04005030721931693
0.05005713055282195
0.03595121330528028
0.04772383126893996
0.03737927645056525
0.015503900580796176
0.027654395843603862
0.03392732518897475
0.036397008856946814
0.04665736175973699
0.01668330518866701
0.04408264359042787
0.03349478684055476
0.03194656937502412
0.057297558060394244
0.03328755975055858
0.022741970060710454
0.03274827263291256
0.023166965432083707
0.040002160403101866
0.017104235082588005
0.029216398258371655
0.03166020628479393
0.04395717554077051
0.029846535424411985
0.02300665955315729
0.039299167316166665
0.02573350665528975
0.036179059911971394
0.02153680028651864
0.03370396361175081
0.034743313046626034
0.02866137001457143
0.025821412541073518
0.01590947195085965
0.045159106231030824
0.0304043562789777
0.03393046386922917
0.018662781084578785
0.026816046601290937
0.04100081917397264
0.02982944969447111
0.02013929035391999
0.04143038109338557
0.0304029547174194
0.022927454360329697
0.047187309246427195
0.024225756210700097
0.02067821610038911
0.04489434608636288
0.02233681186540049
0.036952082240733354
0.02759097268338725
0.015618015318752182
0.032858343622152224
0.020751646798234706
0.03054513138408575
0.04445697122067119
0.016887319151099485
0.01855323688587405
0.020558961433166958
0.031636160507308206
0.030774126030803272
0.036213075730394985
0.018905002454619534
0.04839540116835849
0.03124692243782842
0.04520431091002778
0.01870770075413994
0.03724545242893537
0.02299846928045893
0.01782374869192995
0.04491519346724345
0.020604306677630187
0.036208779569745976
0.03750446067353934
0.030628277814096813
0.04484144659815777
0.0366532416162515
0.037719682416717276
0.02399999819930157
0.01931983395711432
0.03805176664015263
0.040410551242773304
0.036502788686478146
0.030395473758802104
0.023022806574239624
0.02665770806450144
0.01906013118442677
0.03905455142987284
0.07686051911793668
0.03730768404807275
0.03870785393889906
0.02779590952722896
0.022930177497850906
0.03792548346056801
0.054487006044547565
0.04300064184672511
0.027187440911776665
0.04305768549973759
0.044158471799029736
0.039247857968796526
0.022219337045182728
0.02458609910709858
0.02852830569087588
0.035554213952899545
0.015782668223077383
0.03108548104281349
0.02632250439052496
0.020901852011079948
0.030111012804545437
0.037331715433322095
0.04160192131887467
0.035799019264204396
0.016757601563869854
0.03065749421622627
0.02965307697672739
0.025235514089732142
0.06352254241015404
0.022342573520399877
0.03548941620768679
0.05487211495214029
0.016948531932701263
0.04464188653439675
0.032873932618230475
0.05466647454285684
0.017195525597467287
0.037588660877026475
0.03138425104323456
0.0200108620293454
0.03895530123531406
0.0436398175590928
0.02124967174469065
0.02501715955315728
0.031802454546112545
0.03782047647420031
0.025276095653380896
0.042028974329867616
0.028157870206088245
0.019994985439139513
0.03932148032655434
0.025468265205794715
0.013199212008857795
0.029112577570948837
0.01434335678382356
0.03130475030271348
0.0483531413011521
0.025411242551011175
0.03527088929502555
0.030444728314515557
0.013819071376619764
0.038388092848891164
0.022167063024553263
0.0682913194673192
0.025741545075247736
0.024968559002707925
0.01835545979139509
0.032198800816493615
0.03382777885172355
0.029278904751595215
0.033581304784016844
0.01896246231213469
0.018335633091034826
0.042012186033619184
0.04714948409679189
0.036899758743257446
0.0422982758825206
0.032415459874828696
0.03457630858330881
0.03436291079667756
0.01810997508416091
0.02744622242381327
0.021621996429659212
0.04174865619449893
0.043955354613699364
0.029456294865192426
0.01782672705048034
0.025377573460861634
0.023813654227780735
0.032729688591265314
0.03571219073995452
0.023219203434817644
0.024930988493760194
0.048565711033002536
0.033027318245541955
0.023852440592091014
0.04689660994558938
0.04425176383529315
0.04267395722426088
0.018478122226654795
0.0334780073201001
0.011119846232111659
0.017182072053725482
0.028839950224364246
0.039710151403611366
0.021324697992029996
0.02344046385918795
0.020196225357392444
0.02932854138568542
0.035677417397919915
0.05647201139396975
0.034000109326474626
0.017443973615525882
0.06438164556512052
0.04070845910058127
0.018591197242125112
0.028233351337595802
0.027751586412200005
0.02163728973373983
0.038336036281118875
0.035350727957735646
0.021869009937328997
0.026294735280512432
0.036321709598192094
0.028637750996079847
0.21431136468584655
0.03189718648062198
0.03975847899692885
0.018054339474031806
0.21236994298597928
0.047844264928941276
0.04409166416682799
0.015233864062062431
0.024687782740009063
0.03435986805161252
0.02440294825750897
0.011268434896950305
0.03200259069522828
0.023704554683161412
0.0178040610564176
0.025630129666540918
0.04305709010877689
0.0175647642626508
0.03300072225927545
0.019465600456469907
0.0379697893995503
0.022626953884257957
0.01064761717870044
0.04152275222427871
0.025403994075984964
0.04138967776618353
0.036324266482590156
0.040851646832767714
0.02496670163153186
0.028430172999595278
0.014747423189321386
0.03238706131613898
0.025613066790153335
0.03725177244849817
0.020663310211842423
0.03292748508343323
0.03162508416859236
0.021356474013369882
0.02263647888568311
0.03787261559091624
0.021327087903884757
0.03212670136274034
0.13139647955015857
0.017756847979698235
0.06349302662545776
0.03339961947929543
0.0214260480102298
0.023860232178283487
0.018960425053314883
0.03353038249432084
0.0414766485251559
0.04929059371626655
0.03404453009907186
0.026591545370211325
0.010469138936115879
0.03168353688087733
0.03478537812546663
0.02878045232127856
0.027473548750813096
0.048979041506735044
0.017293178748018913
0.04127017173249455
0.028288454763932325
0.05397266616646292
0.048112478215572865
0.02137986326266564
0.03815438592656473
0.02960459474427496
0.033494375004080236
0.023214115276677688
0.03973007665539795
0.025119153450192763
0.03391734767761228
0.044195960584793796
0.03479295868109864
0.02058237127498639
0.038889881566672876
0.01477730262396219
0.044289437506606986
0.02661947140330633
0.023623141409735742
0.05568619565694193
0.05520300226776937
0.039411342227624345
0.01321273702658162
0.031027082830065788
0.02832823886743209
0.03430609056061503
0.0261792488411381
0.014955796468871603
0.02472277878089453
0.019265840901275467
0.02837987640191554
0.039795431574268715
0.03173094003211975
0.029429248494208332
0.013728915251384866
0.03455286961155376
0.044035817589828816
0.027832453562261335
0.017823923166957946
0.051160798085648496
0.05298883088811088
0.025623965675619663
0.06824677752394775
0.03172988762916493
0.03114114279023503
0.05516378080897173
0.03792706202542228
0.02580765635943303
0.03425822539975386
0.01681814518959421
0.05523281822012707
0.024566570712539745
0.032385183955278576
0.05166830095360684
0.04406464054271352
0.028407308133430606
0.04016619225354136
0.03242019232400004
0.022536553013367818
0.024482762170824898
0.03188303055459958
0.02708315729085231
0.025746955610172807
0.03996579367396333
0.025592316407870467
0.03324903196417572
0.018984261256207245
0.016037651759594727
0.04216014752614801
0.028858072479982788
0.012367895327427018
0.03376496210570644
0.037750754962098405
0.03976619591882527
0.05961944859863049
0.03667933466437764
0.030314469606459137
0.015935266190909108
0.04822389669431246
0.03014052764201166
0.0288115197205702
0.031697556073801016
0.026736914284590338
0.05616875941656387
0.06626779271265514
0.0433267578627979
0.02159696729614804
0.03052943890414149
0.01116036799062799
0.019417065877105927
0.02201229657400339
0.02745298816056507
0.05927784078053488
0.02141730855095886
0.035451843263698296
0.03438576015537583
0.033167979834574486
0.021703572064154873
0.025951180463229792
0.020132965189081566
0.02574771593942105
0.05441022206141198
0.029897126058838788
0.030226998260374966
0.027578118242128837
0.04458770074887372
0.036315450227564244
0.05072747347050058
0.044035684927324736
0.018929117301789
0.05124648306410109
0.03572964736729961
0.047659099971474585
0.0289389815711034
0.033676331296472434
0.03132986831254881
0.022331690618302442
0.030110786152396755
0.04499417108392657
0.011089833545924226
0.030167889679073454
0.02519657974305627
0.042930991353552585
0.05039315151851486
0.0426468557534372
0.04784081911351268
0.026962247672950922
0.0551232731631527
0.03549433017879816
0.015173259941681111
0.03341976300010231
0.061189865239238604
0.054535867477241505
0.027549432033749138
0.042584808458833716
0.030439862687019717
0.03491173355586005
0.03631333922760778
0.0418073775725696
0.04119189158113984
0.0362743734106799
0.033978442134808724
0.03709988657015876
0.024069910377488162
0.032970320632959314
0.016058922285418845
0.016825615576350143
0.03534487824948425
0.02280478416334114
0.023867614263962424
0.03774093771933838
0.04425636086673481
0.03314404319322017
0.03145203888795659
0.03137307230540183
0.055732294428583545
0.032480987793235584
0.045478478908484755
0.025782224895185987
0.020496145352249667
0.03389426042191831
0.03764163880934274
0.0187254562729584
0.030050292553576722
0.0399997875920001
0.01595874149310341
0.018154145621848708
0.04307276350902328
0.022847149883867383
0.02569544354772342
0.029519303884196612
0.04709780247474452
0.04283167200843361
0.04484224871115755
0.04234342750428644
0.02764336424190212
0.016897401406693782
0.024021381408910213
0.02888812310943972
0.019567974911354064
0.03142337413079066
0.04309045848617318
0.029580971659170112
0.025325425923289194
0.06701314461789436
0.028771583092987874
0.04222382708259889
0.016889827829130177
0.03133725574776339
0.030246478612267022
0.02516316921749855
0.0211753513647477
0.02454929314575262
0.023213618725534575
0.018064339208364203
0.02692781507610654
0.0339394871611096
0.02349377530158716
0.042920137426149724
0.017227109136891922
0.020191232754723946
0.0354481005436761
0.03224460805072461
0.014040312744883798
0.02160954268736028
0.01767926195597842
0.02985434093164871
0.03574386583194488
0.03214209337057351
0.052736495041780324
0.033526761784292106
0.03892135214523417
0.050521695090558594
0.03992066292049028
0.04912962645880383
0.02274905751885945
0.015424572967543864
0.030410425716104438
0.0326095736170602
0.046430964117791004
0.018713354808039533
0.043966057812864376
0.04115145631081155
0.024754235337087628
0.034413338789014994
0.011075828499197077
0.021119499441110225
0.020928823360417046
0.03131290145466174
0.022440449390330894
0.045908893337466464
0.04481336929716741
0.029411612797559664
0.04314541633434669
0.019127413986013787
0.036125230698962355
0.02093709483595253
0.027872071885269127
0.039731164569246795
0.03733438383334552
0.024284342450974994
0.030782551533568518
0.030614650909936487
0.026940298662952958
0.026200997462762516
0.02366720736089937
0.0397514510585392
0.02544164652331011
0.03638137268322562
0.03533816482394637
0.02692730785458049
0.06623067702023878
0.02572478338570487
0.01830322717774696
0.03276914340710738
0.02452996959148605
0.06501253434925303
0.03006405165630385
