0.8461187866476155
5.815097845885536
5.2851233655853145
2.5801344417197574
2.616909362544369
1.3036149381056812
1.6874131942571573
2.366203269073743
2.164252072987098
1.2724852423208382
1.4376148345116517
192.58077341157687
2.5450706130607257
2.381632103489166
2.030764430235065
1.6195921045012869
2.02605719448868
3.496061878189873
0.7612946357585836
1.5723493391317354
0.7691922640702855
0.9584023963908512
3.3982562373085647
2.4488262366069558
49.67942501569575
3.137591767479197
1.4772582532674254
0.7472902966125569
5.081755253932758
4.900778676577068
0.64731276959523
1.4110570262474549
35.84859297226093
2.462388144835947
2.5597866135833063
3.533755597835118
6.5495253392796755
2.9268819168011495
1.2830193740065876
0.8703226822189234
8.056425168694977
36.14085271697893
10.51316327174585
0.801669366274159
1.3250336775581801
50.47871511495679
33.359553541018535
1.3907713119647187
0.7523150948082667
1.2110807247648747
1.261413647443779
1.1445151418745296
2.4328245197067506
8.910722924294902
14.876090377727555
3.9939881053622726
1.4727238833958642
1.7561575046405904
5.353308910764994
7.2481625079266845
4.398601727343359
3.097230491330385
6.482205548795803
0.7454155528057028
1.8474820919710218
0.7585311120581761
19.78146070549278
0.6750523177482427
3.746742259139388
1.2173837645617558
6.625133861114383
2.429577395530838
39.086282999720254
1.7089212435232866
4.138290158393738
6.865458765119952
0.6829270181045788
1.4868859463639625
3.1912421578306236
0.7894292424852286
3.2847750051913205
2.58397790186074
3.54049306365808
2.2533135909361874
7.492326328119803
3.878808072568523
3.107988194846511
3.0446294551842605
37.889216918086035
6.376993258257922
15.887208315417556
734.1736651092893
7.629446643404453
1.7864897825387211
1.9523181331928454
1.6521320100478798
0.7769468465727674
3.1753979869805513
2.594694412767463
7.702622042946159
1.693133245306888
27.166343400478585
1.2919674152640246
0.9696843171257622
0.9005415733694182
2.721228666557127
4.997392435948593
4.522244527973251
1.4082712767900678
4.179427509532214
3.657079061886172
4.029652475288838
1.0858282110680775
3.199025138546595
2.0269226428014333
2.0165520218941175
2.3020764409321717
0.979613862768514
36.10156873480409
1.6994214122459506
1.2756894191162411
3.9344437896588023
0.7568017657721497
1.6658435958094022
11.480169511763194
10.437909340277846
0.9376086757170412
1.6392233998914958
5.124686670642701
0.4490861129889554
0.5346001716157551
1.2681841969608165
1.1903308135145458
3.2209533019839074
1.6117105951447912
2.7735847019943547
1.0587556829269036
2.0571441786694518
1.163671726313791
15.798177673935767
2.5957863266407117
1.8263292505141477
2.2108704136898405
5.994725014751891
2.4136398699457637
1.598830007870667
1.3817212470482512
11.01153223722933
1.639364238836005
2.3567226188766734
1.573055045196122
7.075946154428726
2.3356506316031624
7.04250873578111
1.7642557562531687
1.364943040293949
2.9548036297004234
57.643677188961014
0.5747503346507884
3.9966444527021845
1.2505495793191765
0.9483807748006895
1.1577321536059493
1.1930502509416128
1.5376385158506276
1.5525788971367371
5.914678501168161
0.8368188306589626
1.1227686479640986
3.7435977576731876
9.316319895455866
2.322188055491968
0.9485856144991692
2.0990296439447462
7.5572449412171085
8.070399448147718
0.5266676441866782
2.099231222644038
1.7641042807088534
2.5037039433818222
1.5791321930567448
0.8650339434450756
2.0519165391963337
6.635427874576446
1.5145666198087668
20.154869117800736
2.671399756143717
0.983197373844534
2.492548446671327
2.697457433840934
4.076538667804969
3.3616871776139283
11.164324276394867
0.6439028026602804
3.4447390541661926
22.478593631364593
57.134497891461585
7.492766026863693
4.799219560303026
1.2958101586688362
2.8574169098071134
6.969953919307658
12.209106377758609
2.15170030282947
5.390523169896198
2.4089252533885284
1.4231011672431249
0.9769976544024332
1.2926759147353162
13.40875275135535
3.604701035662535
1.6866488477171608
0.6087042582566278
5.865013994203564
1.9990329201229824
5.23710135987638
9.208503236034252
0.96087276958954
1.1701825128727161
0.8457682059712318
1.462285380587934
5.778080671442078
3.6005581985355026
2.8754130923600916
1.0601406368215243
1.6868627201590616
1.1973003380313942
8.36796771570629
3.2553935335976196
7.944722107110565
0.06605875754818526
7.160264513449677
1.1375314615282504
1.8257647551730545
1.6119127903523647
9.51189355211655
3.2304762781159355
2.352236949998182
1.2828524268424604
8.8017632980841
4.718634751224063
11.887815946296044
1.7213089631394838
1.0238957846015289
1.9341968142419146
1.659968649596932
4.389145627836119
1.928305857011896
1.8236321204143526
1.6050491860879124
1.491437704724904
4.002059355698778
5.342971754097616
29.038340869945
0.7966318541816056
4.236554412337087
6.307342338283123
5.2058381772385935
1.052514034003784
0.7525143484228576
5.1628992501327415
6.964904457514062
2.4753904232893986
1.5214992279592707
1.552624570618661
3.296641707842854
4.679443885604315
7.206432722194095
1.625640447302429
6.712264301153901
1.949277609570622
8.677061792486041
3.426642072033183
10.618351523833915
12.929368206446433
17.076705264830675
1.1136196495102206
2.393012319440527
1.223021341377188
16.5307740333391
0.8232089234610767
1.9397182490658955
1.358585855579725
2.3921309612551456
4.577770348862388
2.402161304453539
2.309738543577005
2.073521975185452
3.0775850057040315
1.2198232376994642
3.2707422967126085
1.562460948320272
1.6732908972183929
5.698173278136596
0.8615669124121766
10.170037468640082
2.0990404801363334
1.5413378696701423
0.8926046114123668
1.7795748110238194
13.533354465069412
5.661427331652272
7.597046715233644
1.252029330838031
1.9317175760650633
1.4185462431673377
8.405839057120808
3.2850029547778266
4.97830007017787
1.276875068471094
3.0611575337144825
2.3277263988468277
5.359304010181835
1.8313436821124172
2.18193277517942
3.6400560370533848
3.2120947094226815
6.125625229260181
1.1087132376283353
3.057346199474471
4.523121621830036
1.9234294092868038
5.788830690496553
0.8378478698456704
5.6226145515245
18.753713573186985
3.3343826337672575
7.023394628068131
0.7477828460099654
3.2544597393530625
3.4978517321897424
49.7129940311649
2.2601639328575436
1.2904542520679478
4.642586004350484
2.2899330913543574
1.864932265639014
6.770374963709323
0.6663531840484832
11.409463139984332
1.8277434113618747
1.89939627110375
5.138293445381569
3.916610330415761
4.409668301924645
3.6367941047622474
6.723072775356895
1.2105694126127338
5.7859458637564725
2.533455473120861
1.2169809137375664
3.38670812320905
2.730972795190693
1.033408504792192
4.4288863087290835
8.54929354372682
16.047189838699072
10.810108001107489
1.1056015238056731
4.468884705177629
16.315193125649426
1.7565408498096664
76.51136619869443
1.3456231915494627
1.0595456159665084
5.271636708389482
2.5862437977549964
4.024492398669735
1.7432841721625871
1.7290833769812461
2.992339792812233
3.45158879468563
10.383892980301873
8.96296831053439
1.017960862347945
1.8253936139708133
8.402783819194894
8.724139895555801
4.505111105888181
2.728878844985008
9.867021162190463
1.7261698436479878
2.1361126731127156
0.16977261676299094
1.9441871376749955
1.93168166034454
2.1495381783444536
10.358466336817958
7.108666649254083
9.198124766962925
2.8095670600114615
4.428039036757146
5.276250301906681
0.8286037514048004
3.0854816678249732
6.804307267693286
2.214759844099015
11.37541508054685
11.85323054542798
2.8942460337002616
9.01643389641747
2.9107526969561803
0.09768305888050889
2.827639613636854
0.8634715394977608
0.8823232547408497
2.1605379961401785
2.3190548370168607
1.2880251133897653
7.569899445576948
3.3333489856846272
3.2058020704970334
2.312485532108388
5.703373744931538
1.9443505305670543
6.169415016429666
2.2821198617387717
0.7309245493104753
0.7190501997380269
19.581204302592557
2.2271117204266666
4.708719797986992
9.08422038336566
1.893438401361212
2.416370925326685
2.2379352504319807
2.798883973412948
0.9884125052071385
4.200441945012864
2.853909993823796
0.9562302254127102
2.9257187332047554
2.1550180788463513
1.7489529272328208
2.2679722520893346
3.87387576744693
1.6162063618315141
1.318289182914737
2.467570820960597
4.148197072272554
9.247083547604191
1.045977934076763
10.19783445300073
4.5509174007206
1.221914672274585
1.4766543470966214
2.860334220269548
1.5662290488124913
2.035189259173642
6.148326152563835
1.7946870126237828
2.3761420475830284
7.546713050893299
1.7446989938469906
5.919058676581182
5.882705886129845
1.3257710495694695
1.8366631003724085
1.9792326746634332
1.2487353373259915
1.0309761529546242
4.088070139236125
1.646750578387244
13.655457522211906
2.7090709447255126
2.167230674164074
0.8800846801658062
8.813949499976985
2.498441818019984
2.2423222312337914
3.2510583524745296
16.20522585793984
1.064647791742925
1.8143283198955606
5.059074242830313
5.462628072256969
0.6325773050078624
1.549377903052574
28.605001855651164
34.15158700867128
0.8161790065485202
3.566039665094274
1.4751385779161201
11.396156847688662
2.5778728989842277
4.298911716731976
1.6213171370675448
2.2273997671068253
7.503500355971413
5.9411034646179255
1.0072342134757106
5.2027345912065694
2.559876666877387
1.3617688445998142
1.0180268564175712
1.9796864698265657
0.2407992521008566
1.6776886475905461
1.9900635807934672
0.6092317570715898
2.000886856939549
1.3350240800858773
10.250077436871255
24.26438240425956
18.340938654031174
7.787282209768643
0.6360381150845618
9.99540747369873
0.7583463950196461
3.6393858192025466
2.0251520464148185
4.16509077311303
2.05502048571948
6.768822066623716
12.072645608871559
3.1497213413933194
17.031633688087396
1.1318942334415478
7.5852804080276774
3.736472770596425
0.6468267064135738
2.1680302241418206
1.6036377777793824
2.7177660510684896
1.5707268108007373
0.8405390142573961
3.130339745311984
2.7425860731446425
2.810782061032542
1.3635563822092291
5.784632096596245
2.8608198425764386
2.9171849146135167
1.94304384395686
5.8184212766597625
7.325691559498408
3.5704601009576864
5.106345596912102
1.4079439780185135
0.5515287095369223
2.9596725804771506
16.632069527812614
0.6958619965480266
3.8589756552394956
3.064840666956044
1.7442164948796832
0.756719818464684
1.646568535400756
20.857785459845523
1.1149681997142493
0.8575706503725428
2.708974169000092
2.5717707735809063
2.330836239081669
4.490100776287426
5.931840492006109
9.398253117886105
1.0110699164343515
3.480838026973389
1.5852612148257483
23.80444393816618
0.8984910460124476
1.485062670151965
5.042525133434777
1.6259136496911983
15.535066400105299
2.578120587999795
1.2914285920377897
4.50885306351996
0.9320315903896995
20.46510776324312
2.4776357495844787
2.156953712195623
2.433871198801359
1.1041379066463954
1.1214511387221247
4.896534812753141
1.2833838848819257
1.032067668840774
2.0120190748773803
1.6594504854525276
3.538847940300624
1.571009484617864
1.8252184525142778
3.0281644711376554
1.3516447600758066
4.976718919125192
1.2359163216492828
1.9170795898774267
4.740989861284408
1.9495261583396237
1.7246328553943842
10.4835229806816
4.793699361909496
0.8122771346424168
2.0205088952612766
2.6820784934861672
4.879810344236069
1.4087563577833293
1.038233463101041
3.3271634554260214
1.284358491581794
9.354355205018784
4.46968326793922
2.5574735846256678
8.170260628463707
14.7958987816657
1.1256165576810868
1.9375089646716106
2.4607651196876197
15.889210300535396
0.8877905755559117
8.127055046191952
2.1046207091432985
1.7757015145616135
3.161115883221932
4.797852721362854
1.8196991089450343
7.382891110288636
6.512492895412354
3.9006750547974884
11.56202003009434
3.5674659461633005
1.6801528017767713
4.149214945438152
0.8760965070467908
4.438298239890318
2.0683880734135878
2.4023884371402473
2.1236398858331342
3.5675989076877417
1.5444435585676592
3.3214580672178866
0.8728142035514886
1.0054268974474185
5.858192550357589
3.810973943635514
2.1401607008551324
10.143272180616647
3.0202855236875736
3.217139571058641
2.087105168533406
8.001943399822686
6.213513723344407
1.432377737124375
1.1931927748558042
4.773820453936036
1.503677112742538
2.0297947413391406
11.021933125399498
1.2258355196691806
1.7962657725597861
10.066724824705373
3.09666282889171
2.9485014473294098
1.2351375835027696
4.677815588918709
5.508803986625417
4.7087708973041975
2.6388260809876694
16.944647462605683
2.3786827043643166
2.389652775758821
3.270860481285239
3.566142331836133
6.979845631175519
3.9010278980606103
1.5399189821077794
1.4128510641902599
5.744858296372551
6.761019079628372
1.8292232483559263
3.206854884531051
1.989672232501848
0.8492354128238996
2.4900568411208295
3.4052137829236897
2.1628666989842418
2.123396255605168
2.1796670640076847
3.7371133053702263
1.2209400808595496
1.809352701175964
9.420671878844681
2.8684734271234738
1.5271815845290289
2.207421008634913
2.192418933756471
2.371294905610925
1.2410771550480058
1.5066877863995103
1.8076506221575601
1.3517825195554571
5.552909205262916
5.682069136358504
6.1075940127997
1.1620314350571652
1.2086889483714591
2.5743787137920764
12.953989186910126
3.0722191813389363
1.822085470624533
5.023637273740096
1.1525025613796
1.2137356869573814
1.640359863267078
4.415488124393828
2.4736362509641117
2.0935963255944725
6.820391432843043
1.530903673097766
8.730801917731288
0.6078448456281802
1.2843887034044683
2.367855623199118
30.855556936568714
3.2946844862509215
2.4570274309593185
1.025900268919015
2.3986031557063403
6.517736039617226
5.588562052078207
1.9464370004823088
3.8538180291790076
8.903371364474648
1.773354489335864
2.1570303043435493
7.012385955939555
1.023524110311802
1.7891954751092949
1.2584050890808394
3.3875321623098444
2.2205991775115765
1.267922886649909
1.5592027029838542
1.3493612848203327
0.6470421907375951
0.7664290290471025
54.841448208100225
5.701906778182638
0.9831741139254204
1.993998099334027
1.130131336290629
1.6660264265709759
3.357489399900522
6.172166797448715
0.8205227414234063
2.345484744333651
2.3631193557122425
7.9967280629274375
1.217605989661523
6.12456067513863
1.2012935942114238
3.445052575019815
2.723380274771208
1.6243907873842698
2.008265506041508
0.9383978916055866
1.3590522550843203
2.3905612468462514
2.26759465841242
1.7089819407819562
1.6391586634993378
0.9212301089810209
1.0093158257198056
2.726989617760925
7.485263991653362
2.944015853453785
1.6503128937011782
1.9695535337132644
6.51258208549588
0.6246311985386694
14.85745710434709
2.0271731651141547
3.3377716061852314
2.0685475434836715
3.3581419389941183
5.647818006873556
6.750674987068445
1.3711819978758961
8.847521277890836
1.4195214661401259
1.6386957896315173
0.6920325212056132
7.725169990474507
25.568455220792806
1.1546547646919827
4.819376962849072
0.14743099995798126
2.256377507234148
3.1423367227589845
1.026461698389646
1.666900188568848
2.9668551724233896
2.16637024023364
7.564188580261525
2.420252167530482
3.177742374860419
3.0151465249024083
0.8148570493683207
1.0217861466339493
1.9339891882370417
2.4879388469338335
1.6397899500604676
26.370021113713285
31.059197751639232
25.017510480801995
6.051955684887106
3.421220001955858
2.645381907252809
12.687431103879804
5.086370819842345
1.8222275450675538
16.355873012867907
5.495618983824324
9.304754130439422
0.8104832178714627
10.907085487702172
10.894535375946852
1.0897789824027304
0.892738196966433
2.7496680177743995
0.7024678392497127
1.4390065630835434
3.5573060795099787
2.9242750588387616
2.3755065488322553
1.3514257445135573
1.3362665459496617
0.6936773740028436
1.08223139824249
1.0183666394720405
0.24459387677540578
3.129705017339367
0.6545351342754965
3.851423798434179
2.6314987595449044
1.1734898018235786
3.5702711103791436
3.6041261257348594
3.677103684429347
1.7709945723053033
1.9613420185410517
1.7023596986892138
0.7527470072583028
0.8843752907360461
2.253684090359455
5.176405473606716
17.62929716204382
37.79842461097322
4.407476688015724
4.932374620583848
0.6644721593257105
1.2511594578565728
1.4400513575450415
0.9753716369895644
4.336176237242707
2.798335324652356
2.84361514608582
28.699727204093843
1.8573322620290587
3.4021597571273445
2.806826879068857
2.4958320623129295
3.6123815521178795
0.7892259224074746
1.0214858157878355
5.97032257722991
9.442163748829408
105.0305041489107
2.100876897068026
22.943111123668416
2.4212361845293593
1.6408252098192455
4.702336872518103
5.670419215427131
2.535514238805511
3.0934411476375256
5.075550656735176
2.8661375082563154
6.967251756112872
6.509124292555263
1.1374355977822332
133.46557241510942
2.9624375370566876
0.526875106893647
2.147397013399177
11.21270037415834
6.382782725419463
27.897294610805623
2.454754633049303
4.328209796951172
2.6785179688310645
29.391392226482896
6.083000546223324
1.2353587703923619
0.46134227418060575
1.301719867934218
25.115783479631617
2.40528115026582
0.801932060439006
1.957633644932643
2.230411446759397
1.5652960993278198
2.9188545418425194
1.502532587217433
14.419571678628213
0.8325803809898443
3.820996070472849
1.4231383539898905
2.3215024694587325
7.4809455025276606
0.8658780363295784
1.379763491262411
2.088506923610995
3.679154658770427
0.1397475610909239
4.228115674126239
2.7236523495342104
2.1139250088787573
6.920497534415553
5.2142890747515676
2.8864862154801605
2.613832930857323
3.1838154539207104
1.6787916211382121
2.402510943737485
0.7101198038895854
2.928341942862359
8.373301853351537
12.47631115162167
2.198814508150336
1.7298682677817412
2.2977152456473373
2.06016847819126
1.0191694020299975
1.6421639515094613
2.9628117773939655
1.4783960932636175
1.7929854961192697
1.8417624158355
10.126379700468451
3.0790167614383495
2.6777270250553546
2.3516497210520098
105.10621901182675
1.3287966079775995
2.2784067460571684
4.715548489878419
2.496089099702472
1.949936277122784
3.535481892819438
1.831551635141139
6.151945562667815
3.0857711059150295
1.184867723070317
3.8556528435450343
2.7850114471198504
5.1199547402193994
3.831724646066388
1.8996959060720546
2.79963392712921
1.7640148490584875
3.3603555390756825
1.096814559208634
2.9410003594769605
4.598913188719561
3.14476962576075
2.5737578107381145
3.7072185803847275
4.352327879651936
2.859578962999354
10.23657423451466
1.6838025447298257
2.5136255506985803
2.817194725580666
34.78619396193562
6.860318597360956
1.6080614231342782
1.308446063376477
2.346263915068567
5.841458072802634
3.007662453546193
1.697738999189329
2.487749422683817
6.654241091749983
1.9760339564878642
2.8911549155884773
1.9951927863885877
1.484813405158829
2.223672872670402
1.6851337699887003
8.390729374685124
0.8833205237926098
2.5556722233496196
4.281178398425277
5.042134522586428
4.359079583998498
15.213171339447237
1.7752052531171862
