1.1608600041975574
1.2052231953635626
13.432970052607535
1.310356252889393
1.6225411826582896
0.9742474523711285
1.4057111430050226
4.601655896910024
1.0145709990553131
0.6819832151643808
1.0462317051055743
102.25237517275629
1.184673981207725
1.9848968064242507
55.103958089640805
2.6917118272888967
0.6382695944334967
1.0253420406974414
2.138875911294539
1.8431808313455482
1.1385647233099145
2.12611328163977
1.2503901348085475
0.8720406063502749
4.988903200827279
3.460028142358018
2.304353616685498
0.9255741239207455
0.6864961031869362
2.1844918141355816
1.0485180405519885
2.5797459876785456
6.8465846835348065
3.1815507856334864
2.5498741931658353
1.889587520517373
0.924525353814592
2.8571422281898573
1.8929346782424386
1.1623236951244358
1.5167076216808937
1.348398583614622
2.815481572799856
1.9446074879705209
2.872756000153596
1.7434306053426052
1.179680875355222
2.0582920163970373
2.9650993848119658
0.7910975183770969
2.447404142871469
1.5655731517754523
23.460255791218028
19.520449036843463
1.5874545096815844
2.0308160221089584
2.000972319833331
0.7925772869143349
5.5917108112985
3.1292472881638234
2.4655611812625895
3.1650847695042112
1.2790917892023388
3.9791205229487634
2.8523812126766663
0.5980811342304376
75.81539096819769
0.8091565726884624
1.658486815299375
3.6397849764820607
13.16558346433154
1.4447854286445607
1.5303755168480586
2.6151289854502973
4.840432261977709
0.7178744951434994
2.0888823728751467
3.1118156253033242
0.8239701504963924
1.8556941217067249
1.2160801577843554
0.5912099079396581
4.558874135756464
3.0178443172784144
6.272162621677492
18.424789232840205
1.8834871372558522
3.6768294363722105
1.0767952123248115
13.074625139988616
2.157644405372048
0.8189697310316738
7.578899524573895
1.191130524113599
0.7047146471430871
2.62200909064455
1.8860971184477155
2.842563094599847
1.320993650785266
1.1225118983048419
0.7223559503224505
1.4153336293037868
1.509637036255177
5.235618938603731
4.321763078206805
0.9965492449595219
9.676557713736049
1.437915205744235
4.784518737195851
1.886613877836689
1.8625741843810524
1.4211170236828017
1.1503311435211963
4.051644860289613
4.224939354216529
1.7899003778452085
0.7201046083569504
1.0773638096554747
1.8091897450195733
1.649637345093312
6.6232020143733275
0.7665851831021816
1.9104882940160126
0.6441834524216411
6.014136276615231
4.497643604026162
9.869670324621568
2.2633924742622735
1.338092511707844
0.844789131503874
1.9846818136203541
2.71930937797065
1.6759550203930509
2.3857996367258436
4.511109102815708
3.8505623582114845
1.2563181668067054
4.682077815514017
5.4188515544615266
0.5494069841597475
2.7704750663601647
1.3881655046964931
7.011964741665457
5.090547139813253
1.3577777383724283
1.1170293278428747
1.1391769664384555
0.8029007807842534
2.1944887299766838
4.876202928740608
164.89480911989693
1.2333142240433068
1.2400657805905895
4.57809200373804
3.0458777377085537
5.3121559216527965
34.445846287255335
1.1897979212227063
14.095848726490612
4.701779517306213
6.716075258836364
0.5604768251469563
630.3987648056817
0.9868884166416697
0.8386780963876709
1.6282088318530596
9.150433402646641
1.0957935115841837
3.7685559965414153
5.039005551698354
0.6310274999834913
1.571671498401811
1.1073186221950497
0.8149503648648152
0.6839928337824212
1.2941958828290916
0.6513346310688101
1.9375396540569934
1.0686608651555576
0.7055350822851405
1.2048061567566732
1.5524837536515823
1.0267410329462048
0.8916712954845702
0.8388035142619051
4.53751348969035
5.407604870756703
3.960364039845934
3.0700995615613627
11.002351492640967
1.9587761886906048
1.1276436710791393
1.041793904400029
0.9460700579892185
1.4159728721783293
2.976388886156823
1.0726274071935167
2.8398483560985692
1.5940802324112784
2.608694690806286
5.456683017564538
2.2470674673171627
189.70189864626266
2.8602405496288097
0.7092192049987981
30.843646839840538
2.7420068105564903
15.059702206873867
1.5339257324698417
1.474070527556088
0.8989608029346247
1.4216923929901755
2.1318063109318475
1.5741509274934837
5.723387870007801
2.8120818387663964
5.850230086941063
0.4383773525738775
3.1014930454146867
1.474250202629177
0.8464230764733184
1.041055593891665
1.3286083881939652
1.237776645577129
1.3603480359336997
0.913822877928826
2.3642245123093124
9.532317334723851
3.002181256566537
2.978782498521622
9.670455492352916
3.635512868737785
1.0398269597963707
4.48222747039383
3.0697005159041164
1.70048536991166
0.9982516286729005
28.494772860201145
13.684903987791722
2.727701819503056
404.11110423401715
24.847843512523735
208.3894164012325
3.7800566952854715
3.526997105349406
1.254803168854121
2244.6297119427963
1.6423100295815352
4.443843995828322
0.6236777925703049
1.91390884512132
1.8745821500688462
2.261224674872744
2.6410505619135227
1.257389483281577
0.5176276423192598
1.4052163141111886
1.2671851888669687
4.09217822553447
1.8816244883454343
2.64237097534681
1.5888802832382434
6.309105677905889
0.8565815618061438
1.755629986118502
5.5377116058201885
0.6920809044781746
1.2165682626360264
1.0563540648276106
124.46922382728488
24.157723305858415
0.8879586431442171
0.6841181272827112
1.1253242098212786
1.2198431025712912
1.23253694209376
0.9915368334040082
5.278988380776371
1.8628984079979
1.1932611512601101
1.0627567771673923
1.6750263099664349
1.308397566986794
3.0636475233861398
1.5813424563578973
1.4512982776457104
1.1557586189147937
1.9970208880922868
5.076163558847886
0.5423466493264277
82.84501004619578
0.29602346214606956
14.535610542079759
9.241893015132067
6.028721223828716
1.0399979428413533
0.7222650073982984
2.851940439166708
0.6731313250761973
1.0321533987923508
2.5252077626795457
2.0199653272588947
85.89024070313269
2.2554234508185287
1.9993877237621482
0.8825933247325657
1.391497096746176
0.9434182252235396
0.9736333774421696
0.8619546351860673
0.7346944001418105
0.6453590310984125
1.1417676494552675
0.3190997843219994
12.985279310176477
13.235435438457182
3.5081124565300965
1.6192517347195567
0.7702403226202348
0.6402991601202018
1.2233180163849746
2.81228030098919
0.5778324628364141
3.0530389903885085
1.8327963234978237
0.6173708906579676
0.7422607913011989
5.3280820951606325
2.3074865858574674
1.1953927584714572
1.2642502461185963
9.816724040345711
2.974292383160899
1.0492912622905182
16.985573272503434
0.8874116540482622
3.4184483770703316
1.1166293526875193
1.4806479774895753
1.4791900928169908
2.7928018361906846
4.756280571324071
1.6848184791513132
1.5451828207979241
15.41581431899006
1.6749462010225245
1.1399153469199306
4.961286714989168
1.266834558092298
2.571627688158914
1.4905042034527718
78.28920100021699
1.4178989570722282
2.999517911495362
2.3045027990504408
1.5234467983081528
0.5277829782066771
3.2320334265436257
1.1930329373731092
0.7518541440554883
2.722177051221924
1.35905316650073
0.5004073067175333
0.559470859209545
4.6310870484389115
10.912553440613793
0.0868811675408975
1.3249832124297134
1.706251875144335
0.5113808710969419
10.132350062662297
4.3369449163569715
1.1369385706527566
1.4128735735691385
3.5405827005795474
5.900877758561692
2.7244299646921135
3.2481042728726153
0.8547361171966358
2.1345674810922683
2.8272703869115556
2.9129460697898586
0.4520607368043292
28.966599730160723
0.8683317616656475
2.1978615615153716
1.1049481864500983
1.9130942187203626
0.963948698583464
1.4163782913074963
3.6238056251457467
1.2314757045123756
0.1379570205637593
13.595611322132527
6.732681763206831
4.479462205087432
2.885608601434982
2.2394558990774214
0.5372416895662243
4.735686549630863
1.4531371783123574
2.5136926156377886
1.9011034332957912
6.133798430919197
1.5361727604915252
3.4806489274797237
2.9529065788470232
3.9770189162219194
0.9583799235366686
0.9998819489586082
1.2942305196470876
0.9288602024370405
2.6076973098143585
1.3822704395951864
4.443988373776046
0.9835424113817363
0.7943926666107501
2.0991868696010254
4.020860481108248
1.1465629463994593
2.2597048474676718
345.8041553097001
0.9817338013348802
1.902313875946676
0.6495318941166575
1.869270867015487
1.2220018452559647
3.3746605935518286
72.20190716413819
1.9365153154345343
1.154673401969628
1.4080568785223457
2.5837794463915236
0.4498656407835771
1.8043993447461253
0.7578030563225394
3.5449087033201923
0.7893045178691209
0.7921205008431114
2.9412677241302245
4.955932438080892
2.3125516782657987
0.6893152601584488
20.353366999143955
1.8653129571092792
2.8619943807561032
1.4437382709860171
1.1403428248481935
0.9500853759051047
2.6589908645952045
1.72202935152834
1.1341721578376895
2.1875928728184775
0.9717463429637246
3.957399438237604
5.351905862907532
1.411389079315553
1.6437219026456573
10.746114128822615
1.9227131094942471
1.6396564908367797
2.40033472533829
0.7445917460018272
6.810728427989163
1.6199305229059284
19.09913347685687
1.650229319344799
1.847408198430217
0.6286924087773575
1.6670474404029136
13.606720629153399
1.5011732421782251
3.259095447787906
0.6525342779748966
0.9823804598288367
1.402287765741994
0.6624781548324641
2.3705626580740216
12.685175679995101
1.3553144647511848
196.39399626383567
0.6936169596477672
4.150205855285072
237.55906150388
4.430400786042656
2047.1040611000508
3.612688955030812
1.326462494152309
11.8699925211022
3.378091343082233
2.9227641426811424
10.517047796601021
2.012152739035317
0.7244466901523461
2.699856046292104
1.2477919805437803
2.5454194187319183
1.3799760497996478
1.844097732674734
1.3232453770963895
1.9989001292637467
1.5016171554052626
0.49662063239372595
8.400364696372462
1.2287227910245309
5.46889965085371
1.0493976133615053
0.9989897303650711
1.4742546322548966
1.1812486558109927
1.1559107817843721
0.6942142115620801
2.9003276522961126
4.593571002493901
2.0049034424472705
1.3800215071916886
4.810537926335876
2.398859553796873
1.1235491564654225
1.6467531613372024
24.779052605793574
35.453873794378104
1.8335289468498708
0.6537620989612143
3.3281186411478405
2.425974307125293
12.072845712519735
3.700251101277112
0.6292511283066853
5.634051136270694
0.7988650156679632
79.99680496448322
1.3368398525969816
2.0080037501447343
7.345713131696386
1.1501577472453501
482.81508455266123
1.4046984457710225
1.4949935674657675
7.312351238670191
0.6761212554118625
0.6759763097451523
1.5243335629202521
1.6742577906905014
1.5825156571122816
1.94392335877756
3.1173160059006717
0.9167580712366873
2.66131826446411
1.004323044849426
1.383107287768778
2.0731528758854525
18.401565687111017
1.3166396890075556
748.2836952999731
1.2953223625330235
10.032499591678569
17.643549297816612
1.774077443329115
1.1170859890377278
1.0476939686300784
1.2414046646627173
1.254164850033645
2.519133285720187
1.8081734092376336
1.7553218192956936
0.8976255665164145
78.60931228375448
0.6681159950334781
2.0043772375540603
1.4573303734666054
4.5398976935869735
1.1551423002455086
1.281938284406064
0.6405557513831232
3.396661675113094
0.8636420022454876
11.980975623705168
1.463166274251932
39.74888743053314
8.734551980050146
79.01229038954581
4.022436426395622
3.0648950182193047
1.2044751088654564
250.07845191876714
1.166150054228861
1.8228262279224086
1.0417278022282956
4.812438253104915
0.8279492711437285
1.3803303058230023
4.202891814203644
7.732373767779442
2.5755789906153987
1.712032378211204
1.4368891582304444
2.2349045426150562
1.8386447721718429
1.213453224580306
1.3970939785448027
0.6325846081203329
1.4179855174817693
21.20397876945777
1.1694611450662014
4.257983372605839
7.558038354071497
0.9458474389275071
2.0537355820969263
1.6486294153844163
4.1553239463256855
7.822642362221868
267.8313265362463
3.5030885992163956
0.34115180811745416
0.5262278176429854
1.4800208259790286
1.371932877472121
1.1439871154009669
1.1054050014737058
2.849105347068798
0.9743080928531435
0.6267111309807278
0.7009453607818492
8.540964376235406
1.7752310847642003
1.1219091954396707
14.586891405523783
0.5110003809817267
1.786811723821351
1.128700295646047
1.7721778452277746
6.947369801466255
4.963481270119899
58.30219187560662
1.8306810444711568
0.8127066496510574
1.1915265077176211
3.970065872694239
2.270554996307986
0.7486067535602682
1.3791548264125624
1.6399821354278192
0.827895423016522
2.1975614294365116
0.7496688325936863
0.5696831863718808
7.921751551009854
460.57110403991777
3.1466660489213645
1.0063567499036892
2.053061380304224
0.7539490156851125
2.0143696740179853
350.7362395537207
2.931484622245464
0.3549973085400035
0.9929331689129576
2.3634947131432305
0.501509901229495
24.911526863181486
5.536655103193888
1.2896277912019534
0.17080300842371954
1.6050498995371807
0.9902022527353526
1.8237413512736433
4.952189556559387
1.2255855887595775
0.8227893915269237
1.2659497745819683
1.7521007531846267
1.1027612106159264
1.9094955943710066
0.6386516276325638
0.8503850020600267
0.6661388403577075
0.8046424536202771
0.8272001324817542
8.79747594685475
2.1534076261421364
1.271788832153249
5.057678702726043
12.07644699236005
0.8592390299387459
0.9011953751678646
1.8365358075365588
7.926880453402117
19.006925091233526
1.1848536503958216
2.9588412243173248
0.6596934100071578
7.869211520920044
41.50189231280791
15.099154208960117
1.7297068973863172
1.8774079030874045
27.003337255557977
1.9108100167375426
0.6862169410143835
3.826181197758044
4.245552106406057
1.031390980376718
1.062349049125986
0.6820920594917009
1.2783040468648306
11.38139366259449
3.435268610316182
0.9639395179383969
6.369360027978794
0.9178064693282928
6.3262488691010965
1.6067845680402388
0.43896682103072915
1.3366448437543776
0.4099272037038509
2.830380369822533
1.3350053371535935
1.5139204355660731
3.9864116193118275
0.9546094596563527
2.0559239083714056
0.6430528789755008
2.059714487143726
2.5168426596994022
0.33129560845205713
31.82863456475075
1.6129087165586944
1.822166134657314
0.7197619145788013
1.401579852063716
0.2750831368273138
1.4760905286512531
0.8398095664244996
0.48023882178726957
0.8293007727715553
1.1342916521597914
1.234115671046228
3.216121242521525
0.8206429996879986
13.862700109669285
1.6859588765137277
1.878214065796687
2.460577841186712
2.0324120991904557
1.1597590972970302
0.9942247494848789
0.41010060043471247
10.382464922022509
0.622091002439032
2.6029767575347336
2.895639684145291
7.623368282307183
2.9608179491658873
2.1407445505643237
1.1791248158723178
1.1193449374099254
5.615922902264891
8.059838792309309
1.4552352458362547
0.6144359754800633
0.8375732356973249
3.450005960360874
2.725696165303422
0.8929798007516851
3.1774971900238294
5.362702427421183
3.2780182124334645
2.464399060852703
2.5135920456065413
3.2029042341783476
282.01319506808466
4.996850448127094
1.385498510935296
4.459830932920537
2.4127098854437614
1.6628196220797897
1.2124583758910774
39.540324211253136
1.3882999153274513
2.031506775986669
0.53028158828164
4.604958262813313
0.7549498595785401
0.57469867408947
1.3605888436804903
1.4454298049006642
4.21216798498566
18.642555288653757
3.703365313149431
0.7187566690848984
0.46099011217283753
2.08226415128011
10.63588995434937
1.679675112901069
20.12880211152006
2.2227773244480074
33.51161264957135
2.1118330153481253
1.3168078800329082
1.151797516475117
2.2377206123370876
0.8626936455507767
2.377907699096449
1.414462996822886
3.080251411967068
2.400926892971431
0.7550871628689246
2.1469532403353533
11.600713133610116
1.630967719813296
4.64042532177124
1.1354622917203652
7.073980317402934
1.0355549078104127
0.8485832497024154
0.6327392340765984
2.295792435682268
2.5019709741253724
1.2681174579152181
2.239976498242643
3.0487580248080963
1.6686276735935612
1.5268286269084788
0.7139838690960965
0.671646486475172
1.2006840031371002
0.7336805417137118
1.9878645489903164
0.8717235646569049
0.7936768420940545
0.7400113277031917
1.1145381711004347
0.8320982422594521
4.473364208668764
1.6625971502384271
1.599827929253454
1.5729299897362323
0.669084948551941
1.5319645909661213
1.0038401441257687
1.0704359492776243
1.8418277374132668
1.9096760212512036
1.8582733029035852
2.1076162729503825
1.0761062072751768
1.328906555076897
1.2469693500876702
2.4829221287664773
145.4981117652358
0.7073825501036116
6.040602312487379
1.4244326914545618
1.6914288241023254
2.2298362882873954
1.5691435186130371
0.811016623283968
2.102237128084241
6.565234014461377
2.860686198421809
1.269939540690778
3.2294701699386135
7.340563018469686
1.1762550882251324
1.971929988277067
1.6838652437822306
0.8373208194850458
3.2060611318480046
0.866763178455647
0.818696990609991
51.87711866897874
0.9186829975844479
8.18861947144548
3.354991488401943
0.9542176199332112
1.1894028664681084
3.323927766880051
240.3133072324609
1.5083442707324757
1.7016838229936688
1.1569214772239447
1.3641300114241537
5.65037266969772
4.303821047969637
3.14667006727424
1.6724073537279287
1.5711387075140408
1.6424199694777968
2.4124536862635164
0.8696989758763836
3.891342944325218
88.56116366652961
2.122342866099995
3.451719569278573
4.979776214053017
2.2714261781019967
7.60567442758163
1.0352202764784306
2.751615980380438
1.4179134096557242
3.0185110337865124
2.098039180114661
0.6753144683438996
5.00603099497144
5.417187299541065
3.1641676041808133
4.260809227805572
0.693988180875973
1.2656509110663858
0.8156410868218301
0.7234663329273281
3.693072722365198
0.552509718646663
0.9641115715527582
21.383830493707453
4.83549411512127
9.274199768683655
25.516681208746654
1.8027508766499605
0.32819057293903126
0.7082293157220135
1.5192239101128047
2.140970962770052
2.8403828455183286
1.9255444165624125
327.775382483541
4.8475871843281215
5.971547019999104
2.2091374069265473
5.093180416531303
1.5038622185174484
0.49629779884100683
36.959294623473575
0.5749564809186418
4.177626254157463
2.141459718727242
1.1411284277546028
2.023341157543721
11.568145538267467
1.2507289004895712
18.539649311383737
2.2796296239611125
0.45829166429921486
1.2057530973992812
15.692658692831523
4.131079973660225
7.7340194953834915
1.3810428333111209
0.8003056334521409
1.2369923411267276
1.581802060654688
0.8101981378700533
3.1182787704751855
14.548592485616473
2.692023258747992
0.8675332910144345
1.3717252591542621
2.695837864142408
1.129598572017732
3.8658495099981036
1.4471084436619763
4.040933435082177
1.723841087496086
4.0282394780568
12.551961765109533
1.7976706284230513
1.1429847542726355
0.5153221210632294
2.098365090038943
2.280647097928951
3.0394666760004063
13.040379252893779
0.581911173562548
0.7820112503253064
2.1362363868363783
4.570172031055244
5.424328249331934
1.2777914571209872
7.27031002196975
2.2009121926881567
2.518821796779782
1.578448294359081
51.93445818394715
1.8397495069290566
5.143541147988043
1.124300240307192
3.822594351684649
0.8067983121364158
1.1830863537424943
18.82125761047057
2.9046322370536495
17.146204953202673
3.3876528106302093
12.775868640706621
6.239398385915685
1.69310389851547
0.9779768917401576
1.263485178854898
1.6098282103239774
