5
24
5
22
10
14
11
8
10
19
9
15
9
16
9
20
15
7
12
0
7
17
0
11
13
5
14
10
16
10
8
21
4
7
13
25
14
14
25
7
5
25
13
0
5
20
7
6
18
8
12
5
16
8
12
5
21
20
13
10
13
10
15
0
2
9
9
9
13
20
9
18
9
7
0
9
18
14
8
16
9
16
10
9
10
14
18
6
16
13
7
15
18
10
6
6
8
15
8
19
17
7
11
10
24
10
17
16
10
30
11
6
3
12
14
9
7
1
4
3
7
16
13
6
5
4
8
4
14
4
4
1
3
21
19
17
14
9
12
4
14
13
26
15
3
5
6
17
18
8
22
24
11
15
11
11
14
13
17
14
6
10
19
11
14
12
6
20
7
14
14
5
13
13
7
11
8
2
25
10
5
4
3
27
12
15
14
24
21
26
9
11
25
17
9
9
15
3
11
9
20
8
15
18
4
15
8
17
19
16
32
5
20
12
2
10
0
9
18
8
14
21
18
14
15
10
16
5
8
28
15
4
11
17
5
25
11
6
11
14
24
9
2
9
6
17
29
1
7
4
26
5
8
20
12
2
23
12
11
13
9
16
5
6
18
11
8
5
12
12
1
2
8
15
9
10
19
4
19
3
13
3
17
11
16
6
6
11
11
26
11
1
14
17
9
5
5
14
4
7
12
6
18
2
14
24
10
19
19
6
22
10
8
16
8
11
16
18
14
9
10
30
3
5
13
10
22
18
8
5
14
18
1
22
19
18
5
16
23
14
15
3
6
5
14
5
6
11
1
24
11
13
6
9
18
13
6
3
12
10
9
6
4
7
18
26
4
11
27
4
13
10
16
5
8
8
13
11
12
8
18
18
19
9
7
12
19
9
11
19
11
14
14
16
11
8
5
16
12
13
11
11
5
10
8
24
21
4
1
5
3
6
16
22
4
7
12
23
22
9
21
16
4
8
11
10
15
19
16
21
20
16
5
15
7
6
15
23
11
19
17
12
13
8
9
16
9
4
12
22
10
16
4
16
2
13
12
3
5
12
18
23
17
16
4
11
18
12
7
17
9
2
24
15
14
6
16
8
7
0
11
5
6
14
0
18
9
21
18
27
1
19
6
21
7
13
6
13
22
8
22
8
8
26
12
22
13
8
12
14
8
5
3
7
7
15
20
20
19
19
26
4
5
13
11
2
14
5
4
8
11
13
16
11
25
4
6
13
10
16
8
1
14
10
7
7
24
6
7
8
8
17
20
14
10
22
8
12
22
4
14
10
4
8
11
8
12
20
6
3
16
13
17
17
13
27
7
6
7
3
19
19
14
11
14
10
16
8
12
9
16
31
16
7
8
5
12
20
0
8
11
7
2
12
8
4
6
9
19
4
11
11
5
4
1
21
14
20
10
16
21
3
16
8
14
6
16
13
19
18
2
9
8
6
21
4
6
10
14
12
14
3
14
8
15
17
7
10
5
9
15
10
5
7
19
13
7
4
16
6
4
19
5
13
14
10
11
6
17
7
12
3
12
17
5
6
7
8
10
10
10
9
8
19
4
15
14
12
9
14
4
3
15
22
17
2
11
16
4
4
8
15
11
6
25
18
22
28
6
5
17
5
2
10
15
4
2
20
5
19
13
0
4
18
9
9
1
19
12
2
2
12
18
19
14
11
2
19
7
10
11
4
16
4
14
0
4
10
1
18
16
12
26
27
16
4
24
9
20
15
6
21
6
9
8
21
5
18
7
8
8
18
14
12
9
13
8
19
11
4
12
17
16
2
14
7
21
16
21
9
4
16
21
20
16
14
5
7
24
10
12
2
8
18
12
10
11
3
2
22
1
13
16
13
18
6
17
6
17
22
10
14
10
13
4
12
1
27
14
8
12
7
6
15
12
15
14
19
7
20
8
8
15
20
9
22
6
13
12
19
4
10
1
0
9
4
8
18
16
11
3
26
15
15
13
3
11
0
17
3
10
5
11
23
7
2
22
11
23
10
3
10
12
8
5
10
11
1
4
3
21
4
9
18
6
20
15
21
8
7
9
29
23
3
11
15
13
7
7
12
2
24
6
15
24
18
17
4
2
19
16
9
9
19
3
23
18
5
21
3
5
5
3
24
8
6
14
21
5
0
12
17
17
8
25
8
12
6
11
4
15
15
11
10
19
23
15
4
11
9
8
16
24
13
9
7
27
5
12
4
15
13
7
9
15
15
6
11
8
5
6
4
14
9
13
7
14
12
15
5
20
16
13
15
8
8
12
12
11
11
