283
323
304
318
349
321
314
364
459
281
468
293
299
339
285
351
225
371
271
321
178
329
300
342
483
326
326
292
431
306
464
329
306
343
343
358
362
438
577
518
362
454
311
304
341
286
527
304
406
376
304
275
448
504
313
568
326
343
519
303
359
340
332
413
305
435
277
313
235
347
316
309
334
441
307
304
281
318
296
527
286
415
523
304
278
292
302
348
384
75
320
385
357
260
421
327
354
361
352
181
338
272
304
282
230
335
321
378
311
104
353
353
549
521
496
403
314
370
431
367
380
319
368
347
333
323
347
289
315
320
328
285
326
371
306
402
332
392
337
332
335
318
285
373
240
384
281
353
400
334
523
99
492
580
336
492
380
407
328
407
352
300
371
293
354
315
301
414
315
321
338
404
442
425
323
575
497
570
348
381
407
346
365
311
286
298
465
416
359
301
449
365
464
339
317
479
263
338
360
379
329
281
308
316
168
307
350
294
465
346
288
242
300
342
411
465
332
40
305
285
287
437
384
341
255
318
282
542
231
321
326
284
411
521
312
302
323
286
322
337
376
515
343
347
410
284
321
418
248
457
307
334
344
310
317
317
369
320
311
484
473
284
306
479
294
418
274
261
306
115
418
458
275
561
412
505
431
314
322
517
323
328
402
311
338
354
342
258
536
351
310
318
459
282
498
318
399
316
434
313
381
383
642
525
378
439
354
486
350
171
495
345
181
399
256
327
299
461
416
324
331
298
341
281
350
302
502
550
289
302
462
270
295
325
310
512
327
444
421
59
448
493
402
345
404
524
372
316
313
321
284
210
124
352
310
352
523
304
96
294
319
498
351
294
334
376
367
310
552
330
406
353
287
297
293
129
293
279
161
285
447
354
413
439
219
269
342
314
331
279
277
333
323
338
430
313
396
351
392
252
273
305
325
353
337
382
334
325
480
329
302
419
311
454
442
284
313
458
357
351
316
507
430
296
348
491
383
470
395
515
498
308
304
298
315
492
475
421
497
370
292
298
326
271
506
281
224
321
372
298
350
298
290
551
340
266
352
360
352
306
328
381
401
272
333
365
328
445
320
110
288
305
316
487
394
285
455
197
152
418
285
471
331
324
454
315
439
520
464
286
547
357
323
252
267
379
349
257
504
316
325
470
573
296
292
195
317
272
282
545
359
327
580
320
374
333
351
343
324
322
307
322
403
227
306
337
401
331
327
310
287
293
245
282
311
336
297
269
503
347
315
291
231
322
295
331
319
350
318
280
303
264
362
300
446
492
513
427
358
335
459
325
420
303
300
332
385
270
455
350
179
589
86
382
277
345
253
319
330
353
473
321
458
362
356
286
501
375
412
455
277
356
455
359
452
346
234
468
480
345
391
281
287
271
415
561
498
396
350
333
441
372
351
334
343
330
324
260
301
534
325
295
407
302
282
304
324
305
457
353
428
423
313
442
280
329
300
279
471
324
273
449
401
443
294
283
380
333
333
434
435
418
325
334
463
323
254
469
451
493
247
365
373
313
438
519
572
275
269
309
280
293
320
286
152
335
581
331
291
323
538
536
410
521
329
464
299
253
397
293
396
522
415
292
305
308
290
304
290
350
285
333
508
302
317
297
81
278
463
333
400
270
308
336
226
517
306
266
311
327
393
314
355
320
436
287
303
369
444
310
293
406
327
461
330
342
391
470
435
451
194
416
418
533
328
395
347
280
293
356
151
372
502
317
329
268
280
344
518
17
306
299
285
299
328
337
346
335
377
467
469
359
275
466
517
381
289
291
290
514
316
345
454
463
280
342
401
299
304
249
407
372
353
443
547
510
281
291
358
339
280
362
359
301
254
468
320
369
384
466
426
355
459
333
322
342
325
278
372
376
280
301
320
332
296
341
370
501
478
303
348
322
263
329
382
306
506
293
353
480
312
300
290
317
374
328
310
323
317
417
504
409
302
317
271
603
391
370
438
371
340
453
308
267
346
286
301
279
432
323
302
332
249
387
303
306
510
511
321
375
363
580
315
577
291
333
338
386
447
378
290
479
361
316
325
291
496
339
298
336
487
357
310
288
298
348
506
319
296
324
329
206
357
310
432
453
368
459
337
315
326
311
476
516
322
402
489
311
304
529
487
197
411
278
405
370
432
312
315
251
437
506
319
316
352
261
316
468
290
299
348
412
509
355
496
290
301
285
280
253
312
449
328
340
296
326
302
322
433
239
345
414
260
314
257
501
520
259
312
392
467
335
290
289
432
477
409
86
338
339
503
241
357
296
266
359
392
581
290
303
